1000
1 1 1
2 1 1
3 1 1
4 2 1
6 3 1
9 5 1
853913497 53 13182198
830603646 93 4465611
929358684 78 11914363
768693641 1 1
251912916 54 1555018
920778256 75 11678163
720055995 35 17407947
517846767 19 27252847
386037264 1 1
947361067 1 1
568394189 1 1
710975900 50 7109759
559178429 6 93194203
953663818 1 1
865775201 1 1
624036840 1 1
787230332 81 3239631
528051661 10 52803293
648967788 64 6084073
669209343 1 1
934835710 37 12632915
952491859 1 1
881444359 86 10248902
396238298 1 1
870395160 40 7253293
972687953 14 23159237
568504580 1 1
551928799 1 551893273
865852928 1 1
859119856 77 10460063
730770954 53 10724102
910508768 47 6457509
986640606 4 246644747
514007532 76 2254419
547096954 1 1
685346976 1 1
617207828 56 6612941
768336286 1 768297611
638087706 1 587040679
537086560 1 1
997625384 53 17682325
619131602 1 206377201
530483201 95 5583949
973134440 1 695096027
219412060 11 19804063
634999744 32 9921871
622484713 59 6330353
600949743 14 42922961
956541467 1 1
448277061 1 405583999
627684333 31 12148729
671298939 1 1
964295198 5 192846733
955469894 59 5398135
519727980 42 10312063
917110676 19 16089661
801438041 86 3106349
136970406 94 1456964
848953995 1 1
914022854 3 249278959
899756632 1 1
860161436 81 3539759
619445741 22 28154717
849027683 13 39185893
801113417 74 3608619
905759390 1 1
973435738 1 1
596813354 2 298388261
395411596 1 1
653390060 97 3367990
980207132 61 12051727
346821821 1 1
290562383 31 9372143
924490163 52 5926219
658986689 95 2312234
405960117 5 75592571
560322042 53 3524038
898628292 37 24285677
765304257 1 1
858820812 1 1
463900553 1 1
795952373 7 68224489
492408717 31 15882833
392404907 1 1
830248803 3 92249867
805975296 1 1
833746056 88 3158129
837463394 61 13728058
864012666 39 18461809
675174860 57 3948391
528159433 1 1
951373713 1 317124571
658015526 72 9138587
197352129 55 2392147
944138426 1 1
165195028 2 41298757
991485033 3 220330007
391514110 61 6417987
748927251 3 83214139
908592325 1 1
341778553 1 205067131
872783538 1 1
366169599 84 4358892
679327591 1 1
853589259 1 1
418052246 1 1
691378003 1 1
635323575 2 317652077
783259356 1 1
192070686 1 1
813728109 23 11793161
740491775 96 2571152
975884409 1 975872291
294076382 1 1
490066795 41 8537749
784086557 1 1
742875035 1 1
380135244 2 190064839
777738422 1 1
163538282 19 4303639
910403006 3 182080601
48517834 3 14269949
551757510 40 13793737
434850596 3 86970119
866087881 84 6186342
942626971 1 1
872756718 74 10221475
778552907 75 10380230
573796128 97 1971808
889365924 12 24704609
848579514 1 823621261
806096823 1 1
525718728 1 525676163
906118776 24 12584983
954786543 1 1
621571539 1 1
863519431 1 1
505751346 1 505717253
694931239 1 1
630750478 83 4559642
994045675 1 1
506609457 1 503423077
736960979 58 12705331
673881534 93 2415346
175180584 1 1
588508588 1 1
683628903 7 58596763
782040205 84 9309897
889503105 5 59300207
680521170 1 1
415768536 82 1690116
973356228 93 3488732
138156164 20 6907753
830842869 1 1
400423331 1 1
481145478 6 71749763
841909028 19 33233251
988742185 10 98872031
923217670 1 1
697470393 41 5670491
724120230 10 24137341
293590477 1 1
83200966 9 9243847
949435775 1 1
893797795 1 1
543446044 1 1
828260066 1 1
53054027 2 26519923
974928883 1 1
703453972 1 1
771410985 1 1
929760904 1 1
940051209 14 67145123
384324542 3 42702727
747754800 100 2492516
565489456 10 42411709
667728932 1 1
926483846 1 926423573
58636940 1 1
951861683 1 1
714299420 1 1
756867825 3 201831419
137833455 98 1406370
649092216 61 5320428
343142660 1 114380887
884499545 78 8819796
843513043 1 1
517563656 3 172520473
897329672 3 99703297
837274980 69 6067210
900834988 1 1
142898069 74 643685
497512777 94 5292292
808616480 11 58808471
982104329 10 32736811
871837826 1 1
382384957 1 1
742127205 75 9894491
394167042 6 55587659
693249315 55 4201511
944930558 1 734945987
596102093 42 4730969
376484839 60 6274111
898045704 1 1
951835039 1 1
450856196 28 14207653
663764420 39 13237467
247516776 22 11250329
182116436 35 3902495
632278128 1 1
364346470 1 1
345549184 64 2699603
613290223 41 14957399
445096019 1 1
711058820 1 1
854559305 1 1
239579988 3 53239997
276454455 90 3071582
801315924 73 9147442
455840700 100 1519469
732612004 1 1
873108204 13 50371627
293389265 8 36669623
310656767 1 1
929772099 89 6964585
713722100 17 13994551
668752290 1 1
322723383 76 4245917
913255248 16 19026151
765200515 1 1
628511562 1 1
678711900 75 4524746
759690954 3 253215227
449266188 1 1
945728141 84 6755201
472533806 1 1
905048000 2 424241243
65174107 3 21720317
596686539 23 8647631
855998094 1 1
237991559 1 1
807856398 2 350071103
938318253 84 11169962
183565866 6 21853079
586759444 1 1
749533928 1 1
360237267 1 1
883118412 84 10512692
326989736 9 12110731
141048601 99 854840
695194809 1 1
973458833 58 5594591
451146710 4 112778383
782738101 90 5218254
840467098 3 237054821
475360129 1 1
844694838 1 563129891
654199483 93 7034295
866797948 1 1
666259775 19 28053043
708378810 10 23612627
375842052 1 1
202040783 2 101011283
988924326 26 12678517
943614026 1 1
808998800 1 647199037
695000156 1 1
767742217 10 76770041
904125521 82 3675307
951470574 43 15805159
172597673 1 1
662614296 1 1
609065368 94 6478903
743868281 1 1
586313232 16 12214859
874730216 1 1
595504679 74 6809305
20704050 70 295739
396453458 1 132151153
951526376 1 1
847233060 3 188274013
331049696 69 2878693
437148164 1 437114731
255679622 1 1
603663761 1 1
855062560 1 1
713392663 1 1
499495364 57 8762311
878712360 4 217555571
578577019 1 1
765712668 28 9115627
939792788 39 8032417
356589076 99 3601755
892306723 1 1
845124142 1 1
992658076 45 13235441
944139737 1 1
177768330 4 44437933
816739600 100 4083698
816436817 1 1
573976194 22 8696609
523855363 1 1
790035979 41 19268039
840086310 82 3414985
719048504 1 1
996249871 1 1
963527483 1 1
285178840 1 285169931
731763897 1 1
974015898 1 1
747770270 1 249256757
906047140 1 1
997152768 31 32164183
461569256 3 51285473
584993502 79 6993593
653547636 39 10054579
725798232 64 8505448
818656490 1 818607269
977841202 1 1
347237840 40 4340473
909013926 83 6571185
902290202 1 1
322699601 7 46099607
503437298 2 151031189
968632136 4 121079017
720245531 1 1
974352894 1 1
104605565 2 52300747
740922457 1 1
647855254 1 323927627
707595475 1 1
925930313 1 1
317832801 2 158900029
472714952 92 2569103
678978309 1 1
703803808 16 42693979
893595459 33 19341893
226167716 29 7797949
973701165 13 49933393
746791489 1 1
921704214 93 4955399
294342168 100 1766053
797112454 2 398550013
695799446 1 1
814940605 1 1
969182083 1 1
899377123 1 1
980742371 2 490340131
394119731 36 10322183
926173251 1 1
317437327 1 1
568309341 1 1
245160323 62 3953717
986067229 1 1
100917714 1 1
641104606 1 1
825535595 18 35671291
266734480 34 7845023
872968633 1 523781179
939912876 64 13409083
700217140 1 525162853
814253523 1 271417841
242141326 12 20177917
997263430 59 8451385
898331723 91 9365532
790557098 1 1
842945156 1 775509533
392755369 91 4315745
916647716 1 1
497320008 24 18994861
560583408 88 3185133
950025859 91 8541691
672245566 11 61111151
654553031 56 3896149
634542405 49 4316615
905115507 75 9386383
640925760 10 58751527
632485247 25 25297429
266565510 42 4533427
526040602 1 263020301
672621649 1 1
879444205 1 1
747193369 64 11674043
314973560 1 1
635225502 34 6227701
778389263 1 1
390267461 2 169115897
955671445 74 12913959
827711411 44 6270541
595902668 1 446926999
849227449 1 1
671103940 1 1
218779773 1 218773237
865316778 1 1
875585988 92 3172413
984460814 1 1
892719444 6 123988811
983767276 7 140530009
832031119 1 1
901982305 1 1
466294856 29 5359711
776962794 2 129493799
676169980 1 676138733
803318969 1 1
850473922 1 1
976888562 1 1
935301000 100 4676505
532114824 94 5660491
731827579 1 1
556574569 1 1
665259230 1 1
889042341 11 26940677
174015695 1 173993401
740362944 1 1
829057681 1 1
259146213 33 5235277
262014357 1 1
731905169 90 8131682
554982713 1 332989627
448720188 1 1
538127048 67 2677249
263667381 1 87889127
844044047 88 9591256
946751394 31 20360245
694879939 1 1
763277866 17 22449349
805360128 28 17257717
120661528 79 1527161
630509609 46 12691417
832918181 1 1
730044076 1 1
883590344 64 12819949
455112377 68 6692696
521294987 1 497048689
424748810 1 1
645401527 41 11243929
742367722 1 371183861
509358184 27 18864029
606101993 1 1
957789865 1 1
996446315 1 1
667805944 68 9442957
567336943 6 94549177
905296963 1 1
888914294 1 444457147
894738979 1 1
937052668 1 1
451519172 13 34731169
614128566 69 4450207
236980050 29 7354553
781117506 1 1
798949494 81 3287858
779023998 80 9737531
251622321 1 1
446845823 1 1
490805541 1 1
504235659 1 1
929416338 1 929355929
564483298 1 1
883465436 1 1
871621973 2 311293561
874969619 1 1
564048361 49 11511041
924743828 92 6030938
675512926 11 30705133
461879550 1 1
976260783 79 8826951
904136947 51 17727059
631291890 91 4624849
680873168 8 42554573
806310123 1 1
574545737 1 1
343757723 43 7993561
690651720 1 1
536633979 1 1
448499395 1 1
856856565 53 5389035
723873656 7 103410409
681749797 1 1
913615846 1 1
975069171 27 12037891
923876043 31 9934151
999146220 10 99908321
568604810 73 2596369
671113163 1 1
517117765 1 1
844725983 1 1
998584353 1 998522783
404364263 8 16848511
712921649 1 1
976139571 1 1
526518663 31 5661491
874265968 8 109280681
643043128 1 1
918155181 1 306051727
752338452 6 104491451
719850929 1 1
331605940 10 33159157
748636796 1 1
436527770 31 4693847
566447240 41 11052629
991402765 1 1
400464952 72 5561526
781257773 1 1
699698311 18 23323277
872692995 1 1
737150362 29 12709489
909830140 99 9189876
695213147 1 1
955444987 1 1
538355076 1 1
445952214 1 1
254934420 1 254925127
950452366 1 1
987047376 57 16783801
887371804 22 20167541
370794200 1 1
638396502 1 638351731
726163213 1 1
981439115 1 1
859810924 1 1
717498957 1 1
655464291 81 8091659
930939046 1 465469523
959579623 1 1
299752206 93 1611571
336986808 86 3265376
128186823 74 1732134
716874202 1 1
932182140 1 1
497124851 1 1
357851307 11 10843979
358242291 15 23881789
685242109 1 1
377661057 1 125887019
773054654 1 386527327
836894529 3 92988281
545396606 1 545378881
800274619 1 1
781486887 1 260495629
877670018 1 1
303368034 2 124105103
541790331 2 270875389
943158996 1 1
618855518 1 206285173
849948781 1 1
742228815 1 1
963320316 1 963280841
406055100 87 2333650
855693082 14 50008037
959612137 1 1
851287042 1 1
662275581 1 662256613
544431648 48 5671163
680835092 14 24315539
887786698 1 1
984356313 69 9510689
589807023 3 196587751
691515506 2 305080367
762892787 77 9268492
916972998 1 1
640862359 1 1
97596448 31 3148055
892658343 1 1
889809239 1 796145101
875907336 1 1
443153680 1 1
832454674 63 13213545
772486158 53 9716807
504312172 89 4856939
835633733 26 10713253
945568125 1 1
987162186 87 11346002
964409926 67 7197089
992493821 1 1
923685440 1 1
701290643 1 1
971867581 1 971809123
994583928 73 10218328
444321712 8 27770107
640075566 1 1
801879145 1 1
911476888 67 13604106
811259084 1 1
458392410 65 6044735
976702786 1 1
809475320 1 1
353551903 22 16070129
919956359 85 3607672
895961771 1 1
982289815 1 1
729344522 1 1
794889406 77 10322711
701266718 1 1
737693154 79 8488989
254395890 1 1
785121497 63 4154082
474838315 1 474801671
823623631 1 1
629846607 1 1
768932183 1 1
629586626 1 1
725683304 86 8437699
860775157 1 1
428009661 47 6071059
485040621 1 323360413
483209375 29 15147629
972876074 13 74831969
781744950 75 5211633
833618063 16 17367043
678271801 71 9328344
369865970 87 1417111
401500294 2 200732341
897901974 1 1
941051643 37 24222693
447999584 1 1
209916424 89 2063785
950960260 1 950951527
643390928 1 1
694052480 1 1
765654262 53 12223798
821681038 2 347634283
682025395 60 11366513
707582837 1 1
857452322 1 1
873267093 3 97029677
475405369 1 419475319
347577044 52 6683954
60625332 1 1
864024158 1 1
885206022 18 35127223
838364688 31 25756211
650718348 88 7394212
611133586 1 523828783
885570089 1 1
961646614 1 1
826262935 1 590187809
899797175 97 9275778
671304732 76 2944319
687295437 1 1
470883617 1 1
845442898 1 1
182863982 1 182850427
928432889 1 1
859187028 59 7281246
724620218 10 66665059
287955052 1 215966287
658292546 4 164561141
177552584 1 1
709015180 1 1
828297795 65 4247681
685028183 1 1
918048802 20 45899417
508080013 1 1
881090892 1 1
345101498 38 5448971
802939550 1 1
737955400 2 368950859
982644490 7 112302227
921902941 1 1
760253964 61 10197147
393051503 56 5013412
313517291 55 5700073
704729671 1 1
785250578 1 261750193
949867962 1 1
224738730 1 1
844313793 15 56284219
869013259 1 1
670683885 1 1
350255277 51 6104667
882693917 1 1
977996767 83 11782986
751013549 1 1
844367719 1 1
569166773 1 1
829909795 1 1
966729203 93 10394742
524171139 1 1
114405720 88 433355
828326232 92 3001182
816427941 1 634999507
590847208 46 12843959
895270097 71 4203146
724142907 1 1
614157627 1 409438417
665172074 1 1
773210964 1 773162099
171996194 1 1
536120799 1 1
929925827 1 1
984250400 1 1
700434254 22 31837493
423289448 53 4791956
582847994 83 2340755
516246698 1 1
902149344 1 644392387
420343114 1 420302431
772344495 1 1
684318338 1 1
690478005 1 1
653140460 1 620483419
308121352 7 44016919
995979374 41 17351557
492994528 1 1
869514760 20 21737869
532193652 90 5290814
942198164 1 942195251
867825282 47 15386973
249502224 1 1
692740238 1 1
242558846 1 210217661
903729191 1 903692213
983415393 1 655610261
686669634 87 7812215
91734956 9 9610327
771257336 1 1
769761882 25 30788623
236912658 39 4049789
781739184 16 16286233
167189574 2 27864929
959122756 1 1
876206962 9 97352197
349611564 1 1
975944819 1 1
976980782 97 7194262
475420899 1 1
140850190 96 1467167
863487015 81 7106889
978872370 74 4409335
763647288 12 62945557
522948314 5 34863221
549155763 96 5719960
487116850 43 9062639
446174924 39 9360313
820162325 12 53158669
585836851 1 1
778570863 4 194631641
678891065 1 543112849
587015466 1 1
751770105 1 1
986693868 12 27408163
922112891 51 18079819
333806569 1 1
837444458 37 11316817
711298188 94 3783501
466297331 1 1
978934723 96 10196654
946381467 1 1
772628812 1 1
538710450 1 1
281047752 8 30997913
787727193 2 393854563
677650358 1 1
557737023 1 371824681
947744348 49 14506291
122697396 5 18404609
930623684 13 71582683
769145617 1 1
996374226 77 7763955
904473659 20 15074561
500679591 1 1
949174353 1 949128277
990339488 1 1
987597117 87 3783897
891028305 5 178001939
887624596 1 1
693791486 54 12847033
560656421 1 1
989262170 2 353307917
462823067 1 1
715544887 17 34437989
989559930 1 989508983
667411660 1 1
429892231 1 1
933904844 2 233476211
976886089 1 1
570580298 26 21943883
847050963 11 25668211
711924474 1 1
821541702 3 136923617
708938709 1 1
901803233 58 15547348
350414822 1 1
360155102 77 1559113
594604674 5 79280623
349248528 1 1
598572930 4 149639267
308887543 35 5295215
631752375 1 1
703257257 1 1
950470545 1 1
967435749 6 161236139
508839878 23 7374491
519037664 16 16219927
962713201 1 1
999989727 37 24676597
711064896 78 9116017
640775792 1 1
855605868 1 1
738471813 1 1
891575808 1 1
758477820 83 9137679
333875788 1 250406839
941176999 1 1
600459635 1 1
425758853 17 15026783
807192051 1 807136901
509879083 1 1
739473525 1 1
610734351 1 203578117
538571295 1 502666529
770023005 2 384986533
960001352 1 1
860109503 1 1
584000435 34 13359487
738314922 3 123052487
459923615 34 13526129
260397429 1 1
715379920 1 1
834181688 11 25278233
999729820 1 1
888631663 13 68352007
843304264 44 9583003
806188482 1 1
521989209 1 1
729257724 78 3116486
784260351 59 13291612
804191640 70 3829484
421942630 2 186151157
500090879 1 357207769
757949217 1 1
542047023 7 77430079
385068590 1 1
401083436 1 133694479
946825868 1 736420117
794657328 16 16555361
954892536 55 17360692
962417812 47 15357731
546331689 11 40636241
732206816 77 6792271
905942459 1 1
915704366 100 9156809
899708579 90 3332254
689451324 1 1
809579681 1 1
716915900 82 6244912
999701004 32 31238681
326775711 1 108925237
814453478 82 9595669
251562839 1 1
420181366 1 1
684102638 4 171024317
460033785 3 109531853
818654830 35 11695069
784411953 1 679823687
722536373 1 1
850854264 16 53178379
741674648 1 1
633592569 1 1
714929391 1 1
740557180 1 1
736141735 4 184022717
583840754 15 12974239
329292256 65 3799526
693176519 1 1
829676371 1 1
801533209 1 801521683
737753312 16 23054791
926393714 1 1
903485260 1 1
264018408 1 1
906973933 13 69762631
584873260 10 29243663
316540751 48 5715319
692329221 71 9389963
578899823 34 15404897
326270408 6 54377683
281130886 58 3462203
756009577 1 1
880353415 1 1
402422598 93 3846333
549025459 34 16146451
235335151 90 1568901
158961922 1 1
587982213 1 1
918431489 80 10784612
609300873 97 6281336
904310412 1 1
809212451 1 1
415159473 1 1
234217666 99 1419501
903528570 2 451737313
335072439 1 1
772884688 1 1
998556911 1 1
647628770 58 9448165
865847969 25 34631689
654475531 1 1
910415090 1 1
546075273 1 327645163
809509429 1 1
819119823 37 22137227
967752744 98 4937514
889788318 91 8995662
667071734 55 4042859
911585794 1 1
950897090 25 38033423
808211081 1 1
675669150 27 23634517
869816440 43 17699753
907646129 1 1
545027570 87 6264273
190062849 1 1
910081112 1 303360371
535986938 1 1
805665132 1 1
287400968 84 3421195
936407205 15 20809049
793153350 1 1
901524387 1 1
583014667 1 1
996211314 89 11192735
937408622 1 1
368536788 1 1
536464459 1 1
922261786 1 1
516453951 28 18443473
155335403 28 1849231
895561919 1 1
854950146 2 142491691
620450629 1 1
372292025 20 18612859
876807265 1 1
863293393 1 1
642854699 100 2142849
985001768 9 36481547
986104690 1 986058391
519486098 2 155845829
661974676 1 1
498993366 3 83165561
165403513 1 1
826270432 51 16200634
989934758 1 1
736837883 1 1
763116509 1 1
879282131 6 87928213
957603088 4 239397533
773736055 1 1
919887283 1 1
806095590 94 2858495
975851050 25 19517021
832020345 6 138666599
685647832 76 4510841
211193843 37 3424765
684914715 1 1
724463830 1 1
579907496 68 8527989
997202966 1 1
453833213 2 75638869
784601612 58 6763807
669330476 1 1
398610135 69 5776847
770447452 1 1
451842741 21 7172107
241825426 19 6363827
859491453 1 1
771222320 60 12853339
478452548 1 159484183
498256073 1 1
211958271 13 15528077
236762276 15 9470491
965047648 88 10965760
861547157 25 30834319
482748442 1 1
978610653 1 1
914472443 1 1
793991834 63 12602155
922533793 1 1
964299146 7 45919007
847088032 1 1
841881740 41 6844567
167738017 63 2662442
730247225 1 1
952080944 5 63472063
649274372 1 1
231221065 1 1
981889552 15 65455381
759021917 1 1
155732809 1 1
918928692 99 4641054
822954476 1 1
718213846 94 7640073
617080182 2 102846697
