1 1
1 2
1 3
2 2
2 3
3 3
10035 32880
24454 33727
27319 29877
3037 10827
12111 14730
11956 48642
3447 46773
1023 4717
4418 7720
7100 7961
3011 10522
7497 26609
2112 7237
396 41129
103 8026
22302 35144
7077 8433
13243 46188
15779 15974
2608 50653
486 31530
722 4361
12118 35344
3370 16309
4215 22584
5351 22641
242 40106
10418 29843
214 1467
631 37056
2234 9309
62 767
22190 35885
20840 40384
19635 30550
8635 9653
610 981
7990 13340
1272 2812
14905 42841
1015 2007
2194 28298
9911 46088
1816 37228
3486 8798
24360 37693
3038 27676
9912 24324
19427 37991
1080 23321
2796 11787
28288 29081
9991 12931
477 15202
5490 17264
2951 14710
86 632
6225 49617
374 29908
4527 39067
4558 31553
12802 20385
6125 21949
3733 9387
2039 2723
13702 23225
5561 24926
660 23303
11947 20875
20856 39683
5637 22179
16701 36130
21387 26246
9770 12378
6843 17085
6010 31666
5754 15410
11424 42243
5024 21453
17131 26680
2913 43361
6995 45494
11803 14839
4737 28596
2626 21692
1931 21741
7662 10960
10471 25840
2140 45154
22960 34676
11420 16649
62 68
4077 13031
5077 7482
5079 14790
824 26785
23734 32705
1340 7112
16468 39243
2493 39700
6319 18075
14314 38395
102 138
26364 35232
389 2121
6874 33403
11385 20251
3918 38148
4431 19292
102 4213
4240 5534
18860 21634
2813 7560
355 3154
120 28556
1902 15010
1401 55704
19713 36236
8452 52188
8708 45578
13095 15509
17855 33822
1318 55159
2943 31907
8162 16706
914 15906
2807 10832
6833 29964
8567 42526
28870 30276
10015 23887
6349 6526
13295 17843
9536 23574
5454 18753
17872 21231
25018 25757
14581 22112
13282 43578
3511 43286
1353 12061
1534 4738
2090 57156
10881 24736
10289 45944
1357 6096
11449 16350
3066 50118
4542 56086
1258 15696
17979 43952
2421 14874
6979 16310
10395 17692
13575 30882
3859 21100
9741 11039
8224 9984
4738 48988
7580 25518
2552 3890
6258 15666
13448 17052
13515 41393
15563 19905
14484 31231
14197 34466
5447 20395
11030 13454
865 59037
9774 35228
2689 11118
16 727
6264 12919
57 2247
12007 23435
3168 10941
2262 2996
363 6156
21975 37514
3935 26088
5499 37322
7636 14272
13311 26548
4386 15308
2677 37333
8955 12180
9998 10611
5561 26571
10696 14423
15191 25804
7798 30043
17727 27482
2246 43300
3149 5729
769 50563
2463 9116
11798 15387
23552 35591
22655 23361
19577 24763
6854 48541
2729 23676
1213 2946
12777 15476
16502 22686
5622 49303
5171 56734
172 312
19885 28629
3393 32900
3044 16542
13292 33936
16117 42264
3162 33287
4179 7021
1793 17058
3081 8214
696 30035
5852 47700
5 8965
7192 20264
9752 27247
9086 22061
220 22277
3142 36907
4206 26504
13680 23371
6750 15130
976 3282
786 40300
10431 17749
15435 25633
2452 39844
2364 8512
1307 43774
21586 36599
1457 9068
14491 47091
2254 2275
6476 53594
12457 50511
848 3016
1352 1840
13842 36743
4047 7551
16594 29469
11414 15508
7275 25460
789 10049
16374 42408
14869 28368
259 3053
19707 28864
547 958
2259 53514
3430 22687
4672 26762
498 581
1102 6551
4862 8164
1298 59597
9473 43886
14946 18366
392 33587
18895 35422
5560 32796
4373 28112
13436 40172
11685 29189
25124 25961
726 5210
1980 6194
3839 5337
4085 45991
21865 36670
15988 30946
7651 24422
209 2698
7194 24193
11907 22805
1352 16461
4158 44752
581 10868
1852 14764
6330 26949
17574 37397
8136 47822
760 2452
3503 32821
12084 21848
3442 21100
30301 31675
396 34287
18740 34269
5025 18900
9045 10019
5327 6646
5097 23321
67 1145
2266 7782
75 13325
7972 11211
5517 5578
2180 6201
3538 14974
1037 2955
15135 16351
11154 51245
11357 15699
8849 47505
2747 18476
15013 26393
14851 31726
17737 40261
645 2744
711 13838
10115 11011
25586 32417
25210 33228
474 19873
5283 46340
15874 27278
3541 6129
1616 1955
4330 48415
24015 25609
17 1587
473 22737
347 18533
4700 33696
4091 4961
5731 49203
1101 13133
12207 40928
12054 14087
12086 13570
38 144
713 36769
31332 31348
14527 41795
4115 34728
3078 12643
7258 48803
14706 25448
8119 25241
2308 34668
752 8975
3237 3251
20053 22648
11484 23134
8523 16630
6014 54569
371 5367
4721 9677
1475 3218
23935 26151
2486 7772
2592 20276
3968 39340
17117 27584
1736 8096
6127 37917
7537 11385
25388 33909
3102 23028
8782 15493
3764 53449
19672 40317
6852 34382
203 19570
21725 25201
15172 16117
27413 32434
7044 35622
12956 20779
681 5110
16830 37254
10694 25669
15212 17842
1453 5215
505 42077
2661 10057
20222 25737
2933 7606
382 1288
11159 25756
2451 20817
589 806
4877 8619
1110 60424
7069 39711
13949 27212
2360 27056
2281 7706
4832 57070
11614 39054
21908 36828
3375 45318
23953 30126
15036 29977
6272 33049
9857 20811
10410 33564
3519 16331
9159 43914
3520 5616
6834 45006
1541 2792
28806 30050
2400 12303
3571 15199
9167 17988
17770 18546
464 8243
15829 38049
2847 5798
186 434
11746 33325
1417 10079
8308 12715
3356 3769
9837 20731
939 3833
21659 24030
2019 4295
1876 30689
2555 2920
4478 7019
12875 39075
13571 14199
11539 15069
11349 16109
2005 10131
13847 41332
953 49380
7151 16436
10894 33176
17952 42825
1061 11738
5772 37216
639 934
394 482
17380 26456
13327 42754
14223 40610
3311 8083
16251 34117
15993 39237
5098 10905
1167 33350
4127 9505
11616 16223
8582 16089
8278 22890
10779 25065
1625 10067
2203 7242
10730 14812
4280 24476
2590 11350
7101 32260
10356 24593
2201 45736
2624 11323
1481 34545
21208 30492
7855 31057
2178 38018
7656 11783
375 7967
5925 20414
8744 36434
28 45518
4826 28651
6963 15567
6365 11485
3670 57038
3524 20848
4795 17729
13889 37174
7477 17774
13038 31271
23421 27673
22329 31233
1424 31076
13797 22543
21417 38577
9398 17950
181 199
24089 27237
4215 38299
4045 22250
15314 28325
21288 38636
2916 6968
12956 25875
12417 24289
17735 20798
1344 8331
1516 23224
1096 10633
215 499
245 3809
4515 14419
242 8409
368 1051
11643 15437
10874 23599
1147 21120
2766 3088
3089 26761
1663 43873
585 811
7532 51349
11448 13666
25601 34405
942 18872
811 1427
1129 39713
17224 31561
11438 35348
6806 8991
5832 31737
7579 17500
1801 41764
2997 10160
12869 41857
6118 11406
2336 36284
3312 53131
22797 39492
17833 27937
9631 33366
2992 20953
337 648
3338 39009
7130 39028
1157 2668
6534 42901
6677 26031
11949 15800
10108 34032
24238 28755
14846 45465
10911 13026
4808 8616
1201 2677
8502 10081
15928 20382
690 39493
139 1012
4743 10091
3390 17984
3305 14005
6013 42259
20049 24836
3197 13068
20172 29747
2355 32527
4571 13274
19584 33857
26201 26529
6118 21722
15822 20363
1559 5891
4882 7704
12126 16828
41 44544
12784 16529
5572 25883
2222 14373
1074 8477
11537 22665
3383 39336
3674 34499
4284 7649
3625 6861
5763 23976
12125 34495
12673 26046
2256 28187
7246 18115
9667 12706
8353 17848
1928 56399
1769 27310
23190 27186
4642 25861
18460 24948
8226 39251
2453 3553
59 238
1861 7007
7832 28046
16770 46045
7141 14881
7968 12893
4003 26847
9487 11833
18675 21882
13434 27175
277 33161
12882 16876
10244 29330
1956 31101
22064 35673
2306 15757
11858 15484
2794 20660
9838 24255
871 3994
14007 21111
1099 2818
1292 9842
3451 14301
1649 27006
5104 56275
7015 10245
4148 4357
1597 29630
4825 32951
64 1417
14765 30078
19673 26411
111 1097
2824 5811
14648 25957
6182 13809
9364 20738
10762 12212
4864 26243
24690 37877
895 41088
26723 35984
24853 36220
980 25262
1834 14404
20567 41905
13156 17460
44 139
5478 17312
3947 40624
51 182
3766 28558
1520 36391
2198 55300
7513 11712
1819 8450
2669 18473
3504 10408
3690 9291
4326 31293
8588 27031
6811 33679
2601 4234
10890 13699
12942 13265
14457 15805
5294 33026
2807 7319
10051 11051
13134 35819
4379 6212
260 3361
9988 32974
1971 22435
6029 36857
4196 10102
10939 15468
646 7819
17248 32904
6653 20881
13105 31484
1 13938
8047 32157
11622 11643
9281 34736
753 832
9652 13401
1835 3095
470 43296
2686 33425
5258 26040
1894 30560
12433 47049
6428 44450
4191 11855
12490 29596
1540 2843
4018 6774
2290 3165
3910 15376
6499 28651
5576 16703
8628 9585
20727 21556
16130 46086
924 12790
459 1414
11060 35312
2030 13935
231 1148
1102 28241
1184 39577
16424 29988
4856 42731
23209 26889
341 23610
5774 10065
16693 17768
18250 38338
12108 27486
1659 18184
3873 3897
9865 13700
19443 38685
3795 21844
113 39768
1231 4997
8070 27619
10135 45663
22866 31157
23272 32502
21270 32431
2974 24578
13342 48167
166 456
58 437
4767 16809
16595 19957
6035 11438
10443 52748
21742 25214
5894 54357
10214 16412
6782 18373
627 39793
10043 26250
8477 9170
4326 16661
3108 8460
1479 49702
5 84
653 745
785 4120
1879 3605
11407 37294
1929 16163
3129 58994
19208 39852
12892 33167
12333 34721
3082 56586
2876 60051
2485 19766
907 3116
20456 33778
6152 15078
426 2533
19404 27144
5999 26792
11463 22396
9624 46671
1794 61393
7410 31968
19118 38033
3966 50652
409 4996
3327 50146
2806 52127
10443 12703
9851 52135
23537 27529
7104 25285
10627 35280
584 33812
1249 34226
321 13117
11005 27015
5286 6394
1225 6924
203 10634
1215 16847
17847 40782
931 52626
7675 30861
17627 22966
23926 31007
2424 8562
2640 17701
9975 12857
20624 35833
6626 21213
615 4460
467 6697
18605 34624
3366 6516
5553 12528
993 19209
20418 21090
10831 25733
3885 20298
5649 8726
13304 31728
3804 19013
101 14199
5794 53136
8763 10119
16068 32844
6353 52203
6720 11689
965 3284
1496 40478
5101 17444
763 62442
10342 51872
9125 25092
2051 3858
17142 23381
671 2266
14548 21417
297 612
2076 36852
20135 26737
16391 42224
29003 30557
10239 46533
611 12097
18502 20777
1547 2103
27276 31540
738 52236
502 7494
5806 28673
19138 30329
21784 27593
2506 26554
1828 10668
4487 14272
3715 25075
8367 22016
5026 27446
9673 25368
9425 27788
18921 23622
2519 24685
4107 34136
821 17210
20403 37845
652 20687
20215 34373
6487 32736
8812 29292
7003 21333
25909 32177
5515 16950
5332 28141
25094 35732
3236 53259
932 24560
617 58293
3348 9310
5276 23619
27329 31171
10096 16442
5285 16188
5248 40820
3959 9281
1756 5767
626 7634
5207 9103
10567 16559
984 1547
2928 24836
10539 40138
17169 20891
14744 48476
13206 27619
1456 11832
20840 34902
8993 34181
17602 28401
3365 38114
3803 17386
4224 10420
18265 28937
7777 19918
13746 24103
100 356
311 7732
13945 28147
564 13063
4447 23481
271 24436
15676 28344
1433 5081
4383 6375
8748 34760
7086 13190
5460 20284
27663 29202
3465 24042
6033 25110
6237 23111
1349 8228
1075 36471
5078 13400
19175 28809
6461 35517
5348 40261
1630 8039
10673 23689
3078 37812
11331 29678
326 25535
416 5114
6760 21936
14208 18133
765 29479
2917 39236
19609 36935
15250 29400
4696 5156
6054 47652
5920 22967
15976 46773
25171 32302
62 445
3342 15655
3029 6339
9591 31089
23233 28007
8165 14401
6259 11121
558 17007
1388 60807
2 39960
6543 34056
21664 26973
5578 12617
274 2499
26162 34767
18057 35212
1202 19683
619 3544
6948 13982
854 3536
9179 17174
11676 28965
6843 31586
174 4268
4117 11292
3306 5457
3968 16499
2111 20871
577 870
23131 37517
493 7345
14977 46202
10944 21825
4377 18291
8656 26170
2501 5608
3787 43690
1618 2097
1586 29742
7197 45631
2977 40030
999 18950
5869 6623
117 262
15453 30097
5698 30376
9061 16430
7811 37384
657 12265
2024 6398
10128 23071
19163 19920
882 2067
137 6224
8063 30925
255 4341
12760 44926
403 2443
14331 19212
1180 2411
10292 23378
392 42758
2985 6240
1602 4622
7381 49754
949 61682
