1 1
1 2
1 3
2 2
2 3
3 3
1 756
3 233
NO
1 918
3 280
NO
1 500
NO
NO
1 653
NO
1 677
NO
NO
2 263
1 554
1 599
NO
1 657
NO
NO
1 906
NO
2 373
7 119
NO
1 895
NO
1 977
2 192
1 953
NO
NO
3 258
NO
1 399
1 425
NO
NO
1 646
1 725
2 374
NO
1 923
1 636
1 860
1 668
NO
1 756
1 823
1 803
1 745
NO
NO
1 909
1 341
1 603
NO
1 4
NO
NO
1 737
NO
NO
NO
1 848
1 800
NO
1 646
1 528
1 929
NO
NO
1 466
1 605
1 840
1 905
NO
NO
1 694
1 793
1 826
NO
1 568
NO
1 166
2 429
NO
9 81
3 131
2 378
NO
NO
1 287
1 954
1 425
1 891
NO
1 206
3 157
1 780
NO
NO
1 832
NO
1 971
3 160
NO
1 831
NO
1 715
1 254
NO
NO
1 760
NO
NO
NO
3 266
NO
NO
1 705
NO
2 371
1 854
1 977
1 940
NO
1 874
1 834
1 952
NO
NO
8 10
1 664
NO
1 849
NO
1 720
NO
2 457
1 565
NO
2 396
1 808
1 552
1 647
NO
1 476
1 430
6 115
NO
NO
NO
5 183
6 78
2 153
NO
1 891
NO
NO
1 254
NO
2 145
1 987
1 925
NO
NO
1 994
1 513
2 175
1 621
NO
1 902
1 895
1 649
1 683
NO
1 531
NO
1 719
NO
NO
NO
1 864
1 187
NO
NO
1 665
NO
NO
3 122
NO
1 736
1 822
1 973
1 797
NO
NO
3 5
1 999
NO
NO
NO
NO
1 886
1 466
NO
1 951
2 290
1 966
NO
NO
1 962
1 669
1 995
NO
NO
NO
1 910
NO
1 689
NO
1 670
1 804
1 785
3 311
NO
NO
NO
NO
1 600
NO
NO
1 481
1 744
NO
NO
1 650
NO
1 927
1 424
NO
1 956
1 643
2 449
NO
NO
1 790
NO
1 961
1 133
NO
1 507
1 978
3 286
3 101
NO
1 444
NO
1 508
6 123
NO
NO
1 699
2 314
NO
NO
1 956
1 699
1 485
2 308
NO
NO
NO
1 938
NO
NO
1 718
1 471
NO
1 971
NO
1 706
1 821
2 332
1 698
NO
NO
NO
2 472
NO
NO
1 773
NO
NO
NO
NO
1 977
1 900
1 821
1 753
NO
1 675
1 858
5 129
1 898
NO
1 618
1 990
3 78
2 437
NO
2 309
NO
2 475
5 151
NO
1 942
1 693
NO
1 776
NO
2 477
3 174
1 945
1 887
NO
1 991
1 783
1 364
NO
NO
9 78
NO
1 910
NO
NO
1 792
1 338
NO
NO
NO
1 426
1 967
1 936
1 564
NO
3 175
NO
1 810
1 464
NO
2 412
11 67
NO
NO
NO
1 860
1 473
1 380
1 867
NO
1 855
1 990
1 673
1 669
NO
NO
2 413
NO
1 712
NO
NO
NO
4 219
2 188
NO
NO
1 868
NO
1 587
NO
1 811
NO
1 586
3 214
NO
NO
NO
1 735
1 991
NO
2 287
1 22
1 957
1 381
NO
1 769
NO
2 275
NO
NO
17 25
1 868
1 721
1 378
NO
NO
1 474
NO
1 743
NO
1 564
1 606
2 254
1 830
NO
2 490
NO
2 327
2 297
1 2
NO
1 984
NO
NO
NO
1 812
1 728
NO
1 955
NO
1 991
2 363
2 447
1 920
NO
1 769
1 854
NO
NO
NO
1 763
2 493
NO
NO
NO
1 720
3 275
NO
1 799
NO
NO
NO
21 39
3 272
NO
1 818
1 779
1 793
1 914
NO
3 273
1 818
1 411
1 808
NO
1 900
1 828
NO
1 590
NO
1 293
1 567
1 771
NO
NO
1 701
1 934
5 142
NO
NO
2 326
1 941
1 885
NO
NO
1 990
1 973
NO
NO
NO
1 809
NO
1 796
NO
NO
1 511
1 967
1 978
1 929
NO
1 787
NO
NO
NO
NO
6 143
3 253
2 204
1 292
NO
1 246
1 943
1 870
NO
NO
NO
NO
NO
1 873
NO
NO
1 390
4 122
1 773
NO
1 576
1 558
1 704
NO
NO
NO
NO
1 716
1 503
NO
2 195
1 671
NO
NO
NO
NO
NO
NO
1 850
NO
1 678
3 155
1 984
1 186
NO
1 144
2 327
1 650
1 999
NO
NO
NO
1 739
1 256
NO
1 768
NO
1 407
5 114
NO
NO
1 656
NO
NO
NO
2 298
3 224
3 5
NO
NO
1 614
2 271
2 153
1 958
NO
NO
NO
1 723
8 50
NO
2 395
4 116
NO
1 843
NO
1 739
NO
1 918
1 700
NO
1 436
1 125
NO
1 308
NO
NO
1 886
1 989
6 92
NO
NO
1 809
NO
NO
NO
NO
1 684
2 460
1 142
NO
NO
NO
1 688
1 698
NO
1 651
1 712
1 801
NO
NO
10 79
1 955
NO
1 703
NO
1 505
1 831
2 201
1 428
NO
19 44
NO
1 127
8 62
NO
NO
1 902
1 642
NO
NO
3 293
2 479
1 713
NO
NO
16 21
1 686
2 498
NO
NO
6 117
2 348
1 847
1 263
NO
27 29
1 695
1 674
2 261
NO
1 986
NO
1 805
2 102
NO
1 713
1 858
1 813
1 835
NO
1 128
NO
NO
1 821
NO
1 687
NO
1 690
1 976
NO
1 27
1 189
1 540
2 175
NO
1 689
NO
NO
1 724
NO
NO
NO
6 36
7 103
NO
NO
1 806
1 909
3 201
NO
1 814
1 42
28 32
1 469
NO
1 951
5 175
1 993
1 617
NO
1 639
14 52
NO
NO
NO
NO
1 755
1 977
NO
NO
2 359
1 588
1 799
1 927
NO
NO
1 819
12 66
1 354
NO
1 727
5 32
1 864
2 412
NO
1 914
1 697
16 37
1 652
NO
NO
NO
NO
1 759
NO
1 936
1 659
2 373
1 938
NO
2 322
1 802
NO
1 399
NO
10 88
2 495
5 175
NO
NO
1 816
1 559
1 919
1 276
NO
1 669
1 890
8 124
NO
NO
1 240
NO
1 250
NO
NO
1 998
1 629
1 833
NO
NO
3 206
NO
1 499
NO
NO
1 561
2 444
NO
1 672
NO
1 717
1 461
1 959
7 14
NO
1 825
1 724
1 900
1 958
NO
NO
1 458
NO
3 83
NO
4 12
4 133
4 246
1 981
NO
1 544
1 974
10 38
1 539
NO
1 907
24 30
NO
1 538
NO
NO
1 174
1 407
NO
NO
1 816
NO
1 961
1 773
NO
NO
1 339
1 620
4 155
NO
1 843
1 851
1 996
1 401
NO
7 66
1 781
NO
1 833
NO
NO
1 629
4 222
3 272
NO
1 755
1 823
1 793
3 233
NO
1 515
1 694
1 843
NO
NO
1 337
1 692
NO
1 532
NO
NO
1 723
NO
4 138
NO
1 417
1 320
NO
3 276
NO
1 889
1 753
NO
1 926
NO
NO
1 966
1 933
1 702
NO
1 988
NO
1 471
1 929
NO
1 703
1 928
1 709
1 957
NO
NO
1 825
2 430
NO
NO
1 701
1 933
1 665
2 161
NO
5 138
NO
1 910
17 34
NO
1 789
1 943
NO
NO
NO
NO
1 2
2 206
NO
NO
4 112
NO
1 616
1 725
NO
5 165
1 724
NO
NO
NO
1 329
NO
1 890
1 737
NO
10 15
1 732
1 925
1 611
NO
1 746
4 198
NO
1 702
NO
NO
1 469
1 342
8 108
NO
NO
NO
1 420
NO
NO
1 497
1 310
NO
1 899
NO
NO
1 557
1 700
6 74
NO
1 780
1 986
7 83
1 431
NO
1 872
1 774
1 706
1 425
NO
1 865
NO
NO
NO
NO
3 332
1 927
NO
1 865
NO
1 983
