1000
1 1 1
2 1 1
3 1 1
4 2 1
6 3 1
9 5 1
329950800 19 17363573
824760058 1 824701879
816209763 1 816152569
32881599 7 4695391
178395030 1 178368191
581563752 68 8551517
161226531 1 161176313
4825491 1 4819753
34106960 8 4261853
56523100 1 56508041
31681742 61 519151
199487673 49 4070481
15284544 23 664139
16287084 3 5415187
826678 37 22123
783781488 12 65310337
59680341 1 59664833
611667684 5 122321651
252053746 5 50404399
132103024 53 2491505
15323580 2 7645783
3148642 1 3143561
428298592 4 107062783
54961330 13 4226281
95191560 89 1069267
121151991 3 40374667
9705652 14 690379
310904374 5 62172823
313938 61 5119
23382336 11 2122241
20796306 95 218787
47554 1 46727
796288150 67 11884031
841602560 79 10652422
599849250 31 19348357
83353655 13 6410413
598410 1 596821
106586600 88 1210969
3576864 2 1786391
638545105 1 638487361
2037105 5 406817
62085812 94 660163
456778168 47 9717493
67606048 26 2598731
30669828 18 1703197
918201480 1 918139429
84079688 88 955102
241099488 46 5240549
738051157 1 737993741
25186680 9 2795809
32956452 31 1062641
822643328 37 22232053
129193621 11 11742791
7251354 1 7235677
94779360 96 987048
43409210 7 6198793
54352 92 583
308865825 55 5614727
11185592 56 199202
176856309 53 3336089
143818574 5 28756493
260968770 5 52187117
134437625 19 7074187
35041671 7 5004079
5552197 49 113213
318228950 25 12727681
138613486 67 2068403
15379980 69 222551
249393625 5 49872161
827628648 3 275856037
125023023 1 124995209
603407130 37 16306873
561323202 3 187091857
120933060 83 1456758
116912655 1 116888729
190312660 22 8648863
88669140 6 14774663
482584032 11 43866397
107779872 3 35917799
457055080 1 457011271
126310593 51 2475771
318230530 1 318178043
175144717 97 1805341
135459252 1 135425921
56963192 71 801956
41981871 3 13986067
83975520 100 839569
270570640 19 14238649
96629560 4 24145567
796160960 2 398051663
190131580 1 190103513
4216 73 56
53127387 87 610463
37986114 29 1309433
75118410 13 5776811
22070840 1 22043233
776220470 29 26764277
9530080 10 952163
646253724 5 129239603
98972100 71 1393379
114215925 17 6717149
549586030 61 9008743
14076 74 187
928856448 26 35722879
825069 3 274187
229612222 23 9981389
230557635 17 13560353
149463864 100 1494218
85482852 81 1055051
429726 31 13723
23464160 92 254939
408017240 4 101994187
21266280 71 299379
1119670 1 1116163
3426720 87 39058
28549020 95 300338
78041304 1 77984201
714320268 57 12530953
441092976 86 5128283
396893224 95 4177252
203090355 51 3981603
603891810 15 40256009
72699562 11 6603917
93902301 9 10429717
136354372 62 2198863
14538084 18 806737
30405424 1 30391787
204744012 51 4013867
364320242 67 5436853
874068120 61 14328016
239228305 5 47838881
41433574 41 1010261
237222685 7 33884507
224801664 76 2957481
102278862 47 2175631
379440432 41 9253691
644388626 1 644337853
322415072 89 3622229
578802996 2 289373069
151977146 79 1923169
16318533 7 2329303
7268092 34 213583
119456040 12 9949733
269152416 1 269116801
472717816 55 8593847
8272272 41 201581
187191150 47 3982199
153661788 2 76804303
254742612 26 9795461
19745568 8 2466077
790213008 3 263383693
36009954 1 35992661
113827490 1 113804203
183908340 65 2828927
419223150 65 6448903
81424900 1 81399943
107530899 61 1762461
82108416 10 8209021
232105144 74 3135830
193426440 96 2014514
9927280 40 248021
98037828 2 49007953
229315296 6 38214133
559426395 3 186457163
309781515 3 103248683
452349804 17 26606123
489313802 1 489265141
111091565 25 4442629
148397620 46 3225503
51067005 5 10201421
344318472 96 3586182
29896302 61 489877
11632 1 10891
80924616 65 1244699
128079 1 125777
281384045 5 56269721
34661088 1 34646981
6776952 71 95376
2234628 19 117269
824370150 33 24979111
102656280 3 34208753
205233678 3 68396953
108980992 34 3204679
353380428 1 353340571
67140888 87 771508
99940441 1 99900433
109071900 17 6414751
106088778 33 3214187
147761331 51 2896651
154268408 1 154243291
391988564 1 391947571
234275314 85 2755735
487173414 3 162376069
97251800 56 1735826
18040621 5 3606349
38882947 59 658163
22452708 81 277051
181535826 51 3558993
838239232 7 119740013
529243455 3 176399147
484785251 97 4997329
332700014 1 332644621
64611804 3 21528467
3573498 1 3569341
197736852 97 2038233
374364372 93 4025002
277181466 1 277126543
293371514 7 41901373
53664 2 26591
569287665 7 81319879
111629700 3 37197803
50353848 72 699087
451077312 78 5782437
681168888 1 681110509
105253494 39 2697873
29340759 1 29329561
30584994 87 351335
25307334 1 25296041
20904360 3 6957877
279140400 98 2847825
44825 23 1559
145738688 79 1844446
265712744 1 265675747
200446246 53 3781417
4900940 65 75053
115961794 1 115921747
111475824 12 9287093
319715280 31 10312201
102127500 2 51052811
3203232 88 36352
31675800 4 7908679
185139819 13 14239357
395645355 1 395604289
97697488 91 1073134
20122368 26 773519
57212618 13 4397503
790026014 1 789967831
13212076 1 13201553
682395681 1 682334101
5127850 1 5123323
347074744 68 5103157
629215527 1 629152561
2557568 34 75109
2487680 59 42110
508596606 3 169515341
30558897 1 30547301
489008586 25 19558501
177008312 56 3160382
185221500 3 61729589
7928661 75 105571
694388592 44 15780223
421803792 1 421760557
790727 19 41443
568822848 1 568774279
524026 1 522523
120888126 35 3452353
77816410 55 1414369
125032064 8 15625079
289338 9 32029
7219202 53 136067
39693368 88 450913
77356906 1 77296013
415732078 43 9666947
274498236 2 137232463
13166104 31 423617
669298690 59 11343125
182345760 61 2988646
122933776 1 122901293
539750992 86 6275551
341073465 33 10334321
652244164 1 652193081
3782460 78 48417
12264120 81 151308
20488743 33 620593
187873235 1 187823161
801789550 1 801731017
494764648 62 7979318
186852722 73 2559187
563882 1 560977
174044442 1 174013057
271539135 75 3620059
22255272 87 255603
186078816 4 46507477
6314308 1 6302861
27342928 62 440747
170587170 1 170553893
657214878 21 31293329
389079792 93 4183052
1863520 85 21886
114971963 53 2168597
264011232 69 3825758
72626200 95 764228
959784175 29 33093869
13577652 29 466999
642201060 53 12116001
94972500 23 4128199
90621855 81 1118553
35403242 1 35391271
118867137 51 2330171
76715 5 15101
17634012 94 187489
999375 71 13887
89374092 1 89354911
30773826 1 30762733
13518180 27 500363
52978012 2 26479751
3064335 15 204023
247472385 1 247440901
571586730 3 190508111
178293543 3 59422163
420371745 3 140105131
50753572 1 50732351
396238109 5 79239341
471162826 1 471116251
714109357 89 8023049
1769880 9 196277
9838818 3 3274757
111376265 1 111355141
829421362 1 829363361
837677880 97 8635252
9419802 1 9399457
244814220 3 81587533
433010972 98 4418039
21702789 1 21693121
3159280 13 242747
209636950 53 3954419
615000135 41 14998793
26979 33 769
10754601 27 397459
6430951 1 6412073
158371200 81 1954726
20295451 1 20286401
281982393 1 281927461
14459433 3 4815067
499608096 69 7239927
169804698 3 56592853
164007020 2 81990683
5472 98 54
26216297 7 3739831
982195536 83 11832926
607155965 5 121419929
142905720 93 1536203
38915154 5 7779887
354212174 5 70831223
374238288 87 4301128
204931679 1 204898321
80013744 10 7997677
6749200 25 269579
10523487 33 318697
454160344 5 90823529
265670856 80 3320453
141737490 1 141712339
328177966 5 65623477
1991157 47 42243
45685117 17 2686513
4746550 1 4741859
625924185 1 625874101
19321192 59 327304
52555392 83 632922
156101120 22 7093537
472155328 47 10044907
14054656 2 7022413
232317459 1 232273417
85808745 55 1559815
860881692 81 10627437
71432856 8 8925841
136059526 41 3317933
201182036 55 3656815
793116024 1 793056037
235585464 88 2676639
3972710 1 3952939
547491725 1 547444801
244527124 53 4613129
889113242 1 889053397
250921368 16 15679919
269212724 79 3407329
3479910 7 496303
626984820 74 8472037
274504286 43 6382975
271412504 4 67844863
7577395 17 445337
21248885 5 4241261
26761677 1 26748961
520453614 99 5256643
22308398 1 22297861
492016 68 7211
287411204 1 287374291
51022467 17 2999953
474734 37 12793
42034863 57 737217
67070640 4 16752277
280717059 1 280670281
379580188 1 379539029
63852160 46 1387451
17577386 1 17567401
275762240 20 13785017
453573156 10 45352249
806827824 90 8964101
152948250 1 152899559
721608078 17 42444353
450734172 13 34668397
207283328 47 4409447
205134027 41 5002521
349401240 73 4785716
57468789 33 1740877
402208326 53 7587835
19768320 2 9879593
307571004 2 153759583
4302472 53 81097
865620300 79 10956474
29527200 71 415669
54275629 1 54256861
164895996 67 2460729
329562420 91 3621166
3824752 1 3816047
602277621 5 120444749
16506906 37 445899
80724 79 1014
391435450 1 391390381
14281943 1 14270449
105636220 1 105615199
12648764 1 12641641
203930847 43 4741867
3599187 69 52093
520465770 3 173473361
8671605 91 95223
57572564 1 57540001
7460600 1 7455127
31431082 23 1366069
503090625 3 167679559
192694629 9 21407429
173881191 23 7558895
182821041 95 1924143
20312655 1 20300521
572324204 11 52024457
47059140 27 1741067
117533836 1 117510251
361419344 4 90343819
768794400 85 9043925
12454018 89 139789
214810752 53 4052222
596826 85 7003
189908 94 2011
459805280 73 6298102
569782558 59 9656381
577596030 3 192513733
26762813 17 1573613
554435367 67 8274403
627517341 1 627462113
55593690 1 55577689
38919450 15 2592329
39227135 23 1704935
188446368 51 3694481
138075798 69 2000741
189483420 2 94726127
270175635 77 3508309
16358875 5 3269437
15954126 71 224573
158932760 20 7945361
104757280 14 7480609
29396500 34 864193
229078260 91 2516911
254685108 3 84883387
100664936 1 100617001
29711552 1 29697607
51161145 27 1893523
646674336 2 323311319
243952735 25 9756553
82803204 99 835990
90210648 69 1307119
2987625 83 35895
120952950 3 40308871
318578896 40 7963343
1274504 80 15362
138269726 83 1665497
108393021 77 1407409
73102025 1 73084177
209329460 2 104634377
73468352 2 36721991
85010555 13 6537541
516309686 25 20650345
132896198 1 132870949
407711298 3 135888997
648129333 43 15071587
697401657 1 697348097
44252224 38 1163677
311025771 1 310989433
826203609 19 43481243
168694100 2 84333377
36019 29 1229
656112093 91 7209459
161430285 83 1944431
90001250 1 89974957
433769050 11 39429583
822483168 86 9563061
20318688 81 250726
335236500 3 111732557
301596513 1 301559809
368852530 1 368813999
11196864 67 166973
35207584 2 17591423
11653768 47 247703
107285 17 6269
933205 1 929153
65101785 11 5916623
2034978 3 675443
386768 1 385351
179732991 3 59901971
256615526 5 51316211
24224640 25 968095
8541408 4 2133889
82664729 7 11804983
72960799 5 14583053
474435 23 20567
386760668 1 386701789
156448368 88 1777537
880802405 77 11438213
17777424 36 493267
1157297 1 1155061
44835977 1 44795137
543606664 17 31973993
404310424 92 4394170
61192746 99 617949
185090184 1 185052617
132632500 13 10200571
75216964 1 75173401
30449520 15 2029091
538657733 7 76943287
69781908 2 34882193
84759424 2 42360403
175969872 1 175913431
900299124 79 11395403
498200521 1 498154753
321347946 11 29209541
62691376 23 2724671
218376 11 19763
130212042 51 2552347
278269640 77 3613292
3086876 1 3083053
280315134 43 6517807
173808987 73 2380497
188794200 51 3701303
343995456 2 171975659
696963690 17 40994747
674973390 69 9781349
142126686 79 1798769
41425728 78 530927
3215077 7 458743
85708662 17 5040593
324644496 4 81152047
27250170 23 1183043
140668 29 4811
47861613 87 549963
60965760 93 655316
46286525 1 46269217
254103367 1 254055097
497936964 3 165964027
41778396 63 662891
600056484 57 10526431
76601085 5 15313241
60675454 7 8665373
663055488 79 8392431
695086329 3 231677867
132895196 26 5110283
322183386 21 15340343
9184069 1 9176621
37610928 56 671399
204056328 98 2081912
1826304 9 197969
211306736 25 8451097
144220076 67 2152069
31936806 87 366899
9104298 93 97793
261486105 65 4022337
133073688 27 4927073
126749326 5 25342231
32768316 53 618045
24871125 13 1912357
138173688 47 2939233
418251875 19 22010803
330080958 1 330042241
63589872 39 1629729
131261290 1 131235931
122828902 31 3961501
149084344 5 29811629
108737272 13 8359919
48311390 23 2099231
630443340 14 45028069
120046762 1 120016261
460540080 22 20931667
322878726 81 3985571
8715509 95 91679
14042 59 233
13040027 13 1002397
219656272 4 54905099
772174650 7 110301691
106265221 1 106243201
102731424 45 2282457
107468541 43 2498551
112259671 61 1839973
408646350 85 4807127
365068950 1 365028343
9185597 83 110267
217396632 4 54341719
300456520 61 4924868
60833556 29 2096569
787089072 51 15431987
36335642 1 36317581
183609272 4 45895483
57724040 44 1311377
238620690 1 238586599
3478774 47 73913
295701777 1 295666661
3096982 19 162793
12715864 4 3176183
49352751 19 2596579
44532894 87 511543
287227600 61 4707643
71868675 11 6531947
18072836 7 2580619
47319110 23 2055995
158988575 1 158950801
90688 1 89209
444101670 43 10326903
519583603 1 519537521
121767 21 5741
16410264 1 16401631
380218136 59 6443687
85367238 39 2188391
194190632 4 48540133
131425544 28 4692949
127645952 1 127614847
935183130 45 20780457
36773760 71 517349
961600432 1 961537727
900175660 17 52947917
24756760 92 268810
26416936 100 264007
861860135 5 172359533
229703760 2 114836573
6116 5 1187
94835136 94 1008642
160342928 13 12330643
9282 21 431
107549428 94 1143799
55314320 71 778541
121549400 67 1813312
87992256 1 87973033
15370550 31 495493
49304437 37 1331981
36469632 2 18227861
34283790 1 34270811
135373518 17 7961053
232142228 11 21100601
229387669 7 32763883
11012634 59 186539
149182110 31 4811533
171675630 85 2019405
228492885 73 3129625
174839644 98 1783687
20544433 1 20534309
111073601 7 15864643
470446746 49 9599955
27202348 7 3884537
873860 1 870241
329344312 8 41162669
44219385 1 44194981
222210853 19 11693051
42387992 94 450784
169204452 1 169178047
5051074 7 720373
567528192 2 283739021
138921293 53 2620637
412597820 1 412553233
13938 1 1
258767379 1 258727177
135314946 1 135291683
322384816 1 322340801
626496 1 624913
129346452 1 129323401
5679325 1 5674397
20349120 12 1692113
89779550 19 4723339
136918320 48 2851813
57880640 4 14462047
584960217 1 584900737
285724600 98 2915038
49684305 57 871373
369654040 28 13200427
4378220 41 106679
27217932 97 280486
7247850 53 136649
60120160 76 790801
186202849 1 186167701
93135928 1 93113651
82699380 61 1355429
446791212 1 446748931
743367180 86 8643081
11817960 89 132632
649026 5 129431
390550720 50 7810087
28288050 9 3141343
265188 47 5613
31121582 1 31092241
46859168 23 2035583
492522912 82 6005811
207501736 1 207454151
624066801 85 7341373
8051010 21 382241
58115310 57 1019289
296601224 55 5392123
699668500 34 20576821
332800488 64 5199389
30167256 89 338735
15093081 31 486623
135150500 11 12284267
752152455 47 16002007
82897980 79 1049017
4493784 15 296927
6151307 1 6145081
222885330 97 2297419
462794505 1 462738709
712435962 9 79153549
756386544 82 9223546
689807370 1 689753671
73094972 94 777313
642644114 1 642582607
75696 4 18769
25346 29 857
80128503 7 11443847
331186415 89 3720785
69028330 1 69010859
550847364 75 7343789
548202788 2 274077917
320380158 91 3519999
167632168 8 20950693
124605686 77 1617929
24950211 1 24909793
263628750 39 6758781
77734090 5 15543289
72075486 3 24018167
26293680 2 13141057
73509258 1 73458079
420 37 9
486485 19 25531
3234200 19 169963
6773795 19 356227
425412658 47 9050297
31178427 51 610987
184592226 45 4100669
765477216 18 42523231
427588964 11 38867537
428214093 3 142722347
174398052 2 87169193
172706676 63 2740377
49118510 1 49096261
2826212 1 2822191
690962768 8 86363567
92759856 54 1717382
1079058 61 17641
526702176 10 52665563
160725208 43 3737033
256725348 7 36670213
449161704 53 8473687
110139042 41 2684777
236882880 71 3335824
727114894 5 145411549
200885832 92 2182948
2043364 23 88607
166835742 1 166782271
146268362 91 1606741
132657429 79 1678915
513581885 17 30207053
647950073 1 647899009
179624640 1 179592253
374920560 95 3946049
19746208 2 9855907
42748274 47 908783
4210557 31 135391
297300075 1 297262057
33798684 22 1535773
8481900 19 445987
2158702 41 52387
20469105 15 1363403
727836354 1 727777727
48994806 1 48941251
236858175 1 236819641
404821682 13 31137007
741873482 1 741818551
20754288 8 2592913
46730640 11 4246391
128248575 45 2849461
739019792 31 23837527
140557338 63 2230627
2742900 93 29439
3127499 11 283667
644179520 23 28005491
21932856 32 685093
69567984 5 13909981
19074537 1 19054337
430615620 2 215287057
278714123 1 278677561
78857730 97 812717
49293174 87 566423
422109312 6 70344047
72325452 71 1018347
1434099 37 38373
307869984 56 5496626
88672797 43 2061719
527737392 38 13886539
331645659 15 22105807
78550080 11 7139243
3169060 1 3164813
60555088 62 976018
88981844 1 88959301
47643246 7 6797149
536460224 4 134099503
228964500 37 6187305
7912758 9 878539
400797102 9 44528509
1520486 7 216793
311574516 1 311538553
181764 83 2179
76504752 2 38232913
538349495 35 15380075
692093584 23 30088477
886244671 97 9135929
476451387 1 476394617
7391267 23 320807
384416054 1 384376777
3253341 69 47097
860285040 2 430113113
38550168 82 469478
3761988 2 1876997
166475438 1 166440961
580436402 13 44645149
601085912 1 601036537
66544324 2 33257633
19501104 10 1948861
64038464 53 1207919
93153625 31 3004027
184207872 69 2669239
137943596 82 1681843
245384664 61 4022125
261901900 1 261864689
446951862 1 446909321
62181515 13 4781101
140196552 3 46719437
14129410 1 14111381
772151535 11 70190299
13487924 1 13466587
694850195 1 694795609
212358432 13 16332247
258121104 2 129041501
149394999 35 4267619
833673893 67 12442027
93479250 1 93456787
150047812 17 8824373
896658808 59 15196576
172346124 3 57429877
22889920 10 2286443
35966781 3 11969291
31169880 56 556379
124613844 69 1805579
851872259 1 851813761
165998432 8 20746487
85553580 41 2086149
214223360 2 107088647
36743479 23 1596967
10126852 97 104323
4778884 14 340759
47399321 67 707239
174978953 19 9207991
1522248 3 506573
72719808 63 1153842
423014382 1 422963707
358677579 3 119546507
714730144 2 357333463
364736514 1 364695691
17227392 91 189166
727357680 60 12121699
307389733 1 307346561
499914402 1 499868401
128253610 59 2173087
66118958 1 66097771
44014080 74 594587
528534305 5 105697421
154902286 1 154874593
331319838 59 5614949
35600 2 17573
2404652 7 342373
392509915 25 15698713
7367532 29 253583
104420007 71 1470311
6622156 31 212821
444320544 2 222138263
7281073 7 1039223
27941625 1 27930869
304080480 57 5333982
93464340 18 5191337
110750640 46 2407063
807814926 37 21831299
83305530 25 3331121
151488630 1 151457489
144143307 3 48037987
11099572 1 11089997
39206325 1 39168781
68045200 68 1000393
552412575 71 7779783
229475337 3 76477787
215315828 1 215270221
13103570 1 13093903
252832697 11 22981667
116385336 88 1322096
336281418 39 8621549
8324410 71 116881
2127424 98 21652
148287360 34 4360549
257633664 25 10304053
22551435 1 22521193
114451412 1 114409261
724258415 1 724201873
448350000 88 5094379
24212576 61 396766
288485208 16 18026969
135964640 61 2228455
747245448 1 747182701
813073642 11 73910561
27590 5 5417
52319010 5 10460003
19200831 45 426477
298174599 43 6933347
650686631 1 650635393
117584165 1 117561601
69606339 23 3025607
9489906 23 411841
84400116 3 28112641
79920 90 444
222828408 1 222787811
584343072 17 34370261
70377626 1 70359433
684726 85 8023
909574254 3 303171109
635823084 1 635769817
23658966 21 1125623
2193736 25 87583
97146936 84 1156262
3019744 4 753839
157640146 47 3353485
338195340 17 19891453
216142998 27 8003873
742632 91 8112
46489164 11 4224887
18040842 1 18032081
65468032 1 65447567
44058681 3 14678567
501990 5 100109
867805727 23 37728047
3621085 19 190171
691967354 83 8336219
238852800 1 238820033
80059707 49 1633409
226527520 86 2633636
14025608 1 14017501
165454030 5 33081311
3392946 1 3389233
47170812 6 7856581
328406307 1 328353481
119169310 5 23825261
18931050 87 217369
38870387 13 2989069
30654 17 1781
465088941 1 465043393
173082448 76 2276926
148872230 19 7834039
292006424 1 291961231
8058105 5 1609037
12949552 4 3235283
233663088 11 21239081
381726960 87 4387217
1823094 43 42329
852688 47 18007
249348275 1 249309289
1106955 19 58019
573255760 44 13027229
984529 5 196337
275327172 17 16193743
2844980 29 97979
240606376 71 3388348
16761136 28 597071
18626400 1 18617177
7404444 78 94849
367234274 1 367177141
58536218 1 58473589
