1 1
1 2
1 3
2 2
2 3
3 3
NO
2 415301823
NO
1 768693641
NO
NO
NO
NO
1 386037264
1 947361067
1 568394189
2 355487950
NO
1 953663818
1 865775201
1 624036840
NO
NO
NO
1 669209343
2 467417855
1 952491859
NO
1 396238298
NO
NO
1 568504580
NO
1 865852928
16 53694991
NO
NO
NO
NO
1 547096954
1 685346976
NO
NO
NO
1 537086560
NO
NO
NO
NO
140 1567229
2 317499872
NO
NO
1 956541467
NO
NO
1 671298939
NO
NO
6 86621330
NO
NO
NO
1 848953995
NO
1 899756632
NO
NO
NO
NO
1 905759390
1 973435738
NO
1 395411596
2 326695030
4 245051783
1 346821821
NO
NO
NO
NO
NO
NO
1 765304257
1 858820812
1 463900553
NO
NO
1 392404907
NO
1 805975296
NO
NO
6 144002111
NO
1 528159433
NO
NO
3 65784043
1 944138426
2 82597514
3 330495011
NO
NO
1 908592325
NO
1 872783538
NO
1 679327591
1 853589259
1 418052246
1 691378003
NO
1 783259356
1 192070686
NO
NO
NO
1 294076382
NO
1 784086557
1 742875035
NO
1 777738422
2 81769141
NO
NO
NO
NO
NO
1 942626971
NO
NO
NO
NO
34 24958221
1 806096823
NO
NO
1 954786543
1 621571539
1 863519431
NO
1 694931239
NO
1 994045675
159 3186223
NO
NO
1 175180584
1 588508588
NO
NO
NO
1 680521170
NO
NO
NO
1 830842869
1 400423331
NO
4 210477257
NO
1 923217670
NO
NO
1 293590477
NO
1 949435775
1 893797795
1 543446044
1 828260066
NO
1 974928883
1 703453972
1 771410985
1 929760904
NO
NO
NO
4 141372364
1 667728932
NO
1 58636940
1 951861683
1 714299420
5 151373565
NO
2 324546108
NO
NO
1 843513043
NO
NO
2 418637490
1 900834988
NO
NO
5 161723296
NO
1 871837826
1 382384957
NO
NO
NO
NO
NO
NO
1 898045704
1 951835039
NO
NO
NO
4 45529109
1 632278128
1 364346470
2 172774592
NO
1 445096019
1 711058820
1 854559305
3 79859996
NO
6 133552654
NO
1 732612004
4 218277051
NO
1 310656767
3 309924033
NO
1 668752290
NO
NO
1 765200515
1 628511562
2 339355950
NO
1 449266188
NO
1 472533806
16 56565500
NO
NO
1 855998094
1 237991559
NO
NO
NO
1 586759444
1 749533928
1 360237267
NO
NO
NO
1 695194809
NO
NO
NO
NO
1 475360129
3 281564946
NO
1 866797948
5 133251955
NO
1 375842052
NO
NO
1 943614026
5 161799760
1 695000156
NO
NO
NO
1 172597673
1 662614296
NO
1 743868281
NO
1 874730216
NO
NO
NO
1 951526376
3 282411020
NO
NO
1 255679622
1 603663761
1 855062560
1 713392663
NO
NO
1 578577019
NO
NO
NO
1 892306723
1 845124142
NO
1 944139737
NO
2 408369800
1 816436817
NO
1 523855363
NO
NO
1 719048504
1 996249871
1 963527483
NO
1 731763897
1 974015898
NO
1 906047140
NO
NO
18 32499639
NO
4 181449558
NO
1 977841202
2 173618920
NO
1 902290202
NO
NO
2 484316068
1 720245531
1 974352894
NO
1 740922457
2 323927627
1 707595475
1 925930313
NO
2 236357476
1 678978309
34 20700112
NO
NO
3 324567055
1 746791489
2 460852107
NO
NO
1 695799446
1 814940605
1 969182083
1 899377123
NO
NO
1 926173251
1 317437327
1 568309341
NO
1 986067229
1 100917714
1 641104606
NO
NO
NO
NO
4 175054285
NO
NO
2 498631715
NO
1 790557098
NO
NO
1 916647716
12 41443334
2 280291704
NO
NO
NO
NO
NO
12 53410480
NO
NO
2 263020301
1 672621649
1 879444205
NO
1 314973560
NO
1 778389263
NO
NO
NO
4 148975667
1 849227449
1 671103940
NO
1 865316778
NO
1 984460814
6 148786574
NO
1 832031119
1 901982305
NO
NO
NO
1 803318969
1 850473922
1 976888562
2 467650500
NO
1 731827579
1 556574569
1 665259230
NO
NO
1 740362944
1 829057681
3 86382071
1 262014357
NO
NO
1 448720188
NO
NO
NO
3 315583798
1 694879939
2 381638933
NO
NO
NO
1 832918181
1 730044076
14 63113596
NO
NO
1 424748810
NO
2 371183861
NO
1 606101993
1 957789865
1 996446315
26 25684844
NO
1 905296963
2 444457147
1 894738979
1 937052668
NO
2 307064283
10 23698005
1 781117506
NO
NO
1 251622321
1 446845823
1 490805541
1 504235659
NO
1 564483298
1 883465436
NO
1 874969619
NO
NO
2 337756463
1 461879550
NO
NO
3 210430630
2 340436584
1 806310123
1 574545737
NO
1 690651720
1 536633979
1 448499395
NO
NO
1 681749797
1 913615846
NO
NO
NO
NO
1 671113163
1 517117765
1 844725983
NO
NO
1 712921649
1 976139571
NO
NO
1 643043128
NO
6 125389742
1 719850929
NO
1 748636796
NO
5 113289448
1 991402765
NO
1 781257773
NO
1 872692995
2 368575181
NO
1 695213147
1 955444987
1 538355076
1 445952214
NO
1 950452366
NO
2 443685902
1 370794200
NO
1 726163213
1 981439115
1 859810924
1 717498957
NO
2 465469523
1 959579623
2 149876103
6 56164468
NO
1 716874202
1 932182140
1 497124851
NO
NO
1 685242109
NO
2 386527327
NO
NO
1 800274619
NO
1 877670018
NO
NO
1 943158996
NO
1 849948781
1 742228815
NO
2 203027550
NO
1 959612137
1 851287042
NO
2 272215824
2 340417546
1 887786698
3 328118771
NO
NO
NO
1 916972998
1 640862359
NO
1 892658343
NO
1 875907336
1 443153680
NO
3 257495386
7 72044596
NO
1 945568125
NO
2 482204963
1 992493821
1 923685440
1 701290643
NO
4 248645982
2 222160856
1 640075566
1 801879145
NO
1 811259084
7 65484630
1 976702786
1 809475320
NO
NO
1 895961771
1 982289815
1 729344522
NO
1 701266718
11 67063014
1 254395890
NO
NO
1 823623631
1 629846607
1 768932183
1 629586626
NO
1 860775157
3 142669887
3 161680207
11 43928125
NO
2 390872475
NO
NO
NO
NO
1 897901974
21 44811983
1 447999584
8 26239553
NO
1 643390928
1 694052480
NO
NO
NO
1 707582837
1 857452322
NO
NO
NO
1 60625332
1 864024158
NO
21 39922128
NO
7 87304798
1 885570089
1 961646614
NO
NO
NO
1 687295437
1 470883617
1 845442898
NO
1 928432889
2 429593514
NO
4 71988763
NO
1 177552584
1 709015180
NO
1 685028183
NO
1 508080013
1 881090892
NO
1 802939550
NO
5 196528898
1 921902941
NO
NO
NO
1 704729671
NO
1 949867962
1 224738730
NO
1 869013259
1 670683885
9 38917253
1 882693917
NO
1 751013549
1 844367719
1 569166773
1 829909795
NO
1 524171139
NO
NO
NO
NO
NO
1 724142907
3 204719209
1 665172074
NO
1 171996194
1 536120799
1 929925827
1 984250400
NO
NO
NO
1 516246698
NO
NO
1 772344495
1 684318338
1 690478005
20 32657023
NO
NO
1 492994528
2 434757380
NO
NO
6 144637547
1 249502224
1 692740238
NO
NO
3 327805131
98 7006833
NO
1 771257336
NO
3 78970886
NO
NO
1 959122756
NO
1 349611564
1 975944819
NO
1 475420899
NO
3 287829005
NO
92 8300514
NO
NO
5 97423370
NO
NO
1 585836851
NO
5 135778213
1 587015466
1 751770105
NO
NO
1 333806569
2 418722229
2 355649094
1 466297331
NO
1 946381467
1 772628812
1 538710450
NO
NO
1 677650358
3 185912341
4 236936087
4 30674349
NO
1 769145617
NO
NO
1 500679591
NO
1 990339488
NO
NO
1 887624596
NO
1 560656421
NO
1 462823067
NO
NO
1 667411660
1 429892231
2 466952422
1 976886089
NO
NO
1 711924474
2 410770851
1 708938709
NO
1 350414822
NO
3 198201558
1 349248528
NO
NO
1 631752375
1 703257257
1 950470545
NO
NO
2 259518832
1 962713201
NO
NO
1 640775792
1 855605868
1 738471813
1 891575808
NO
4 83468947
1 941176999
1 600459635
NO
NO
1 509879083
1 739473525
NO
15 35904753
NO
1 960001352
1 860109503
NO
2 369157461
NO
1 260397429
1 715379920
NO
1 999729820
NO
2 421652132
1 806188482
1 521989209
NO
NO
NO
NO
NO
1 757949217
NO
1 385068590
NO
NO
NO
NO
4 240604453
NO
NO
1 905942459
NO
NO
1 689451324
1 809579681
NO
NO
NO
NO
1 251562839
1 420181366
NO
NO
2 409327415
NO
1 722536373
NO
1 741674648
1 633592569
1 714929391
1 740557180
NO
NO
4 82323064
1 693176519
1 829676371
NO
2 368876656
1 926393714
1 903485260
1 264018408
NO
2 292436630
NO
27 25641823
NO
NO
NO
1 756009577
1 880353415
9 44713622
NO
NO
1 158961922
1 587982213
NO
NO
1 904310412
1 809212451
1 415159473
NO
NO
1 335072439
1 772884688
1 998556911
NO
NO
1 654475531
1 910415090
NO
1 809509429
NO
2 483876372
NO
NO
1 911585794
NO
1 808211081
18 37537175
8 108727055
1 907646129
NO
1 190062849
NO
1 535986938
1 805665132
NO
NO
1 793153350
1 901524387
1 583014667
NO
1 937408622
1 368536788
1 536464459
1 922261786
NO
NO
1 895561919
NO
1 620450629
NO
1 876807265
1 863293393
NO
NO
NO
NO
1 661974676
2 249496683
1 165403513
NO
1 989934758
1 736837883
1 763116509
NO
NO
1 773736055
1 919887283
NO
2 487925525
NO
2 342823916
NO
1 684914715
1 724463830
NO
1 997202966
NO
2 392300806
1 669330476
NO
1 770447452
NO
2 120912713
1 859491453
NO
NO
1 498256073
21 10093251
NO
NO
NO
1 482748442
1 978610653
1 914472443
NO
1 922533793
NO
1 847088032
NO
NO
1 730247225
NO
1 649274372
1 231221065
NO
1 759021917
1 155732809
2 459464346
1 822954476
NO
NO
