1000
1 1 1
2 1 1
3 1 1
4 2 1
6 3 1
9 5 1
47698060 26 1832983
5507184 1 5501371
192356424 88 2185355
1973394 3 655547
53274186 1 53251001
41062140 2 20512399
370526562 7 52926683
16226874 1 16218271
55432243 31 1787479
230780212 7 32962991
419244670 35 11977109
80337384 24 3346633
11491872 18 637319
49449048 12 4119433
30775296 2 15367229
247689890 19 13033549
269745 43 6211
298858978 7 42688507
19188750 93 206213
214705920 56 3833498
324863426 1 324822343
23320112 4 5823553
249870144 99 2523604
77324400 2 38640137
28331446 61 463945
155784642 37 4209721
239503904 2 119735123
88602292 83 1066982
68459028 3 22812037
281954078 41 6876101
155906300 1 155880937
788781030 11 71702171
16521660 5 3300967
848152904 1 848094391
192994368 2 96471827
505227035 7 72168847
231953693 1 231922909
3980242 1 3973537
106422093 19 5599579
455983640 13 35072353
275211846 3 91724681
3422640 1 3416533
115214096 1 115192351
298480896 74 4032777
812920325 1 812863297
2911074 91 31951
2912350 7 415561
772252056 19 40641917
500639454 23 21764887
349634444 47 7438235
394168 64 6104
283290 19 14791
41324072 74 558224
142718878 1 142690699
208154256 81 2569328
566414496 79 7169122
67650 87 771
64939266 1 64922633
21140261 97 217825
113673912 66 1721966
377060727 1 377015641
354001926 1 353951473
120068416 2 60023239
574709512 1 574659091
223087580 98 2276015
106893106 1 106871563
16596508 53 312982
715051289 41 17438825
67203 33 2017
211562337 7 30218371
27448574 31 884977
15505250 1 15489937
68590445 25 2742373
36095496 19 1898767
18696285 1 18685313
779624664 87 8960561
30889404 53 582609
6155136 2 3074989
468108178 13 36004907
42147573 1 42134401
15793085 1 15784129
1672070 5 333689
178530 31 5731
638023050 81 7876157
2416876 23 104861
26454272 8 3304589
36548132 17 2149163
171675350 73 2351197
136023264 100 1359999
24041864 100 240133
73120873 77 949333
322997184 88 3669910
51384450 1 51369247
96131310 5 19222337
109038282 3 36339019
117769554 81 1453481
206986860 82 2523867
49755486 25 1989619
95522736 53 1801850
593936390 43 13811335
703490 37 18967
637904725 1 637852321
22598749 1 22582337
737314342 43 17145527
36382566 5 7272677
8909472 39 228233
117953800 1 117931087
186058368 2 93015037
114794143 1 114768809
401423841 89 4509837
430606920 93 4629701
13196952 96 137336
3108526 29 107069
105736865 1 105701569
237985402 73 3259639
169776 1 168953
74657009 5 14927741
321733377 1 321688277
423173725 49 8635021
758 1 379
145134240 24 6046241
315325010 1 315273421
8593024 20 429017
464440725 39 11907479
169458696 89 1903609
68645322 9 7625263
638420856 94 6791172
69165230 1 69147409
256861584 10 25681913
39302140 61 643355
74732541 5 14940557
93977851 1 93954953
95311448 4 23822971
43662080 65 671318
7013448 8 875723
351219798 47 7471963
124995104 1 124964701
79961210 5 15984461
29749677 19 1564699
3806768 29 131081
90933559 5 18180781
694073050 1 694013867
2672228 2 1334477
284264400 4 71055973
29073660 61 476115
369198027 3 123052907
14947254 9 1658309
606130280 29 20899325
4037328 24 168019
4144 20 181
30050048 67 448342
6564660 53 123762
347739648 17 20452043
10540434 5 2106581
126284592 38 3322667
250389372 3 83444849
32437050 3 10808467
481900160 46 10475059
460507008 2 230223533
225743435 29 7783109
2873820 90 31851
114671139 99 1158043
14537853 1 14522621
413239508 2 206594177
31134464 1 31121707
40613235 1 40594681
303850260 59 5149247
221008638 1 220963471
221481900 1 221450783
317621262 57 5571671
17573385 59 297711
115628040 69 1675029
346322142 11 31478617
22981602 87 264041
853287645 1 853229053
309428262 47 6582831
496613125 73 6802309
182393930 7 26049949
2476120 23 107491
1671039 51 32707
648638144 59 10992884
283928502 1 283893241
13725504 22 623533
7604870 1 7597951
70126479 5 14013397
553886022 3 184612867
2545392 97 26203
10411056 1 10403413
182126760 68 2677638
3686826 81 45405
50100910 1 50080661
7001563 7 999463
384122096 34 11296297
371544460 2 185751563
163182714 35 4661465
120046327 1 119986721
151804120 1 151766453
14148064 76 185911
202477272 73 2773132
112258746 7 16032769
70294561 1 70277653
142992 78 1822
133389120 67 1990528
60423300 1 60396493
871307 13 66877
134182360 8 16769587
6399024 92 69153
73534910 1 73517761
511635852 26 19676551
3063528 4 751141
40963920 87 470319
304624352 8 38073599
225923659 1 225882001
380503224 1 380464187
36875159 17 2168273
26432574 3 8807429
346265505 47 7366559
46520320 2 23249903
492200640 2 246072689
185805913 1 185755601
178043908 13 13693327
25672829 5 5132537
274656501 1 274622401
762960 2 380189
400387692 1 400346227
157006795 65 2414777
161395920 61 2645154
8866362 3 2953367
149033668 1 149009059
25160128 28 897947
718976 10 71443
22378473 11 2032931
47445357 3 15809707
35759151 55 649631
40939479 3 13638347
372215898 7 53166583
278619768 31 8986651
17886816 2 8938859
3719424 97 38296
363976264 100 3639353
96062442 19 5054719
88320207 1 88292401
10675470 59 180827
162772070 95 1713101
62507340 57 1096307
437019066 1 436966223
521044030 1 520993153
560676908 79 7096459
7338648 71 103244
66867360 87 768323
154837804 29 5338369
127298050 1 127271789
9313252 1 9306971
153640344 3 51204299
63800556 3 21254567
742102920 80 9275554
82042260 45 1822739
30514988 1 30502081
18792177 1 18747121
9621591 99 97115
685803888 31 22120919
97411176 67 1453049
14779268 1 14758789
181472599 1 181414481
224468769 7 32061571
800000 26 30677
236424672 26 9091207
15968610 1 15952553
274787256 87 3158044
21642234 21 1030061
7432403 1 7426681
331167571 1 331130593
277651332 31 8954951
217177065 3 72379207
52660328 29 1815251
79529164 2 39754723
4046042 83 48647
227942029 5 45581357
253404072 84 3016324
30923814 7 4415251
599023460 1 598973191
725367126 5 145062371
150116928 2 75046073
153399459 17 9021401
189878346 5 37963999
41500134 1 41485441
151268238 23 6575273
229325910 51 4495929
104219622 1 104196737
26822452 23 1165729
6696650 17 393587
551461020 83 6643475
840611200 2 420276511
286509814 1 286474841
720171256 1 720113951
4794867 43 111347
360486087 93 3875757
42334072 1 42318161
107800 28 3761
76137546 15 5072383
405720489 1 405679441
14730390 1 14722709
195847924 2 97906681
770553 31 24799
162890532 1 162863957
426437283 1 426385849
268086390 5 53607473
3324209 5 664061
132458625 31 4272095
443586 9 49139
7328088 43 170253
351386000 29 12115253
242952590 25 9716779
106145345 1 106112341
10771808 2 5377067
36767654 1 36725041
475440938 73 6512113
352377370 49 7190251
78328527 27 2899411
348007178 1 347968471
348239961 25 13928105
207548 1 206611
405303217 53 7646237
330357681 5 66064253
15947115 7 2277007
174902715 1 174862921
28709856 43 667307
513880675 7 73404823
169698132 49 3462279
20037325 55 364043
448953532 31 14480971
585582760 67 8739223
23617245 5 4720889
125687628 1 125663459
36685119 1 36672121
1130116 59 19102
83340084 71 1173527
380526147 17 22381481
153736200 21 7319551
36357320 82 443230
12004765 65 184577
384862318 1 384820669
51960568 1 51945869
51820115 5 10360997
43033914 1 43020631
75073700 23 3262517
447141156 83 5386655
162582 3 53887
566020469 7 80853163
343250565 89 3856169
231466088 82 2822038
288951421 29 9962069
135303456 1 135279673
638914848 2 319430087
362645096 44 8240867
27175610 77 352793
174366330 1 174339871
48879609 1 48835921
493541028 41 12036239
321671532 46 6992077
8098671 1 8087473
127680625 91 1402835
441154582 1 441107137
371781212 1 371737801
501142806 65 7709141
34538319 1 34494401
1074 99 9
29680992 77 385228
8167720 17 479933
11848950 1 11840957
1459956 9 161947
10020334 89 112499
179500 1 178643
504930816 8 63110501
91085730 1 91057243
42174000 76 554573
420281504 20 21012023
45330654 83 545945
133393380 9 14815487
213613296 19 11241187
267526352 4 66871009
397555100 1 397513423
30977652 79 391969
370368558 33 11221543
145763840 94 1550299
420191460 55 7639077
10629534 27 393413
3636808 1 3631501
9692173 1 9685729
23736342 63 376547
46450068 43 1079853
7510728 81 92656
292834245 3 97599883
426016598 23 18520157
21725340 7 3102247
342748616 31 11054623
726580344 48 15135907
363369267 3 121104859
204094515 31 6582751
17313734 1 17302111
236620029 49 4828269
117699177 93 1265349
306932688 1 306897389
348622551 9 38731289
448997584 37 12133793
674168868 46 14654699
263038289 79 3328879
705182775 31 22746007
25414240 65 390470
126836025 37 3426733
8014998 71 112209
6907968 4 1725259
89284560 90 991833
432139985 1 432097009
17492328 97 180247
365715 7 51407
638560360 5 127700219
651063890 61 10672339
159955600 40 3998237
270616484 41 6599405
489317744 83 5894792
791387927 61 12972637
28496619 57 499713
262198896 27 9709829
28446870 69 411505
54873379 1 54855001
366142476 3 122033981
20963404 7 2993161
339659276 53 6407966
487772471 1 487724833
396712296 82 4837468
163736090 23 7117733
59533596 61 975703
616296492 39 15801199
126466147 31 4078807
26604480 26 1022843
57116792 4 14274199
433038188 2 216493883
9170480 10 914317
52180736 2 26082689
288359814 73 3949497
4400552 16 274447
470249469 1 470205821
155816492 2 77894771
3926544 10 392257
734889814 17 43225523
273853801 11 24890963
246241240 71 3467744
33134850 13 2547941
614907527 73 8422657
63872064 1 63855971
266476632 94 2834508
858190979 35 24518051
622781276 1 622723723
357912918 23 15559667
191820174 65 2950631
41679995 79 527287
9802000 58 168892
25948914 75 345845
244865621 7 34972279
8935920 10 892757
98788726 1 98766851
226302198 1 226264309
121846132 77 1582021
122469900 91 1345447
38479870 1 38466473
562706730 67 8397893
98692664 88 1121257
154370727 31 4978847
513486990 57 9007747
249931440 1 249895889
217035 1 200329
4607579 1 4602721
49316985 53 929713
3292500 18 182701
299566520 20 14976551
82480640 2 41231237
375957857 23 16343927
562154040 36 15614009
51230259 1 51208081
81930667 1 81876161
41222174 5 8241803
455522773 1 455477249
753121637 1 753065281
829923024 55 15088438
271903352 83 3275324
219626747 67 3277483
304452556 71 4287403
283612360 1 283558133
306794121 31 9895003
125441665 47 2668495
400120 32 12323
66758988 11 6067511
222986720 1 222953683
57827871 1 57811153
308620032 57 5413718
51396588 9 5708489
418161125 1 418113697
36648732 66 555071
548382720 43 12751957
86802952 97 894671
123109520 1 123087331
185784438 27 6879893
148794192 74 2010289
64683612 1 64667077
491338764 39 12597163
63514942 53 1197989
525560076 3 175166867
228533730 1 228503491
46012365 23 1998283
162991314 1 162937507
159239753 43 3702463
304438723 23 13234687
151857431 5 30363533
69584057 19 3661339
28265560 88 320783
149484606 43 3475807
588303492 3 196082867
49116820 10 4910141
207764380 59 3520666
10093470 3 3362371
115671600 59 1960166
327189359 13 25165477
405520992 21 19307987
671430879 97 6921393
402596299 1 402552361
775012359 1 774956617
150379144 19 7912979
767450376 41 18716905
44253080 19 2327467
311585463 81 3846281
16940381 41 411893
93435290 1 93411511
2011891 17 117449
710064648 9 78889801
264314100 6 44046931
200364619 7 28618703
31752450 1 31740157
181196226 53 3418017
136982420 17 8055197
65220815 5 13040933
23323104 4 5824499
1502345 5 299597
131512976 1 131482963
724139 1 722401
1267495 1 1262449
308804880 60 5146153
47824990 13 3675503
13399461 1 13387501
86465404 86 1005085
113373286 41 2764343
208111760 76 2737933
612466100 10 61241641
242022234 3 80663707
444967380 3 148307647
40805289 51 799851
1345592 74 18134
104639843 1 104617081
472072236 2 236014019
37392774 1 37379611
70052752 1 70036007
45971871 3 15314051
196886857 71 2772547
284640000 34 8370193
62105536 1 62076943
60900320 64 951154
4680107 43 108739
4380691 77 56749
329611275 51 6462187
3680262 3 1223707
499362790 1 499304989
511346179 1 511297777
72379430 5 14471201
464051709 79 5873523
421511128 4 105367489
791108226 1 791051743
31400190 1 31388761
92169 5 18269
218419300 13 16798949
60947730 87 700369
444541058 13 34192027
266660 1 265123
50132585 1 50114641
90969209 79 1151023
296928390 3 98964001
143370802 1 143344567
1560582 69 22563
256992990 3 85653643
7229880 67 107809
403413030 3 134456513
440887590 37 11914739
2153840 100 21505
116992557 69 1695213
179860 98 1825
22536492 67 336093
8296344 59 140389
124500418 7 17782223
35711518 1 35699329
391192236 97 4032299
91830527 29 3165653
127109970 19 6688807
299570136 91 3291436
396274317 7 56603611
254369709 3 84779039
601923966 85 7080861
442158120 19 23269151
454781877 3 151579567
1424085 35 40619
481208640 51 9434363
4113064 100 40910
155468376 12 12952123
2090 95 11
206147994 3 68698417
180984728 8 22616717
375626478 3 125190607
25191036 25 1007183
17847948 2 8919587
2970240 98 30245
244366895 5 48866933
185972148 61 3048269
213928631 17 12581609
81884352 3 27288749
314153316 2 157058813
89872200 28 3208949
22856004 57 400786
5494 17 313
299821960 4 74945977
552938112 2 276442631
343574150 95 3616091
150664862 1 150638461
32902632 1 32888561
234047582 1 234016777
2883213 1 2879741
722563160 19 38026771
589535328 27 21832747
634790800 2 317367637
79752036 81 984338
38283244 1 38267641
435314033 1 435270769
470015583 23 20433383
794550862 1 794493361
24367170 45 541273
4105666 11 372391
935760 53 17597
514589696 70 7350631
600023016 99 6060340
59246712 57 1039123
6347882 1 6318007
72005157 1 71969357
15133995 17 886729
462943129 1 462896741
155363 47 3287
636956 59 10757
27304124 11 2481221
94856136 1 94831501
42395634 5 8473001
3026375 1 3022801
308483820 1 308446609
64559365 1 64542529
255444210 1 255411461
117001316 7 16709479
604440576 2 302192369
33765024 78 432554
120827646 89 1357357
19855509 57 348181
23090463 19 1214771
725439000 4 181345933
152790352 76 2009891
213617142 37 5771901
603896382 89 6784799
429619392 57 7536381
567745607 1 567691297
683683616 23 29723087
131140516 34 3855577
620789 11 56291
178190649 77 2313813
481730080 5 96336733
29356 38 761
26012211 25 1039537
258475383 1 258428561
111074706 1 111035251
503212158 3 167721287
466297540 23 20271593
612148790 5 122419379
526516256 91 5785378
18844239 1 18803761
183042042 33 5545889
1157184 1 1153681
355477650 3 118479623
209502676 2 104736769
354011969 73 4848889
163010880 44 3703837
277609319 53 5237165
163726900 73 2242477
200818773 1 200788961
71627792 19 3768103
263625637 1 263581697
30662976 39 785759
132877752 97 1369621
366020694 79 4632569
720844404 1 720790201
1591105 1 1583749
29003568 82 353538
122170880 44 2775701
130310133 87 1497447
12471980 11 1133099
223665648 23 9723293
206924816 73 2834161
370694 29 12605
90237966 13 6939901
95788332 1 95767037
13937420 7 1989979
37447675 1 37433017
3061642 17 179863
432471281 41 10546973
136804433 1 136781041
34534250 79 436993
129225083 1 129201601
112113330 1 112091743
156411630 71 2202211
91198533 1 91174861
99095035 1 99046153
34524204 15 2300659
21588168 98 220188
16867320 60 280913
491052604 5 98201657
211344730 7 30187093
350727555 5 70137917
349146000 7 49872421
11644672 2 5808133
221106672 59 3747019
717211440 78 9194327
857660 2 427487
133457856 9 14825617
38398614 3 12791227
130869200 58 2255854
399420 7 56369
4903364 50 97709
391346656 40 9782611
188082988 7 26864843
601022716 17 35351369
150617025 1 150570437
93852723 67 1400187
18932676 51 370958
150029828 1 149995231
441638824 32 13799893
303629025 1 303588613
20312548 2 10147037
8265 77 105
495412800 59 8395988
879249 39 22483
270802320 63 4297926
20150168 1 20141101
79633053 71 1121339
368105720 5 73612829
39161634 3 13048727
124189216 86 1443733
395808189 67 5906923
49743645 87 571559
368736 46 7981
647414235 1 647356249
146026542 1 145999771
1222195 1 1203329
9389160 20 466841
73905390 85 869205
1909290 23 82883
705774160 43 16412107
90175655 5 18031037
84072506 1 84049951
145289690 53 2740817
35700621 1 35688673
64399473 1 64368961
169076830 13 13001297
109640425 1 109614737
107423134 5 21479501
2693646 99 27155
16745400 61 274376
23507898 33 711887
523754300 1 523706137
485991424 85 5716844
333916770 25 13354735
3869875 1 3860137
250154613 3 83366123
145262900 1 145228777
15226796 26 584951
659270880 86 7665329
182516592 4 45617413
19808875 49 404081
258655545 1 258610769
279353060 1 279315601
175143220 37 4732019
310989294 1 310953431
32731731 13 2515981
247055819 1 247020097
169853585 5 33959921
442364 73 6025
355133304 92 3859655
187227150 83 2255247
552588255 83 6657123
211336350 1 211298977
4746980 1 4741699
13730552 4 3430123
35057529 73 480077
278415954 63 4418597
501919616 46 10910083
177072012 1 177044951
241224 43 5587
640861935 1 640810249
44048340 63 698965
579704 8 72269
345883820 10 34584247
391468 58 6703
20309877 1 20300717
2583771 85 30357
457435076 11 41579963
1980378 3 657583
192824880 75 2570583
4035528 49 82259
88022864 100 879982
105478200 20 5272621
472857 1 470581
120247884 2 60104003
92342556 31 2978113
296845006 23 12904805
214250344 4 53554399
114819300 2 57397789
17988000 98 183239
264512946 49 5397555
569926054 5 113974067
147183470 1 147146641
25160148 2 12574273
238143099 93 2560309
574283937 3 191410859
163805118 99 1654209
99659129 1 99639121
106304 17 6203
519825530 7 74254237
41124 65 626
117712160 53 2220566
1917882 1 1904141
123919830 3 41297401
2524424 58 43342
33341250 47 709131
474015488 2 236979287
5675334 1 5669221
39603 23 1703
321658180 1 321617521
55272 76 721
236003180 2 117985643
155247452 1 155220781
1524480 18 83981
1153700 89 12938
110911689 47 2359375
1501820 1 1499371
2940615 1 2936473
109973468 29 3790991
300241768 82 3661012
248955966 21 11852431
16972424 37 458353
45911817 9 5099693
78121313 1 78089749
608178192 93 6538992
355198612 1 355146877
42372364 1 42348907
96718821 93 1039765
535974920 74 7242272
14523180 66 219931
226332756 46 4919623
6331365 1 6319853
645897431 71 9096431
360 80 4
55661209 31 1794107
2988960 67 44557
640895624 1 640844161
23449080 3 7805593
755026514 1 754971361
74967060 71 1055630
295060690 79 3734509
393811919 59 6674099
64269125 43 1494019
65665195 1 65646089
160087018 83 1928273
307365912 1 307327381
123722680 88 1405651
137266636 41 3347311
172570704 65 2654529
863550 3 271853
151117338 9 16787689
3184260 3 1059917
362917240 5 72575147
59424915 9 6600857
477238986 1 477194551
4767022 1 4761901
189090382 91 2077607
150607022 71 2120807
5678915 1 5671513
42137858 89 473219
590312 13 45289
2189336 100 21859
324253920 85 3814294
14445104 98 147320
161147357 1 161116957
91275297 1 91246741
120463520 44 2736647
52843840 4 13207057
175987740 3 58653583
354303288 68 5209777
293070882 3 97672387
4237952 83 51002
36582180 98 373145
410053200 6 68334047
1966580 61 32149
419864720 35 11994887
187549992 17 11030741
2949132 57 51411
47479290 19 2498017
4589376 1 4578751
393462708 2 196710413
91288441 1 91264001
40137475 53 757069
16749936 100 167410
706189281 5 141227213
47006840 1 46992919
127476580 67 1901894
3762706 41 91453
139061200 76 1829183
672454440 48 14008387
1960230 3 651023
46521580 10 4650103
165686248 1 165643129
282817454 29 9751163
95042060 41 2317619
762660206 1 762601201
408108272 1 408066301
588196527 1 588141601
2983158 67 44433
440523164 2 220238783
799732890 91 8787649
298388395 5 59666861
307301632 2 153629681
135997785 71 1915111
85164232 1 85143467
2327633 83 28007
198998280 13 15303371
108190698 3 36053267
45547220 5 9103847
594383076 2 297166109
122322590 5 24456023
5488368 68 80642
119897502 1 119857321
130174968 92 1414677
151034496 6 25167271
679199487 3 226382419
38519250 1 38499367
576292962 57 10109471
6615 61 101
7907140 11 717539
49696092 97 512126
11101684 59 188039
164801550 73 2257113
432877482 7 61833241
521490988 22 23702057
37788807 3 12592067
270739360 2 135349619
80486520 74 1087376
114583680 10 11456009
12034596 17 706679
109962615 77 1427349
344506086 1 344463043
385772748 31 12442981
500732154 1 500686777
68318544 72 948638
154460488 64 2413036
422102712 97 4351143
18277984 44 415039
11846392 67 176708
52481680 1 52425143
151812724 5 30357553
4680063 1 4675529
121826114 31 3929161
69679728 54 1290026
48721464 8 6087607
167157364 2 83549341
79001482 59 1338689
22705029 53 428217
52873184 43 1229119
242050816 2 121007813
334559025 1 334521973
382503916 5 76489157
317592068 2 158778197
746580 7 106357
341433576 52 6565313
21432432 27 792821
24233643 17 1424897
