1 1
1 2
1 3
2 2
2 3
3 3
6 21
2 6
20 24
10 28
8 12
1 2
9 10
6 25
7 42
23 30
22 24
2 24
9 17
12 29
7 20
23 23
1 14
10 41
8 20
5 37
4 19
8 37
3 26
10 14
9 20
1 16
1 4
7 12
4 10
11 22
22 23
8 11
5 9
22 33
10 31
9 11
1 31
6 39
11 30
2 19
7 14
27 30
1 5
3 8
16 36
18 39
1 8
18 39
9 49
12 14
3 13
4 18
5 50
8 21
2 43
14 21
8 25
3 24
19 26
3 15
2 3
4 6
3 34
17 28
3 10
1 3
3 49
17 24
7 38
6 10
6 49
1 13
6 16
3 3
6 19
3 5
2 27
6 10
2 14
1 10
12 16
19 23
19 26
14 42
3 7
1 60
3 56
16 20
11 18
18 21
9 17
10 24
1 1
17 38
10 11
10 23
2 5
13 25
1 39
18 21
13 35
4 13
14 16
6 47
11 23
1 2
26 27
1 2
4 25
23 38
5 45
1 13
15 41
13 26
22 24
15 37
4 5
2 25
2 7
15 19
7 7
6 20
8 54
17 37
4 12
25 34
3 11
17 45
6 56
3 5
2 12
7 19
8 11
2 20
13 16
3 32
13 49
7 13
5 13
3 5
9 21
1 4
9 17
5 7
10 42
16 27
1 4
20 20
15 31
2 39
22 25
8 13
13 48
21 23
6 34
1 17
5 32
9 11
8 10
6 15
12 19
15 27
8 17
2 38
1 16
26 29
9 52
5 6
10 17
13 20
15 28
3 10
17 26
4 12
11 16
6 41
7 7
11 17
1 17
20 42
1 3
1 16
14 19
4 5
5 20
1 3
2 21
18 30
1 2
13 48
14 27
3 32
7 25
16 44
16 46
6 26
13 14
11 20
2 11
11 20
23 36
3 40
6 10
4 48
2 5
10 40
20 35
12 37
13 15
1 52
10 41
18 39
1 5
5 36
7 11
3 30
2 11
11 14
8 11
3 20
3 45
3 45
4 30
1 46
3 55
5 48
2 23
1 11
24 34
6 42
8 11
16 29
4 21
16 44
1 58
3 15
22 34
5 8
5 20
3 3
16 32
10 16
2 3
13 20
9 45
4 7
4 23
2 7
18 34
4 57
2 6
6 7
24 26
21 24
8 18
6 27
23 32
14 45
26 27
3 5
1 2
17 26
10 17
1 3
13 23
2 12
3 36
9 47
2 30
10 16
2 30
2 50
4 33
1 49
1 1
2 3
7 8
2 15
12 23
11 22
4 4
10 17
10 14
5 14
2 5
4 6
6 54
3 36
5 12
8 44
5 12
1 2
4 7
4 27
1 6
3 53
23 31
9 17
10 20
2 42
9 34
14 24
8 46
19 22
16 37
16 18
4 25
14 32
1 20
4 16
11 20
11 35
22 25
3 3
4 16
7 26
9 13
8 35
13 29
1 4
20 30
4 5
9 10
12 24
22 37
9 39
11 41
21 29
2 15
2 31
3 24
3 38
17 27
1 3
4 27
4 4
9 39
28 30
3 14
5 6
8 14
4 42
10 14
2 46
7 10
16 21
7 36
2 37
2 2
22 24
18 27
2 3
6 12
30 32
14 44
17 30
4 22
4 4
10 16
26 27
3 11
2 47
12 13
18 20
3 5
21 34
3 29
1 1
13 47
10 29
7 50
2 17
26 30
5 15
25 29
16 32
1 47
13 46
13 34
17 42
7 36
2 4
2 5
3 13
10 27
1 27
13 38
13 24
1 19
3 15
12 22
2 23
4 13
5 7
9 9
28 28
13 19
3 43
14 34
8 15
10 20
5 6
20 37
5 5
9 46
4 26
1 32
2 36
21 26
10 13
6 9
14 22
4 33
6 19
16 45
5 15
4 58
17 40
12 18
4 49
5 10
5 54
4 41
5 8
8 10
6 25
10 13
6 9
6 25
2 12
9 9
16 34
5 23
15 37
10 28
17 28
3 45
11 14
1 36
1 26
3 3
13 47
9 18
11 18
17 22
25 37
25 28
6 7
13 25
3 19
8 39
2 54
12 48
1 30
3 45
1 35
5 18
7 30
14 22
12 43
1 29
23 32
5 20
1 3
2 2
3 10
1 1
3 27
12 13
2 4
13 38
2 2
14 16
19 20
1 3
3 14
9 49
11 35
10 15
17 20
16 21
5 17
17 23
11 27
2 11
15 40
5 18
2 50
11 13
27 34
13 47
10 23
8 33
1 25
4 44
4 8
2 58
2 2
21 24
7 23
1 46
2 9
8 33
8 22
5 15
1 60
8 25
15 44
4 30
1 9
1 57
2 23
8 42
8 29
9 37
12 35
11 34
9 50
9 53
17 45
1 8
4 8
4 14
24 37
1 3
8 25
1 11
2 7
4 30
9 16
4 6
9 22
19 24
9 26
2 16
6 51
15 19
6 27
1 6
3 4
3 23
3 18
20 30
2 42
8 36
24 24
15 37
6 37
14 24
26 27
10 22
3 12
8 42
8 12
10 27
3 8
11 26
7 45
1 1
2 21
3 20
3 12
2 3
12 24
6 17
6 40
1 3
13 19
10 15
1 18
7 36
5 15
2 12
6 8
4 7
9 52
4 9
14 46
6 15
1 6
25 34
4 14
9 25
1 2
6 31
16 30
1 2
15 46
5 19
12 15
2 28
5 47
1 41
17 18
4 30
3 11
1 47
6 23
12 15
13 34
10 31
1 46
11 13
1 27
6 25
1 10
1 53
5 9
3 3
20 29
3 17
5 16
8 52
1 44
14 25
2 3
11 20
3 4
3 28
5 5
2 21
11 12
29 33
10 37
3 26
6 18
2 30
1 23
3 54
7 54
4 22
15 24
11 23
1 14
6 12
1 11
18 27
4 14
18 27
6 21
10 10
3 8
11 51
3 8
4 13
15 25
12 25
19 21
4 5
6 21
14 40
12 18
13 31
5 29
5 42
11 39
7 27
4 51
11 23
1 15
10 30
2 3
16 17
22 28
2 27
23 35
5 12
5 36
10 15
1 4
14 43
15 16
3 4
3 5
4 18
4 25
13 34
14 36
2 3
5 15
16 37
6 49
22 38
12 38
1 2
16 42
3 4
17 32
4 11
10 33
16 17
20 21
9 9
7 51
3 26
9 22
10 15
12 21
1 18
4 20
7 53
1 37
2 49
1 26
28 30
9 22
9 48
2 44
25 31
1 27
9 40
2 3
9 13
3 15
18 25
5 26
10 28
5 19
3 30
6 49
7 21
9 12
11 14
2 9
3 16
19 27
2 9
8 13
2 9
2 6
3 11
6 8
1 2
6 24
3 28
1 4
6 37
12 16
8 21
4 14
17 27
2 37
1 1
9 24
11 36
12 16
8 14
6 56
11 13
4 9
6 17
5 10
2 5
3 4
8 42
22 30
4 11
3 5
2 27
18 31
27 31
21 26
6 17
9 10
1 3
9 31
5 48
1 3
1 28
18 31
6 20
8 30
3 7
4 55
3 7
10 47
1 16
2 4
4 19
8 45
4 6
1 26
13 16
1 2
2 3
5 30
21 33
8 9
9 37
6 24
3 5
5 23
2 23
1 36
16 20
2 28
1 8
9 10
6 19
6 7
2 6
10 36
23 28
10 29
7 9
4 35
2 7
14 47
8 25
10 11
3 6
8 46
1 18
24 31
19 41
7 11
2 16
4 40
4 15
1 22
7 53
2 22
14 48
12 32
30 31
1 7
6 35
10 23
19 25
7 11
4 12
19 37
4 9
8 9
2 59
1 13
3 20
2 8
21 41
4 7
2 3
20 24
3 3
3 53
20 30
14 22
3 42
1 60
6 6
5 6
11 26
4 9
4 5
5 11
8 35
2 7
15 24
6 37
5 19
2 52
4 30
3 9
4 34
18 41
6 23
6 6
6 32
9 20
14 34
14 20
10 15
1 5
7 14
3 10
7 26
2 4
2 10
5 24
1 5
17 40
6 28
25 32
6 9
2 11
8 24
2 2
5 27
3 11
2 6
14 16
17 19
11 28
12 20
1 27
1 9
3 20
7 11
3 50
11 27
4 7
15 47
14 35
4 48
9 44
1 23
18 22
16 22
7 21
3 4
4 32
9 11
12 21
16 19
6 16
10 14
4 14
9 52
2 4
3 6
9 20
10 28
28 31
1 3
5 5
2 23
1 9
17 33
1 8
6 22
22 24
13 37
13 49
2 3
20 33
4 7
11 23
15 27
18 34
10 40
10 40
1 2
22 33
5 17
1 1
15 26
14 25
3 12
21 25
1 13
2 3
17 26
8 13
2 5
16 24
2 33
1 6
13 34
8 43
3 9
7 20
12 13
2 2
3 50
3 56
15 34
13 27
5 6
5 5
14 33
6 18
6 7
11 32
4 18
3 48
4 22
5 26
8 19
7 46
20 26
3 3
20 39
15 46
26 28
1 1
12 16
4 7
2 7
22 37
6 17
15 46
2 42
2 4
8 15
3 16
