1000
1 1 1
2 1 1
3 1 1
4 2 1
6 3 1
9 5 1
654625541 5 130914857
2930562 7 417811
802564842 81 9907957
299071968 57 5246209
514632722 1 514581061
225537594 83 2716942
379053753 1 379012003
839804104 4 209936957
69478 2 34273
110702159 1 110656681
285697890 97 2944883
53550330 27 1982363
969694453 17 57037927
631591944 92 6864532
452558574 9 50277979
15184898 71 213761
43623347 18 2422103
766125039 25 30643667
136905084 5 27375833
157848174 65 2427931
723590018 62 11669855
413084344 88 4693663
462940305 6 77150039
95498898 23 4150787
67895247 55 1234159
111638124 65 1717141
53651650 5 10726103
812995226 99 8211967
151907885 12 12655343
253767643 1 253728161
48611793 75 647961
76440871 69 1107186
638847396 1 638833051
325675733 17 19155119
921200 2 458153
114767928 4 28683041
71142972 20 3556271
981127148 92 10664033
4412801 64 68869
220836100 49 4506053
320723316 83 3863597
401891002 10 40184561
789651772 98 8057169
2769768 28 98731
1284822 1 1282277
56089476 35 1602113
330898898 29 11408801
993728677 49 20279557
330852555 75 4410731
247899234 35 7081931
283396351 81 3497986
669612286 93 7199545
402109781 5 80418181
219057056 41 5341561
578389980 82 7052935
235626661 1 235573099
3725106 47 79133
766838691 99 7745548
175795028 59 2979127
541197102 53 10210358
56474083 1 56458889
4483941 65 68909
912114371 1 912104497
718378906 53 13553235
197285094 1 197254571
434863563 1 434821813
600246169 85 7061137
816451558 61 13383697
16225672 11 1474327
29513142 95 310494
696824771 29 24026501
230679093 45 5125223
971184922 54 17983958
4954083 79 62562
1108121 88 12543
369958803 11 33628747
3263202 1 3257141
837315687 68 12313059
361523016 16 22592543
2583 3 827
141071589 3 47004821
495360260 47 10538417
434746246 6 72450901
23423580 89 263035
720444240 76 9478809
188396990 11 17124001
557868248 23 24252713
943818598 85 11103043
106215842 7 15169601
212136168 86 2466324
435800064 99 4401569
335559107 2 167761007
136324561 67 2034461
454372497 11 41302207
424585502 81 5241221
1275120 1 1267229
357951192 83 4312208
617546616 41 15061011
100510648 4 25120091
196300989 25 7850693
19994271 1 19961069
8591715 59 145419
687821233 2 343893553
384541847 8 48062827
32616 86 358
313051505 1 313013761
5082636 43 118075
773652818 25 30944195
434114820 97 4474863
57606570 49 1175191
5468877 43 126967
17644473 49 359669
723785551 79 9161624
624738924 7 89241193
15769404 5 3151387
495842115 5 99159101
47393598 2 23672069
603223931 38 15873377
355462830 5 71084869
54521889 33 1651729
259803753 7 37108697
462118476 10 46207423
546301352 12 45525043
6305800 52 121157
27567184 92 299132
82464912 13 6341983
92781295 1 92756161
831372694 100 8313247
22282740 10 2227097
46465720 1 46427471
628916232 12 52405193
160235403 1 160208897
601157808 7 85877431
26329158 6 4386233
93540768 84 1112942
193729821 47 4120881
223997859 1 223967921
782762776 3 260906221
19682884 43 457319
730621358 79 9247678
65900024 4 16469899
655600596 6 109256971
40826866 1 40825427
33183045 19 1744507
359085679 31 11581751
29180928 97 300418
208922336 22 9495133
556052450 2 278020207
113578002 1 113552557
1156069 6 192187
46549318 1 46524349
22516859 1 22507369
123018691 4 30751001
586942463 59 9947318
56061096 4 14005447
201433410 5 40280593
16429264 45 364831
943669435 23 41026993
33076660 1 33043609
221982957 73 3040437
286608147 45 6368221
798241265 32 24943273
354135496 2 177050789
373915412 38 9838727
537475183 61 8810221
3251643 59 55043
79788060 2 39884639
769557090 98 7852079
536820781 6 89461591
294049412 1 293999161
427648998 1 427607101
217735567 1 217706057
854129461 5 170824039
3864287 1 3858817
9920889 19 521803
316048968 86 3674374
128858231 85 1515698
739880685 79 9365057
444913632 64 6951073
89289310 10 8926529
37317280 1 37292771
786548175 9 87388009
717212258 61 11756734
10107290 41 246287
344175237 3 114707339
226531346 5 45295333
11731360 73 160606
908008682 5 181590401
71311596 55 1296049
672138778 27 24892099
7264348 9 805223
2027924 1 2024401
957653658 1 957636821
223277490 3 74407237
19639638 1 19618831
463894005 94 4934434
166751491 1 166709593
804200241 6 134026073
115944221 93 1246402
434216380 1 434169451
260449704 17 15318623
528986718 1 528935203
847653465 81 10464207
303597918 2 151779833
42476456 4 10615603
84085470 30 2801737
1572176 2 783869
867288222 1 867229589
219068906 75 2920523
6598950 89 74087
51672180 5 10331561
6157019 1 6127969
156339449 55 2842149
379158780 3 126369461
221628393 7 31656887
642411000 88 7299524
25358366 1 25345717
547876574 67 8176701
26374180 1 26336881
862400096 4 215585341
160403132 4 40094101
288915761 14 20634221
527450110 55 9589747
185193008 2 92582657
3246278 69 46993
11348244 4 2835361
70488995 5 14091461
849081277 50 16980619
6113097 66 92479
20537332 69 297403
298432130 37 8064697
362606381 4 90638081
827249105 7 118173547
20688891 19 1088303
802875359 13 61755037
29845346 34 877471
34135305 1 34123619
775081222 6 129174413
534330945 77 6938627
97108738 1 97087789
486414011 75 6484930
1802124 35 50543
832218734 12 69348407
279936731 94 2977693
2923105 96 30332
352492959 51 6910871
710492718 90 7893741
707963925 65 10891403
15015606 2 7498837
405208065 79 5128705
86418939 47 1838163
176727015 31 5699663
412238908 2 206111041
170553168 4 42630689
50489927 24 2102899
47704116 3 15891853
216492250 7 30923131
357775555 82 4362941
18113132 77 235013
293521970 1 293480881
265587436 39 6808601
608386019 60 10138861
862915146 2 431456591
286471759 1 286417081
424199004 2 212076743
71230000 4 17802203
81407178 9 9043219
596694066 89 6704183
64269264 100 642354
25051338 93 268909
65596507 1 65565377
732640857 1 732584101
110467425 80 1380829
304244463 94 3236223
379177 1 377539
57580974 5 11513153
218207370 97 2249127
615716668 7 87952793
642003951 100 6419532
83585370 3 27847763
110069410 1 110038889
169761 58 2839
906126482 93 9742731
5425200 96 56457
261159221 43 6072709
43319360 55 787324
159673541 59 2705830
972835622 87 11181479
793047076 3 264330247
15937224 1 15915061
377385188 67 5632031
60939469 5 12184409
748504049 47 15925139
50377812 1 50356951
483419373 19 25440197
107786170 46 2342609
40908125 19 2150683
781450617 86 9086295
74380800 2 37181321
1085288 44 24617
6541968 98 66684
376492428 1 376443649
832003873 71 11717873
250625520 1 250572799
432595413 79 5475342
159746176 3 53237369
48337656 72 671091
863182877 1 863128801
101832762 81 1256797
5616168 100 56110
254847194 34 7494469
359902131 14 25704377
798721166 3 266232661
5043780 7 713663
5340738 1 5308969
59114692 34 1736993
393489681 31 12691289
86747145 73 1188302
70215906 39 1799947
3283780 47 69247
114514400 4 28622413
63262123 36 1756817
72875739 2 36431749
55394182 3 18456937
8658985 65 133061
868047828 68 12764539
311160647 2 155556133
912756827 71 12855594
195485969 100 1954580
39387920 94 418642
506692154 97 5223091
103925024 73 1423294
787564741 58 13577768
576226 1 574633
169934548 19 8942501
280933657 1 280877237
241094147 2 120527791
868871711 1 868864189
170283820 5 34046813
643643484 1 643592461
235901485 1 235843169
161572500 38 4251179
965064732 79 12215312
82336325 38 2165731
689049426 81 8506105
189107126 1 189059147
9559842 1 9540187
794410536 19 41810959
398247247 1 398203829
13670349 15 910031
576002963 4 143988703
38710661 1 38697187
855658964 1 855621139
9617624 67 143441
263639910 75 3514735
44265143 11 4022531
97694188 23 4246463
429514163 68 6316269
9239636 17 543149
90139214 2 45043253
13903032 99 140103
169514559 33 5135993
776894024 2 388441897
439363414 2 219651763
171959373 21 8186281
9525206 79 120485
38808468 82 473122
582115658 98 5939532
268810 82 3265
35596658 1 35583127
247586108 1 247537321
157460136 12 13119511
903301903 31 29137181
276577165 55 5028071
172550180 7 24646177
27560807 25 1101013
4228598 1 4222531
629388771 5 125877209
337036910 23 14651899
180424791 1 180386273
21138750 1 21125603
490244258 79 6205063
916292818 5 183251573
3357004 1 3349127
560939464 25 22435681
171138236 19 9005137
53275514 47 1133161
662309195 98 6757969
105774204 6 17622317
2701834 5 539471
3875575 47 82351
111486325 71 1569707
896360623 13 68946257
1410750 99 14226
9192896 10 918667
26734375 61 437557
349778756 99 3532639
608862605 36 16912747
26967360 4 6735541
104862543 99 1058991
11573826 3 3855373
2865422 47 60863
825794450 62 13318951
546119518 14 39005011
362682608 4 90658369
89629441 37 2421871
27409968 4 6847829
963609912 1 963576457
589378114 79 7459733
63489060 1 63470833
114262325 31 3684895
620597394 15 41369323
455649694 88 5177451
53248171 43 1237891
331587 5 65993
4617000 73 63152
5047988 8 627461
572957593 87 6585395
3373344 7 480943
21975432 92 238761
14322425 7 2044963
95451296 73 1307123
785458973 17 46200179
58474780 2 29227207
174482320 20 8722789
34935192 1 34913717
135758945 1 135735493
346247122 6 57703111
43160381 12 3594947
280984 5 55631
482377686 3 160776911
194243313 19 10221133
927210802 17 54538699
55309169 86 642785
1580400 52 30301
92580750 1 92550467
8815705 24 366907
445348894 99 4498123
527572229 1 527520481
256906341 9 28539257
7457153 1 7443781
276427515 53 5214893
889939310 4 222479347
642734755 12 53556889
336471581 89 3779962
5123212 3 1706119
263125496 75 3507907
933932516 1 933916241
287045704 98 2928692
379617225 1 379567057
107016341 78 1371722
6385232 71 89846
293142071 41 7149023
43585529 1 43571911
150526003 13 11577001
872177 96 9006
48384626 94 514531
907480026 17 53377721
283276275 7 40461103
1007916 3 335131
225449720 64 3522172
378119954 45 8401717
852320940 19 44856431
114271200 61 1872862
719964720 9 79989571
8645149 13 664549
632260 10 62893
616331582 3 205434071
152055750 85 1788409
128226 37 3423
87495833 98 892436
12158234 61 199201
318952004 30 10631597
396891063 31 12801331
42078960 28 1502087
103828632 97 1070188
61251563 1 61225141
953063941 75 12707083
6051837 3 2015633
601639102 47 12799751
274331562 79 3471991
11305896 96 117695
990542009 2 495252599
38608596 77 501194
194102456 1 194072993
97212736 39 2492031
147587913 1 147556501
641860482 1 641824037
400267665 73 5482493
165878644 3 55281199
87743616 3 29236331
19388247 39 496903
505945674 1 505923233
278141570 1 278090473
618865200 32 19337803
251153447 43 5839987
639206925 75 8521989
988847717 1 988788781
646493905 1 646439659
3330481 1 3321893
15739548 78 201617
7715343 35 220263
919127536 1 919122583
2998986 71 42183
23026370 25 919579
813908 61 13291
136691896 8 17082701
892365011 77 11588399
7688692 34 225769
55897234 1 55882117
234920686 59 3980947
241881 1 240899
723975381 1 723922987
503850793 1 503796263
3381210 23 144673
15680520 1 15672313
5790606 53 109103
257452035 1 257430787
70179738 3 23387513
132594881 88 1506470
394964640 79 4999034
27606947 17 1622309
793987543 1 793946191
450823318 89 5064910
31642776 88 359449
53290763 1 53271481
187358674 98 1911377
501913527 97 5174213
772150286 1 772094509
143016871 59 2423598
648626096 1 648572893
96479985 16 6028651
862458369 85 10146369
175367823 86 2038832
92306564 5 18455473
215764587 17 12690121
27331587 1 27314389
913580146 92 9930061
18404793 11 1672339
106383978 39 2726743
182711 83 2190
317183882 2 158569277
656994642 98 6703684
37129639 37 1002773
353134753 96 3677933
16716032 4 4173469
7003892 1 6997189
402143964 31 12971429
2338866 2 1165547
398191290 89 4473566
22012797 63 349027
21427497 1 21410561
400607735 71 5641877
154659999 1 154634461
90686976 5 18133571
170195880 93 1829719
316287020 29 10905179
783022787 21 37285217
793090522 71 11169470
111823740 1 111767801
27080613 23 1176497
331313840 17 19486673
661727457 1 661718051
273026624 92 2967278
751247916 37 20302509
228818229 1 228787771
47742071 1 47728201
904309598 99 9133852
124715523 39 3197231
861116700 57 15106267
2269519 31 73111
458492048 56 8186564
737803063 100 7377731
519541155 17 30558473
557529 85 6541
56037575 91 615559
235852244 35 6737747
500455190 50 10008521
47247686 62 761837
59957129 55 1089847
8258215 5 1650109
209265133 1 209232929
669895884 1 669844573
38600510 1 38588029
11681414 41 284741
797434220 5 159475457
462888618 67 6908127
802428942 9 89153413
154201776 96 1605917
409667604 6 68268667
428512586 1 428464247
13181141 86 153179
938350184 3 312764591
43448574 7 6202981
26030706 1 25999951
664712028 2 332329687
23425200 41 570841
272738334 71 3841202
3620961 3 1205713
38364641 51 752002
248572878 19 13080679
47826 51 922
794365383 65 12220438
207236534 11 18836297
89412212 49 1823831
188268 71 2634
86146200 100 861224
341671278 18 18980209
198325392 56 3540793
519255450 94 5523465
7259553 97 74657
114303393 5 22856027
875784806 27 32434979
51239964 1 51214561
13753242 10 1372873
132542606 7 18930259
44725092 76 587944
880959232 63 13982559
518992562 13 39918973
97083393 77 1260455
462630168 91 5083364
103080063 99 1040987
719327083 1 719313289
5813436 51 113851
123802865 1 123766099
14931107 4 3730283
373086384 8 46630957
588635610 15 39241513
4947570 86 57429
146505616 82 1786229
502918310 11 45715721
52930248 12 4409641
445301094 75 5936914
25490985 9 2831177
6545756 1 6539231
166810168 1 166784311
268598903 22 12207551
729747696 74 9861001
1148 47 23
522884397 1 522833119
263561295 1 263512549
24845 2 12253
848351673 84 10099081
251428436 50 5027369
20918854 97 215451
978920 3 325321
4359740 35 124415
828385578 3 276119059
21189951 61 347141
340811023 7 48681631
11139 67 163
33105049 5 6618013
112762801 3 37582397
15403830 14 1099711
64610356 33 1956511
171488502 6 28575233
1338958 34 39281
865284138 3 288425261
12216418 59 206939
443820256 46 9647153
87975510 99 888439
159905568 4 39965077
676916621 5 135378493
629456829 7 89915113
77543111 47 1648775
100824009 5 20160641
343213256 3 114391859
259441373 2 129717743
56170530 25 2245961
88821411 6 14800157
509872720 59 8641145
126160727 6 21022871
338457794 8 42303137
766791344 89 8614994
225221228 1 225191207
172922536 100 1728959
177804872 4 44437273
254312973 74 3436418
28374312 36 787879
25169798 82 306757
34835365 5 6963991
33590205 25 1343141
742488927 64 11600873
193246981 60 3220289
20322224 4 5078299
824901 51 15963
173695200 84 2067486
666794194 12 55564463
31104846 83 374611
5047941 9 560003
143839659 84 1712065
102679404 47 2183405
628911269 23 27343927
551191130 77 7157702
128737190 1 128677517
13233280 2 6613003
861598188 78 11045378
672752566 1 672728071
518070484 47 11021745
43812245 1 43794559
249949029 69 3621865
77556150 7 11076761
505532405 47 10755317
67627833 1 67601041
644024220 1 643967239
328484730 23 14280281
4308113 32 134429
116375745 87 1337486
502827522 6 83796719
731914288 44 16633177
9938184 62 160166
225704169 8 28209149
642666280 16 40164029
143818960 88 1633882
3412652 4 851971
38358720 4 9583967
106881552 70 1526578
838703297 51 16444961
593448614 89 6667289
506883645 53 9562935
333244406 65 5126227
796681611 1 796624657
927748699 57 16275366
415929342 57 7296273
18992960 80 237266
665008919 1 664957273
48447639 93 520733
765837585 7 109405117
408899478 18 22713883
12453041 2 6218987
384098095 1 384056269
470206 1 463123
820257684 94 8726019
517881 78 6620
543274031 80 6790318
119635764 81 1476346
674521 1 663127
208820923 20 10440277
277997648 2 138980957
57158430 91 627870
586934923 7 83840671
256785152 2 128374703
834071955 5 166809359
169160339 100 1691335
72398608 16 4522699
41214206 11 3745471
151637491 43 3525679
817802714 2 408877643
13320872 67 198707
115430559 79 1460859
37984479 3 12657347
31317792 4 7826149
294146593 1 294122201
35880860 1 35845687
173607720 1 173578513
134959728 24 5621741
53764182 1 53745011
879495461 2 439736917
83681066 77 1086263
6929906 1 6924623
559175763 91 6144267
28381992 57 497623
661467436 100 6614392
231987321 37 6268973
20450890 69 295917
43614720 31 1405961
485741733 53 9164103
910145693 1 910091009
31602012 88 358933
2390363 17 140417
17302856 8 2156771
200086950 3 66685999
944734095 8 118090249
41346 15 2729
4937971 95 51906
580090368 59 9831186
167903358 49 3425419
984396398 61 16136781
353285188 43 8214683
5714861 20 285253
127636989 69 1849327
210432774 1 210396787
577042827 16 36064627
13488860 65 207407
189470707 1 189443017
845598 87 9683
33334314 95 350765
965621494 30 32185423
13316967 79 168383
566559231 5 113302253
195141468 86 2268680
69207300 1 69190637
217916449 79 2758196
386976551 59 6558107
330948 2 164897
269110156 7 38439143
453056 19 23771
427902850 42 10188091
312935475 51 6135203
192742513 71 2714291
13114722 81 161807
106575195 61 1746685
130690405 4 32667979
111535322 27 4129667
160515468 32 5015189
697785480 47 14845373
7503920 4 1874527
848798003 4 212195387
2987003 46 64837
32965394 59 558539
100033011 91 1099027
23550842 7 3363001
193882433 81 2393296
56320668 53 1062367
39062925 1 39039799
179676806 55 3266293
1504374 1 1501837
645357960 78 8273198
8734406 37 235889
1264854 93 13519
95431922 3 31803803
200807792 58 3461674
437727886 43 10179705
635978882 3 211974019
111376856 5 22268629
133670064 58 2304229
169383879 1 169346321
810170228 4 202530017
209857133 73 2874164
19788048 9 2196379
94151456 99 950529
18265431 79 230952
867585869 1 867574831
465200512 3 155052203
8799573 93 94517
50688926 2 25333967
276326880 10 27627631
376865592 89 4234130
192110231 24 8003279
275821685 25 11031529
41754482 1 41738101
1357971 1 1348201
85018639 65 1307752
12456318 22 565861
392724511 72 5453886
521710862 29 17987983
38510428 7 5499103
901448456 2 450711269
538624303 43 12525067
25528832 8 3189827
457976911 96 4770147
625885304 20 31291763
402962849 93 4332565
75993084 82 926488
52650680 1 52621003
86247096 66 1306286
7310390 55 132817
367025508 1 367018391
262217465 1 262174069
20697126 63 328177
183001 7 26021
112131127 1 112106017
340235081 57 5968642
300901067 11 27349319
295474010 17 17377943
34153998 3 11379031
58723200 3 19567217
813719990 3 271223047
465648 74 6274
539198463 48 11232061
161347833 83 1943643
287055663 31 9258767
307203386 74 4151201
40674132 1 40661377
73392801 96 764231
2810400 1 2806753
744546647 8 93061277
522719054 11 47517493
295325514 25 11811271
298852626 5 59759069
176336106 2 88142921
754304008 68 11091898
956698527 82 11666425
551631904 59 9348869
1940622 1 1937389
575524122 7 82210201
16068764 5 3212089
902706936 56 16119487
101304325 43 2355445
510852449 85 6009488
22988136 3 7643059
42342391 49 863657
413788053 67 6175486
14601576 79 184692
22929436 52 440632
212650418 2 106310423
48921046 9 5433949
671503091 1 671477371
24482526 1 24466909
297853893 7 42545029
19112238 38 502601
286433070 1 286386637
784229479 4 196046327
46857300 62 755435
281452100 1 281415697
7828974 59 132193
6018021 19 316379
729452792 2 364707019
82988669 89 932069
825695856 43 19200891
35104703 11 3190259
17032114 1 17023451
595982949 7 85140287
90718648 13 6976883
86806720 91 953645
359766630 81 4440991
83582550 23 3633229
987758159 3 329248351
202098424 5 40412963
23565973 31 759397
76628824 17 4506083
532340650 19 28015093
856349134 84 10194516
4014325 79 50735
90406964 1 90361441
753297160 52 14485427
18828840 1 18817891
828232043 2 414092633
8202153 1 8196427
1671795 1 1669193
565603213 68 8316981
12187958 22 553387
539714047 17 31745851
269835678 91 2964641
320044051 81 3950684
248062599 7 35432203
261916980 76 3445779
901285491 59 15275346
13519308 91 148479
8874011 18 491299
13050424 4 3260261
68446823 43 1591123
54377243 95 572271
460024766 2 229987031
35785432 43 831919
326061670 5 65205083
4085814 93 43887
742072084 2 371032271
14530484 8 1814387
7075579 19 372119
248325917 41 6055961
62263613 49 1270339
653473511 99 6600348
85321235 55 1550959
154915884 1 154870151
154106787 44 3501821
12604074 67 188013
427142436 91 4693842
1783821 69 25805
488862 1 481391
12904238 89 144597
113826517 67 1698383
491662700 59 8333085
406872135 7 58116679
19814424 32 617663
49306670 13 3791383
3360564 3 1118959
166538370 2 83259437
328656638 97 3387819
511806981 3 170586293
3817563 1 3809549
1769070 1 1765261
201655486 72 2800591
9473009 41 230237
528875816 31 17058835
816327400 17 48015889
157790120 1 157758563
722076583 8 90259381
174275442 77 2262593
539442321 86 6272025
183824006 23 7990211
10642925 17 625361
903999364 17 53175979
269798636 4 67437913
180693 75 2393
58945063 82 718596
157395154 5 31468387
939778119 45 20882833
16805779 18 933199
9572800 1 9565219
586190072 29 20211773
34671840 2 17327447
839313400 2 419631271
1661910 13 127639
