1 1
1 2
1 3
2 2
2 3
3 3
1214 39290
1191 4624
4758 40428
306 6449
2586 20601
1134 36210
14877 24906
2791 5814
3229 17167
7193 32084
12610 33247
7542 10652
588 19544
4268 11586
768 40072
5246 47215
105 2569
10237 29194
2193 8750
11730 18304
10687 30398
934 24968
11366 21984
1828 42300
949 29854
12253 12714
10216 23444
2182 40606
3531 19388
14518 19421
10460 14905
23305 33846
1047 15780
26456 32059
4144 46572
20695 24413
13159 17627
658 6049
4093 26001
18805 24248
9842 27963
624 5485
9136 12611
6048 49352
28085 28945
1306 2229
1570 1855
26568 29067
16254 30801
18428 18973
116 3398
133 2130
3422 12076
6619 21562
6458 32232
14328 39532
165 410
6258 10377
2389 8849
6402 17756
11091 33997
8422 42033
10448 11492
17407 33016
7222 30890
7747 13798
3086 5378
16733 42733
131 513
8323 25419
2287 12002
1090 14225
2387 28735
2152 16773
2109 8865
27272 28587
5292 5837
1872 3288
17246 27143
5473 7701
2413 6545
542 3085
330 541
17165 37170
532 4543
1664 15898
4892 7471
5246 32725
10998 12368
868 27698
4013 18221
8928 36178
5070 10135
9397 10230
8714 12513
3449 34146
11070 18698
4939 10074
4804 19884
22045 26942
683 1030
19225 33181
1517 14897
20222 36461
2134 17049
1248 7139
8035 14680
10392 17904
5909 19427
10647 37703
14024 30705
1142 11556
1726 1801
3305 31993
12118 19639
393 432
6133 12173
8883 36219
8623 49075
2 379
10128 14330
7085 44506
718 11968
12821 36225
5256 32241
5519 12438
23358 27332
5710 12113
7308 35148
692 56795
2769 26989
5357 17543
9154 10412
1772 24640
1062 6604
17733 19806
4901 25504
2177 36730
1581 18817
829 4592
3473 26183
16115 43070
1534 1742
9030 31480
980 29667
15521 23787
686 21789
21017 28840
1058 3816
8 518
4592 6544
2010 3266
7303 47616
1858 5673
8652 14596
5028 49799
4601 7050
14728 32720
9048 50896
9491 23785
422 6810
6107 18777
1023 14211
10054 41102
3287 9472
2535 16021
8365 36324
5583 39586
11019 20100
15423 20594
3743 4695
2376 48665
6858 50499
3534 6503
27055 31539
16929 18278
22195 22375
4595 39694
824 3005
747 2237
15136 42854
12441 22822
2704 5076
1370 5551
1203 58293
20822 26601
912 2791
1773 5872
4220 43158
429 8594
2885 17366
2371 2953
10148 37852
13210 28126
6558 24883
2087 57521
4589 33080
784 18046
6252 32386
4518 24847
7363 9547
216 662
9120 14626
2484 24325
757 1151
7310 18356
174 36776
8510 8641
20202 25326
52 58914
905 45264
14384 21178
6409 35251
18807 20232
3281 11239
4962 5327
18045 19189
2596 17920
11160 44104
4013 46301
7783 22876
4823 5323
13041 21061
340 2244
15303 26164
3685 42607
4340 37188
2162 4101
10759 13852
1568 16046
164 4384
1521 14713
3821 12417
1269 28179
1809 22631
9153 40666
14941 18648
2872 6228
1002 3712
13028 27938
5586 17197
3657 24151
2649 4030
8642 18835
4788 13055
10263 42582
14209 36670
12781 43868
1002 7324
3360 19901
10901 14204
6413 19850
2396 3887
7832 19617
1821 35036
18510 40092
6627 12380
3116 9793
421 44637
1769 5439
18672 36729
1767 55128
749 19732
3311 54809
7387 30387
400 2000
4884 48408
1065 14994
10028 27402
2586 8369
1991 3733
15217 21763
6756 41097
6615 32831
3659 14392
5654 14066
517 7826
8533 26713
12366 20492
2062 14997
19411 30860
21439 33834
10536 14248
5007 30637
3459 54894
3814 10881
4687 32274
9570 23963
6273 16614
4028 6659
1675 3998
14460 38137
26720 31460
13094 21881
18611 38696
777 6171
13037 27651
3377 12536
44 2450
1514 50289
16581 24469
3678 4005
7142 27422
729 1057
9588 16989
10389 41047
6270 42757
1253 2653
9057 14625
611 726
1224 5987
10640 33025
10970 22147
3611 29395
632 17044
881 41734
10234 46457
7390 47683
1839 42593
14198 24511
18129 19209
356 583
9361 43297
17109 19309
3463 4605
5031 34765
2121 13536
17425 29491
3996 42467
1487 13475
16957 26476
14536 40285
2235 10567
7572 16599
4141 8859
422 2678
6177 13492
14229 26743
9575 16056
4660 7802
2545 4717
13837 27814
5912 8789
5237 9895
5599 7686
2236 33575
12229 36564
237 686
19931 28399
7861 43665
4228 54746
6421 45001
9417 14368
16924 37752
9748 37202
4466 6085
12406 14055
1149 42541
11212 44019
16518 19474
777 10423
10625 12017
12694 34753
11737 31676
14814 33829
801 43119
6 179
1782 16656
1045 7816
1965 6030
1068 1367
1579 6346
359 500
16858 29952
3670 24819
1704 24750
19568 21478
3243 13978
2595 51404
10608 20137
7736 34582
14779 26900
3676 8427
7367 50274
4696 31040
16055 26172
1959 5426
808 4501
2389 4057
1997 11886
3644 12747
2238 3356
14765 19833
9883 43106
3633 5980
7112 48193
19446 37364
7739 46953
11521 17715
1754 9871
9239 25611
10349 11373
15504 19797
12071 28881
13181 34064
21822 30894
5081 51769
18555 38005
772 32920
2881 44025
167 47994
1206 5728
7212 12380
16045 26933
4024 4347
63 5805
14155 45112
23455 27758
9800 16322
8308 32573
13346 36664
23749 33323
2799 10181
12443 21072
542 52485
3751 14629
13587 26948
2347 8932
16522 20558
14897 32743
18646 21276
8155 20078
6372 9343
23436 26297
8863 14269
4144 6420
3452 16546
10978 39446
340 26972
5072 10288
7361 39174
494 8908
19359 24291
8398 18554
1828 2148
21106 34819
5773 47437
14980 16438
5025 6594
16661 36907
7104 8991
14484 18398
25373 33823
14447 43108
12958 27621
10023 19138
1855 22469
3016 3250
3918 6623
4433 55237
1260 7092
6371 15506
7429 30462
4724 25793
4060 30165
4169 9230
20646 27255
6244 15806
8673 17799
21258 24155
9648 25905
13 16695
1291 3569
1203 40995
1250 2634
13810 21692
8888 9280
10021 37517
17388 32330
2619 19561
1547 52961
5138 8023
14849 30677
21781 34577
23268 35668
5978 45484
8027 27361
7772 39173
5864 48365
7363 41667
11057 11345
70 5716
7708 8661
9455 23584
4887 11833
11676 26432
2988 17201
11705 35725
3462 10586
17851 30720
6488 13379
11071 11120
12698 14631
5436 27372
6349 10188
13797 35612
3529 17998
10796 48681
14811 15430
903 50955
3222 50587
5647 28199
9773 31151
4279 35489
5177 13441
788 35870
10086 14821
14601 40292
4502 10910
5210 39878
3054 3305
9108 12700
13009 25151
9203 44064
17591 38169
13021 30919
26517 29227
5576 26969
21384 35889
1489 29720
13331 23373
323 52447
4966 18815
133 15127
18929 37512
16166 16350
7709 25991
3690 8605
4986 36341
3365 40708
8045 8107
966 24144
377 3985
5327 24688
689 1051
265 4783
14712 20990
1130 42323
1251 10711
3518 24578
3583 31642
14264 14590
22642 27050
15441 15674
15236 29205
5589 7301
412 3266
6391 16373
18058 26142
4146 9019
8123 8624
1637 28083
6719 29303
6000 47440
2368 26227
2546 23920
2059 2273
413 10607
11795 27945
422 8721
10573 47230
15577 32827
3662 19765
19107 24287
19066 22108
25687 30798
4590 6841
133 693
9185 23780
7470 8159
14926 29783
199 1340
3461 14485
2537 35857
12354 24035
7759 18478
479 3258
15905 16158
1359 5320
13410 30083
18810 23439
872 2470
7733 15129
230 782
1331 16932
651 12744
6953 17906
4894 7297
7572 51663
4079 22513
10309 12330
7066 42396
10203 38839
12947 19647
18849 31934
15240 29013
18227 24951
1005 1417
10560 45569
188 21878
3996 38906
2 1045
4251 48494
3838 47156
8061 46598
2964 8499
3202 5574
520 5712
12197 20035
11337 16404
6077 35203
8768 9339
15766 19926
5610 16020
2682 8522
41 134
11140 26914
14368 38484
9557 35950
8342 18061
2961 11112
13609 17198
1371 2103
22745 31768
17529 33632
16100 39428
5138 15522
3049 12556
15917 27349
13857 33919
23086 34417
4677 5210
461 8906
336 2785
20864 24664
21674 27684
5111 11592
214 29663
2139 33663
255 59349
14531 31859
247 629
323 1972
4211 6484
4776 19861
1453 29178
1375 2201
12465 24748
5905 10933
12810 19941
3748 31217
14688 41152
1382 24432
8277 14598
3467 5727
3909 5907
21450 33820
4472 34166
4049 52758
22887 26386
13248 32429
14129 40183
23401 29216
2722 48178
689 901
11349 15701
15665 30752
82 358
1149 22639
6393 40431
3051 36406
15206 33093
11980 38923
18127 33770
18692 28168
471 40009
10874 16833
369 3136
14858 23925
12902 16238
11057 32017
4320 37734
9113 30463
10525 15556
10281 19533
2269 31568
7169 36773
1856 16521
8088 16429
9594 38151
23401 30804
223 7135
2696 10758
3328 36710
4737 27509
2185 5708
14919 14992
9673 21392
73 5078
8062 11193
6453 14844
3164 4405
3295 11365
1046 2927
13607 31783
11573 11821
5350 6455
8801 14683
8695 12894
3030 51621
4843 18831
2119 46765
3068 11253
3404 6342
1532 11010
21973 22348
7726 27355
15865 22107
13855 25200
416 27992
9657 22896
23796 30140
370 2318
6377 20928
1649 23286
5390 24280
84 4755
278 17638
13744 28474
9701 19388
21532 27913
3495 43095
2489 37707
1542 12278
5083 29516
18974 23276
9975 30439
1174 17302
87 95
13920 35590
447 1967
15404 17580
3893 5176
7879 10107
12785 28792
3194 12261
5468 22712
12381 31969
3405 14609
276 1336
15093 42895
7627 19146
65 18803
180 52162
3870 19097
930 2053
23401 30160
6415 14057
4711 17846
7826 18565
5973 5977
2281 28233
2966 57005
5405 20285
5278 20353
569 4734
3150 5316
1686 13943
16585 31580
9728 49958
8335 40062
415 9325
4869 51377
4985 29140
886 17186
20628 31960
4278 42664
4283 4625
6813 37965
10276 27185
3164 55355
14679 21186
1453 22527
9377 26347
3355 50627
188 2353
10188 34858
5126 36525
22635 24413
6945 30430
1148 4135
1628 8434
5319 6591
7571 36774
11272 44528
11076 15987
456 529
20643 31045
5420 8127
622 932
11642 29710
154 2542
3759 5403
1119 2309
10073 45412
269 7362
8517 22640
1071 3768
4328 20338
5100 20682
231 2047
3286 36594
6228 14827
16474 18019
9034 23716
6774 16950
600 29980
14459 18294
13498 42223
4561 32270
2886 8718
9627 24737
16449 34913
4883 33546
9341 10669
151 704
20435 25438
138 298
8824 13340
141 13602
5634 21995
244 10346
4250 7845
10132 46784
1141 4974
129 307
10756 29905
196 282
11666 20230
8581 18092
120 12704
830 1390
10353 10713
1220 1231
909 3235
3524 31207
10684 28102
4986 49931
1421 11944
4599 9983
2707 28859
17832 34106
8149 43588
1972 21487
7149 13529
20014 26780
3206 4530
14638 15462
579 10935
25141 25691
12 30
1307 42587
1248 2395
21121 30344
743 31560
25234 29921
8302 9030
15766 18715
17249 22831
2725 23585
4493 14615
4459 35902
11277 27256
6574 18820
6851 20036
12368 13953
18 47975
7226 20913
876 3635
12520 28987
4785 12419
18166 26271
1222 3901
11078 17069
6478 23249
869 6535
2198 19171
653 904
844 2594
12072 26860
3128 4618
6839 23563
3667 24891
2480 48574
4960 10654
11013 15980
15306 23148
6162 47561
1172 3616
3490 10482
10740 38180
385 5108
14285 29392
13384 14013
159 18548
3534 13435
451 10176
14226 27658
4601 19841
5435 7385
2674 6264
25249 27969
5755 8168
2714 46970
293 12842
3494 39800
25676 26190
285 6878
2590 17962
4264 38857
15602 18127
8495 11188
19121 39886
15301 26672
14577 40351
531 5618
13894 31706
25630 31203
6235 47857
9328 32944
8085 16821
5624 15143
1463 1591
3939 50520
4026 26873
1735 26252
18198 32662
3107 39370
2098 2616
3246 36937
7634 17052
6096 24776
24429 27803
2175 17710
15198 37919
15 441
580 13633
2934 16938
2101 5284
6350 25953
14103 30694
21662 24074
4907 7701
8584 31540
5190 15508
6840 16752
588 20467
2009 54735
10627 32418
15583 24756
18937 26442
7496 9114
8974 17212
16971 24872
1214 15056
2972 3986
944 55595
10493 14468
1587 2949
10319 11806
5384 12942
2724 17886
3002 55682
6307 12526
4751 4779
2912 18157
9376 25816
15579 21475
7564 50569
17062 18614
460 1623
16116 21186
843 25424
3529 6867
