1000
1 1 1
2 1 1
3 1 1
4 2 1
6 3 1
9 5 1
756 1 1
699 93 5
985 93 10
918 1 1
840 43 13
918 51 6
500 1 1
653 89 7
838 2 251
653 1 1
60 44 1
677 1 1
972 2 457
536 1 179
526 1 263
554 1 1
599 1 1
850 3 271
657 1 1
978 2 421
783 87 3
906 1 1
899 3 293
746 1 373
833 1 709
906 2 151
895 1 1
754 65 11
977 1 1
384 96 2
953 1 1
626 19 11
977 2 463
774 5 103
531 59 3
399 1 1
425 1 1
919 62 14
579 1 193
646 1 1
725 1 1
748 34 11
742 29 25
923 1 1
636 1 1
860 1 1
668 1 1
575 41 13
756 1 1
823 1 1
803 1 1
745 1 1
810 1 787
29 20 1
909 1 1
341 1 1
603 1 1
880 59 14
4 1 1
987 85 9
531 59 3
737 1 1
999 3 317
818 91 3
821 82 6
848 1 1
800 1 1
584 68 8
646 1 1
528 1 1
929 1 1
387 43 3
896 3 281
466 1 1
605 1 1
840 1 1
905 1 1
469 39 11
758 1 587
694 1 1
793 1 1
826 1 1
743 37 19
568 1 1
882 2 359
166 1 1
858 39 11
551 1 521
729 1 641
393 87 3
756 63 6
519 1 173
532 57 9
287 1 1
954 1 1
425 1 1
891 1 1
505 3 163
206 1 1
471 1 313
780 1 1
821 2 137
861 58 14
832 1 1
653 2 109
971 1 1
480 29 11
589 92 6
831 1 1
836 93 3
715 1 1
254 1 1
447 69 6
775 92 6
760 1 1
920 1 307
806 82 7
224 99 2
798 59 9
338 3 101
902 43 7
705 1 1
915 2 431
742 53 7
854 1 1
977 1 1
940 1 1
138 62 2
874 1 1
834 1 1
952 1 1
330 2 127
974 68 14
80 64 1
664 1 1
951 67 11
849 1 1
696 1 647
720 1 1
511 51 6
914 1 457
565 1 1
879 8 107
792 99 4
808 1 1
552 1 1
647 1 1
415 1 397
476 1 1
430 1 1
690 1 571
537 83 5
468 41 11
488 1 347
915 81 9
468 2 193
306 51 3
627 4 151
891 1 1
965 46 7
47 32 1
254 1 1
970 76 12
290 29 5
987 1 1
925 1 1
945 2 419
438 39 11
994 1 1
513 1 1
350 35 5
621 1 1
912 95 9
902 1 1
895 1 1
649 1 1
683 1 1
626 6 101
531 1 1
396 79 3
719 1 1
206 55 3
903 79 11
348 58 2
864 1 1
187 1 1
996 83 4
991 79 12
665 1 1
852 71 4
936 51 11
366 81 3
601 3 199
736 1 1
822 1 1
973 1 1
797 1 1
998 94 10
882 98 3
15 9 1
999 1 1
879 3 227
857 89 9
740 3 229
672 94 6
886 1 1
466 1 1
869 8 103
951 1 1
580 58 5
966 1 1
846 94 3
545 1 503
962 1 1
669 1 1
995 1 1
930 74 11
907 37 23
92 69 1
910 1 1
926 3 103
689 1 1
580 82 7
670 1 1
804 1 1
785 1 1
933 69 9
741 99 7
168 70 2
782 87 3
14 5 1
600 1 1
375 1 353
431 92 4
481 1 1
744 1 1
17 6 1
883 1 829
650 1 1
507 13 13
927 1 1
424 1 1
779 3 257
956 1 1
643 1 1
898 1 449
729 81 3
953 1 911
790 1 1
139 1 113
961 1 1
133 1 1
358 49 7
507 1 1
978 1 1
858 1 571
303 67 3
457 86 5
444 1 1
416 83 3
508 1 1
738 47 13
520 53 9
872 97 3
699 1 1
628 2 157
553 1 331
491 90 5
956 1 1
699 1 1
485 1 1
616 77 4
605 82 7
926 37 15
531 59 3
938 1 1
497 72 6
951 82 11
718 1 1
471 1 1
838 62 11
971 1 1
755 7 101
706 1 1
821 1 1
664 83 4
698 1 1
150 70 2
726 47 11
747 83 3
944 59 8
878 1 293
818 96 8
773 1 1
745 1 659
441 49 3
677 2 113
607 1 571
977 1 1
900 1 1
821 1 1
753 1 1
894 1 853
675 1 1
858 1 1
645 57 9
898 1 1
758 91 8
618 1 1
990 1 1
234 31 5
874 23 19
463 4 113
618 3 103
813 1 271
950 95 5
755 1 601
915 69 13
942 1 1
693 1 1
903 43 7
776 1 1
692 67 10
954 53 9
522 1 347
945 1 1
887 1 1
377 1 359
991 1 1
783 1 1
364 1 1
663 59 8
586 1 541
702 1 617
986 3 197
910 1 1
515 2 199
594 25 23
792 1 1
338 1 1
731 61 4
509 85 2
619 67 9
426 1 1
967 1 1
936 1 1
564 1 1
719 79 9
525 1 349
917 51 6
810 1 1
464 1 1
253 47 5
824 4 103
737 1 661
761 76 6
620 69 3
953 59 16
860 1 1
473 1 1
380 1 1
867 1 1
384 71 5
855 1 1
990 1 1
673 1 1
669 1 1
669 93 7
909 3 101
826 59 7
526 34 11
712 1 1
650 1 607
854 95 3
689 46 5
876 5 131
376 94 2
223 1 199
995 1 709
868 1 1
276 92 1
587 1 1
672 80 8
811 1 1
576 96 2
586 1 1
642 61 7
745 74 10
399 19 7
315 35 3
735 1 1
991 1 1
997 96 10
574 41 7
22 1 1
957 1 1
381 1 1
766 92 8
769 1 1
797 38 7
550 55 5
656 73 3
719 2 359
425 77 5
868 1 1
721 1 1
378 1 1
667 43 15
305 51 2
474 1 1
444 74 2
743 1 1
542 1 503
564 1 1
606 1 1
508 2 127
830 1 1
796 1 761
980 98 5
719 80 3
654 3 109
594 99 3
2 1 1
795 53 5
984 1 1
963 3 107
785 2 131
665 1 619
812 1 1
728 1 1
929 62 5
955 1 1
979 1 929
991 1 1
726 33 11
894 3 149
920 1 1
817 4 199
769 1 1
854 1 1
953 53 6
776 37 7
911 2 433
763 1 1
986 29 17
57 39 1
794 53 5
257 34 7
720 1 1
825 61 9
431 72 2
799 1 1
909 2 449
236 1 167
779 65 4
819 1 761
816 3 181
987 89 11
818 1 1
779 1 1
793 1 1
914 1 1
454 62 7
819 5 109
818 1 1
411 1 1
808 1 1
540 64 8
900 1 1
828 1 1
776 37 7
590 1 1
945 99 9
293 1 1
567 1 1
771 1 1
176 62 2
945 2 443
701 1 1
934 1 1
710 5 113
543 65 5
986 3 317
652 2 163
941 1 1
885 1 1
717 1 239
777 53 14
990 1 1
973 1 1
597 1 199
713 92 6
766 4 179
809 1 1
717 1 239
796 1 1
443 57 6
930 91 10
511 1 1
967 1 1
978 1 1
929 1 1
728 1 709
787 1 1
945 63 5
786 3 157
418 50 5
469 74 6
858 79 9
759 5 101
408 68 3
292 1 1
973 1 919
246 1 1
943 1 1
870 1 1
746 83 3
68 66 1
366 61 2
950 1 317
576 96 2
873 1 1
736 38 19
56 33 1
390 1 1
488 91 4
773 1 1
565 79 7
576 1 1
558 1 1
704 1 1
219 73 1
136 58 2
429 93 4
937 94 9
716 1 1
503 1 1
922 5 173
390 65 3
671 1 1
159 53 1
882 98 3
573 1 569
501 1 167
548 82 4
545 91 2
850 1 1
964 87 11
678 1 1
465 3 103
984 1 1
186 1 1
953 3 307
144 1 1
654 3 109
650 1 1
999 1 1
998 41 23
85 66 1
726 2 281
739 1 1
256 1 1
246 59 4
768 1 1
974 65 5
407 1 1
570 3 151
798 2 397
492 82 2
656 1 1
997 1 839
56 41 1
386 73 5
596 2 149
672 3 149
15 9 1
876 73 4
872 82 10
614 1 1
542 1 271
306 51 3
958 1 1
907 2 433
988 74 8
871 6 127
723 1 1
400 86 4
961 9 101
790 79 5
464 2 173
450 75 2
843 1 1
644 6 107
739 1 1
878 1 293
918 1 1
700 1 1
481 2 233
436 1 1
125 1 1
33 19 1
308 1 1
573 2 271
976 53 15
886 1 1
989 1 1
552 76 6
792 1 743
984 92 9
809 1 1
670 53 9
719 80 3
880 37 23
389 100 3
684 1 1
920 92 5
142 1 1
839 89 9
733 1 439
689 46 5
688 1 1
698 1 1
165 1 149
651 1 1
712 1 1
801 1 1
788 59 8
602 80 7
790 37 19
955 1 1
788 1 263
703 1 1
890 68 13
505 1 1
831 1 1
402 67 3
428 1 1
244 80 3
836 31 25
481 78 5
127 1 1
496 4 107
439 82 5
162 43 3
902 1 1
642 1 1
320 1 227
833 41 19
879 65 9
958 1 479
713 1 1
945 63 5
775 69 11
336 43 7
686 1 1
996 83 6
681 31 17
839 79 10
702 83 7
696 87 4
847 1 1
263 1 1
652 37 17
783 81 9
695 1 1
674 1 1
522 87 3
533 71 7
986 1 1
667 97 6
805 1 1
204 51 2
981 1 947
713 1 1
858 1 1
813 1 1
835 1 1
861 1 809
128 1 1
137 46 1
791 88 3
821 1 1
823 77 10
687 1 1
981 47 17
690 1 1
976 1 1
456 89 5
27 1 1
189 1 1
540 1 1
350 35 5
759 93 8
689 1 1
853 73 7
293 35 5
724 1 1
509 81 6
876 78 8
638 2 227
216 88 2
721 1 613
380 88 4
643 83 7
806 1 1
909 1 1
603 1 401
864 5 163
814 1 1
42 1 1
896 2 419
469 1 1
727 2 359
951 1 1
875 41 17
993 1 1
617 1 1
974 5 193
639 1 1
728 83 8
860 41 7
783 67 7
493 82 6
511 1 457
755 1 1
977 1 1
276 1 229
176 13 13
718 1 359
588 1 1
799 1 1
927 1 1
941 1 937
662 17 13
819 1 1
792 4 179
354 1 1
913 99 9
727 1 1
160 25 5
864 1 1
824 4 103
592 82 7
914 1 1
697 1 1
592 1 541
652 1 1
979 92 10
281 84 2
821 2 137
914 61 5
759 1 1
304 99 3
936 1 1
659 1 1
746 1 373
938 1 1
884 1 839
644 46 7
802 1 1
698 2 293
399 1 1
959 83 11
880 98 8
990 99 5
875 41 17
776 93 5
69 57 1
816 1 1
559 1 1
919 1 1
276 1 1
890 6 139
669 1 1
890 1 1
992 2 431
995 83 4
982 67 14
240 1 1
657 73 3
250 1 1
750 2 347
786 67 11
998 1 1
629 1 1
833 1 1
374 25 5
411 2 193
618 3 137
206 1 179
499 1 1
648 97 4
970 54 17
561 1 1
888 74 6
932 69 11
672 1 1
413 1 379
717 1 1
461 1 1
959 1 1
98 79 1
799 2 373
825 1 1
724 1 1
900 1 1
958 1 1
939 98 9
596 73 7
458 1 1
40 27 1
249 55 3
563 31 17
48 34 1
532 1 397
984 92 8
981 1 1
709 99 7
544 1 1
974 1 1
380 2 167
539 1 1
908 1 859
907 1 1
720 4 167
226 45 3
538 1 1
570 31 17
996 3 199
174 1 1
407 1 1
542 1 181
246 34 7
816 1 1
528 88 2
961 1 1
773 1 1
627 83 7
689 46 5
339 1 1
620 1 1
620 1 463
754 82 9
843 1 1
851 1 1
996 1 1
401 1 1
660 2 311
462 23 17
781 1 1
831 1 277
833 1 1
220 70 3
368 41 3
629 1 1
888 83 8
816 3 181
776 1 739
755 1 1
823 1 1
793 1 1
699 93 5
512 98 5
515 1 1
694 1 1
843 1 1
821 53 12
851 2 421
337 1 1
692 1 1
887 79 8
532 1 1
494 58 8
885 59 5
723 1 1
717 1 239
552 4 103
102 94 1
417 1 1
320 1 1
438 2 131
828 29 19
889 62 14
889 1 1
753 1 1
798 38 7
926 1 1
842 1 827
933 1 311
966 1 1
933 1 1
702 1 1
706 94 7
988 1 1
576 96 2
471 1 1
929 1 1
788 5 151
703 1 1
928 1 1
709 1 1
957 1 1
731 97 7
11 4 1
825 1 1
860 86 5
386 2 137
678 51 13
701 1 1
933 1 1
665 1 1
322 23 7
966 83 11
690 61 9
572 1 191
910 1 1
578 23 23
50 42 1
789 1 1
943 1 1
774 86 3
992 1 331
483 93 5
780 65 4
2 1 1
412 2 103
981 1 919
425 81 5
448 2 167
960 80 4
616 1 1
725 1 1
247 81 3
825 73 9
724 1 1
452 1 151
420 70 2
996 43 23
329 1 1
798 98 7
890 1 1
737 1 1
871 68 12
150 1 127
732 1 1
925 1 1
611 1 1
864 2 409
746 1 1
792 74 8
491 1 349
702 1 1
947 7 127
633 1 211
469 1 1
342 1 1
864 75 10
225 1 199
681 68 6
890 99 3
420 1 1
617 1 439
877 8 103
497 1 1
310 1 1
636 3 127
899 1 1
753 3 241
581 97 2
557 1 1
700 1 1
444 61 6
865 43 19
780 1 1
986 1 1
581 29 17
431 1 1
345 2 163
872 1 1
774 1 1
706 1 1
425 1 1
737 2 359
865 1 1
766 51 9
552 84 6
405 45 3
623 41 15
996 51 13
927 1 1
12 4 1
865 1 1
864 2 419
983 1 1
