1000
1 1 1
2 1 1
3 1 1
4 2 1
6 3 1
9 5 1
126 1 101
12 6 1
480 73 6
280 61 4
96 78 1
2 1 1
90 73 1
150 11 11
294 19 13
690 71 9
528 44 11
48 24 1
153 43 3
348 3 103
140 23 5
529 97 5
14 1 1
410 19 19
160 67 2
185 29 5
76 55 1
296 23 11
78 51 1
140 59 2
180 51 3
16 1 1
4 1 1
84 67 1
40 28 1
242 1 211
506 1 463
88 71 1
45 33 1
726 1 673
310 1 271
99 81 1
31 1 1
234 1 191
330 97 3
38 19 1
98 79 1
810 5 151
5 1 1
24 15 1
576 2 263
702 1 647
8 1 1
702 1 647
441 77 5
168 72 2
39 25 1
72 52 1
250 1 197
168 47 3
86 43 1
294 87 3
200 13 13
72 47 1
494 41 11
45 29 1
6 3 1
24 16 1
102 67 1
476 1 433
30 19 1
3 1 1
147 97 1
408 41 9
266 1 223
60 46 1
294 1 241
13 1 1
96 76 1
9 5 1
114 91 1
15 9 1
54 27 1
60 46 1
28 14 1
10 1 1
192 83 2
437 1 397
494 41 11
588 89 6
21 13 1
60 1 1
168 37 3
320 26 11
198 57 3
378 31 11
153 43 3
240 52 4
1 1 1
646 1 593
110 91 1
230 1 199
10 5 1
325 17 17
39 1 1
378 31 11
455 1 409
52 37 1
224 98 2
282 77 3
253 17 13
2 1 1
702 93 7
2 1 1
100 73 1
874 5 163
225 59 3
13 1 1
615 51 11
338 43 7
528 44 11
555 5 101
20 13 1
50 25 1
14 7 1
285 23 11
49 37 1
120 96 1
432 93 4
629 1 577
48 34 1
850 61 13
33 21 1
765 47 15
336 92 3
15 9 1
24 12 1
133 1 109
88 71 1
40 20 1
208 1 181
96 63 1
637 1 577
91 73 1
65 49 1
15 9 1
189 23 7
4 1 1
153 43 3
35 25 1
420 74 5
432 23 17
4 1 1
400 2 181
465 1 421
78 39 1
550 5 101
104 85 1
624 5 113
483 63 7
204 83 2
17 1 1
160 25 5
99 81 1
80 64 1
90 71 1
228 1 199
405 73 5
136 1 113
76 38 1
16 1 1
754 1 701
468 1 409
30 21 1
170 29 5
260 1 229
420 1 379
30 19 1
442 1 401
48 34 1
176 1 151
246 67 3
49 37 1
187 23 7
17 1 1
840 78 10
3 1 1
16 1 1
266 47 5
20 13 1
100 77 1
3 1 1
42 21 1
540 38 13
2 1 1
624 5 113
378 3 113
96 63 1
175 29 5
704 38 17
736 52 13
156 63 2
182 1 157
220 1 191
22 11 1
220 1 191
828 3 257
120 79 1
60 46 1
192 71 2
10 5 1
400 88 4
700 1 647
444 1 397
195 13 13
52 1 1
410 19 19
702 1 647
5 1 1
180 47 3
77 61 1
90 59 1
22 11 1
154 1 131
88 71 1
60 39 1
135 89 1
135 89 1
120 88 1
46 1 1
165 1 109
240 63 3
46 23 1
11 1 1
816 95 8
252 2 103
88 71 1
464 1 421
84 61 1
704 38 17
58 1 1
45 29 1
748 2 347
40 29 1
100 77 1
9 5 1
512 2 233
160 68 2
6 3 1
260 1 229
405 1 353
28 19 1
92 67 1
14 7 1
612 2 281
228 13 13
12 6 1
42 31 1
624 96 6
504 1 461
144 60 2
162 1 131
736 1 683
630 3 191
702 93 7
15 9 1
2 1 1
442 1 401
170 29 5
3 1 1
299 53 5
24 12 1
108 71 1
423 41 9
60 30 1
160 68 2
60 30 1
100 50 1
132 97 1
49 1 1
1 1 1
6 3 1
56 43 1
30 15 1
276 81 3
242 1 211
16 10 1
170 29 5
140 59 2
70 53 1
10 5 1
24 16 1
324 38 7
108 71 1
60 45 1
352 2 151
60 45 1
2 1 1
28 19 1
108 79 1
6 1 1
159 35 3
713 1 661
153 43 3
200 86 2
84 42 1
306 53 5
336 100 3
368 79 4
418 1 379
592 1 541
288 64 4
100 73 1
448 4 101
20 1 1
64 46 1
220 1 191
385 31 11
550 5 101
9 5 1
64 46 1
182 1 151
117 97 1
280 1 239
377 1 337
4 1 1
600 92 6
20 13 1
90 73 1
288 2 127
814 1 757
351 61 5
451 1 401
609 51 11
30 15 1
62 31 1
72 47 1
114 75 1
459 3 139
3 1 1
108 79 1
16 10 1
351 61 5
840 98 8
42 27 1
30 21 1
112 92 1
168 62 2
140 59 2
92 46 1
70 55 1
336 43 7
252 1 211
74 37 1
4 2 1
528 44 11
486 1 443
6 3 1
72 56 1
960 100 9
616 80 7
510 93 5
88 64 1
16 10 1
160 68 2
702 93 7
33 21 1
94 47 1
156 19 7
360 81 4
15 9 1
714 1 661
87 57 1
1 1 1
611 79 7
290 23 11
350 59 5
34 17 1
780 66 11
75 57 1
725 1 673
512 2 233
47 1 1
598 1 541
442 1 397
714 73 9
252 1 211
8 4 1
10 5 1
39 25 1
270 47 5
27 1 1
494 89 5
312 1 277
19 1 1
45 29 1
264 58 4
46 23 1
52 37 1
35 25 1
81 65 1
784 73 10
247 31 7
129 85 1
476 86 5
120 99 1
200 86 2
30 21 1
740 5 137
25 17 1
414 19 19
104 76 1
32 1 1
72 36 1
546 3 167
130 1 109
54 41 1
308 2 137
132 97 1
114 91 1
720 1 661
75 57 1
232 86 2
680 25 25
216 94 2
196 29 5
50 37 1
270 71 3
164 11 11
40 29 1
80 64 1
150 11 11
130 1 109
54 41 1
150 11 11
24 12 1
81 65 1
544 62 8
115 89 1
555 5 101
280 61 4
476 1 433
135 89 1
154 1 131
36 1 1
26 1 1
9 5 1
611 79 7
162 1 137
198 57 3
374 1 337
925 5 173
700 59 11
42 31 1
325 17 17
57 37 1
312 89 3
108 54 1
576 74 7
30 1 1
135 89 1
35 1 1
90 69 1
210 35 5
308 2 137
516 1 463
29 1 1
736 1 683
100 77 1
3 1 1
4 2 1
30 19 1
1 1 1
81 53 1
156 19 7
8 4 1
494 89 5
4 2 1
224 98 2
380 49 7
3 1 1
42 27 1
441 77 5
385 31 11
150 1 127
340 61 5
336 43 7
85 65 1
391 1 353
297 87 3
22 11 1
600 1 547
90 69 1
100 50 1
143 11 11
918 1 859
611 79 7
230 1 199
264 75 3
25 1 1
176 65 2
32 22 1
116 58 1
4 2 1
504 1 461
161 19 7
46 1 1
18 9 1
264 75 3
176 74 2
75 57 1
60 1 1
200 13 13
660 67 9
120 88 1
9 1 1
57 1 1
46 23 1
336 96 3
232 1 197
333 17 17
420 75 5
374 1 331
450 3 131
477 3 139
765 47 15
8 1 1
32 22 1
56 40 1
888 1 829
3 1 1
200 13 13
11 1 1
14 7 1
120 88 1
144 11 11
24 16 1
198 13 13
456 83 5
234 67 3
32 16 1
306 1 251
285 23 11
162 1 131
6 1 1
12 7 1
69 45 1
54 35 1
600 92 6
84 42 1
288 82 3
576 53 10
555 5 101
222 1 181
336 100 3
702 93 7
220 95 2
36 23 1
336 96 3
96 78 1
270 47 5
24 15 1
286 1 251
315 53 5
1 1 1
42 21 1
60 39 1
36 23 1
6 3 1
288 2 127
102 81 1
240 98 2
3 1 1
247 31 7
150 1 127
18 1 1
252 1 211
75 57 1
24 12 1
48 36 1
28 19 1
468 1 409
36 25 1
644 2 293
90 71 1
6 1 1
850 61 13
56 40 1
225 1 193
2 1 1
186 1 151
480 4 109
2 1 1
690 1 631
95 73 1
180 31 5
56 28 1
235 37 5
41 1 1
306 91 3
120 88 1
33 21 1
47 1 1
138 37 3
180 31 5
442 1 397
310 1 271
46 1 1
143 11 11
27 1 1
150 11 11
10 1 1
53 1 1
45 33 1
9 5 1
580 41 13
51 33 1
80 61 1
416 2 179
44 1 1
350 1 313
6 3 1
220 1 191
12 7 1
84 55 1
25 17 1
42 21 1
132 37 3
957 69 13
370 65 5
78 51 1
108 86 1
60 30 1
23 1 1
162 1 107
378 29 11
88 64 1
360 19 17
253 17 13
14 1 1
72 56 1
11 1 1
486 1 443
56 40 1
486 1 443
126 1 101
100 82 1
24 15 1
561 3 167
24 15 1
52 37 1
375 1 337
300 53 5
399 19 19
20 13 1
126 1 101
560 4 127
216 94 2
403 19 19
145 1 113
210 55 3
429 3 127
189 1 157
204 1 151
253 17 13
15 1 1
300 2 131
6 3 1
272 1 241
616 71 8
54 27 1
805 7 107
60 45 1
180 47 3
150 1 127
4 1 1
602 1 547
240 1 211
12 7 1
15 9 1
72 52 1
100 73 1
442 1 397
504 76 6
6 3 1
75 57 1
592 1 541
294 1 241
836 2 389
456 68 6
2 1 1
672 88 7
12 7 1
544 71 7
44 31 1
330 17 17
272 1 241
420 3 127
81 65 1
357 43 7
78 51 1
198 13 13
150 1 127
252 17 13
18 1 1
80 58 1
371 1 313
37 1 1
98 49 1
26 1 1
840 98 8
198 13 13
432 29 13
88 44 1
775 7 103
27 1 1
360 1 313
6 3 1
117 97 1
45 29 1
450 1 409
130 1 101
280 61 4
95 73 1
90 59 1
294 1 241
147 11 11
108 89 1
154 1 131
18 9 1
48 31 1
513 67 7
18 9 1
104 85 1
18 9 1
12 6 1
33 21 1
48 36 1
2 1 1
144 58 2
84 55 1
4 1 1
222 1 181
192 83 2
168 47 3
56 40 1
459 3 139
74 37 1
1 1 1
216 37 5
396 39 9
192 83 2
112 92 1
336 92 3
143 11 11
36 25 1
102 81 1
50 37 1
10 5 1
12 7 1
336 96 3
660 61 10
44 31 1
15 9 1
54 27 1
558 73 7
837 71 11
546 3 167
102 81 1
90 73 1
3 1 1
279 1 241
240 63 3
3 1 1
28 1 1
558 73 7
120 96 1
240 68 3
21 13 1
220 1 163
21 13 1
470 83 5
16 1 1
8 4 1
76 55 1
360 3 103
24 16 1
26 1 1
208 1 181
2 1 1
6 3 1
150 39 3
693 1 641
72 57 1
333 17 17
144 58 2
15 9 1
115 89 1
46 23 1
36 1 1
320 26 11
56 28 1
8 1 1
90 73 1
114 91 1
42 31 1
12 6 1
360 79 4
644 85 7
290 23 11
63 49 1
140 1 103
14 7 1
658 1 599
200 13 13
110 91 1
18 11 1
368 79 4
18 1 1
744 1 691
779 7 103
77 61 1
32 16 1
160 59 2
60 43 1
22 1 1
371 1 313
44 22 1
672 68 9
384 57 6
930 67 13
7 1 1
210 57 3
230 1 199
475 1 433
77 61 1
48 34 1
703 59 11
36 25 1
72 57 1
118 59 1
13 1 1
60 39 1
16 8 1
861 89 9
28 19 1
6 3 1
480 73 6
9 5 1
159 35 3
600 92 6
308 2 137
126 83 1
60 1 1
36 26 1
30 21 1
286 1 251
36 25 1
20 13 1
55 41 1
280 1 239
14 7 1
360 19 17
222 1 181
95 73 1
104 52 1
120 88 1
27 17 1
136 100 1
738 3 227
138 37 3
36 26 1
192 78 2
180 51 3
476 86 5
280 62 4
150 1 127
5 1 1
98 79 1
30 19 1
182 1 151
8 4 1
20 10 1
120 93 1
5 1 1
680 25 25
168 68 2
800 5 149
54 41 1
22 11 1
192 81 2
4 2 1
135 35 3
33 21 1
12 6 1
224 98 2
323 17 17
308 1 271
240 70 3
27 1 1
9 1 1
60 39 1
77 61 1
150 99 1
297 87 3
28 19 1
705 43 15
490 1 443
192 71 2
396 69 5
23 1 1
396 2 179
352 79 4
147 11 11
12 7 1
128 94 1
99 81 1
252 17 13
304 1 271
96 76 1
140 59 2
56 40 1
468 1 409
8 4 1
18 11 1
180 51 3
280 61 4
868 1 811
3 1 1
25 17 1
46 23 1
9 1 1
561 57 9
8 1 1
132 53 2
528 44 11
481 1 433
637 1 577
6 3 1
660 87 7
28 19 1
253 17 13
405 73 5
612 2 281
400 88 4
400 88 4
2 1 1
726 1 673
85 65 1
1 1 1
390 39 9
350 1 313
36 23 1
525 37 13
13 1 1
6 3 1
442 1 401
104 85 1
10 5 1
384 2 173
66 33 1
6 1 1
442 1 397
344 59 5
27 17 1
140 23 5
156 19 7
4 2 1
150 99 1
168 37 3
510 1 463
351 1 313
30 21 1
25 17 1
462 3 139
108 86 1
42 31 1
352 1 311
72 52 1
144 95 1
88 64 1
130 1 101
152 1 127
322 1 271
520 68 7
9 5 1
780 3 241
690 1 631
728 52 13
1 1 1
192 83 2
28 19 1
14 7 1
814 1 757
102 81 1
690 1 631
84 42 1
8 4 1
120 99 1
48 31 1
