500
236 367
367 116
116 315
236 67
236 442
67 135
116 70
442 179
179 499
135 233
442 258
135 216
499 49
70 238
216 289
49 461
216 48
289 348
461 239
48 462
289 260
289 144
462 401
239 270
348 149
270 437
260 225
149 90
270 400
401 190
190 411
411 422
411 167
225 427
411 388
427 189
422 103
103 180
189 284
103 421
103 431
180 160
160 221
421 230
421 316
230 263
421 423
221 51
51 52
51 382
263 314
263 264
382 473
314 343
382 37
314 368
473 475
314 4
264 369
4 472
369 330
4 106
475 73
369 247
472 53
369 276
73 398
247 486
106 417
276 140
247 165
486 94
417 424
398 335
94 92
92 113
424 168
168 406
94 482
424 488
488 98
113 271
271 6
406 410
271 254
488 21
6 187
187 268
6 266
21 121
268 393
266 465
187 45
465 213
213 492
213 391
121 244
213 123
213 386
391 83
244 199
386 272
83 242
242 115
123 241
241 99
241 249
199 196
99 136
242 375
241 26
241 193
99 132
132 340
193 491
375 224
491 148
340 41
491 205
205 474
474 15
205 57
57 296
57 383
41 435
435 43
15 392
296 362
296 267
383 347
435 210
43 203
203 153
347 310
347 7
7 360
210 464
360 405
360 294
294 301
464 204
301 412
301 170
301 176
301 214
301 58
176 77
170 34
58 200
214 372
176 127
200 243
372 413
77 33
200 326
372 32
413 416
416 378
378 9
33 88
88 380
9 303
380 71
416 453
88 352
380 174
380 38
303 209
352 171
209 349
174 185
209 363
174 237
38 494
349 76
185 321
321 443
363 256
256 197
256 22
321 458
22 359
256 446
443 231
22 353
231 434
353 320
231 87
359 124
446 143
231 252
320 79
143 433
252 450
87 86
433 345
143 42
433 304
42 228
304 102
450 12
102 288
288 313
228 291
102 235
12 2
12 302
313 229
229 222
229 226
229 275
235 300
226 409
229 74
409 408
74 295
300 108
108 397
408 119
409 485
119 358
108 24
485 1
1 3
358 30
24 128
30 354
354 219
1 62
354 120
30 215
120 350
62 262
354 64
219 56
120 54
54 20
54 161
56 159
54 329
161 387
161 68
68 198
329 218
387 307
307 379
307 324
68 376
324 341
238 477
258 286
391 155
2 455
271 181
421 10
242 78
90 496
387 463
458 80
375 220
199 385
37 278
310 361
387 112
278 117
220 208
411 75
136 29
170 201
34 407
264 14
30 151
90 156
350 487
412 273
79 137
397 283
405 467
37 403
200 111
201 223
241 107
314 138
393 118
433 28
236 377
472 158
266 17
58 460
330 293
465 101
372 468
377 305
462 319
15 188
382 130
205 172
144 240
462 277
427 154
413 47
102 253
413 202
48 134
26 234
138 418
106 342
442 35
52 89
387 129
487 261
54 279
94 444
391 334
75 84
48 489
247 322
372 440
24 8
189 166
330 40
330 63
377 346
127 82
179 248
491 436
486 114
462 105
241 110
67 16
40 426
378 36
58 212
168 466
397 336
137 207
427 5
75 162
148 454
119 404
205 439
2 259
40 131
383 146
340 19
278 150
291 317
305 490
321 476
334 447
252 370
105 282
350 50
490 141
409 178
117 232
279 309
203 285
179 297
5 184
436 290
73 373
174 311
73 96
116 457
200 394
266 481
2 364
77 125
324 456
267 318
345 312
252 55
496 414
341 306
203 211
68 142
223 65
179 104
198 100
450 157
218 257
385 298
284 182
188 419
403 133
221 44
462 344
159 147
321 169
79 186
486 280
403 441
236 85
111 217
397 327
249 365
368 325
127 122
6 430
89 478
363 227
455 195
477 23
3 399
437 449
359 281
311 438
101 191
283 484
190 287
189 91
481 72
153 81
413 97
83 164
489 459
162 469
7 139
49 93
439 384
350 66
20 323
353 265
494 328
217 395
330 495
72 428
409 402
424 415
155 479
77 145
143 374
138 381
54 27
195 339
89 192
184 269
270 31
155 60
20 493
433 366
379 59
40 299
278 292
38 425
21 61
238 497
302 69
202 109
367 177
10 396
156 152
27 183
92 95
180 500
221 46
487 355
43 175
116 18
47 471
282 451
210 420
294 163
185 452
178 429
440 25
454 445
342 483
16 206
180 338
137 255
294 246
359 480
424 194
372 126
482 498
30 332
87 337
319 448
120 308
152 333
399 389
493 371
468 274
34 245
481 251
427 351
116 331
38 356
487 11
167 432
468 390
382 357
208 173
350 470
173 39
85 13
192 250
500
406 436 25
232 494 171
477 491 3
2 357 223
206 353 81
16 375 336
398 405 7
75 369 108
122 218 4
52 179 122
210 324 76
2 464 199
63 152 85
139 490 189
191 492 129
104 189 4
250 500 226
109 306 46
93 270 5
206 264 27
74 203 101
357 432 29
312 319 8
103 125 12
79 500 56
206 365 34
351 487 8
64 114 47
413 464 33
18 80 45
209 455 129
249 286 31
276 466 136
26 434 185
150 448 283
321 467 20
106 418 255
66 258 141
230 397 42
252 462 49
23 75 47
276 418 22
14 418 385
155 225 36
179 278 21
66 407 51
391 392 2
11 466 167
23 122 46
169 275 56
32 137 42
128 129 1
395 426 11
42 498 433
418 466 22
221 355 58
45 87 22
271 325 39
164 283 13
49 412 63
65 467 67
149 158 8
340 490 142
151 172 15
366 470 52
175 363 173
92 178 12
43 212 37
4 361 26
291 484 92
153 220 35
2 380 222
88 406 67
179 325 134
75 325 55
412 487 47
51 139 62
28 297 35
53 212 112
231 406 162
307 397 82
41 437 357
201 423 122
70 215 71
148 327 106
182 224 10
386 494 59
41 80 39
245 388 113
197 319 73
64 220 87
84 288 27
176 288 113
53 72 18
397 455 3
189 499 63
122 185 8
202 363 162
196 446 245
198 448 234
14 239 124
6 110 101
55 257 18
226 429 21
51 391 27
115 203 33
347 481 127
218 429 90
79 301 206
22 417 299
27 227 75
76 494 55
1 401 244
156 375 27
244 476 200
88 225 130
304 350 28
233 476 98
9 287 155
24 339 83
21 24 4
324 365 7
406 474 58
237 370 42
230 235 4
93 184 67
3 299 127
157 242 22
195 294 18
110 254 95
376 447 27
4 116 38
300 376 8
63 406 205
123 166 31
121 375 248
295 485 111
82 151 9
372 427 31
87 122 28
25 410 355
70 268 39
44 98 48
46 288 30
104 164 3
286 444 94
318 400 55
15 273 248
98 497 70
31 76 8
181 297 42
211 477 51
120 318 183
123 287 132
183 444 242
208 404 190
93 362 121
26 308 212
102 160 52
95 452 320
130 297 96
109 302 136
90 204 84
98 410 49
231 282 49
230 337 71
223 469 109
121 477 276
187 198 12
138 286 141
270 347 57
290 311 19
163 425 19
2 236 221
147 489 130
366 417 44
95 382 239
13 275 55
81 163 23
25 376 45
218 377 46
157 492 84
366 429 51
145 150 4
417 483 67
31 399 334
455 471 7
77 154 22
49 240 163
57 473 9
127 207 28
46 49 1
111 216 70
113 187 46
106 215 8
41 146 103
64 298 55
106 426 227
139 302 134
83 329 228
38 408 326
79 437 148
295 443 123
47 472 264
177 298 109
43 178 57
30 377 44
6 218 40
149 155 4
380 497 84
255 468 81
283 480 178
265 303 28
15 321 204
161 303 80
5 21 17
367 434 49
174 321 82
83 87 1
8 57 50
278 303 16
14 422 308
119 377 55
13 295 98
211 239 15
23 355 186
108 297 112
329 354 23
335 406 55
55 111 36
16 448 369
478 488 5
408 465 29
267 420 17
449 490 23
27 205 34
125 323 100
36 84 4
233 472 119
29 464 347
183 377 63
169 321 132
9 496 484
27 140 37
101 146 38
169 262 32
153 496 91
314 364 47
156 414 134
29 124 67
414 499 50
418 438 15
427 487 33
61 331 35
224 362 89
7 24 13
33 57 15
215 282 23
404 430 6
136 497 168
284 426 38
32 208 8
3 204 23
37 47 9
302 488 95
13 68 50
254 338 85
106 460 124
216 305 9
288 488 191
193 208 4
85 267 65
28 43 10
457 466 3
180 372 36
74 362 95
41 116 75
55 189 77
84 92 3
54 268 213
182 235 38
388 460 45
88 360 114
55 243 68
32 54 6
69 388 262
101 305 164
251 337 27
16 399 33
37 446 79
95 407 165
64 171 64
204 226 6
305 324 6
333 417 35
43 232 109
82 247 109
313 389 49
179 267 70
4 483 37
378 490 113
315 413 89
339 341 2
53 250 99
187 275 71
21 212 103
25 200 72
307 350 40
66 286 149
122 135 5
108 329 37
182 211 8
320 412 88
275 492 40
42 330 200
32 40 5
100 421 35
73 350 216
88 310 178
138 166 7
100 490 192
79 500 15
88 254 95
346 469 60
124 249 15
34 317 227
102 427 297
20 497 341
328 451 97
98 214 84
178 452 67
157 496 323
1 193 121
379 452 33
35 331 46
5 374 130
350 497 122
140 300 82
7 196 125
105 423 206
130 256 34
61 255 179
59 124 43
79 405 300
151 413 44
138 345 106
129 201 60
2 216 92
121 489 258
79 401 219
11 390 91
5 333 278
279 451 24
45 377 51
317 498 87
218 379 74
99 415 88
246 360 107
50 471 402
211 319 109
32 465 152
393 433 29
63 113 43
5 278 101
90 147 21
195 398 23
239 427 144
284 411 32
79 369 194
255 437 83
91 245 100
318 326 7
91 98 3
413 445 13
222 241 11
12 199 154
43 110 17
116 352 195
240 366 108
170 367 56
128 214 36
17 341 285
190 426 198
423 465 6
305 467 123
156 188 10
45 392 32
67 185 89
246 417 93
206 423 65
371 413 35
226 391 94
41 227 184
57 470 37
386 498 59
150 215 41
99 255 69
27 368 83
225 330 50
478 496 6
40 408 154
337 459 43
346 419 26
6 343 106
176 422 109
89 128 5
314 438 81
17 21 4
247 377 91
213 291 16
29 233 197
16 450 398
17 458 58
90 173 57
112 257 108
90 264 15
29 316 236
3 269 109
333 365 31
417 477 31
203 373 26
421 438 17
255 288 16
311 467 70
200 260 15
107 144 26
44 291 128
130 486 119
288 376 20
115 496 246
229 404 23
207 238 23
21 476 454
3 63 53
295 480 19
84 328 161
57 406 89
87 239 12
255 499 153
77 408 141
173 185 5
81 284 119
115 346 24
86 262 115
143 390 199
129 160 26
81 306 216
154 418 19
234 377 68
396 414 13
322 334 12
65 78 14
12 188 140
336 460 4
442 457 15
227 494 9
9 183 57
237 298 61
213 422 147
249 342 85
124 329 129
90 251 149
190 253 59
270 310 27
74 280 21
136 352 22
114 294 177
220 395 124
167 435 92
117 144 9
410 439 5
114 458 32
333 410 71
78 417 249
93 179 37
42 138 21
31 281 110
374 467 19
448 461 9
94 287 113
105 278 172
262 458 147
115 340 173
168 302 34
258 476 65
65 405 313
286 463 51
20 146 79
231 284 54
51 91 6
198 329 32
43 209 156
204 371 160
310 466 99
329 423 15
11 406 295
207 331 10
330 409 36
81 164 29
178 418 178
