1000
9834 8387 5487 582 5448 8934 4866 8223 1094 2330 2202 4956 5162 6783 7403 9079 3301 5336 7721 849 7802 3553 7118 5456 9809 8791 6944 1691 2954 1668 9135 1208 7068 4486 5348 5845 5307 4941 181 6864 9178 4869 3311 9670 5570 5660 9471 1417 7984 6906 9279 9559 6455 8419 2761 4787 2429 7721 3683 1232 3258 1355 4529 2024 7828 1000 6194 7797 1146 9945 3093 8115 3418 4810 2681 9330 1562 6510 5583 2618 1493 1622 7895 1600 3372 8744 1587 5072 6604 3866 3804 3316 7568 8801 6183 215 9510 3495 3493 8951 9822 560 4973 5925 7419 181 1164 448 7376 2374 5286 1791 498 4488 4201 8291 3321 2207 1762 2463 2258 878 4406 8710 9682 8054 6259 3561 3739 219 6879 8767 4786 40 5266 3507 7530 1179 3327 8788 181 4112 2086 9510 1381 6241 273 9224 4412 4414 9379 7380 2351 2847 697 4068 7343 8735 7474 2393 1886 9610 8295 5998 8302 7768 9605 8372 6006 6557 7886 7647 9171 4388 4064 4750 4490 202 6093 7545 2321 4662 4755 7687 8195 911 6096 2851 1116 6860 3719 6867 887 7965 7982 7721 8601 9177 7310 4466 7666 7026 2549 4482 6651 6980 7785 2847 7886 2611 2932 4160 6713 8306 7075 6470 5353 5804 369 8140 954 4775 519 1166 6779 2204 9558 3874 1825 1665 457 5625 7519 6869 4010 738 4091 5493 4058 5071 697 6224 4760 8050 5113 2085 6917 7500 3739 283 1018 6959 7358 3129 1731 7778 6648 267 6743 5127 903 2375 9437 2099 3558 2956 8937 4104 3009 2403 565 9538 951 8497 2044 3546 3389 4971 6428 979 4058 5878 8117 4426 2397 7150 6269 2637 5291 6452 1291 8383 5465 2183 609 9807 4574 163 2623 5908 6748 5557 703 2795 5532 304 2226 5415 1058 5176 4089 6500 2212 8177 5577 7334 6489 9643 7223 2251 1628 2247 4931 8300 281 7787 5282 5519 6515 6562 7292 6475 8643 6862 1963 9168 5137 7796 4504 6190 8858 4861 4620 7092 9186 3673 8441 2385 1217 9591 772 3239 8006 7777 6046 8926 2999 7905 4628 6253 8391 7186 5898 5596 1013 5960 9770 2420 5939 7333 8041 268 2909 8549 7323 8691 4240 6253 704 6351 9260 558 8694 2107 8924 100 29 3670 9241 4998 1882 1519 7119 8060 2830 5408 4436 5249 5816 8359 4396 1942 3863 9725 1483 2264 9557 451 3730 8261 558 8505 939 9618 8415 9642 5313 2728 7522 3865 2557 8672 6192 1180 5480 7274 3148 3473 8546 3045 1902 6212 8933 1860 7638 2398 4537 1174 2682 1235 3408 1388 6658 3212 5717 6978 2264 9314 2151 2076 6197 2572 4976 5550 6534 3074 7871 5767 3891 5006 3516 7267 5391 4126 3497 2599 3950 1703 814 6840 8286 4115 2635 9919 5676 7586 3485 2836 7041 484 474 2617 6595 3511 4573 3698 8315 5994 2646 7150 7747 982 4537 5874 667 9060 404 403 6038 7176 3765 8432 573 6477 1260 9356 6256 2187 2357 716 3320 4389 1238 1251 3195 6340 5650 3124 4161 3636 7742 1945 9574 2638 7347 2649 2699 9525 7886 963 5954 331 1744 964 760 838 9430 4139 7581 1268 3637 8964 5598 6411 590 6001 794 5097 1666 6583 2028 788 8225 3798 269 9350 6357 1818 5156 3381 8480 2240 2389 8792 2205 9760 3056 5950 4635 2425 1479 8892 708 9270 2337 1436 6538 329 7743 7476 7920 4278 8692 1296 7775 2691 2311 1817 1420 6923 2436 9832 6738 6834 9724 3191 7450 5435 167 6658 7859 7267 1379 2630 3810 8768 1101 7556 8578 1715 391 7309 4196 6247 9272 4234 9448 8826 6364 8591 5095 6733 9033 2468 3921 8394 5627 9680 5252 9893 9426 6225 6639 3093 1261 9860 7397 8515 4156 5679 994 9528 8147 8330 4599 322 8924 6106 914 9797 7112 697 3203 455 5867 5595 5538 1524 6920 6404 7443 6113 1461 6929 4368 52 1344 8422 4918 7982 5942 6580 5611 6800 7495 7946 9528 5848 6866 3471 8240 8898 3501 430 9602 3256 2202 7747 571 8371 5343 8330 6795 5769 8043 102 1770 7518 4934 6891 3041 5210 7935 5600 3282 6324 5954 6157 8801 3455 7476 3147 5168 550 3428 6413 3647 4710 710 9738 134 458 9002 9675 7016 9200 5496 4242 5021 7994 6106 7069 6555 1498 2335 8319 2765 8709 2290 2129 1927 7578 8346 4211 4944 5490 732 9531 2442 3042 4614 8689 898 2124 4833 1191 2650 7267 1538 9189 7004 7682 7638 6561 402 1362 226 1499 5144 2416 1848 2554 703 3800 6175 2883 1917 2308 1517 8260 8235 9659 6846 1237 9121 525 9797 9934 6538 3557 4315 1127 7658 6649 7069 9163 6749 7671 9162 9494 6915 5690 5816 6377 5815 597 5273 9176 8178 1862 5325 5049 9004 9855 5185 1498 7817 7724 6498 6093 8455 8451 313 7424 8339 5047 3855 5407 6840 7107 1984 4828 202 1709 6336 538 6757 3355 9641 6167 6128 3244 5245 3113 8459 255 639 1761 1917 6969 7414 3590 4744 2128 966 2384 4711 9847 4407 6653 1775 3096 2085 4916 8273 4445 3906 6580 4857 8540 1882 8748 5573 802 1857 1336 326 6966 3629 7707 9955 8665 8533 9929 8850 9866 4299 2821 6642 5527 3112 8141 7281 85 703 8619 8334 132 9508 9043 9124 1100 695 5141 279 1754 7811 8094 8937 7038 5713 1565 7342 9443 1230 3563 7150 5673 7103 2116 6391 2950 6831 3489 7612 5959 3244 7200 4 2396 8524 2327 9828 8804 5915 9253 1831 6466 5363 9410 7353 5850 9552 3389 8351 4983 4970 6535 4531 5848 4666 6870 6768 8402 7083 4849 5537 6094 523 7820 1224 108 9236 3683 5501 5835 9367 8128 4303 6462 4209 4727 3177 1317 8800 6394 7876 2583 4714 3138 3235 1339 1293 1114 3003 3737 876 3991 7223 6001 8233 8493 9468 2738 6942 2226 5778 9556 204 8030 
682
1 362 7231
1 815 4836
2 4171
2 6287
3 2 174 120
1 163 3890
2 2567
1 57 9369
1 201 1294
2 6161
1 678 9772
1 366 1320
3 1 599
2 4734
1 597 2416
2 8479
1 965 1894
2 6894
2 2183
1 372 2633
2 5766
2 2401
1 208 9945
1 720 8039
3 1 648
1 547 7839
1 561 6549
2 6383
2 6193
1 653 944
1 204 9435
2 9969
1 92 672
2 2226
1 832 3544
1 755 9615
1 397 7096
2 5758
1 762 5481
2 6168
1 698 4785
2 3013
1 37 400
1 387 7129
1 379 8426
2 14
2 4328
1 475 1246
1 222 8972
1 304 7208
2 5253
2 6006
2 6285
2 6813
2 189
1 161 8953
3 1 112
3 1 459
1 94 7331
3 1 213
3 1 94
2 4685
1 35 8473
1 778 6423
2 5962
2 5799
2 9023
1 192 4795
1 318 6720
2 6050
3 1 294
2 8001
1 264 2525
2 5355
2 9941
2 5247
1 712 5923
2 3720
1 384 7069
2 2611
2 824
1 206 4200
1 821 9511
3 1 489
2 5543
2 8340
2 1282
2 1379
1 600 9017
2 9916
1 282 4928
1 230 3327
2 6337
1 976 1806
2 4598
2 8616
2 4744
2 6037
2 1023
2 8417
2 2994
1 952 6205
1 109 9981
2 3043
1 748 8769
3 1 73
2 9912
2 741
2 3321
2 8244
1 969 4860
1 509 3521
1 295 1182
1 909 6879
1 817 7763
2 7283
1 271 6494
2 4236
1 755 3414
1 351 4456
1 684 1625
1 543 4834
1 543 8826
2 1213
2 2769
2 2919
3 1 495
3 1 391
2 2754
1 528 7314
2 3421
2 9045
2 5766
2 4192
2 6468
1 972 2827
2 7467
2 5191
2 2840
3 1 329
1 102 7320
1 468 2519
1 463 8509
2 4445
3 1 88
3 1 380
3 1 473
2 3920
2 6807
1 710 7066
1 412 6584
1 558 6903
1 869 4009
2 7849
1 345 964
1 932 5622
1 831 368
1 796 3020
2 5029
2 5715
2 3373
2 3521
1 4 8659
1 893 8557
1 153 9202
3 1 119
2 9202
1 447 3070
2 3210
2 6685
2 1619
1 527 6853
2 5307
3 1 421
1 279 599
1 511 4872
3 1 487
2 3281
1 347 1431
2 615
1 624 7439
2 5562
2 1904
2 7214
1 611 1734
3 1 353
2 7623
2 1338
1 599 1568
1 18 3277
1 249 9876
1 551 9838
1 396 9277
1 930 4883
2 9544
1 543 8609
1 485 9616
1 219 5166
1 866 805
1 184 3108
1 119 3202
2 19
2 1455
3 1 223
1 245 3392
1 974 708
1 838 4634
1 790 995
1 653 6059
1 84 8515
2 8951
1 344 8349
1 352 7982
2 63
1 334 5614
3 1 521
1 350 2298
1 366 5235
2 6986
2 820
2 7307
2 6476
1 918 220
1 468 4912
2 252
2 9256
2 6847
1 476 8454
2 5535
2 6357
2 5058
1 511 2620
3 1 584
3 1 476
3 1 419
2 4176
2 9474
2 9463
2 6151
1 408 6812
3 1 106
1 246 9024
1 846 4548
1 873 8448
2 4860
1 965 9169
1 29 1120
2 9822
2 3897
1 62 4341
1 614 7316
2 7037
1 510 4962
1 355 8875
3 1 324
1 702 156
1 299 2882
3 1 670
1 972 4720
2 1137
2 6081
1 289 1605
2 9075
2 5476
1 716 6072
1 394 5634
1 148 2384
2 6390
1 790 1960
2 5782
2 3350
2 8017
2 4959
2 3661
2 9245
2 1858
1 219 1324
2 3651
2 5263
1 621 6129
2 5478
2 5248
3 1 132
1 932 9603
2 3475
2 9299
3 1 314
3 2 621 85
2 3801
1 755 3683
1 847 7451
2 5882
1 383 4498
1 727 2001
1 128 6985
1 931 9793
1 852 6955
3 2 273 600
2 8691
2 5158
1 396 5396
1 16 3666
2 3824
1 686 5922
1 151 590
2 2173
2 2774
2 4427
1 872 6296
1 340 6567
1 211 4375
1 1000 2530
3 1 395
2 7258
2 3882
1 987 523
1 382 8376
2 1852
2 8072
2 5467
2 3206
3 1 378
1 996 3734
2 4339
3 1 489
2 8067
2 4673
3 1 353
2 3885
1 119 2688
1 979 6453
1 427 8075
1 172 2202
1 970 2359
2 3600
3 1 613
1 741 414
1 858 2561
1 147 4748
1 470 8407
1 230 8620
2 5496
2 1631
1 377 2851
1 1000 8750
1 862 5553
2 3183
1 91 5184
1 600 8676
2 7844
2 6051
1 475 1661
2 8173
2 3405
2 6481
3 1 136
3 1 469
2 8794
1 879 8637
2 6846
1 683 8223
1 335 524
2 1423
1 419 3904
2 8241
3 2 531 384
1 750 9559
2 1615
2 4413
2 2457
3 1 641
2 1390
3 1 338
1 999 2960
1 94 2832
3 1 486
1 108 7233
1 906 4754
1 144 4442
2 6859
1 160 3755
2 3032
2 3489
1 648 7169
1 589 723
1 130 2164
3 1 219
1 536 2500
3 1 184
1 142 9809
1 252 7061
1 143 7180
3 1 378
2 4967
1 352 2553
2 9809
3 1 124
1 892 8894
3 1 511
2 6532
2 5292
2 5750
1 308 498
1 188 2368
2 7108
2 5795
2 9674
1 844 4279
2 5488
2 8874
1 302 3683
2 1660
1 396 3898
2 9432
3 2 490 45
1 573 5235
1 213 1653
2 7707
2 2939
1 498 5781
1 953 1116
2 7524
1 233 7196
2 3934
2 6728
1 646 3231
2 7303
2 3352
1 807 2007
1 610 5692
1 165 7860
3 1 674
2 3592
3 1 673
1 816 6279
2 4474
1 583 2246
2 2128
2 972
2 1484
2 999
1 493 5202
2 2540
3 2 588 129
1 969 8250
2 2919
1 738 2392
2 9805
2 2118
2 3033
2 5656
3 1 514
2 9157
2 6782
2 3613
2 3330
2 5496
2 6251
2 4302
2 2440
2 7789
3 1 297
1 10 7580
1 171 7543
2 3719
2 8157
1 100 5168
1 105 8511
3 2 185 112
1 769 6550
2 5820
1 30 9930
3 1 304
1 180 5647
2 5586
2 4186
3 1 246
3 1 351
1 379 5970
2 734
1 354 1901
2 8429
1 556 7282
1 973 5143
2 7469
3 1 488
1 537 6757
1 594 853
1 972 8049
3 1 198
2 7573
1 966 6587
2 4188
3 1 410
2 7348
2 2433
1 545 4514
2 5589
3 1 353
2 1293
1 411 4635
2 6151
1 606 99
2 8667
1 314 3216
2 9666
2 762
3 1 378
2 4960
2 5530
1 262 2038
2 775
2 3152
3 1 88
2 6450
1 935 5974
2 4636
2 5916
3 1 462
3 1 427
1 941 1443
2 5864
1 272 6036
2 9196
2 6111
1 528 6034
1 360 3196
1 105 3346
3 1 243
1 606 6013
2 1538
2 8573
2 5031
1 651 3858
2 9368
3 1 68
1 372 176
1 60 9421
1 144 9596
1 634 4518
1 418 147
3 1 621
2 5731
2 8906
2 9653
2 6253
2 7234
3 1 344
3 1 514
2 5787
2 1465
1 355 2069
3 1 145
3 1 450
1 98 5313
2 4342
1 614 1186
1 918 9231
1 391 2844
2 7047
1 611 8853
2 3876
1 530 8918
1 5 7426
3 1 39
1 695 2552
1 942 6996
1 524 4083
2 7875
2 991
2 81
1 555 7457
3 1 603
2 5315
2 7554
1 790 1491
2 9574
2 7118
2 5154
1 248 9619
1 205 3566
2 634
3 1 605
1 161 6710
1 902 828
1 599 5976
1 414 6798
3 1 351
2 6107
1 676 3383
3 1 378
1 805 5035
1 848 9954
3 2 666 583
2 8430
1 4 5701
3 1 218
1 125 5241
2 3586
1 9 4162
1 937 1730
3 1 530
1 885 5046
2 5982
2 4255
2 7588
2 4769
1 466 7441
2 1938
1 216 1999
2 7366
1 772 2544
1 498 5266
2 6519
3 2 587 504
1 290 189
2 6676
2 1169
1 852 6207
3 1 527
2 2453
1 908 63
2 3389
1 372 7289
1 315 9146
2 2050
1 835 5664
2 9174
1 125 4015
2 6406
1 572 4890
1 930 3752
1 970 4362
1 908 9379
2 4852
1 210 6030
3 1 51
2 1948
1 330 5654
3 1 407
2 133
3 1 205
1 217 2418
2 5659
2 2504
2 95
2 408
2 3340
2 3752
3 1 246
2 2752
1 871 5975
1 340 2000
1 478 8723
2 8322
1 153 8099
1 394 4172
1 776 4745
2 8145
2 8741
2 8922
1 826 3326
1 115 3909
3 1 297
3 1 508
3 1 285
1 267 4095
2 4049
2 3721
2 2117
2 9620
2 4248
1 131 9909
2 7275
2 3269
1 684 9396
1 403 9582
1 710 1525
1 463 9610
3 1 303
1 857 4122
2 1604
1000
373 627 305 258 514 250 543 154 81 483 277 642 446 150 2 420 636 602 459 182 671 3 653 550 227 588 408 544 306 379 328 119 432 480 479 279 255 424 492 282 462 572 665 501 311 53 616 233 583 154 367 453 516 658 179 492 228 224 55 534 411 2 148 560 415 49 64 678 453 382 286 3 22 622 182 359 6 415 412 61 43 450 118 547 609 512 645 288 630 426 14 458 392 500 42 357 627 310 185 6 265 447 309 43 565 413 467 113 382 505 276 482 27 200 526 572 56 661 267 22 468 302 151 25 670 652 34 423 223 261 383 352 429 549 635 552 101 386 195 270 626 614 279 97 638 401 271 326 296 533 218 351 270 262 409 332 317 426 540 289 258 391 646 421 86 437 56 494 255 456 646 239 71 247 390 316 652 109 360 511 578 5 57 365 163 404 223 332 489 638 607 421 87 499 513 213 64 198 131 163 300 300 556 209 378 275 125 552 108 650 109 316 648 679 445 621 96 81 590 104 445 251 568 674 357 119 453 39 45 364 210 500 73 643 465 338 88 237 324 208 505 608 621 50 548 42 113 261 355 645 494 292 343 360 9 16 346 485 299 616 70 631 220 617 492 173 428 212 215 223 57 104 62 306 406 263 589 324 112 304 369 658 512 104 472 575 409 87 646 476 561 38 633 613 95 272 229 555 86 414 411 396 679 613 508 102 173 16 246 638 477 661 669 597 525 493 87 309 434 552 85 301 243 179 56 347 328 80 307 439 343 646 138 464 278 626 663 588 353 413 318 474 532 306 201 4 127 10 196 423 269 523 487 32 28 497 141 420 457 207 446 616 418 183 631 240 70 60 55 219 387 610 68 603 148 667 552 394 657 527 106 388 360 415 231 641 208 92 149 633 426 242 324 328 490 380 36 350 224 501 559 569 480 174 61 368 598 206 275 663 27 214 151 265 151 305 388 147 339 440 234 513 119 326 386 667 225 54 682 427 41 34 638 174 178 172 577 617 651 40 260 437 549 309 121 472 533 432 547 500 17 656 76 256 49 22 494 453 406 462 323 503 539 380 643 442 389 652 86 377 512 632 317 309 259 359 580 253 228 454 191 670 510 391 427 493 626 103 122 626 164 2 182 271 533 175 177 326 16 370 673 303 262 231 30 419 194 635 316 612 629 78 4 127 391 100 252 429 366 600 81 93 343 113 418 22 5 540 481 236 454 642 163 329 278 351 46 279 588 158 191 131 648 595 593 354 120 415 82 503 491 257 359 221 509 406 330 574 433 569 7 147 189 116 529 572 236 33 385 369 63 334 330 531 256 426 497 84 292 549 506 367 335 670 391 46 344 230 465 32 209 370 65 627 13 260 436 37 451 278 443 271 33 472 461 7 7 515 560 27 31 13 173 125 322 236 477 228 604 3 515 214 55 397 276 305 427 627 415 316 162 269 190 48 296 19 288 256 50 649 257 532 219 286 304 556 115 263 662 288 540 140 125 93 221 346 445 560 112 486 32 90 50 57 108 310 150 180 415 243 29 303 642 541 599 128 131 400 612 240 59 611 87 618 517 625 640 370 176 514 651 605 176 286 502 364 66 387 493 447 673 22 491 576 530 397 470 326 607 308 408 277 434 448 501 215 154 30 62 422 55 473 241 114 558 216 421 326 344 279 355 460 215 382 670 238 383 202 554 585 332 563 465 292 502 642 461 668 571 475 97 564 672 240 182 35 649 170 141 451 374 136 680 408 387 634 462 55 225 681 392 50 196 49 505 427 479 159 146 681 135 320 343 605 44 650 484 638 503 25 572 432 106 506 335 451 110 130 240 453 271 446 20 35 503 338 448 488 445 309 275 242 520 411 57 449 220 14 34 86 656 267 560 307 655 375 147 81 624 442 580 631 176 622 97 257 37 394 210 470 136 268 590 651 612 412 153 593 285 136 354 209 325 21 303 180 189 278 376 381 72 118 82 12 439 72 262 449 177 361 631 138 657 152 515 516 476 231 115 342 406 487 149 609 133 451 614 519 493 115 466 100 40 517 393 221 356 502 170 363 83 52 457 403 541 667 656 1 28 478 147 82 23 172 560 323 368 303 512 162 125 480 335 548 566 226 502 549 508 7 344 390 533 541 308 397 604 84 334 188 11 48 554 252 371 350 228 247 31 620 201 655 185 555 124 561 605 343 562 607 236 231 341 545 271 215 160 364 213 140 515 310 563 520 362 188 177 590 660 431 664 562 512 368 1 606 185 133 428 157 576 157 405 549 428 482 166 581 682 213 
