894
5107 6849 4826 7754 7129 1396 3030 2575 9724 6881 2104 9415 5660 4133 7672 9151 1387 368 3078 8036 1283 3455 5070 3071 4799 5026 3596 5052 4255 874 7218 2600 1642 2561 1593 3947 3502 6122 5249 16 7100 6202 1933 8370 6312 3436 7981 2892 2144 5131 1070 4131 9 6108 1793 5423 8528 6380 767 1303 6725 6498 7995 5216 4907 203 2216 7256 2234 9096 8937 3469 6733 2212 5677 3376 4616 9620 2133 7571 9264 1706 7873 270 11 8821 8999 3874 5104 7897 2316 7548 2462 9504 6016 8211 4288 5472 240 9450 4221 8884 2762 4740 6966 6766 8585 2312 1482 17 2165 5510 5552 7635 6429 62 6538 898 200 2420 9753 8393 4239 6711 6024 4205 836 3203 3394 9902 2598 9587 8808 9242 5261 42 2669 5508 7450 6546 3187 5306 2589 9648 6942 5258 1160 6431 6887 1888 9440 9394 199 1062 4706 3849 9998 1418 8858 4618 23 3725 9433 9906 3689 1525 6832 800 740 8162 1491 7142 2646 7085 2752 6408 8096 6348 7909 7862 8107 5822 1549 4514 5614 6598 5015 9588 2743 3266 6866 6718 2687 6808 7642 4130 872 2922 2521 5029 9777 6170 8942 4482 258 1587 7399 6242 1160 7938 2812 9742 4723 8282 2436 1317 6628 2040 4324 8382 8375 1034 3332 1245 9799 890 2976 8051 3530 689 4562 2469 1055 2620 3546 9531 2978 3880 4776 9008 8134 8677 1826 9799 2108 8147 3082 5487 4413 2284 2818 2448 3539 1534 4503 1739 1117 4897 217 6268 1684 8670 9225 7821 2184 5158 9860 8708 410 6261 9026 1616 8196 2081 1478 7697 5994 5045 8098 815 3539 623 1123 3885 7744 444 1945 5062 511 3390 2072 5133 8745 4934 1318 9843 25 9806 8593 4687 5451 2322 6023 415 7232 9583 526 2649 9727 9514 9114 8892 6300 7841 5161 3813 2858 5442 1301 6822 913 9751 2815 4850 3846 3181 9101 1883 2217 6908 8957 3357 1632 7482 5890 8600 7517 4831 9809 1151 1817 891 385 6229 5511 9279 6472 9942 3125 4035 8481 5739 2074 6006 8100 1206 3441 4716 7764 8794 8148 5622 822 9518 1588 5539 3710 2951 152 532 8729 5553 5290 9746 1641 3470 3475 4829 1627 3150 7584 7024 9055 1803 3111 856 4703 3572 1341 9096 1941 653 1592 7585 2637 8783 6323 8819 2919 4315 6628 1328 3922 7463 6474 2833 149 4747 4533 6069 6546 2740 476 3461 6309 8444 8274 5546 1298 5421 5695 623 5812 9406 5179 251 9640 7233 1581 5460 8932 2139 1455 574 8949 3807 5455 5281 3670 4664 7904 8441 9845 689 7696 2093 5917 340 5743 7015 9383 2326 2712 6340 7740 8313 4813 1765 6351 3820 650 196 3862 8362 1082 7712 8903 1304 1770 4780 1904 7690 2558 5012 6034 6115 5189 2648 9369 5656 2541 7038 5745 3997 3623 6382 4232 522 3561 9216 2371 1534 6928 3306 9562 1814 5963 9784 4392 4428 1054 9034 6627 8486 2113 4603 1942 2478 8454 4071 1227 7297 5180 6672 4366 7288 561 7549 9204 5448 1355 6770 7537 5330 1066 512 9565 8493 1132 9436 2133 2434 9224 2175 2001 4484 9561 7295 1521 631 9041 9220 652 8797 3183 8930 6628 9961 2678 3860 6794 4055 9318 4945 8988 6711 9238 88 3661 7623 7410 9098 4642 3432 308 8105 2937 9493 3676 5856 1640 5955 9804 8834 7837 5115 3837 7998 9558 348 8244 9637 6987 9356 9913 5677 5672 3911 4922 5549 41 607 5046 620 2446 1737 1701 3550 4752 71 1837 7237 2306 5819 4136 5406 4973 8648 7453 4123 4088 9169 7245 6672 8762 6095 8418 1063 1974 9115 4429 7167 615 5035 9701 2119 9050 3469 6468 1791 6282 3852 7205 9574 273 2912 8275 6267 1243 8013 1268 1977 4502 8557 3835 4597 4575 9459 645 8269 5530 1441 2361 5427 2649 1910 8300 9866 8242 8545 1026 3854 4669 796 4341 6617 1500 5974 3253 1812 4013 9920 631 3711 8127 7353 6459 164 6974 4721 684 4476 8666 6499 9825 7675 7532 6639 5440 3723 2946 814 4424 2434 5331 181 2320 8189 3413 6265 2294 8488 9314 1866 8643 1398 3097 9473 8116 9409 9288 9793 5394 2895 622 576 9623 3476 7652 1376 537 8218 7938 7395 1348 551 9915 2711 1355 5742 4677 646 5505 5886 3757 8642 9848 850 194 7545 79 1823 3217 572 3738 8320 6698 5935 1081 3810 2459 9188 7142 1822 9120 8892 1170 8579 2213 9742 4948 5752 3849 9651 474 3183 2295 1320 9801 1430 6026 6118 6796 2993 7177 7046 8586 1117 6677 1056 9926 5057 6 8499 1249 8108 9071 4759 8759 3085 5547 9089 6912 9869 9853 3022 731 9892 8616 9539 4414 7086 6868 6021 4223 6417 3711 6126 5935 1069 8146 6128 8307 1369 2039 2491 4554 4328 7897 5556 2364 8110 4151 2099 1039 2454 4676 8092 6467 1831 227 2869 1865 9765 4914 9405 2148 5410 4156 1576 3207 689 168 3957 7443 8925 1563 8394 8950 7487 6558 3736 2174 7458 768 992 9196 4355 2107 4270 8074 6544 3324 9217 6301 9880 6584 4778 7413 5670 1745 3922 2042 113 7694 6893 569 8244 8080 7114 1935 3017 2801 6001 3647 3397 6207 577 9647 3112 6312 2646 9968 6404 
1000
1 864 2609
1 256 2580
2 0
2 7758
2 2747
3 1 512
2 9896
2 4626
2 5254
1 65 9849
2 6282
1 672 9316
2 7345
1 802 3968
2 6010
2 4562
1 507 6145
1 54 6803
1 350 4118
2 8215
2 2448
1 612 101
2 1673
2 3240
2 9775
1 273 9353
2 9762
1 569 4693
1 108 6976
3 2 536 943
2 8333
2 1913
1 476 4881
2 7387
1 312 2148
1 752 4402
2 8062
3 1 470
2 6165
3 1 288
2 3420
1 9 3036
1 369 6987
1 594 3461
1 758 3830
1 325 9673
1 876 1261
2 5078
3 1 628
1 610 3145
2 3987
2 852
1 881 9522
1 75 6537
2 7382
3 1 523
1 312 7576
2 2307
1 713 2782
3 1 200
2 7770
1 179 5242
1 413 5719
2 3024
1 553 8578
2 7576
1 893 9726
1 315 4396
1 168 3590
2 6919
2 6600
2 7239
3 1 969
2 3921
1 798 1055
2 1545
2 748
2 4438
2 6202
3 1 453
1 739 5667
1 541 970
1 797 6880
2 4028
2 1223
2 44
2 2199
1 312 229
2 2790
1 254 2377
1 490 5292
1 285 6218
1 124 5050
1 262 5435
2 1954
1 378 5651
2 3078
2 8611
1 459 2414
1 250 2187
1 749 8693
1 701 3410
2 9559
2 2568
1 627 3231
1 180 2199
2 748
1 199 4760
2 1792
1 185 4283
2 2903
2 9251
2 3465
2 7374
2 4764
1 414 2204
2 9343
2 5843
1 471 2133
3 1 444
1 60 9966
2 9982
2 9903
2 5440
2 4814
2 6975
1 835 9538
2 8760
1 75 6381
2 7833
2 5764
2 8014
2 2638
1 598 262
1 433 8474
1 666 4492
3 1 443
2 4701
1 257 7657
2 995
1 608 3156
2 5250
1 64 1763
1 873 6935
2 8756
2 4100
2 1136
2 9707
1 566 1429
1 643 1598
1 135 4601
3 1 294
1 309 8641
3 1 459
3 1 487
1 337 2555
2 5139
1 527 9723
2 6138
1 125 6441
1 53 8051
1 714 421
2 8156
2 7092
2 2326
2 1005
2 5521
2 4266
3 3 162 196 356
1 599 4060
1 147 999
2 1852
2 5370
1 140 5589
1 760 5117
1 484 5740
2 4772
1 172 4396
2 4933
2 1301
2 22
1 549 5557
1 643 463
2 894
2 9540
1 275 8731
1 400 113
3 1 627
1 798 754
2 4726
1 652 4217
1 644 3202
2 7286
1 385 7444
2 2239
2 9584
1 318 5670
1 551 494
1 341 1996
1 800 4836
1 889 5718
1 130 5204
2 9867
1 222 8418
1 396 6906
2 653
2 2925
1 728 9233
2 612
2 3702
1 777 1323
1 596 6245
2 9400
1 794 2862
2 7710
3 1 872
3 1 238
1 488 6962
1 415 4307
2 6960
2 5293
2 5911
2 2231
2 7742
2 359
2 1057
2 8416
1 408 571
1 64 7524
3 1 520
1 38 7364
2 9586
2 5280
2 6445
2 8758
2 9780
1 111 3915
2 2535
2 4954
2 8288
1 419 382
3 1 280
3 1 479
2 6156
3 1 824
2 1861
3 1 743
1 500 1983
1 620 8753
1 228 7023
3 1 524
1 548 6626
1 584 3325
2 4902
1 465 3946
1 679 253
1 379 2179
2 7710
2 579
2 5490
1 211 7072
1 402 9671
1 381 3188
2 3624
1 440 27
2 3645
2 2447
2 9367
1 423 9762
1 719 3748
2 533
1 182 370
1 474 3970
2 8640
2 2370
1 701 351
1 291 1141
2 596
2 6063
1 705 738
1 344 5784
2 3227
2 8565
2 7497
1 357 8495
3 1 589
1 725 888
2 3304
2 159
1 779 1838
1 407 4228
1 476 7874
3 1 79
1 641 6752
1 891 4885
2 7820
3 1 117
2 8545
1 625 6977
1 583 424
2 9055
1 497 8125
1 796 7126
2 8872
2 1584
3 1 945
2 3957
1 671 7032
2 912
2 5798
2 4036
2 2409
2 1020
1 106 4489
2 2715
2 2914
2 2623
3 1 803
3 1 142
2 8739
1 367 4961
2 8799
2 6547
1 851 7928
1 125 3081
2 4018
1 632 6611
2 8536
1 419 1237
2 9678
3 1 149
1 379 718
1 8 1119
2 5642
2 1969
1 229 9412
1 471 6927
1 534 9130
2 3143
2 4384
2 9880
1 85 9229
2 3214
2 612
1 553 6921
2 952
2 5767
2 9969
3 1 274
2 9990
1 798 4921
1 604 863
2 2428
2 7587
1 843 5273
2 3498
1 422 3165
1 195 5614
2 3547
2 308
2 7445
3 1 60
1 240 4948
2 1065
1 879 6133
1 269 303
2 8414
2 6074
1 476 3895
2 8745
2 4369
1 574 9045
1 448 65
3 1 101
2 674
1 49 7613
2 466
3 1 7
2 3526
1 366 2016
2 1449
2 5420
1 731 6266
2 382
1 552 5820
2 2591
2 7648
1 607 8340
1 421 3745
2 9728
2 7393
1 372 4997
2 6053
1 598 8629
1 771 3051
2 7858
1 231 8200
1 635 8503
2 8954
2 7698
1 290 7431
2 8922
1 51 3705
2 5180
1 66 7427
1 86 9338
1 643 9028
1 867 1123
3 1 256
2 5248
2 4745
1 798 9275
2 2464
1 344 2148
2 1371
2 3058
2 4720
2 754
2 8096
1 17 9999
1 99 1540
2 7793
2 1896
1 822 9426
2 4144
2 8768
1 880 7817
1 741 8867
3 1 630
3 1 842
1 34 5207
3 1 958
1 857 913
2 9120
2 7980
3 1 517
1 179 9346
1 306 622
2 790
1 200 9910
1 637 7010
1 243 2569
2 4283
3 1 574
3 1 284
2 9256
1 92 8823
1 254 7309
2 8800
3 1 665
3 1 792
2 9425
2 6282
3 1 177
2 9302
1 36 3957
1 426 8129
2 4267
2 9141
1 306 3916
2 3172
1 894 1805
2 6007
2 6883
2 94
1 540 1551
1 214 1867
1 490 7897
1 450 7845
2 6250
3 1 662
2 16
1 228 6559
2 8584
2 4601
2 3400
1 877 3647
1 598 7156
1 131 3181
1 171 9374
2 8843
1 457 8538
1 702 9309
2 4853
1 567 543
1 849 1653
2 2697
2 4721
2 6516
2 5785
2 5861
2 9854
1 189 7738
2 4763
1 674 6711
1 59 9729
3 1 461
2 3180
1 471 6900
1 610 4846
2 1031
1 548 2474
1 844 4075
1 21 263
3 1 470
1 700 863
3 1 960
3 1 594
2 9573
1 585 2070
2 9674
2 4240
3 1 620
2 7234
1 840 3348
1 868 7271
2 7804
2 4191
1 623 3886
2 8324
2 8497
2 6808
2 6442
1 214 105
1 201 5795
2 3153
2 6018
2 978
2 9452
1 188 9304
1 276 7043
1 817 2711
1 38 7991
2 5011
1 868 7503
2 4700
1 562 9598
2 3771
2 7138
3 1 866
1 254 9386
2 9544
2 9840
1 162 510
1 638 2298
2 384
1 115 9348
2 7143
2 4800
1 465 8805
2 9136
1 351 4643
1 737 5662
1 326 7989
1 117 9652
3 1 222
1 367 9421
2 9953
1 872 5978
1 256 7528
2 8773
2 1454
2 1898
1 576 868
2 9047
1 844 7898
1 832 468
1 512 4886
1 800 600
1 730 2919
2 2504
2 2177
2 4457
2 5505
1 279 3971
1 440 1794
1 233 3340
2 6430
2 2574
2 756
1 669 7557
2 5459
2 5913
2 4417
1 576 3946
2 6231
2 5932
3 1 18
1 667 8156
3 1 814
1 582 3538
1 797 5156
1 61 2033
2 2964
1 665 5576
1 849 3071
2 5910
2 8193
3 1 336
1 800 8141
2 9064
1 849 6026
2 5615
1 59 9515
1 137 7040
1 609 5601
2 4454
2 6390
2 7202
2 7837
1 523 6200
1 782 8827
1 672 3482
2 6986
3 1 126
1 580 3071
1 536 5234
1 669 1042
1 201 8202
2 1518
1 146 182
2 5377
2 6916
1 680 4761
1 438 4369
2 6940
2 8503
1 484 4196
2 7590
1 610 7502
1 462 583
2 4790
1 315 9580
2 7149
3 1 931
2 3027
2 2723
3 1 555
2 5950
1 589 3608
2 6970
1 894 3030
1 297 3140
1 524 5960
1 127 4919
2 9080
3 1 957
1 301 6398
3 2 722 185
2 8442
3 1 762
2 434
2 747
1 670 5536
2 6873
2 378
2 5698
1 361 8125
2 6750
1 799 9469
2 9488
2 7704
1 785 393
1 545 5585
1 208 2332
1 381 3341
1 497 7275
3 1 501
1 101 185
2 7297
2 6852
2 5510
2 4112
1 802 770
2 4309
1 738 2949
3 1 640
2 1510
1 84 7374
2 2830
2 714
1 356 6575
2 5080
3 1 742
1 449 5254
2 8488
2 3472
2 7245
2 7603
2 8687
2 3084
2 8555
1 415 4215
2 7666
2 9713
2 4024
1 473 7021
1 410 47
3 1 97
1 556 339
1 109 493
2 6365
2 4983
1 188 4569
2 5758
1 796 7771
3 1 62
1 185 4958
1 734 8493
2 7442
1 559 2419
2 2867
2 2973
1 845 8744
3 2 437 537
1 821 6174
1 872 9194
1 217 2213
2 1451
2 7038
2 9595
2 4482
2 4972
2 1846
3 1 683
1 85 423
2 1610
1 583 5299
1 835 3369
3 1 59
2 7121
1 208 6037
2 6564
1 171 4002
1 312 2550
1 187 8753
2 1758
2 3690
2 3208
1 579 770
2 4541
1 445 3293
3 1 570
1 485 3227
2 660
1 620 7073
3 1 310
2 6703
1 35 2348
2 9514
1 710 7595
1 834 9416
2 9444
3 1 857
1 535 743
2 8694
2 8333
3 1 837
2 2367
1 396 4449
2 2282
1 411 5740
2 7860
1 603 2843
3 1 837
1 284 9439
1 749 709
1 778 948
2 7366
2 8371
2 4971
2 284
1 478 2884
2 817
1 199 3499
1 689 2100
2 9524
1 378 6558
2 831
1 857 5122
1 871 444
3 1 72
2 6012
2 1861
1 695 2949
2 578
1 380 2746
1 693 805
1 332 9185
3 1 759
3 1 19
2 3374
1 230 3057
1 717 3104
2 588
1 509 4961
1 791 8773
2 1932
1 300 4610
1 840 3768
1 112 7095
1 878 193
2 8161
1 524 3864
2 4779
2 1126
3 1 230
2 1852
2 6166
2 2999
2 5594
2 7901
2 4521
1 323 7926
2 5243
1 182 2596
2 5436
2 1017
2 1041
1 738 3705
2 8162
1 55 9808
2 6774
1 57 1505
1 496 3813
1 421 2596
2 2693
2 6148
3 2 388 988
2 7334
2 5668
1 181 6884
1 13 7436
2 6739
2 9464
3 1 210
2 6911
2 6981
1 228 4524
3 1 245
1 790 2772
1 453 1725
1 255 902
1 522 628
1 86 4619
1 96 1610
1 879 3994
1 30 2233
1 135 1905
1 802 2482
2 7145
1 290 6765
2 1243
1 412 8333
1 263 1205
2 1043
3 1 280
1 843 8408
3 1 293
1 836 5160
2 3327
3 1 288
2 1675
1 709 7399
2 7939
2 4389
1 810 9989
2 782
1 798 2177
1 632 4123
2 2308
2 2556
2 750
1 468 1319
1 289 9035
2 5429
2 3187
1 102 4419
3 1 37
2 1655
1 862 8209
2 5385
1 211 1690
3 1 513
1 362 5590
1 47 9982
1 711 5629
2 948
3 1 257
2 9001
2 2528
1 361 7121
2 7500
1 290 2427
2 9482
2 2825
1 894 7196
1 420 2769
1 813 5475
2 4591
3 1 16
2 6309
1 296 8038
1 656 8414
2 3714
2 9752
2 2069
2 9336
1 781 3954
1 87 2565
1 604 5248
1 488 2187
2 5558
2 721
2 5400
2 6383
1 856 583
2 1003
1 138 4280
2 420
2 5228
1 510 80
1 669 6158
1 158 9095
1 676 9242
1 549 1470
2 7988
1 829 8543
1 704 3836
1 178 1950
1 781 8719
2 6339
2 4383
1 24 6936
2 9476
2 7412
2 4402
3 1 171
1 64 5830
1 640 6937
1 888 412
1 733 6198
2 9788
1 80 8102
2 9205
1 303 3198
2 5179
2 9692
2 4316
2 4580
2 7890
1 119 8493
2 7236
1 288 6464
1 761 3569
2 8508
1 183 6923
2 7586
3 1 628
1 217 2825
1 708 2061
2 6928
1 790 6903
2 4716
1 395 4143
1 455 8640
3 1 839
2 7203
2 7207
2 3768
2 8306
1 88 3922
2 9017
1 835 6695
2 8907
1 134 1776
2 1517
1 24 8090
2 4425
2 8836
2 71
2 2542
2 9175
1 404 2234
2 8175
2 9695
1 35 5713
1 333 8747
3 1 965
2 2117
1 476 2738
2 8333
3 1 516
2 3545
2 2477
1 302 7710
2 6796
1 396 2405
1 834 1763
1 219 317
1000
514 264 678 642 127 806 13 709 138 95 976 23 43 150 981 930 151 652 91 770 435 660 776 844 182 903 257 134 26 115 352 6 84 566 734 923 973 412 71 221 105 192 666 619 962 859 204 466 808 196 915 317 920 55 72 978 10 161 640 801 543 134 856 406 249 860 927 452 606 523 370 687 39 441 796 379 581 664 184 414 769 38 88 874 33 892 582 49 163 884 876 137 871 164 840 763 221 907 365 718 838 710 808 362 93 721 970 163 834 392 901 457 828 764 633 200 879 890 603 399 526 291 765 917 781 933 351 516 907 475 986 516 981 969 162 252 26 268 507 797 785 341 793 247 934 75 281 378 301 600 744 75 191 987 783 159 522 111 668 353 87 400 559 792 820 365 307 636 996 590 228 710 420 676 233 141 218 761 25 655 30 641 3 618 999 593 133 571 390 97 483 183 779 160 198 219 510 918 852 470 53 933 953 570 169 374 233 357 805 400 85 763 458 569 819 784 922 202 208 928 310 937 288 159 273 417 331 806 38 624 993 807 434 793 6 940 512 993 37 502 842 878 474 408 360 643 446 350 607 970 673 366 776 79 171 16 66 583 946 130 688 429 250 560 706 396 674 252 198 795 539 504 49 666 992 743 921 11 946 597 658 158 508 110 952 230 902 461 584 805 869 667 853 97 302 125 469 78 605 374 103 908 301 871 547 602 237 669 515 739 830 100 553 550 512 250 801 430 636 658 695 5 665 242 573 391 366 819 257 744 181 329 754 982 139 769 193 565 521 560 966 407 183 467 324 34 810 560 631 604 993 135 777 185 640 835 694 857 539 596 432 853 724 401 283 350 287 652 266 282 4 121 756 144 574 821 178 124 156 582 572 800 669 982 277 582 501 103 50 341 640 894 93 180 455 118 625 679 425 386 495 749 204 758 993 370 726 275 932 578 758 546 962 510 45 686 578 290 118 777 293 681 248 312 889 148 345 731 374 355 10 886 796 611 151 232 102 916 731 360 246 111 208 990 946 444 970 217 496 459 267 375 277 839 848 331 618 40 772 539 9 494 449 377 401 397 528 600 80 318 688 226 641 968 709 321 75 476 218 536 875 711 530 684 913 201 839 949 882 652 92 991 684 554 546 507 617 515 546 130 127 838 307 191 351 772 960 977 152 206 476 342 667 575 962 232 344 171 408 886 223 269 163 177 207 660 24 254 313 818 113 282 247 510 121 137 24 642 272 367 171 374 485 550 399 552 584 771 66 76 476 354 94 993 809 490 594 608 655 813 131 975 99 901 681 606 955 25 260 352 871 417 404 129 304 911 671 565 331 742 550 588 429 76 273 945 874 198 522 250 958 429 800 763 475 247 157 874 706 245 412 455 272 691 731 42 314 614 413 771 357 955 792 717 960 514 731 167 890 29 621 9 524 577 602 476 184 952 774 953 958 690 972 755 255 697 789 954 16 721 251 477 758 524 214 564 451 741 724 257 909 27 63 850 892 601 309 925 492 133 930 769 553 926 339 741 22 731 488 341 342 247 66 856 1 555 450 904 370 988 375 334 169 791 151 626 297 835 922 924 2 881 483 564 108 11 944 494 776 168 240 739 416 502 92 726 394 316 647 187 640 119 669 884 415 811 306 973 330 343 251 450 280 463 250 426 612 590 569 732 374 400 820 662 934 786 180 829 618 483 787 67 911 926 538 349 130 939 775 739 928 406 900 279 94 1 426 956 193 149 331 789 92 20 8 737 569 578 330 308 266 232 82 457 894 844 240 847 769 917 247 145 865 647 974 770 107 441 738 953 90 423 775 297 627 334 114 258 864 431 680 70 278 337 555 144 503 778 456 957 733 290 332 122 831 444 8 376 363 379 394 64 743 830 390 599 405 577 26 503 342 921 531 890 318 506 554 894 967 622 985 131 859 842 278 2 661 630 266 443 457 606 537 350 967 593 573 734 938 953 997 75 671 282 175 83 320 516 104 782 60 404 866 405 22 923 956 415 472 275 919 635 387 88 519 311 952 150 975 364 913 603 18 695 652 472 733 762 684 651 655 323 827 869 950 146 831 138 653 857 428 66 746 203 772 857 616 935 320 304 542 558 289 482 277 481 79 6 257 534 360 725 850 559 649 179 91 641 660 452 175 452 877 534 340 140 871 501 534 720 965 63 176 732 95 310 211 112 874 328 921 472 388 325 935 86 332 446 114 369 661 509 899 564 313 373 355 476 902 532 174 733 770 287 162 734 909 248 320 650 27 537 573 348 856 415 680 246 969 460 
