1000
7045 8767 7117 3139 5305 2401 4056 5312 5901 8564 544 8195 9929 527 125 1191 6291 4339 6143 6741 4959 5691 9433 8954 5657 4920 99 9019 864 5919 8120 5364 109 8957 4892 4265 663 4468 1125 8029 8798 3154 2371 9451 561 1866 3800 85 8461 1839 334 7753 8477 9272 6437 9028 1163 5380 7909 7223 1382 5365 1681 4865 7730 6903 9305 6019 3919 972 2798 7194 1705 759 584 5649 3292 684 3041 7302 5028 2706 5218 4336 4712 8169 3769 5839 2997 6648 1382 5888 8559 3154 6035 1801 2939 4737 1598 6277 4154 2987 700 6291 1201 4705 2966 5348 6981 410 3115 8848 5475 2854 9590 4999 4382 7790 2866 7767 9760 6479 772 266 7924 2069 2492 8307 1138 8295 1161 628 9428 371 6317 2946 8024 4929 2326 5870 4093 217 4311 1913 9516 3180 5015 2253 6941 7599 3355 5323 6444 2632 9498 35 3121 4969 9765 3332 7474 3810 4389 3047 9970 4999 9586 4617 939 599 9668 891 8236 2976 3160 808 8155 2978 2476 3955 4821 978 1813 3940 2213 2368 8547 2302 6204 9129 900 3768 9085 5359 2315 1240 6132 6407 9794 8271 5338 5279 4899 4732 4915 7511 290 9 8351 5447 4512 9361 1893 7717 1559 7401 7365 1543 8002 9813 3887 5901 6188 4649 1403 3125 3176 9611 8655 2156 4546 1482 6205 2854 4339 8048 5309 6807 1531 6526 2419 1465 3457 1739 8143 9669 4622 5007 2149 4969 3943 6522 3054 3792 7405 279 9411 5461 9190 3771 2190 6519 4519 1577 8329 6516 738 5331 344 1720 9955 9877 117 6112 9939 547 3319 2018 3152 1828 5374 7583 2235 2844 5901 8446 9118 3993 3353 3368 4415 6401 3897 4343 7670 2347 9230 9009 8763 4760 7282 7456 1505 7084 3573 300 8018 8505 6362 7086 6352 6198 4964 9098 8090 679 6225 7406 2743 8365 3060 8170 4682 6686 7535 6485 3217 8724 9178 1393 8620 6180 1792 2920 6871 6346 7364 434 4354 2638 6447 5576 5654 510 7193 5348 52 9592 1592 7081 2643 329 8292 7327 4915 9369 979 7088 4598 492 3178 4860 1684 4789 9044 276 7690 9415 3077 1852 897 8112 3895 5532 3872 1137 9304 4534 6544 405 1630 9635 2787 7323 2177 7333 1489 9713 957 1578 3310 1121 827 9963 9816 8452 1077 3803 8395 8156 5869 529 9055 9201 9093 6955 5762 6539 3351 4708 4393 818 3652 674 8441 2112 9794 6575 2148 2653 801 7310 2812 3029 423 2003 8695 4101 2423 9674 3178 8770 8693 5584 6737 6984 3432 6535 2535 8816 5033 9308 2393 524 5144 6128 8743 546 6318 5031 5917 6087 2993 5731 1352 3186 1379 1760 2792 1346 2795 6358 3959 4352 7942 4055 1724 5623 8726 2515 8237 7371 2599 3130 6874 8789 6160 9364 8613 6042 9331 2829 1155 3307 6159 501 9521 6757 8634 9207 4562 5119 8421 771 102 3928 175 8034 8649 6526 7548 4967 6250 8684 5869 2733 8823 1929 800 7142 6074 8419 8927 4939 5418 9262 6367 5361 2439 1073 4734 9365 3188 3282 4907 4184 2200 7948 7102 9869 2558 6950 5346 2995 7896 5155 6290 9556 4463 5416 2603 9907 2123 2960 8340 3992 4811 8355 3717 2306 9100 9083 5823 9668 5159 9394 1481 6015 4485 8395 9695 8910 9838 8691 7182 7698 137 7472 2997 9993 5359 6004 8495 7129 5616 2412 5297 8271 2497 5346 4868 3315 295 5185 4742 6258 8013 7490 817 5570 5959 3506 3362 798 2412 1647 2818 5821 9738 4893 3205 3882 7556 543 5740 8261 7101 7227 6632 112 2106 5577 7231 1212 7184 775 2360 5183 742 2148 5479 7330 3467 4375 145 3609 9131 5228 6038 6506 9536 3042 9573 5519 1605 2058 4528 8675 3140 5195 1206 3859 1860 9900 8383 7719 1528 8637 4704 3747 2172 8736 250 5606 8368 5097 5560 113 8494 7681 1605 1662 991 9905 3222 4328 2587 7905 2252 8927 7068 1046 7652 4590 1467 9348 7496 3896 5683 8332 3968 3751 1784 6689 7150 6310 9670 2149 2547 9104 1229 5100 9376 3420 7221 5450 8258 3783 7773 4364 1854 8414 9138 9517 6685 2614 472 3922 2274 2992 9261 4118 5325 5355 1532 6376 3975 2529 2949 1702 3459 9952 8070 2744 6178 3463 6090 1248 1478 2902 1258 8987 2694 2740 9579 5205 5530 9789 8603 3225 8485 4499 696 1231 9133 8835 4259 5230 1184 3144 9474 3723 9617 2871 1629 5800 8317 5005 894 8730 361 6741 7823 429 206 6665 1567 2572 6776 7399 5599 8048 4066 2317 3040 5101 3235 6617 617 6965 9321 9745 5282 8452 6469 856 264 5947 3460 769 5184 3525 1965 2088 193 4842 2847 7165 6694 1351 5541 8549 3933 7925 3760 7365 4821 981 2211 2258 1914 5081 9377 6212 6505 8179 307 8111 9343 2704 7216 1205 1654 5122 3472 2344 6904 3205 9509 5780 8656 1414 157 9783 1571 8393 4841 3679 6625 6111 9737 3482 7767 4008 9934 810 6087 3013 358 9736 9007 9487 574 9420 7724 4390 7158 8833 7568 3251 4179 7385 2533 5109 9341 1725 212 5336 246 8162 4714 3826 4542 3790 3166 4824 1892 8125 9880 4066 5087 1310 8244 7232 7386 1099 9776 9455 5649 4709 7017 2594 7206 123 4863 3113 5719 1396 3421 5076 9771 6014 9277 9705 3658 1782 4733 1374 74 2501 9637 9266 3588 4347 8911 9373 8344 5207 2432 1100 5367 713 4535 8145 2178 2192 3199 3278 4606 3020 5249 3773 3086 9304 7197 5533 2559 7129 5531 6579 7299 7771 1639 4665 5430 5533 9451 4665 2767 5624 391 9497 126 3740 8415 7986 9938 5161 7308 9957 5755 7031 5682 3921 5337 5030 9174 9034 5796 2870 9847 6514 1074 2230 1688 9374 3138 5040 3237 609 7910 6159 3471 5072 1877 6996 5616 4381 2679 963 3355 5626 9228 6886 7916 5921 8119 5157 8581 8744 
950
2 2916
3 5 910 666 452 737 922
3 2 855 721
1 136 9718
2 8899
2 9744
3 1 440
3 1 262
3 8 357 216 716 601 567 268 246 655
1 346 818
1 234 3350
3 10 144 271 219 431 611 293 229 681 140 945
3 4 72 155 36 897
1 515 2857
2 7545
2 6766
1 586 4634
1 647 9009
1 761 8210
1 93 1214
2 1840
3 2 633 570
3 2 281 274
2 5740
3 1 893
3 1 466
1 481 3973
3 2 805 14
1 872 6004
2 1053
1 175 4583
2 8766
2 1325
3 2 923 196
3 2 497 251
3 2 623 202
3 2 686 465
3 6 818 889 880 16 682 408
1 172 9758
3 1 697
3 3 443 103 542
3 3 121 544 60
3 1 801
1 848 150
1 40 4015
3 1 80
3 3 918 829 411
1 380 716
3 3 894 377 675
1 500 9533
3 4 137 850 723 130
2 9547
1 469 7123
3 1 285
2 754
3 5 179 425 378 787 904
3 3 92 898 480
3 1 86
3 4 572 793 746 895
3 1 222
2 9821
2 3324
1 81 8962
3 3 383 238 941
3 5 502 236 473 744 199
1 997 2288
3 1 109
1 702 3528
1 759 7318
3 2 10 743
1 355 6750
3 1 668
1 518 1727
3 1 5
2 2330
3 1 518
3 1 844
1 569 3837
3 1 1
1 814 852
3 5 579 149 647 499 189
1 315 1626
1 519 2506
2 7992
2 7360
2 5915
2 2127
3 4 617 628 359 26
1 312 2320
3 3 230 166 821
3 3 848 206 527
3 2 519 360
3 1 312
3 2 785 577
1 247 5127
2 9193
2 7641
3 4 942 116 267 751
1 349 4303
3 1 773
1 320 7142
2 4720
3 2 747 167
1 1000 4909
2 3583
1 263 9118
2 246
3 1 173
3 1 496
2 72
3 3 566 64 102
2 1704
1 348 543
3 1 624
2 1617
3 1 280
2 1041
2 1484
2 2001
3 1 949
3 3 329 607 325
3 1 162
2 1363
1 686 6073
2 4063
2 2988
2 9678
2 9899
3 2 580 37
1 758 2125
1 705 6599
3 1 493
3 4 93 284 946 713
3 5 548 161 563 656 124
3 1 99
3 2 304 704
3 3 924 351 446
1 635 6565
3 3 770 195 46
3 1 127
2 2777
1 93 1326
3 2 735 455
3 7 568 317 890 535 381 264 242
3 1 525
2 5306
2 2428
1 859 9905
3 2 52 258
3 2 711 327
1 377 2383
3 1 354
3 1 286
3 3 347 472 404
2 8147
2 7505
3 1 549
3 4 198 696 3 376
3 2 886 365
3 2 294 546
3 1 302
2 190
1 864 1693
3 3 136 13 804
3 5 90 283 605 921 260
2 745
2 4256
3 1 651
2 2064
1 306 9803
1 600 8450
1 14 8636
2 8206
3 1 860
3 1 371
3 2 943 782
2 9390
3 2 84 784
3 2 142 75
3 1 34
1 378 7306
3 1 138
3 2 676 415
2 703
3 6 441 543 54 28 495 364
2 8463
3 1 482
3 2 575 424
1 499 6261
1 943 3972
3 1 483
2 2524
3 1 123
3 1 475
3 1 534
1 548 5958
3 1 911
3 2 797 405
3 3 909 183 389
1 396 7404
3 1 757
2 5875
3 1 852
1 317 185
2 7109
2 2311
3 1 427
3 1 417
1 327 5862
3 1 512
3 2 308 594
3 3 507 569 277
1 115 481
2 6081
3 2 854 635
3 3 863 321 299
1 849 7976
3 3 585 456 733
3 3 664 688 689
3 4 702 407 772 154
3 2 193 297
3 1 412
2 4212
1 409 8994
1 264 6371
2 2383
2 5800
3 1 901
3 1 800
1 424 5342
1 671 9374
1 406 9658
2 5907
1 140 9144
2 2790
3 1 783
3 2 41 714
3 1 469
1 925 963
3 1 531
3 1 181
1 536 9043
1 503 5043
3 2 420 792
1 735 6183
2 8800
3 2 526 367
2 3912
2 255
2 1559
2 8727
1 429 4745
3 1 667
3 5 788 486 712 192 442
2 2625
1 763 1871
2 5
1 689 7634
2 3086
1 242 2577
3 2 545 244
3 1 727
2 427
3 4 414 780 361 433
3 1 759
3 3 929 771 936
2 7490
3 1 540
2 7663
3 1 394
3 6 767 874 488 163 873 105
2 7644
3 1 734
2 1018
3 1 279
3 1 35
1 420 7653
3 1 212
2 3870
3 1 400
2 2994
3 1 214
3 1 290
3 3 239 470 422
3 2 930 935
1 890 6096
3 2 920 638
1 571 506
1 401 3242
3 3 896 314 720
2 3875
3 1 492
3 1 842
3 1 462
1 351 6251
3 2 153 343
1 672 7726
1 847 6684
3 1 197
3 2 816 370
3 1 551
1 191 1830
1 855 5270
3 9 934 479 59 595 537 583 87 330 814
3 4 500 385 674 636
2 6641
2 1088
1 534 8080
2 4250
3 9 724 392 187 335 756 458 315 529 233
2 6288
2 3310
3 1 445
2 8261
3 2 775 345
1 708 7074
3 2 188 806
3 3 158 615 322
1 271 2727
1 51 781
3 2 700 485
2 8871
3 2 581 316
2 2190
3 1 867
3 1 538
3 1 63
2 792
3 1 612
3 3 557 576 112
2 6406
3 2 823 172
3 3 300 78 224
2 218
3 3 653 584 353
1 158 8036
2 7969
1 944 7083
3 1 659
1 593 8574
2 191
3 4 717 339 940 148
2 1310
3 2 742 461
2 6387
2 7490
1 609 8798
2 7884
2 9013
3 2 641 71
2 8980
3 1 845
2 2097
3 1 683
3 1 748
2 7521
3 2 471 738
1 309 5025
3 2 430 101
2 1649
3 1 463
3 1 55
3 3 303 418 913
1 729 2055
2 3345
1 750 9371
1 407 1102
3 1 574
1 110 7303
2 8037
2 2697
3 2 481 205
1 773 6473
1 557 3689
1 165 1743
1 274 2283
1 398 7588
3 1 798
3 3 164 517 630
3 2 547 634
3 10 625 503 837 926 646 326 599 609 73 902
3 1 448
2 1100
1 458 8156
3 1 786
2 1013
3 1 620
3 1 263
2 7191
2 9589
1 749 1801
3 1 778
3 1 745
1 730 2812
3 1 755
3 2 508 762
1 221 8982
3 1 141
1 186 2685
1 578 5086
2 4432
2 7138
2 7948
2 2364
1 452 7189
3 1 289
3 3 781 358 799
1 784 5037
3 1 356
1 639 3604
1 542 2637
3 2 869 209
3 2 439 191
3 1 506
2 4390
3 6 947 42 726 516 616 868
3 2 856 313
3 2 650 107
3 4 815 423 8 832
2 6786
3 3 950 562 119
2 4569
3 2 143 875
1 67 8651
3 3 763 598 11
3 1 309
3 1 603
3 1 17
2 5284
3 1 250
2 8607
2 7566
2 4257
2 456
1 896 9961
2 2876
3 1 273
2 490
3 2 126 731
1 182 9886
3 6 344 220 685 613 670 453
2 5484
3 3 597 437 637
3 5 111 750 879 291 200
2 8022
2 2192
3 3 764 122 596
2 9098
1 476 9879
3 4 176 47 552 307
3 1 899
3 1 410
3 1 777
2 3133
3 1 6
1 395 8467
1 194 578
3 2 150 809
1 922 5530
2 5154
1 176 1883
2 5598
1 6 8662
2 4421
1 699 1864
3 1 871
2 8137
2 8716
2 9899
1 237 2161
3 4 919 413 221 139
2 7385
2 5624
3 1 128
2 8939
2 2285
2 8049
2 2014
1 579 8003
1 85 7192
1 435 2417
1 992 5999
1 188 5107
3 2 701 640
1 476 8178
3 2 791 106
3 2 708 156
3 2 524 255
3 1 872
3 1 104
1 552 2321
2 6823
1 118 1624
3 1 399
3 2 658 602
2 6754
1 802 8739
1 949 3767
3 1 391
3 3 564 79 30
2 8589
3 2 707 177
3 1 820
3 1 931
3 2 449 853
3 1 24
3 2 76 454
3 1 693
2 7772
2 6955
3 2 703 671
3 4 528 608 687 169
3 3 573 834 178
3 1 269
3 3 614 914 933
3 2 208 397
3 3 18 719 348
2 1373
3 1 91
2 2573
3 2 245 841
3 10 740 864 419 237 350 282 129 794 39 223
2 1459
2 9079
3 1 48
3 4 380 20 589 627
2 3917
1 179 7557
2 5913
2 9610
3 1 252
3 1 491
3 1 388
2 3132
3 8 813 522 185 278 444 447 174 523
1 508 441
3 2 803 240
2 6374
3 1 514
3 1 366
2 1334
3 1 175
3 3 254 515 539
2 1726
1 107 4592
1 749 4272
1 132 672
2 7056
1 138 8094
1 412 8306
2 8414
2 1931
3 1 811
1 634 2175
2 8098
3 1 243
1 696 9011
1 887 6901
2 5911
1 961 5183
2 2516
1 458 8761
3 1 571
3 2 40 204
2 7985
3 1 669
3 2 900 632
3 6 9 706 939 88 184 218
3 1 23
2 7003
1 861 3875
3 1 490
3 5 839 840 838 190 541
3 2 118 761
3 2 593 619
3 1 44
1 727 9516
2 2521
3 2 494 434
3 1 401
1 879 3019
1 639 2730
3 1 114
2 3588
3 2 561 68
3 2 182 301
1 966 1264
2 5830
2 5415
3 2 729 19
1 257 5404
2 2984
1 221 4232
3 1 478
3 1 21
3 1 558
2 4015
2 6106
2 4518
1 877 2463
3 2 438 457
2 1453
2 922
2 7360
1 441 4241
1 595 4590
3 2 215 765
3 1 817
2 5902
2 1507
2 3351
1 902 476
3 2 725 560
3 2 715 505
2 53
3 1 600
3 1 639
2 8760
3 3 217 253 796
1 749 9926
3 3 851 402 50
2 2297
3 1 604
2 9266
3 2 944 77
1 396 6577
1 447 6494
3 1 555
3 2 587 186
3 1 509
3 4 665 51 362 390
1 976 8414
3 2 847 320
1 357 7606
1 54 302
1 907 1647
1 22 1132
1 365 3868
3 1 398
2 8493
3 3 207 43 45
1 274 7873
1 760 9309
3 1 211
3 1 94
3 2 905 705
1 692 7886
1 872 4252
3 1 266
3 1 779
2 5610
3 1 276
3 4 654 642 160 643
3 1 113
1 521 4940
3 2 907 436
3 2 120 272
3 2 891 234
2 5575
2 1944
2 3661
3 4 393 822 257 663
2 969
3 4 828 513 876 226
3 2 382 937
3 3 680 125 170
2 8651
3 1 451
3 1 15
3 1 117
3 2 489 536
1 602 3257
1 685 8985
3 2 884 62
3 1 673
2 4229
3 2 728 590
1 920 7962
2 6546
1 331 541
2 2510
1 476 3590
1 566 3444
2 9645
3 4 261 846 831 331
3 1 861
3 1 406
3 3 521 662 426
3 3 292 932 530
3 3 340 484 346
2 3780
1 270 2858
1 977 2767
3 1 819
3 1 83
3 2 677 33
1 831 5908
3 1 768
3 1 661
3 1 532
2 2934
3 2 384 808
2 8989
2 28
2 1440
3 5 310 368 355 621 865
3 1 468
3 3 81 511 827
1 710 9127
1 552 1068
3 1 387
3 2 82 760
2 1333
3 1 917
3 3 194 131 476
3 1 210
3 2 334 887
3 2 428 553
1 628 5728
2 1164
1 681 3213
1 539 1252
3 3 4 698 328
3 4 881 97 586 859
1 717 3990
1 508 2189
1 559 5429
3 1 363
1 369 7498
1 482 4498
1 685 7487
3 4 892 38 165 168
1 978 2200
3 1 679
2 1522
1 74 8428
1 511 4939
3 2 649 241
3 1 752
3 5 732 739 421 758 718
2 4629
3 3 556 352 578
3 1 373
3 2 152 565
3 1 789
3 1 795
3 1 610
3 1 429
1 482 3443
3 1 826
3 1 648
2 211
3 3 203 369 692
1 764 9782
3 6 305 49 180 908 501 790
2 5379
1 492 1524
3 1 730
3 4 98 464 849 232
2 5275
3 1 812
3 1 403
3 2 159 870
3 1 618
3 1 550
2 940
3 2 753 866
1 981 1553
2 1664
1 144 1570
1 449 7326
1 825 6187
1 697 1513
2 5192
3 1 592
3 4 912 459 802 691
1 619 159
3 1 32
2 9727
3 1 774
2 565
2 7826
3 1 27
1 629 2779
2 5233
3 2 74 915
2 2118
3 4 533 296 582 948
3 1 460
1 80 3962
3 3 57 644 146
2 6919
3 1 135
3 1 157
2 5364
1 293 547
3 3 736 85 843
1 449 4208
1 654 2440
1 463 4514
2 4586
3 2 225 235
1 861 9315
3 1 375
2 7574
3 3 311 769 248
1 9 5923
1 482 9131
2 7124
2 2569
1 431 6962
2 1721
3 6 416 379 65 395 487 824
2 5985
3 1 7
2 994
3 1 336
3 3 450 228 741
2 4671
2 8912
1 901 2697
3 2 133 110
1 630 385
3 1 672
3 2 916 810
2 1116
3 1 298
3 4 318 883 22 295
2 6088
1 865 4243
3 1 722
3 1 749
1 662 928
3 2 53 928
3 1 306
3 1 100
3 5 338 477 145 504 709
2 2018
3 2 319 467
3 4 862 657 882 766
3 3 247 710 938
2 5627
2 8667
2 5575
1 866 516
1 992 3844
1 969 2622
3 2 288 622
2 6143
3 3 341 323 606
1 838 7206
1 872 7092
1 287 9275
3 1 885
1 183 8042
1 340 1345
3 2 333 878
3 2 626 927
3 2 108 678
2 1383
1 244 2430
3 3 332 888 337
3 3 858 825 69
3 2 134 259
2 4659
3 1 349
2 3281
2 5685
1 423 3810
1 474 1322
2 1854
3 1 409
3 1 66
3 2 265 58
3 1 386
3 1 147
1 792 9407
3 2 396 588
3 3 256 474 115
1 196 9835
3 1 652
3 4 324 132 432 906
3 2 695 690
3 1 374
3 1 227
2 7646
1 242 1163
1 797 1420
3 3 776 56 835
3 3 631 372 925
3 1 171
3 1 231
1 228 4596
3 3 684 270 903
2 4119
2 334
3 1 201
3 2 96 694
3 1 61
3 1 31
3 1 435
1 301 1840
2 5932
1 665 1153
3 3 629 213 520
2 368
2 3376
2 3751
3 1 833
3 3 342 151 249
1 559 411
2 3128
2 8404
3 1 754
1 608 9494
2 503
1 554 2776
2 2571
3 2 559 67
3 1 660
2 7654
1 44 7650
1 79 676
2 3080
2 9790
3 3 29 554 877
1 306 1465
2 7600
2 9788
1 815 3806
1 6 5134
2 7162
1 961 4720
3 2 70 25
3 1 275
3 1 699
2 6319
2 1309
3 3 857 836 89
3 2 645 591
1 684 7364
3 1 498
3 3 830 510 807
2 5211
2 5238
2 4041
3 3 2 287 95
2 6281
1 463 2011
2 4809
1000
925 310 259 664 654 906 351 704 156 270 561 815 209 842 889 158 321 326 87 155 375 213 504 105 183 313 108 625 809 129 92 400 799 782 866 752 734 606 716 343 450 700 8 59 435 733 131 79 28 450 297 163 204 365 148 132 289 388 413 592 904 73 706 394 421 56 854 236 785 533 477 788 743 829 756 899 393 812 220 267 675 225 191 653 922 827 64 868 911 785 362 774 839 391 477 572 206 88 380 35 166 910 149 616 201 872 755 108 220 410 597 413 863 707 83 377 486 306 359 307 736 870 534 518 290 563 504 510 883 263 850 702 462 131 621 811 514 536 85 2 640 871 836 155 138 430 144 183 354 890 687 168 348 133 755 907 895 686 495 612 314 849 126 156 924 281 695 858 675 737 588 687 308 502 827 721 747 503 216 923 736 849 867 372 368 720 288 758 908 214 914 793 470 675 871 490 847 645 269 80 455 531 514 277 799 438 566 858 67 502 285 66 852 521 852 277 239 593 137 260 913 2 854 950 899 300 747 270 618 667 783 505 43 64 949 409 736 815 926 889 228 139 909 51 116 300 428 489 918 825 483 942 835 161 912 534 831 915 897 501 55 253 547 52 530 454 707 759 288 738 452 529 362 369 142 611 56 527 559 878 233 327 516 89 633 277 687 777 744 213 919 662 563 419 109 937 92 329 557 888 399 377 834 628 183 313 15 297 212 917 818 569 515 108 918 739 531 412 459 75 586 828 407 833 353 129 22 215 842 56 927 921 8 882 391 722 833 481 125 754 34 215 926 99 873 177 455 835 862 52 939 439 277 721 611 716 445 17 575 602 924 36 813 810 62 823 405 271 853 192 634 51 93 450 617 511 173 879 888 763 674 778 22 724 658 482 746 238 627 439 711 938 536 522 768 662 515 886 126 19 861 282 655 626 319 840 499 46 169 863 360 169 204 259 869 884 881 808 807 733 560 432 655 699 259 429 93 135 488 185 658 532 347 692 205 137 506 940 767 514 801 152 622 462 837 236 192 244 85 377 917 594 685 364 103 256 391 588 602 723 39 107 347 715 379 483 868 943 870 85 52 301 141 378 806 564 783 804 767 231 773 941 237 356 779 599 304 195 170 24 857 195 616 770 270 247 404 646 680 351 108 78 772 130 726 737 865 668 585 371 682 733 911 866 385 499 191 152 183 25 292 490 704 166 123 852 143 501 725 506 867 425 191 494 310 775 465 160 104 916 415 678 523 777 599 904 649 232 462 97 872 688 331 582 262 254 413 651 860 870 809 438 472 822 658 911 715 670 935 282 663 488 91 741 334 753 949 774 795 394 843 294 250 843 931 653 406 470 351 856 261 271 314 42 792 339 837 805 733 373 249 523 5 808 283 875 137 211 127 228 201 236 394 271 822 767 938 78 49 392 170 457 347 629 452 231 8 151 747 255 683 686 179 220 216 59 561 183 274 319 948 763 287 313 564 794 176 758 269 147 531 173 813 719 777 570 498 678 569 706 370 409 588 682 347 929 194 97 640 358 305 147 806 551 892 303 863 596 448 441 309 375 420 775 501 60 571 45 744 420 93 365 305 383 89 419 134 746 539 3 392 111 401 14 853 414 65 709 684 715 66 725 500 482 179 504 557 846 805 161 804 88 93 563 375 755 41 110 681 117 86 318 620 630 493 426 588 450 440 669 116 879 199 795 652 462 587 439 165 944 808 511 267 724 20 900 70 862 629 264 895 595 515 209 20 63 304 663 369 482 121 692 191 372 862 683 522 257 487 856 819 365 466 806 123 763 14 116 805 488 538 919 150 642 430 853 203 430 522 855 9 643 126 147 321 867 266 768 320 630 637 260 600 812 760 637 860 749 637 197 816 871 201 245 769 792 62 851 268 362 440 613 300 295 467 73 472 859 433 862 909 50 375 234 455 797 316 153 815 728 171 792 741 56 107 69 333 695 848 237 320 313 827 616 786 443 934 507 557 394 443 260 709 587 305 766 66 783 849 211 641 786 100 508 794 272 497 27 74 83 77 231 897 277 669 834 793 728 704 89 674 211 19 316 413 179 378 134 126 612 740 633 504 123 489 368 280 948 286 906 407 84 211 263 779 12 148 106 209 866 181 476 618 522 338 737 23 285 21 81 133 627 701 810 81 192 875 865 770 132 32 153 935 658 901 944 647 723 275 297 671 80 282 33 216 125 213 197 172 76 831 207 279 55 916 753 123 137 849 347 565 93 754 657 89 916 728 129 690 676 391 302 909 274 630 406 771 402 834 82 
