900
4348 5020 5146 3902 7591 8327 5240 3157 9415 8168 3232 9418 4796 6325 4174 9395 1105 1465 5685 92 4703 1698 6212 4085 9266 3231 3107 8239 1221 5054 8804 758 4686 7016 2587 8745 3026 6059 4325 4850 836 9830 9870 9251 1892 7458 5567 5680 246 5933 3162 584 415 5752 8968 9576 1776 9873 6528 2617 4734 5197 6133 540 7335 516 4354 2717 376 4952 9888 2199 6251 1114 7851 2554 3258 5357 3678 1285 3543 4145 4308 7231 9060 7366 1361 5500 9029 2638 9402 546 3038 1093 4451 5656 1911 2273 3964 688 2251 7516 4375 3078 8543 4464 3122 7993 1146 8132 5416 9551 7810 6814 4597 6342 6832 1729 5500 3167 3668 8479 1540 993 958 676 6760 8716 5489 6935 2368 2614 3598 5681 9509 1236 8379 456 2938 6515 1066 4654 8774 2508 9519 6813 8253 5261 1364 9750 9347 868 3133 4593 4571 624 982 2388 2733 9888 1774 8827 5446 7495 8977 1322 4730 4709 6589 6304 3982 5659 7348 4410 3012 6192 3980 89 7068 5198 2191 5299 1589 8298 6076 7506 859 3792 4441 5820 8605 8967 3368 8818 9123 3700 9534 9397 9545 2826 5176 222 4732 9056 3677 1330 491 2384 2649 3539 8989 1344 2574 2444 5608 4113 2497 7084 6049 6785 4044 8128 7878 3120 43 2734 8707 1224 4184 6124 9768 1082 4385 5231 1279 1553 5533 196 1336 1024 495 5560 4542 2367 2058 8086 4574 6476 641 3473 7678 2671 1432 7665 12 7860 1061 876 1709 7494 9816 5830 8684 7356 7538 4734 6391 5978 5630 5022 2476 8597 9896 1780 7927 8036 4362 4320 1673 9102 926 319 1092 6131 3711 6655 5762 2693 7485 3472 4819 380 2913 718 8036 7010 5285 7605 1742 4404 9071 8759 9179 1763 6708 9310 8507 3732 1198 5497 4136 1173 5696 704 6970 4926 4408 15 3891 113 4290 8888 9928 3490 7811 2910 7289 9072 3013 6634 5495 4497 1117 6148 4319 9192 5509 2563 912 4056 9005 506 9792 4280 2555 1703 5679 173 8278 3065 634 5394 3950 1359 1153 4592 1314 4727 3871 95 7206 6966 4266 2773 3378 8633 3534 8452 9055 6298 4159 5953 4573 7935 1755 4137 7052 8632 4695 9391 5254 3446 521 6238 6873 2305 5735 8697 9047 4268 7082 2682 2418 2730 2051 8275 7055 5468 3047 8107 5987 4415 4059 9399 8633 2445 3968 6813 5108 8814 2303 7995 3950 3267 1252 8317 1563 2436 1419 7112 3762 722 345 1021 5878 5243 9197 688 487 3449 1126 5932 6607 2256 2314 1665 858 8760 4124 5185 7002 6675 365 3371 6324 4814 860 7603 5466 6353 1394 413 4186 1740 6806 3151 3924 6619 942 5402 9800 5378 3748 2510 728 4659 3637 4963 9019 4508 942 4158 7248 1277 7568 425 9467 4283 9385 3569 8216 9339 6441 2664 5043 3716 5381 9539 6120 9903 1592 407 2691 7555 3222 6094 5857 6489 6707 4474 5954 4864 6790 6072 6830 4845 1976 7092 6958 7991 6530 6237 5084 9903 7068 4168 4064 4247 8862 7557 4802 7652 2709 4381 8783 4828 5353 3663 3211 1992 9469 924 3312 1723 8242 971 7282 3320 5712 7431 1664 3139 3772 9211 1264 7537 5024 6756 1591 1395 5535 3773 6543 5437 7080 9194 3595 5228 7205 286 4821 2458 477 3994 8429 3492 5879 9510 8978 1360 8177 1790 9483 5642 2260 3931 9859 7831 5087 261 4866 8419 7203 6145 2825 4188 5752 3295 4062 6209 5562 860 845 2733 1391 2378 4360 4958 2935 6874 3502 1156 789 8983 7216 7196 1453 3667 4940 1855 434 4516 6013 3824 1461 2788 4267 74 7388 3437 2105 9523 68 7992 3159 9302 1424 6704 6843 3656 6912 4788 2532 8300 7501 4653 3257 4050 4574 8284 2793 9322 1861 603 3298 6121 9157 3907 8857 7795 1692 8223 7896 6639 3552 3523 823 1048 9813 9542 6172 8296 5568 2435 3885 5666 1493 580 6357 3363 1131 57 4572 9573 3986 4612 8216 9457 8233 891 3096 6415 100 1590 774 7171 6942 4499 9438 9614 9378 7922 2832 8230 4947 1301 2764 8664 3495 403 7453 118 5182 2805 6710 9907 5291 7945 4809 2704 1376 9495 6127 3472 8811 5143 6340 8621 4413 807 6787 5207 5468 4979 8404 6659 6244 1253 517 8400 3426 1173 5264 4152 8150 4191 8031 5526 451 8326 6036 9441 1348 1054 6498 6934 8060 8770 6291 4441 1631 1799 5343 4225 2376 5369 8284 8294 3972 1480 7609 3267 1385 870 2640 3216 9442 1165 3765 2408 6111 9010 6990 2866 7459 1481 6753 6881 6356 4165 7446 7698 8571 8925 5380 9531 7103 4849 4549 5052 3101 1107 350 5993 1556 4957 7126 6079 4627 2180 5746 8081 5370 4504 9340 219 4005 7759 4856 6457 8789 4785 5682 9368 1328 2408 8164 7945 8584 2919 9992 6711 2953 2983 4047 8410 8587 4566 7786 6958 1069 7644 7140 5469 3973 4673 8180 3612 3426 7900 8651 1321 916 1500 4661 99 8897 8679 6962 50 5064 360 8211 1806 429 5311 1097 5044 9777 5110 9312 8815 2910 7620 6596 7086 3972 7994 3353 6665 6365 2606 4498 3274 3016 7257 6119 1509 2057 8817 5701 1840 8799 1662 7776 5530 7698 6472 6917 288 1476 6006 679 3622 3447 9420 6517 2623 6888 7898 
1000
3 1 194
1 414 8062
1 699 4562
3 1 517
2 0
2 2752
3 1 278
2 1619
3 4 223 664 103 352
3 2 441 31
2 8451
1 26 5154
1 197 7058
2 1890
1 803 3360
3 1 429
2 2722
1 701 1096
3 5 778 153 410 96 701
3 1 743
3 2 710 308
2 4695
2 9423
1 235 9441
2 1375
3 3 51 427 450
3 1 481
2 1111
3 2 150 145
1 375 4618
3 1 330
2 9900
3 3 738 408 313
1 467 8193
2 6421
3 2 564 435
3 3 585 4 812
1 846 1734
3 1 780
3 1 135
3 1 460
3 3 966 311 927
1 556 6053
3 1 328
3 2 122 326
1 408 8595
2 8499
3 1 831
2 3777
3 1 334
3 2 151 795
3 3 864 340 59
1 847 6757
3 2 659 673
3 3 163 82 456
3 1 288
3 2 988 25
3 2 360 315
2 6281
2 2143
3 2 90 809
3 1 741
2 8445
2 8481
3 2 852 369
2 4497
3 1 182
1 767 7844
3 1 476
3 4 611 392 357 45
3 2 681 261
3 3 643 280 294
1 654 7694
3 2 385 709
1 15 978
3 1 884
2 8258
3 3 324 715 813
3 4 537 843 896 118
3 2 119 316
3 1 714
3 1 841
1 735 1374
1 116 7591
1 795 551
1 486 528
2 8863
1 63 8285
3 2 594 739
1 713 636
2 6044
3 1 416
1 594 6349
3 3 312 934 501
3 2 94 713
3 1 940
1 540 6940
3 1 914
3 1 287
3 2 851 748
3 5 37 996 737 511 419
1 681 8218
3 2 908 822
1 523 7711
1 473 4518
3 2 53 618
1 451 2693
3 1 486
2 3148
3 1 274
3 1 254
3 4 790 496 630 115
3 3 779 601 528
2 7920
3 1 527
3 1 161
3 1 747
3 1 200
2 8083
3 1 600
3 1 284
3 1 87
3 1 178
3 3 252 248 345
3 4 463 665 568 804
1 111 3935
3 3 661 513 880
2 1939
3 1 578
3 2 335 384
3 4 788 622 400 589
3 3 183 679 576
3 3 774 55 657
3 1 139
2 2029
3 2 298 426
2 3576
1 658 3696
2 9126
1 606 109
1 611 85
1 106 9115
3 1 436
2 4417
2 2997
2 2069
2 4867
3 3 58 258 885
2 4961
1 51 9034
3 1 759
2 7204
2 2998
3 3 216 502 440
1 105 7507
2 7412
2 141
3 1 300
3 1 20
1 150 7768
3 5 766 488 213 249 128
3 1 559
3 1 621
3 4 491 645 964 833
2 4261
3 3 610 607 808
3 2 936 71
1 542 4391
2 4181
2 7364
3 4 947 906 197 524
3 1 642
1 212 6477
1 397 4155
3 2 341 970
2 3479
3 1 472
2 6965
3 2 253 628
2 3551
3 2 143 132
2 7281
1 173 5077
2 3196
1 756 2132
3 4 428 871 626 439
2 697
1 171 6297
3 1 91
1 147 4275
3 3 211 277 504
3 1 539
1 385 7334
3 1 692
3 1 933
3 1 543
2 4639
3 2 179 319
1 694 8464
1 585 8245
3 3 719 980 331
2 8589
2 5232
3 2 556 478
3 5 546 523 10 117 782
1 878 4277
1 698 4602
3 3 67 290 572
2 9428
3 2 561 382
3 1 65
3 3 437 717 675
3 1 156
1 430 4711
3 1 837
3 2 857 919
3 5 756 235 468 960 859
3 1 522
3 1 160
3 1 773
2 2923
3 5 953 861 442 217 672
3 2 656 322
3 4 359 166 785 760
3 1 344
3 2 314 510
1 296 9522
3 5 991 723 563 862 11
1 446 7125
1 161 9807
3 1 343
3 1 485
3 2 497 88
2 5618
3 2 637 380
3 1 431
3 3 819 518 30
2 205
2 7725
1 762 8147
3 3 5 275 15
1 368 4187
2 9295
3 2 721 19
3 1 291
1 656 5414
3 3 433 422 474
3 2 52 915
1 662 1125
1 660 4250
2 717
1 775 7151
1 675 9399
2 9877
2 4898
2 3821
2 8938
3 1 849
1 332 2965
2 3703
1 658 5682
3 1 683
3 2 350 323
1 600 3553
2 2654
3 5 222 823 171 195 682
3 3 247 667 108
2 2941
1 169 2474
3 1 983
3 1 302
1 651 2426
1 266 1995
1 636 5211
1 408 1257
3 1 78
2 5875
3 1 63
1 337 6697
1 580 2979
1 821 984
2 6348
3 3 423 397 949
1 666 5723
3 1 579
3 2 866 698
2 6498
3 1 749
1 851 9101
3 1 912
3 3 186 620 796
1 372 8805
3 3 47 520 134
1 135 6105
3 2 638 754
3 1 803
1 235 2996
3 2 922 722
2 3583
3 1 684
2 5943
3 1 347
2 1279
3 5 663 61 50 978 632
1 151 3632
3 1 148
1 210 1945
2 5747
1 87 4959
2 9168
3 1 730
3 2 890 612
3 3 846 669 105
3 1 903
3 1 242
2 862
1 872 992
1 883 5460
3 1 263
3 1 958
3 2 42 498
2 7280
2 8805
2 979
3 3 237 299 814
2 3883
3 1 192
1 627 3126
3 2 772 208
1 116 3905
2 112
1 35 731
1 67 4086
3 2 503 462
2 6544
3 2 475 17
3 1 676
3 3 113 818 405
3 2 532 548
1 84 9871
3 1 639
2 2341
2 7064
2 1536
2 9161
3 2 353 512
2 516
3 3 220 28 215
2 5421
1 521 91
3 6 533 177 459 158 393 492
3 1 227
2 6744
2 6762
1 681 2797
2 7656
3 3 16 810 757
3 1 366
3 2 530 832
2 2110
1 599 1333
2 3449
3 4 744 942 651 726
2 7705
1 735 4051
2 9477
2 6825
2 5903
3 1 453
3 1 867
3 6 403 608 297 346 97 325
2 6512
3 2 549 414
1 221 5331
3 1 678
3 2 107 92
2 9394
2 2766
1 135 9938
2 4789
2 1661
3 3 592 848 696
3 3 596 64 990
1 96 7077
2 1410
2 2703
1 120 1109
2 6085
3 3 430 464 801
2 4137
1 759 5715
3 5 680 338 711 276 688
1 484 9486
2 8510
2 2944
1 340 3708
3 2 875 616
3 2 888 259
2 9996
3 6 181 376 199 98 130 992
3 1 141
3 3 24 763 225
3 1 764
2 6571
2 2474
2 1530
3 3 286 733 647
3 2 29 531
3 2 686 8
1 488 1594
2 3499
1 783 7105
3 2 224 147
1 803 5344
1 672 3977
1 446 9496
2 9411
2 5893
2 4610
3 1 806
1 726 9020
3 1 269
1 582 7447
1 544 4642
3 6 100 792 9 830 204 932
1 373 3600
3 1 246
3 2 847 685
3 1 705
3 4 624 421 877 869
1 758 6667
3 1 368
1 273 5272
2 2091
2 7385
3 4 318 820 22 155
3 1 159
3 2 775 957
3 1 466
3 1 229
3 1 868
3 1 140
1 541 2148
2 1515
3 1 718
2 9997
3 3 889 816 911
3 2 623 372
3 2 446 858
2 2008
3 2 629 356
2 4084
3 1 762
2 8194
1 90 4482
3 2 386 240
3 1 209
3 2 784 917
3 1 116
3 1 250
3 1 924
2 6391
3 1 863
3 3 602 755 189
3 1 461
1 760 9060
1 724 6925
2 9887
3 2 271 666
1 259 6027
3 1 577
3 2 731 420
1 616 5715
3 3 650 931 925
3 1 901
1 695 5059
1 453 6000
1 304 8421
2 2359
3 3 89 729 448
2 7792
3 1 349
3 2 547 662
3 1 898
1 242 7123
2 2742
3 2 57 457
1 547 3720
3 1 381
3 1 342
3 2 339 310
1 818 9482
3 1 391
3 3 751 615 434
2 6437
3 1 720
3 2 982 993
1 452 7754
3 3 649 99 582
3 6 855 133 811 882 173 655
2 9523
1 763 5740
3 5 162 3 923 944 693
1 856 7083
1 407 2007
2 5385
1 556 5109
3 1 736
2 4200
2 7572
2 8836
2 525
2 7219
1 771 5690
1 794 7817
2 1941
3 2 454 144
1 712 7036
3 1 303
1 230 8909
3 4 535 304 483 515
1 127 7168
3 1 27
1 361 6067
1 838 8590
3 3 892 973 945
1 759 608
1 47 9725
3 6 746 266 573 191 734 490
3 1 597
3 1 231
1 818 8236
3 8 845 321 127 21 267 873 438 262
3 8 112 553 458 558 697 976 401 943
2 6738
3 1 984
3 3 802 724 839
1 313 4441
2 8859
1 722 6612
3 1 18
3 1 856
1 723 151
3 3 791 689 123
3 3 285 102 111
3 1 56
2 2058
1 32 9011
3 1 742
3 2 184 207
3 3 214 121 900
2 2541
3 4 658 545 270 574
3 2 375 969
1 438 1751
3 5 469 154 542 999 73
1 355 8450
3 3 829 516 445
3 1 362
1 533 718
3 1 648
3 2 68 477
3 1 69
1 556 2767
3 1 654
3 3 272 336 560
1 503 2178
3 3 260 977 256
2 4148
2 1396
3 1 691
2 7836
3 6 707 487 402 306 902 926
2 2917
3 1 234
1 588 4204
2 4642
3 1 495
2 831
3 1 909
1 885 3103
2 8788
1 217 4943
3 1 320
3 1 552
3 1 188
2 2594
2 6233
2 4998
3 3 893 479 238
3 1 961
3 1 986
3 3 789 33 361
3 3 753 452 987
3 1 514
3 5 120 447 769 614 221
2 4689
1 804 6248
1 735 905
1 557 1182
3 2 40 777
3 1 114
1 179 8913
2 6447
1 482 3799
2 205
2 657
2 3765
3 3 451 317 995
3 1 540
3 8 609 521 425 363 329 538 418 142
2 5149
3 1 671
1 624 443
3 1 695
2 836
2 5989
2 552
3 1 508
3 2 355 767
1 829 2619
3 5 210 293 125 505 905
1 883 7554
2 9955
1 764 1417
3 3 93 828 913
3 1 704
2 6207
3 2 670 292
3 3 938 374 799
1 765 2636
2 2010
3 1 365
2 2781
2 8243
1 708 1630
3 4 854 631 786 598
3 2 603 493
3 1 674
3 4 228 529 590 131
3 1 952
1 115 7000
1 321 2162
3 1 60
3 1 449
3 1 613
2 3273
3 2 716 752
3 2 282 920
3 2 354 562
3 2 835 273
2 5480
3 2 506 959
2 2483
1 40 2702
3 3 75 694 706
3 3 954 985 824
3 3 389 974 198
1 439 2739
1 814 5426
3 8 85 257 975 817 175 907 525 935
2 3581
3 2 233 72
3 1 595
1 124 9306
3 1 415
3 2 939 771
3 1 660
1 146 1482
2 3403
2 5671
3 2 176 34
3 3 467 218 388
2 6085
1 755 2452
3 3 411 567 979
1 608 6465
1 693 3533
3 1 605
1 840 6114
1 190 2305
1 644 4494
1 32 696
3 1 296
1 349 3968
2 9019
1 539 1090
3 1 646
1 124 4813
3 1 146
3 1 842
1 851 8600
2 8963
3 1 963
3 1 702
2 8369
3 2 232 138
3 1 509
1 836 678
3 1 894
3 1 937
2 8055
1 483 453
1 626 3373
1 557 9291
1 188 3131
3 2 946 781
3 1 79
2 8302
3 1 827
3 1 170
1 28 7296
1 611 4051
1 91 7801
2 2163
3 3 268 571 157
3 1 265
3 1 187
3 3 554 619 965
3 3 43 758 77
3 4 929 129 838 895
1 855 4237
3 4 13 690 745 38
3 1 6
3 1 35
1 734 9702
2 9185
3 1 580
2 9784
1 138 3831
3 1 202
3 1 390
3 2 239 48
1 499 4293
3 4 500 887 212 878
2 7564
3 2 950 484
3 3 39 337 805
2 4998
2 2952
1 854 7851
1 195 9074
2 7498
3 1 1000
3 1 174
3 6 840 371 593 351 36 768
3 1 565
3 1 627
3 1 66
1 782 548
3 1 106
1 263 5117
2 1840
1 825 804
3 2 251 850
3 1 332
1 250 9645
1 252 7840
1 359 9244
2 6161
1 400 1677
2 5908
3 2 998 104
1 798 1921
2 530
3 2 473 169
2 9007
1 22 8124
3 3 653 32 652
1 825 4592
1 777 7192
3 1 853
2 7989
3 3 12 149 725
2 7633
3 2 76 279
3 2 587 668
3 1 41
2 1467
1 206 8884
3 3 641 471 264
3 1 455
2 2714
3 4 14 584 412 395
3 2 956 834
2 5073
2 7777
3 3 566 536 644
1 878 2982
3 3 797 373 555
3 2 54 465
3 4 167 815 244 569
1 343 8593
3 1 327
3 1 424
1 422 900
3 3 81 482 617
1 411 4246
3 1 219
3 2 955 712
1 897 1996
3 1 443
3 1 379
1 43 379
1 887 9426
3 1 583
3 1 971
3 1 86
2 6675
2 3305
3 4 897 283 398 399
2 9410
2 1075
3 1 606
3 3 295 636 203
3 2 591 599
3 2 83 783
3 1 904
2 3704
3 1 883
1 182 5061
2 7037
3 2 941 750
2 9019
3 5 735 95 1 168 635
3 1 581
1 147 3801
1 47 4088
3 4 136 930 962 899
3 1 570
1 450 9327
1 476 4598
2 3467
2 650
2 4637
3 7 70 241 348 968 62 575 997
2 3249
1 144 5079
1 143 4662
3 5 480 26 728 494 625
1 476 2830
1 395 1186
3 1 236
1 603 5185
3 3 164 708 699
3 1 588
1 871 1939
1 11 4947
1 647 1667
2 8576
3 1 794
3 2 307 49
3 1 370
3 1 765
3 2 526 519
2 9578
3 1 870
3 1 46
3 1 507
3 1 255
3 2 190 109
3 1 333
2 8854
3 2 489 989
2 1461
3 1 865
2 2892
1 538 9780
2 8480
2 9621
3 1 951
2 4526
3 3 740 967 633
3 5 499 413 180 844 994
3 1 918
3 1 407
3 1 137
2 261
3 1 206
1 76 5701
3 9 640 836 534 825 776 383 874 544 409
1 247 7851
1 576 349
3 1 879
3 1 787
2 1952
3 5 101 124 550 281 152
3 2 557 821
3 2 7 196
3 1 396
3 1 793
3 3 891 798 309
1 576 2474
3 1 916
2 9110
3 1 928
3 1 770
2 594
1 496 9120
1 825 3186
3 1 185
3 2 807 541
3 2 727 886
1 709 4636
1 131 8030
3 1 367
1 389 3229
1 634 825
2 920
2 9040
1 611 9464
1 844 6644
1 591 1492
1 684 9263
2 603
1 521 4952
1 113 6745
1 684 8559
1 681 6050
2 8737
1 709 3958
3 1 74
2 3663
2 5894
2 1249
1 876 5923
2 7003
1 584 6350
3 1 110
3 2 732 634
1 596 9240
3 1 700
2 2929
1 286 7521
3 1 230
3 3 860 551 948
1 295 9976
1 412 5780
2 222
2 3690
1 565 3782
2 6798
1 56 3903
3 2 394 972
3 1 444
3 3 165 226 243
3 2 387 703
2 9783
1 16 5204
2 3672
3 1 872
3 2 2 378
3 3 800 245 432
3 3 23 826 305
3 1 358
1 369 1706
1 847 4917
2 568
1 43 2061
1 201 5955
2 6342
2 5873
2 2403
1 800 9893
1 153 1962
3 1 470
1 37 5148
3 3 205 876 417
2 4246
1 748 3757
2 7999
2 7178
2 1901
3 3 406 910 80
3 2 586 193
3 3 377 44 301
3 1 981
3 1 404
1 207 1391
1 61 7796
1 764 2392
1 827 4526
1 129 1677
3 1 921
2 3338
2 3960
2 5171
3 1 172
2 3909
3 1 126
3 3 201 289 604
2 3135
3 1 687
2 7216
2 396
3 2 84 761
2 6524
3 1 364
3 1 677
1 383 2098
1000
959 374 868 557 701 695 38 25 274 803 670 527 235 696 636 640 594 820 46 600 274 247 925 755 456 882 150 367 880 19 251 155 382 547 300 278 121 762 981 198 369 208 857 818 295 112 251 758 458 422 495 75 762 498 162 479 733 44 316 206 785 227 62 418 252 275 915 929 410 614 4 869 200 536 265 274 71 32 109 482 667 437 313 557 368 206 780 965 629 29 624 336 140 124 55 624 822 490 82 194 967 357 424 67 646 287 836 345 141 785 11 223 391 696 771 499 45 254 988 168 518 276 756 415 522 942 801 117 701 134 132 416 113 664 514 802 521 686 100 772 228 369 496 819 523 272 970 892 534 140 251 975 784 615 711 549 671 291 990 893 287 921 245 215 667 533 156 634 529 48 694 696 412 754 162 127 599 60 110 933 532 365 101 976 762 546 284 653 726 898 520 138 165 545 779 732 3 628 507 465 978 477 586 831 928 977 549 898 641 903 192 437 222 359 608 83 650 411 199 295 121 768 990 159 867 391 339 836 772 705 115 435 615 331 711 364 441 348 569 725 694 631 279 744 6 317 174 733 879 57 745 673 340 180 403 408 427 951 45 370 736 950 80 524 663 688 812 965 831 39 959 324 172 950 139 932 987 528 725 395 924 25 525 722 93 854 535 361 555 472 833 665 430 382 847 514 514 559 809 84 577 665 923 119 48 701 827 976 13 203 385 660 717 937 41 677 308 259 6 105 348 134 931 486 397 208 967 681 92 919 538 398 39 907 489 163 236 308 665 530 826 999 843 795 554 171 343 127 38 696 47 838 498 771 788 785 112 967 695 281 596 960 743 807 958 654 406 36 185 212 707 882 304 306 872 482 815 626 821 816 592 643 67 512 247 486 953 666 486 71 1 443 449 819 976 863 158 10 137 695 813 942 560 594 31 930 152 718 310 579 685 178 669 837 116 456 439 268 240 849 348 57 412 79 464 208 124 202 635 314 762 443 592 743 343 673 7 606 270 486 165 14 759 842 414 446 107 26 427 98 891 212 658 989 828 659 287 214 739 367 185 452 959 993 162 386 711 205 604 729 644 883 468 754 455 904 876 265 611 912 978 1 213 102 836 259 517 920 35 296 908 879 510 767 859 138 794 145 444 965 359 105 667 420 729 916 915 709 627 46 207 154 768 112 758 787 180 881 587 169 116 819 349 583 770 466 314 187 743 311 229 916 63 496 123 461 124 935 749 311 646 993 934 61 660 356 995 13 549 840 229 841 718 770 4 467 764 151 302 634 775 64 32 800 485 154 38 403 844 781 137 752 232 101 791 245 483 807 738 481 176 611 346 795 177 353 632 99 934 712 833 494 278 653 254 520 907 11 189 316 812 272 342 534 617 800 190 113 751 425 94 737 547 148 378 362 752 161 854 863 793 141 165 662 588 346 618 354 128 562 808 524 810 229 436 785 263 576 370 159 168 597 469 556 261 252 226 967 495 980 562 226 693 173 196 416 449 829 413 399 411 193 628 683 799 837 526 527 221 231 74 586 725 416 444 447 984 79 145 662 296 246 537 541 835 516 318 584 237 489 336 576 575 295 574 586 91 168 988 810 912 928 597 220 536 17 802 841 306 446 931 899 90 422 156 324 961 738 388 378 339 790 243 562 908 939 425 390 59 563 219 443 337 677 850 585 660 466 633 323 287 984 545 298 447 12 730 780 330 318 414 678 816 808 833 921 236 259 171 397 890 377 591 454 529 854 444 329 428 931 885 507 311 485 722 860 174 300 150 563 668 494 695 733 537 397 963 936 484 496 946 647 770 781 523 268 425 973 392 977 477 249 421 41 460 490 945 76 280 27 855 217 153 947 371 62 337 286 551 830 427 840 508 202 290 311 428 126 740 361 814 323 801 822 928 73 769 600 407 578 374 427 695 865 607 591 727 915 4 110 619 975 717 534 401 997 849 345 485 191 550 430 683 543 599 640 859 16 976 132 985 711 450 243 455 737 518 611 158 991 711 138 689 314 811 861 206 917 490 574 499 491 302 759 926 238 535 612 866 494 549 460 959 750 972 834 913 481 610 913 841 513 39 285 261 437 498 563 812 614 478 986 591 747 852 957 908 414 645 755 10 130 10 498 787 808 339 782 632 508 441 242 629 845 462 512 652 933 632 623 109 274 31 18 763 692 580 639 463 386 547 609 311 109 751 359 503 596 85 129 405 251 55 334 666 43 98 60 750 601 151 117 21 679 812 674 418 72 735 935 641 270 324 324 11 387 32 525 259 727 
