90 50 50
10 1020
20 1030
1398 1701
40 1050
50 1060
1150 2064
70 1080
80 1090
406 883
100 1110
110 1120
976 1051
130 1140
140 1151
150 1160
160 1170
170 1180
180 1190
1304 1714
200 1210
210 1220
857 1911
230 1240
240 1250
250 1260
260 1270
270 1280
280 1290
290 1300
253 2058
310 1320
320 1330
330 1340
340 1350
313 472
360 1370
370 1380
380 1390
390 1400
400 1410
410 1420
593 1263
430 1440
890 1659
450 1460
460 1470
470 1480
480 1490
549 1504
500 1510
510 1520
520 1530
353 1395
540 1550
550 1560
560 1570
570 1580
580 1590
590 1600
600 1610
610 1620
1182 1277
630 1640
640 1650
650 1660
660 1670
670 1680
1105 1601
690 1700
144 355
710 1720
720 1730
568 1647
1275 2068
1649 1949
760 1770
770 1780
780 1790
333 1046
800 1810
810 1820
820 1830
830 1840
1369 1619
850 1860
860 1870
870 1880
159 469
891 1900
900 1910
910 1920
920 1930
930 1940
1764 2091
854 1325
366 1959
970 1980
980 1990
990 2000
1000 2010
