400 4000 1000
20 40
21990 96255
60 80
82 100
103 120
121 140
141 160
17378 18142
180 200
201 220
223 240
241 260
261 280
281 300
301 320
321 340
341 360
361 380
381 400
401 420
421 440
442 460
8012 80919
480 500
501 520
521 540
542 560
562 580
581 600
601 620
621 640
48998 51608
660 680
1220 34859
700 720
721 740
741 760
761 780
781 800
35710 80743
820 840
841 860
12430 16269
880 900
903 920
921 940
11679 76030
960 980
981 1000
1001 1020
1021 1040
1041 1060
5318 83021
1080 1100
1101 1120
1121 1140
1142 1160
1161 1180
1181 1200
49127 81424
1221 1240
60202 70496
1260 1280
1281 1300
1301 1320
39772 91467
45536 69332
1360 1380
1381 1400
1403 1420
40340 54929
32783 43651
1460 1480
1482 1500
1501 1520
1521 1540
37680 76969
1560 1580
1581 1600
1601 1620
10982 43848
1640 1660
1662 1680
1681 1700
1701 1720
20638 73198
1740 1760
34015 59189
1780 1800
1801 1820
1821 1840
1841 1860
1861 1880
78877 82802
1900 1920
1922 1940
1941 1960
1961 1980
77083 78686
2000 2020
2022 2040
2041 2060
2061 2080
2081 2100
2102 2120
2121 2140
2141 2160
21819 41267
2180 2200
2201 2220
2222 2240
2242 2260
2261 2280
58551 62195
15789 19302
2320 2340
61956 103389
8559 55467
11716 35566
2400 2420
2421 2440
68461 87556
2460 2480
2481 2500
2501 2520
2521 2540
2541 2560
2561 2580
2581 2600
2601 2620
2622 2640
2641 2660
2661 2680
42637 64649
68926 70964
2720 2740
2742 2760
2762 2780
2781 2800
9800 62639
2820 2840
2842 2860
2861 2880
7116 38936
2900 2920
2922 2940
2941 2960
2962 2980
2982 3000
7481 46609
3020 3040
3041 3060
3061 3080
3081 3100
3101 3120
48298 90717
3140 3160
3161 3180
2013 99515
3200 3220
3222 3240
3242 3260
3261 3280
3292 42860
3300 3320
3321 3340
3342 3360
3361 3380
148 73375
3400 3420
3421 3440
3441 3460
3461 3480
3481 3500
6290 88367
3520 3540
16377 103127
3560 3580
3581 3600
3601 3620
3621 3640
3641 3660
3662 3680
3681 3700
3701 3720
3722 3740
3741 3760
3761 3780
3783 3800
78947 97354
3820 3840
3841 3860
3861 3880
2793 54276
3900 3920
3921 3940
3941 3960
3961 3980
3981 4000
4001 4020
4023 4040
4043 4060
4061 4080
4082 4100
4101 4120
4121 4140
4141 4160
18468 89244
4180 4200
4201 4220
4221 4240
4242 4260
4261 4280
33598 38278
4300 4320
4321 4340
4341 4360
4362 4380
32639 91338
4400 4420
4421 4440
11686 49872
4460 4480
66609 77152
4500 4520
4522 4540
4543 4560
4561 4580
4581 4600
47292 60186
14500 48002
4640 4660
4662 4680
4681 4700
4701 4720
4721 4740
35886 91313
4760 4780
4781 4800
38173 47901
4820 4840
4841 4860
2665 92275
418 37169
4900 4920
4923 4940
4941 4960
4963 4980
4981 5000
82826 89049
2963 28295
36396 91411
20801 86041
5080 5100
5101 5120
5121 5140
5141 5160
48436 67881
5180 5200
46682 60173
5220 5240
5241 5260
5261 5280
8807 19041
5300 5320
5321 5340
5341 5360
5362 5380
48907 77002
5400 5420
5422 5440
5441 5460
5461 5480
5481 5500
5501 5520
44901 99532
5540 5560
5561 5580
5582 5600
5601 5620
5621 5640
5643 5660
67401 84805
5680 5700
5701 5720
32778 74161
5740 5760
5762 5780
27021 33193
48737 58793
5820 5840
5841 5860
8839 71424
19796 73449
5900 5920
5921 5940
5942 5960
5961 5980
5981 6000
6001 6020
6021 6040
6042 6060
6062 6080
6081 6100
6101 6120
6121 6140
6142 6160
6161 6180
6181 6200
6201 6220
6223 6240
49765 55409
6260 6280
41095 56659
6300 6320
6323 6340
7086 88026
6360 6380
6381 6400
6401 6420
6421 6440
6441 6460
6461 6480
6482 6500
18055 85512
6520 6540
6541 6560
6561 6580
6582 6600
15441 74511
6620 6640
6641 6660
1186 18202
6680 6700
6701 6720
6625 13091
6740 6760
6761 6780
18382 53668
6800 6820
6821 6840
6841 6860
6861 6880
6882 6900
6902 6920
6922 6940
6942 6960
6961 6980
6983 7000
7001 7020
7021 7040
11096 36231
7060 7080
7082 7100
7101 7120
7121 7140
7141 7160
7162 7180
11013 50461
7200 7220
7221 7240
7243 7260
7261 7280
30235 78754
7300 7320
7321 7340
7341 7360
7362 7380
7382 7400
59271 71152
7420 7440
7442 7460
7461 7480
7482 7500
44003 64248
7520 7540
7541 7560
7564 7580
7581 7600
7601 7620
7621 7640
7641 7660
7661 7680
7681 7700
7701 7720
12394 25601
40481 62733
7760 7780
35093 98230
7800 7820
7821 7840
7841 7860
2994 35131
7880 7900
7901 7920
7924 7940
7941 7960
7961 7980
7981 8000
8002 8020
8021 8040
8041 8060
41357 83121
8080 8100
10941 28941
8120 8140
8141 8160
8162 8180
8181 8200
8202 8220
8223 8240
8241 8260
8261 8280
8281 8300
8301 8320
8321 8340
40270 98278
8360 8380
8383 8400
69271 99832
8420 8440
32560 41564
8460 8480
8481 8500
8501 8520
8521 8540
8541 8560
8562 8580
8581 8600
8602 8620
33202 87909
8640 8660
8661 8680
8681 8700
8701 8720
8722 8740
49189 78883
8760 8780
8781 8800
8802 8820
11883 29633
8840 8860
8861 8880
8881 8900
8901 8920
8923 8940
8941 8960
8963 8980
8982 9000
56054 89932
9020 9040
93395 95987
9060 9080
9081 9100
9101 9120
15964 68509
9140 9160
9162 9180
3742 28556
9200 9220
9222 9240
9242 9260
9261 9280
9281 9300
8582 75487
39691 95341
9340 9360
9362 9380
9382 9400
9402 9420
9421 9440
59391 89272
25381 75942
14672 15115
45916 104782
9520 9540
9541 9560
9561 9580
9581 9600
1932 71017
9620 9640
9641 9660
9661 9680
8450 47410
37619 38182
9720 9740
9741 9760
9761 9780
9781 9801
88971 91675
21102 31367
9840 9860
9861 9880
9881 9900
9902 9920
9921 9940
9941 9960
9961 9980
4567 59012
36430 101480
10020 10040
10041 10060
10062 10080
10085 10100
10103 10120
10121 10140
10141 10160
21208 34456
10180 10200
10201 10220
40823 54300
10240 10260
71298 94361
66386 79261
10300 10320
10321 10340
10343 10360
10362 10380
10382 10400
10402 10420
10422 10440
10747 74946
10460 10480
10482 10500
10501 10520
47823 82940
10540 10560
10561 10580
10581 10600
10601 10620
10624 10640
10642 10660
10661 10680
89365 98823
10700 10720
10724 10740
10741 10760
10761 10780
10783 10800
10802 10820
50666 77008
10840 10860
58866 69420
10880 10900
10902 10920
27799 85015
10940 10960
32243 103695
10980 11000
11001 11020
72342 87547
11040 11060
11061 11080
11081 11100
11101 11120
27353 92745
11140 11160
11162 11180
11182 11200
11201 11220
14130 15978
8729 61192
11260 11280
11281 11300
11301 11320
11323 11340
11341 11360
33970 41761
11380 11400
11402 11420
11421 11440
56568 98405
50165 69272
11480 11500
11501 11520
11521 11540
11541 11560
11561 11580
11582 11600
11601 11620
11621 11640
11641 11660
11661 11680
11681 11700
11701 11720
36218 36701
11740 11760
11761 11780
11781 11800
11801 11820
20987 59970
11840 11860
11862 11880
11881 11900
11901 11920
11921 11940
71878 100762
11960 11980
11981 12000
12001 12020
28462 53091
12040 12060
12061 12080
12083 12100
36118 45861
48383 68286
3069 95835
12160 12180
12639 50002
12200 12220
12221 12240
12241 12260
44019 81700
12280 12300
12302 12320
64075 68558
12340 12360
12361 12380
12381 12400
8018 93251
4506 63311
12440 12460
12461 12480
12481 12500
78024 98632
12520 12540
12542 12560
12561 12580
12378 64693
20132 99490
65420 104273
12640 12660
12663 12680
12681 12700
12701 12720
2639 104323
12740 12760
59843 91783
12780 12800
12801 12820
12821 12840
35606 47838
12860 12880
12881 12900
12901 12920
12922 12940
12941 12960
12962 12980
12982 13000
13002 13020
13021 13040
13045 13060
13061 13080
38100 71286
13100 13120
13121 13140
13142 13160
13161 13180
13181 13200
13202 13220
24216 42996
13240 13260
13262 13280
13281 13300
12608 16706
6608 34602
13340 13360
13363 13380
13383 13400
13403 13420
13421 13440
13442 13460
13461 13480
13481 13500
13502 13520
13521 13540
13541 13560
13561 13580
13581 13600
9492 30535
13620 13640
13641 13660
13661 13680
13681 13700
13701 13720
13722 13740
13741 13760
13761 13780
36041 86304
24780 72321
5676 6987
13840 13860
7003 82413
13880 13900
13901 13920
13921 13940
13941 13960
13961 13980
44136 87973
14000 14020
14022 14040
14042 14060
14062 14080
14083 14100
14101 14120
18688 59444
14140 14160
33715 75467
14180 14200
14201 14220
14221 14240
14242 14260
14261 14280
14282 14300
14301 14320
14321 14340
14342 14360
14361 14380
14381 14400
14401 14420
14421 14440
14441 14460
14464 14480
14481 14501
14504 14520
14521 14540
14541 14560
14561 14580
14582 14600
14601 14620
14621 14640
14641 14660
14661 14680
14682 14700
14701 14720
9017 60728
14740 14760
14761 14780
14781 14800
14801 14820
14821 14840
14842 14860
35192 80567
14880 14900
14901 14920
14922 14940
32829 53556
55265 73011
14980 15000
15001 15020
28172 89405
15040 15060
15062 15080
15081 15100
20981 45530
15120 15140
15141 15160
15161 15180
15181 15200
15201 15220
15222 15240
15241 15260
15262 15280
15281 15300
15302 15320
15321 15340
15341 15360
15362 15380
15381 15400
15401 15420
15422 15440
15444 15460
15461 15480
15483 15500
15503 15520
15521 15540
15541 15560
15561 15580
40055 75750
15600 15620
15621 15640
15641 15660
15661 15680
26159 103028
45320 49468
15720 15740
13586 52114
15760 15780
15781 15800
15801 15820
15822 15840
59991 103950
15860 15880
15881 15900
15901 15920
15921 15940
15941 15960
15962 15980
8659 45819
16000 16020
16021 16040
16041 16060
16063 16080
16081 16100
16101 16120
16121 16140
16142 16160
16161 16180
16181 16200
16201 16220
16221 16240
16243 16260
58317 63794
16280 16300
62531 67041
26405 84772
16340 16360
16362 16380
16381 16400
16401 16420
16423 16440
16441 16460
63441 66293
16480 16500
16501 16520
58011 64130
16540 16560
16561 16580
16582 16600
16601 16620
16621 16640
16642 16660
16661 16680
16681 16700
6516 19540
16720 16740
16741 16760
56890 63732
16780 16800
16803 16820
16821 16840
48781 57068
16860 16880
16883 16900
30459 100112
16920 16940
16941 16960
16961 16980
66913 79241
17000 17020
17021 17040
8007 47913
17060 17080
17081 17100
177 72937
48244 57810
22205 56519
17160 17180
17181 17200
17201 17220
17223 17240
17241 17260
17261 17280
17284 17300
17301 17320
17321 17340
14797 60458
17360 17380
8734 12127
17400 17420
17421 17440
17441 17460
17461 17480
17482 17500
17502 17520
17521 17540
17542 17560
17562 17580
17581 17600
17603 17620
57629 76898
17640 17660
17661 17680
40777 59652
17700 17720
17723 17740
17741 17760
17762 17780
17783 17800
17803 17820
17821 17840
17841 17860
17861 17880
17881 17900
17901 17920
17921 17940
17941 17960
17961 17980
17981 18000
18001 18020
2131 19630
18040 18060
18061 18080
18081 18100
68968 71008
18120 18140
45388 98737
18160 18180
61432 85527
18200 18220
18221 18240
13253 95667
3158 9995
18280 18300
18301 18320
18321 18340
18342 18360
18361 18380
18383 18400
15938 104025
72190 86476
7872 34231
16291 101285
51671 86116
18500 18520
3830 98986
18540 18560
18561 18580
18584 18600
18601 18620
18622 18640
18641 18660
18662 18680
25332 88332
18700 18720
18722 18740
14049 103886
18760 18780
18781 18800
18801 18820
18821 18840
18841 18860
18861 18880
48151 103470
11579 47438
25675 45937
18940 18960
18962 18980
18981 19000
19001 19020
19021 19040
19042 19060
29465 43948
27768 37681
19100 19120
45731 88372
19140 19160
40581 66176
19180 19200
19201 19220
19222 19240
19241 19260
19262 19280
16430 88072
19300 19320
19322 19340
19342 19360
19361 19380
19381 19400
19402 19420
8612 81373
19440 19460
19461 19480
19482 19500
19501 19520
27183 41333
19541 19560
52480 82235
19580 19600
19601 19620
19621 19640
6111 21088
19660 19680
19682 19700
19701 19720
19722 19740
19741 19760
19761 19780
19781 19800
19801 19820
19821 19840
19841 19860
19861 19880
19881 19900
19901 19920
19922 19940
19941 19960
55993 70680
19980 20000
18234 21737
20020 20040
31963 37794
20060 20080
20081 20100
20102 20120
20121 20140
20141 20160
20161 20180
20184 20200
57744 67141
65777 70827
20240 20260
20262 20280
20281 20300
20301 20320
20321 20340
20341 20360
20361 20380
20382 20400
73165 74896
20420 20440
20442 20460
13926 76736
13357 99616
20500 20520
20521 20540
20541 20560
14151 100612
20580 20600
20601 20620
20622 20640
20641 20660
20661 20680
20682 20700
20703 20720
20721 20740
20742 20760
20761 20780
20781 20800
20802 20820
20821 20840
20842 20860
20861 20880
20881 20900
20902 20920
20921 20940
20941 20960
20961 20980
20982 21000
21002 21020
21021 21040
21041 21060
4435 54769
12948 88089
21100 21120
78649 93688
21140 21160
21162 21180
21181 21200
21201 21220
21221 21240
21241 21260
46911 84839
21280 21300
21303 21320
21321 21340
21342 21360
21361 21380
21381 21400
83297 84770
21420 21440
21441 21460
29090 102231
51492 71650
21500 21520
21522 21540
21055 94176
21560 21580
44065 77263
21600 21620
21621 21640
21643 21660
21661 21680
21682 21700
21701 21720
64585 95293
21740 21760
21762 21780
21783 21800
21801 21820
21821 21840
21841 21860
21861 21880
30885 79368
21900 21920
21922 21940
21942 21960
21961 21980
21981 22000
24959 25368
22020 22040
22042 22060
22062 22080
22081 22100
22101 22120
40258 48196
22140 22160
22161 22180
22182 22200
22203 22220
21806 54672
22240 22260
22262 22280
22282 22300
22301 22320
22321 22340
22342 22360
11498 41834
22380 22400
22401 22420
22421 22440
61748 70209
14313 35747
22480 22500
61248 65909
27246 68590
22540 22560
12499 72332
22580 22600
22601 22620
22621 22640
43090 62618
23561 75916
22680 22700
22701 22720
22721 22740
22741 22760
6294 89163
22780 22800
22801 22820
22821 22840
22841 22860
22862 22880
22883 22900
60535 92982
22920 22940
22943 22960
22961 22980
64169 64987
23000 23020
23022 23040
23041 23060
23061 23080
23082 23100
23101 23120
23122 23140
23143 23160
23161 23180
23182 23200
4493 42653
23220 23240
23241 23260
23261 23280
23281 23300
5504 66446
6463 53477
23340 23360
23361 23380
23382 23400
23401 23420
23421 23440
27950 50102
23460 23480
23481 23500
23501 23520
23521 23540
23541 23560
8794 103872
79337 81825
23600 23620
23622 23640
23641 23660
23661 23680
23681 23700
23702 23720
23721 23740
23741 23760
23762 23780
23783 23800
23801 23820
89675 90107
23840 23860
23861 23880
61488 102728
23900 23920
23921 23940
23941 23960
23961 23980
23981 24000
24001 24020
24021 24040
24041 24060
24061 24080
24082 24100
24101 24120
24121 24140
24141 24160
1457 65109
24180 24200
24202 24220
24221 24240
24241 24260
24262 24280
24281 24300
34623 51615
24320 24340
24341 24360
24361 24380
24382 24400
24402 24420
24421 24440
20276 98993
78095 100917
24480 24500
24501 24520
24522 24540
24541 24560
24561 24580
24581 24600
37606 69621
24620 24640
24641 24660
24661 24680
24682 24700
8291 83643
24720 24740
15236 92910
24760 24781
24782 24800
24803 24820
50367 98846
24840 24860
24861 24880
35537 87115
24900 24920
24922 24940
24942 24960
24961 24980
24981 25000
25001 25020
43141 78935
47792 51323
25060 25080
2543 90741
25100 25120
25122 25140
99847 101572
25160 25180
25182 25200
70526 99679
25220 25240
25241 25260
25261 25280
25281 25300
27010 39650
25320 25340
25342 25360
25363 25380
67133 95286
25400 25420
25422 25440
25441 25460
25462 25480
25481 25500
25503 25520
72275 104500
25540 25560
25561 25580
25581 25600
25603 25620
25621 25640
25641 25660
25661 25680
25681 25700
25702 25720
25722 25740
70569 100726
25760 25780
25782 25800
25801 25820
25824 25840
16311 57665
25860 25880
25881 25900
25901 25920
25921 25940
25941 25960
25961 25980
25981 26000
26001 26020
26021 26040
26041 26060
52291 103933
26080 26100
26102 26120
26121 26140
26142 26160
26161 26180
53415 84142
26200 26220
26221 26240
26241 26260
26261 26280
26281 26300
39208 75252
26320 26340
26342 26360
26361 26380
26382 26400
26402 26420
26421 26440
46342 51873
26460 26480
26482 26500
26501 26520
26521 26540
26542 26560
26565 26580
63835 66172
34474 102283
26620 26640
26641 26660
4910 71333
26680 26700
63974 85023
26720 26740
26741 26760
26761 26780
26782 26800
26802 26820
26821 26840
26841 26860
40461 91985
26880 26900
45477 83751
26920 26940
26941 26960
26961 26980
26981 27000
27001 27020
27022 27040
27042 27060
27062 27080
27081 27100
27102 27120
27121 27140
27142 27160
27161 27180
27181 27200
27201 27220
47678 78535
27240 27260
27261 27280
27281 27300
27301 27320
45256 86691
27340 27360
14218 54978
27380 27400
27401 27420
27421 27440
27441 27460
1773 25897
27480 27500
27501 27520
27521 27540
27541 27560
27561 27580
27581 27600
27601 27620
51556 86436
27640 27660
47592 100667
27680 27700
27701 27720
27721 27740
27742 27760
27762 27780
27782 27800
27801 27820
20348 36770
27840 27860
27861 27880
30507 87095
27900 27920
27921 27940
51359 99119
27960 27980
37058 84553
3916 94282
28020 28040
28041 28060
28061 28080
28081 28100
28101 28120
43013 97434
28140 28160
28162 28180
28181 28200
28202 28220
30371 67117
28240 28260
52069 89349
28280 28300
46056 84895
2549 66039
28340 28360
28361 28380
28382 28400
28402 28420
28421 28440
12553 19442
28460 28480
28482 28500
28502 28520
4457 74202
28540 28560
52880 94605
28580 28600
28602 28620
28621 28640
28641 28660
28661 28680
39173 90322
28700 28720
66157 101798
28740 28760
34804 79147
28780 28800
28801 28820
17015 78590
79628 103976
28860 28880
34771 62695
28900 28920
28922 28940
28943 28960
28962 28980
63772 76877
823 103965
29020 29040
29041 29060
54789 84682
41668 65587
29100 29120
29121 29140
74084 79056
29160 29180
29181 29200
29201 29220
29223 29240
59717 60842
29260 29280
29281 29300
29302 29320
29321 29340
29342 29360
29361 29380
10209 76866
29400 29420
29421 29440
29441 29460
29461 29480
5924 19679
4496 26005
29520 29540
29541 29560
29562 29580
29581 29600
29601 29620
29621 29640
29641 29660
29661 29680
29681 29700
29701 29720
29722 29740
29741 29760
29761 29780
29781 29800
29801 29820
29821 29840
29842 29860
29861 29880
29882 29900
29901 29920
29921 29940
29941 29960
29961 29980
29982 30000
30001 30020
30021 30040
82275 83397
30060 30080
30081 30100
30101 30120
39837 51399
30140 30160
30163 30180
16470 69453
30200 30220
30222 30240
30242 30260
30262 30280
30281 30300
30302 30320
30322 30340
30341 30360
30361 30380
30383 30400
59 77518
72532 79206
30440 30460
30462 30480
30481 30500
30501 30520
30522 30540
30543 30560
30562 30580
53133 88717
30600 30620
30621 30640
30641 30660
30661 30680
30681 30700
35042 52079
30720 30740
28184 79488
30760 30780
30781 30800
30801 30820
9756 49093
30840 30860
30862 30880
30881 30900
30902 30920
30921 30940
30942 30960
30961 30980
30981 31000
52389 98721
31020 31040
31041 31060
31061 31080
31082 31100
31101 31120
31122 31140
31141 31160
31162 31180
31181 31200
31201 31220
24311 60514
31240 31260
31261 31280
31281 31300
31301 31320
31322 31340
3615 36806
31360 31380
31381 31400
76727 103559
31420 31440
11142 30515
31460 31480
31481 31500
1478 28006
31520 31540
64860 96505
31560 31580
31581 31600
31601 31620
31621 31640
58594 76722
31660 31680
31683 31700
31701 31720
31722 31740
31742 31760
31761 31780
31782 31800
31801 31820
31821 31840
31841 31860
31861 31880
31882 31900
31901 31920
31921 31940
31941 31960
93486 97339
31980 32000
32001 32020
32021 32040
32041 32060
32061 32080
32081 32100
32101 32120
32121 32140
18745 61929
32160 32180
32183 32200
32201 32220
32221 32240
32241 32260
78532 91601
32280 32300
32301 32320
42024 59681
32340 32360
32361 32380
32381 32400
32402 32420
32421 32440
32443 32460
32461 32480
32482 32500
32501 32520
32521 32540
32541 32562
32561 32580
12613 59183
32600 32620
17809 87796
32640 32660
32661 32680
32682 32700
32701 32720
24713 28235
32740 32760
1795 99227
32780 32800
32802 32820
32821 32840
5204 90053
32860 32880
32881 32900
32902 32920
32921 32940
32941 32960
32961 32980
32981 33000
33003 33020
5256 96319
1828 37382
33060 33080
33081 33100
33101 33120
33121 33140
33141 33160
76960 86869
33180 33200
9942 18286
33220 33240
16843 36202
67920 72089
33280 33300
33301 33320
33321 33340
33341 33360
2165 82049
33380 33400
33401 33420
33421 33440
33441 33460
33461 33480
33481 33500
33501 33520
33522 33540
50052 53389
37452 69810
33580 33600
33601 33620
33623 33640
33641 33660
33661 33680
33681 33700
33701 33720
33721 33740
33741 33760
33761 33780
26724 88488
33800 33820
33821 33840
33841 33860
33863 33880
33881 33900
42127 100238
33920 33940
33941 33960
33962 33980
33982 34000
46475 55849
40932 44873
34040 34060
34061 34080
34081 34100
34102 34120
34121 34140
34142 34160
34162 34180
34181 34200
34201 34220
34221 34240
34242 34260
34261 34280
34281 34300
34302 34320
34322 34340
34341 34360
62130 79503
34380 34400
34401 34420
34422 34440
34442 34460
52390 53344
34480 34500
75114 101650
34520 34540
21418 36965
34560 34580
34581 34600
34601 34620
1675 16036
34640 34660
34661 34680
34681 34700
34702 34720
34722 34740
34742 34760
34761 34780
34781 34800
34801 34820
34821 34840
39167 81950
64252 73487
34880 34900
34902 34920
34921 34940
34941 34960
86338 94532
19074 29035
35000 35020
35021 35040
35041 35060
35062 35080
35081 35100
35101 35120
35121 35140
35142 35160
97012 98760
35180 35200
5681 45009
35220 35240
35241 35260
35261 35280
35282 35300
29937 63352
3135 104734
35340 35360
35361 35380
52016 92949
35400 35420
76935 100979
35440 35460
35461 35480
35482 35500
35502 35520
35521 35540
35542 35560
35562 35580
40221 40813
35600 35620
35622 35640
56653 77253
34488 65198
8237 69695
41219 94843
35720 35740
17686 83095
35760 35780
54930 76653
65884 68400
35820 35840
35841 35860
35861 35880
35881 35900
21554 101695
18303 68182
35940 35960
35963 35980
35981 36000
36001 36020
36021 36040
36043 36060
36061 36080
3093 104041
36100 36120
36121 36140
36141 36160
36163 36180
36181 36200
36203 36220
36221 36240
67431 87679
36260 36280
36281 36300
13869 18422
36320 36340
8641 79791
36360 36380
36382 36400
86838 96657
36420 36440
36441 36460
44522 74473
36480 36500
36501 36520
48850 98369
36540 36560
36561 36580
36581 36600
36601 36620
36621 36640
36641 36660
36661 36680
69954 70519
36700 36720
36721 36740
9064 62056
36760 36780
36781 36800
36802 36820
36821 36840
36841 36860
73213 89463
36880 36900
36902 36920
54476 54659
36940 36960
48452 89544
4501 95347
37000 37020
37022 37040
37041 37060
19161 103551
37080 37100
37102 37120
66841 82904
37140 37160
37161 37180
35812 78018
73573 82510
37220 37240
44067 104450
37260 37280
4753 88250
37300 37320
370 36165
23765 27586
38944 71769
37380 37400
37402 37420
37421 37440
12103 15512
37460 37480
37481 37500
37501 37520
37521 37540
37541 37560
37561 37580
37581 37600
37601 37620
37623 37640
37642 37660
37662 37682
37683 37700
37702 37720
37721 37740
26481 53739
37760 37780
37782 37800
40846 86598
37820 37840
37841 37860
37862 37880
37881 37900
37901 37920
37921 37940
78378 94063
37960 37980
37982 38000
38001 38020
38021 38040
38041 38060
38061 38080
38082 38102
38101 38120
85162 100002
38140 38160
38161 38180
38181 38200
38201 38220
38221 38240
61149 91317
38260 38280
38281 38300
10807 22351
38320 38340
38342 38360
38361 38380
28501 96177
38400 38420
38421 38440
38441 38460
38461 38480
38481 38500
38501 38520
38522 38540
41113 103833
38560 38580
38581 38600
38006 42517
38620 38640
12764 25934
38660 38680
38681 38700
38701 38720
38721 38740
16442 101046
38760 38780
38782 38800
38801 38820
38821 38840
38841 38860
38861 38880
23430 27885
23707 72515
38920 38940
38942 38960
13283 72262
51686 95836
19092 56715
39020 39040
39041 39060
39061 39080
39081 39100
39101 39120
39122 39140
39141 39160
54039 86640
39180 39200
39202 39220
39221 39240
39241 39260
39261 39280
39281 39300
39302 39320
39321 39340
39341 39360
39361 39380
39382 39400
39401 39420
39421 39440
39441 39460
27156 104537
39480 39500
39501 39520
39522 39540
39542 39560
39562 39580
39582 39600
10125 55421
39620 39640
39641 39660
39661 39680
39681 39700
39701 39720
39722 39740
39741 39760
22043 75882
39780 39800
39801 39820
39824 39840
39843 39860
39861 39880
39881 39900
27054 99507
39920 39940
39941 39960
39961 39980
39982 40000
2166 8036
40020 40040
40041 40060
40061 40080
28715 103567
40100 40120
40121 40140
40141 40160
40161 40180
40181 40200
40201 40220
40222 40240
40241 40260
40261 40280
40281 40300
12512 17715
40320 40341
40342 40360
90460 97995
40380 40400
40401 40420
40422 40440
53155 89186
40460 40480
40482 40500
40501 40520
95099 96422
40540 40560
40561 40580
40582 40600
84337 95328
40620 40640
40641 40660
15547 23695
40680 40700
40701 40720
62863 82878
40740 40760
75699 82566
40780 40800
40801 40820
40821 40840
40841 40860
40861 40880
40881 40900
40901 40920
40921 40940
40941 40960
40963 40980
40981 41000
41001 41020
63180 68923
41040 41060
36983 52476
41080 41100
41101 41120
41121 41140
41141 41160
41161 41180
27821 29632
41200 41220
41221 41240
41241 41260
41264 41280
41281 41300
41301 41320
41321 41340
9454 95743
41360 41380
11818 88513
41400 41420
41421 41440
41441 41460
41461 41480
41481 41500
41501 41520
41522 41540
41541 41560
74326 81076
41580 41600
41601 41620
22416 35708
41640 41660
41661 41680
41681 41700
41701 41720
41721 41740
41741 41760
41762 41780
41781 41800
41801 41820
41821 41840
41841 41860
41861 41880
41881 41900
41901 41920
41922 41940
41941 41960
100416 101824
41980 42000
42001 42020
42021 42040
42041 42060
42061 42080
42081 42100
42102 42120
42121 42140
102530 102748
42160 42180
56351 69564
42200 42220
42221 42240
42241 42260
42262 42280
42281 42300
42301 42320
42323 42340
42341 42360
42361 42380
42382 42400
42401 42420
42422 42440
42442 42460
42461 42480
42481 42500
42501 42520
42521 42540
42541 42560
42561 42580
42581 42600
42601 42620
42621 42640
42641 42660
42661 42680
42681 42700
64005 71528
42720 42740
42741 42760
42761 42780
42782 42800
42801 42820
90507 97103
42840 42861
42863 42880
19080 60810
4432 47793
42920 42940
42941 42960
42962 42980
42983 43000
43001 43020
43021 43040
6850 56571
2609 84494
45092 48287
43100 43120
43121 43140
43145 43160
43161 43180
43181 43200
57554 92775
43220 43240
63280 67145
43260 43280
43281 43300
43302 43320
43321 43340
43341 43360
14207 93951
43380 43400
43401 43420
15826 25544
43440 43460
11648 74057
56986 97069
43500 43520
43521 43540
43541 43560
43562 43580
43581 43600
43601 43620
43622 43640
43641 43660
43661 43680
43681 43700
43701 43720
43721 43740
43743 43760
43761 43780
43781 43800
43801 43820
43821 43840
43841 43860
43862 43880
43882 43900
43901 43920
43921 43940
43941 43960
43961 43980
14513 54226
44000 44020
44022 44040
44043 44060
68902 83542
41716 46242
44100 44120
44121 44140
21068 74773
44160 44180
44181 44200
48764 89459
44220 44240
44241 44260
44261 44280
44282 44300
44302 44320
44322 44340
20763 98455
44360 44380
44383 44400
44401 44420
44421 44440
44442 44460
44461 44480
44482 44500
44502 44520
54554 56294
66545 97613
44560 44580
11539 24173
44600 44620
44621 44640
44641 44660
44662 44680
44681 44700
44701 44720
44721 44740
18456 76564
44760 44780
44781 44800
44801 44820
75450 99889
44840 44860
44862 44880
30123 68656
44900 44920
80873 93043
44940 44960
44961 44980
44982 45000
45001 45020
45023 45040
45042 45060
45062 45080
45082 45100
45102 45120
17383 72908
83647 92981
45160 45180
45182 45200
45201 45220
45222 45240
45242 45260
45262 45280
45281 45300
45301 45321
45323 45340
34983 69481
45360 45380
45382 45400
45401 45420
45423 45440
45444 45460
45461 45480
45481 45500
45502 45520
71120 88688
45540 45560
45562 45580
25564 31145
45600 45620
45622 45640
45641 45660
45663 45680
45681 45700
45702 45720
45722 45740
45742 45760
45761 45780
10545 103555
45800 45820
45822 45840
73277 99795
45860 45880
45881 45900
45901 45920
45921 45940
45941 45960
47008 68653
45980 46000
46001 46020
49028 73505
46040 46060
8112 54827
46080 46100
23667 71861
46120 46140
46141 46160
85002 104684
46180 46200
24189 28027
46220 46240
46241 46260
46262 46280
46284 46300
46302 46320
46321 46340
46341 46360
2341 21707
46380 46400
46403 46420
46421 46440
46441 46460
46462 46480
18731 26107
46500 46520
46521 46540
46541 46560
46561 46580
46581 46600
46602 46620
31509 77343
59079 82873
20451 46057
46680 46700
46701 46720
46721 46740
46743 46760
46761 46780
46781 46800
46801 46820
46822 46840
46842 46860
46861 46880
46881 46900
46902 46920
46921 46940
46941 46960
46961 46980
46982 47000
47001 47020
50179 89035
47040 47060
47061 47080
47082 47100
47101 47120
47121 47140
47141 47160
47161 47180
47181 47200
47201 47220
47221 47240
1729 75336
47260 47280
47282 47300
47302 47320
47323 47340
25765 71322
47360 47380
47381 47400
47401 47420
38311 86074
24319 54892
58694 78007
47480 47500
47502 47520
47521 47540
47542 47560
47562 47580
47581 47600
47602 47620
47622 47640
47641 47660
47661 47680
47681 47700
47701 47720
47721 47740
47742 47760
47762 47780
47784 47800
47801 47820
47822 47840
47841 47860
47861 47880
47882 47900
47903 47920
47921 47940
47941 47960
47961 47980
47981 48000
48001 48020
48022 48040
48041 48060
48061 48080
48081 48100
48771 59559
48120 48140
48142 48160
48161 48180
48182 48200
48202 48220
48221 48240
48241 48260
48263 48280
48281 48300
48301 48320
55963 57583
48340 48360
48361 48380
48381 48400
48401 48420
48421 48440
48441 48460
48462 48480
48481 48500
48501 48520
48521 48540
48543 48560
48561 48580
48581 48600
48602 48620
10894 71588
48640 48660
3848 91231
58620 61524
16379 50789
48720 48740
48744 48760
6826 59606
48780 48800
59540 60628
48820 48840
21150 92944
48860 48880
48882 48900
34130 56161
11571 50017
45724 103777
48960 48980
48981 49000
49002 49020
49021 49040
49041 49060
49061 49080
49082 49100
6135 67683
49120 49140
49141 49160
49162 49180
49182 49200
49201 49220
89296 89650
48510 70072
49260 49280
49281 49300
49301 49320
49322 49340
49342 49360
49361 49380
49382 49400
49401 49420
49422 49440
49441 49460
49461 49480
49481 49500
49501 49520
31348 41270
49540 49560
12423 16373
49580 49600
49601 49620
49621 49640
49641 49660
72579 93886
48921 79163
49700 49720
49721 49740
49742 49760
49761 49780
49782 49800
25894 89578
49820 49840
49841 49860
49861 49880
49881 49900
49901 49920
49922 49940
49941 49960
49961 49980
49981 50000
50001 50020
50021 50040
50041 50060
39438 104468
50080 50100
50103 50120
50122 50140
50142 50160
57020 85734
50180 50200
50202 50220
50221 50240
50241 50260
50262 50280
50281 50300
35063 40848
50320 50340
50341 50360
50361 50380
50381 50400
50401 50420
50421 50440
51787 87934
50460 50480
11246 18065
50500 50520
50521 50540
50541 50560
50561 50580
50582 50600
50601 50620
44230 82854
50640 50660
50661 50680
50683 50700
50701 50720
50721 50740
50741 50760
50761 50780
50781 50800
50802 50820
50821 50840
50842 50860
50862 50880
32978 93421
50900 50920
50922 50940
50941 50960
50961 50980
50985 51000
51001 51020
51021 51040
51042 51060
51062 51080
743 80162
51100 51120
51122 51140
51141 51160
51162 51180
51181 51200
51201 51220
51221 51240
13223 31717
51260 51280
51281 51300
51303 51320
51322 51340
34314 90973
51360 51380
51381 51400
51402 51420
51421 51440
51441 51460
51461 51480
51481 51500
51501 51520
51521 51540
51541 51560
51561 51580
33216 78005
51600 51620
51621 51640
51641 51660
51662 51680
51681 51700
51702 51720
51721 51740
17481 69166
51760 51780
51781 51800
51801 51820
51822 51840
51841 51860
51861 51880
51881 51900
27208 41844
51920 51940
51941 51960
61608 101611
51980 52000
52001 52020
52022 52040
52041 52060
52061 52080
52083 52100
39889 86035
12743 94459
52140 52160
52161 52180
52181 52200
30662 70614
52220 52240
52241 52260
52261 52280
52281 52300
52301 52320
9506 81815
52340 52360
52361 52380
52382 52400
52401 52420
52421 52440
29542 37152
52460 52482
52481 52500
52501 52520
52522 52540
52541 52560
4416 80665
52580 52600
52601 52620
52621 52640
52641 52660
52662 52680
52682 52700
642 65580
52720 52740
52741 52760
70786 98098
52780 52800
52801 52820
52821 52840
5897 93211
52860 52881
11613 70698
52900 52920
52921 52940
52942 52960
52961 52980
52981 53000
53001 53020
53022 53040
53041 53060
41843 65745
53080 53100
53101 53120
53121 53140
53141 53160
53161 53180
53181 53200
47168 81964
53220 53240
53241 53260
53261 53280
53281 53300
53301 53320
53322 53340
6472 71975
53360 53380
68933 98779
53400 53420
590 26171
9686 102957
53460 53480
53481 53500
53501 53520
53521 53540
53541 53560
69890 80006
53580 53600
53604 53620
53621 53640
53641 53660
47905 63043
25033 68929
24093 42130
53720 53740
53741 53760
53761 53780
42005 84048
53800 53820
53821 53840
53841 53860
53863 53880
53881 53900
53902 53920
53921 53940
1885 88090
53960 53980
53982 54000
54001 54020
54021 54040
54042 54060
54063 54080
54081 54100
54101 54120
54121 54140
54142 54160
54161 54180
54182 54200
54202 54220
54224 54240
21390 102333
54260 54280
54281 54301
54302 54320
26491 53589
54340 54360
54361 54380
54381 54400
54401 54420
44826 46599
54440 54460
54461 54480
54481 54500
54501 54520
54521 54540
54542 54560
54561 54580
54581 54600
16168 66011
54620 54640
54642 54660
12734 49992
54680 54700
54702 54720
54721 54740
54741 54760
54762 54780
54781 54800
54801 54820
54821 54840
54841 54860
54861 54880
12572 13533
54900 54920
38633 77579
54940 54960
54961 54980
92754 101973
55000 55020
55022 55040
55042 55060
55061 55080
44933 46798
55100 55120
55122 55140
55164 71044
55160 55180
55182 55200
55201 55220
55221 55240
55241 55260
24957 64635
55280 55300
55301 55320
55321 55340
55341 55360
55364 55380
55381 55400
55402 55420
70102 71871
2425 10632
55460 55480
55481 55500
55501 55520
55522 55540
55541 55560
55561 55580
6133 98687
3492 16296
55620 55640
55641 55660
55662 55680
55683 55700
55701 55720
55722 55740
55741 55760
55761 55780
55781 55800
55801 55820
55822 55840
55841 55860
55861 55880
55881 55900
55905 55920
55921 55940
51451 81352
55960 55980
35271 87041
56000 56020
56021 56040
56041 56060
56061 56080
56081 56100
56101 56120
56121 56140
56141 56160
40867 45297
56180 56200
44739 74599
56220 56240
56241 56260
56261 56280
8672 78195
56300 56320
56322 56340
56341 56360
56361 56380
56381 56400
56402 56420
56421 56440
56441 56460
56461 56480
56481 56500
56503 56520
56521 56540
56542 56560
56561 56580
56581 56600
56601 56620
56621 56640
56641 56660
56661 56680
56681 56700
56701 56720
56722 56740
36709 38631
7942 88633
56780 56800
56801 56820
56822 56840
56842 56860
56861 56880
56881 56900
62941 75384
56920 56940
56942 56960
56962 56980
56981 57000
35528 38482
57021 57040
57041 57060
3676 103294
57080 57100
57102 57120
57123 57140
57141 57160
57162 57180
57181 57200
59679 96439
57220 57240
57241 57260
57261 57280
57281 57300
24695 35651
57320 57340
74011 95623
27978 80010
57380 57400
57403 57420
57421 57440
57441 57460
57461 57480
57481 57500
57501 57520
57521 57540
57541 57560
57563 57580
57581 57600
57601 57620
82978 104271
57640 57660
57662 57680
57681 57700
57701 57720
57721 57740
57741 57760
57761 57780
57781 57800
57802 57820
57821 57840
57841 57860
57861 57880
57881 57900
57902 57920
57921 57940
57941 57960
76108 82840
57980 58000
58001 58020
58022 58040
58041 58060
6267 48032
19529 103468
58100 58120
58121 58140
58141 58160
19774 24456
58180 58200
58201 58220
58221 58240
74017 84450
58260 58280
58282 58300
58302 58320
58321 58340
58341 58360
58361 58380
58381 58400
58403 58420
58422 58440
58441 58460
815 26236
58480 58500
58501 58520
58521 58540
45239 57070
58560 58580
83014 88723
58600 58622
58623 58640
1499 4676
58660 58680
58681 58700
84486 86400
49986 69645
58740 58760
58761 58780
58781 58800
58801 58820
58821 58840
58841 58860
58861 58880
34669 74283
58900 58920
58921 58940
58941 58960
58961 58980
58982 59000
36911 52047
59020 59040
59042 59060
59062 59080
28495 49309
59100 59120
59121 59140
59141 59160
59161 59180
59181 59200
59201 59220
59221 59240
59241 59260
24763 56118
59280 59300
16253 23471
59320 59340
59341 59360
59361 59380
37078 48212
59400 59420
59421 59440
17215 99362
59460 59480
59481 59500
59502 59520
59521 59541
59542 59560
59561 59580
59581 59600
59601 59620
59622 59640
59641 59660
59661 59680
59682 59700
51197 75606
49605 80502
59740 59760
59761 59780
59782 59800
59801 59820
32995 48109
22363 73704
59860 59880
59881 59900
68586 80120
59920 59940
59941 59960
59962 59980
47355 51318
60000 60020
32199 45085
60040 60060
60061 60080
60082 60100
60101 60120
1031 80981
67774 88897
60160 60180
60181 60200
60204 60220
60222 60240
60241 60260
60261 60280
60281 60300
60301 60320
60321 60340
60341 60360
60361 60380
60381 60400
60401 60420
8929 83447
13794 15144
59402 75769
60480 60500
60503 60520
60521 60540
60541 60560
60562 60580
60581 60600
60601 60620
60621 60640
60641 60660
60661 60680
73019 74134
60700 60720
60722 60740
25533 98375
60760 60780
60781 60800
60802 60820
16245 96800
60840 60860
72983 86309
60880 60900
60902 60920
60921 60940
60941 60960
60961 60980
60981 61000
61001 61020
61021 61040
61042 61060
61061 61080
29115 66090
61100 61120
51982 57584
61140 61160
61161 61180
61181 61200
61201 61220
61221 61240
61241 61260
61261 61280
61281 61300
61301 61320
61321 61340
61342 61360
61361 61380
61381 61400
61401 61420
36917 70328
61440 61460
61463 61480
61481 61500
58424 103513
61520 61540
61541 61560
61564 61580
61582 61600
61601 61620
61623 61640
3050 48104
61660 61680
61681 61700
61701 61720
74676 94005
61740 61760
61761 61780
61781 61800
61801 61820
61821 61840
61842 61860
61861 61880
20412 96471
61900 61920
61922 61940
61941 61960
61961 61980
61982 62000
30067 83333
62020 62040
62041 62060
62061 62080
62082 62100
62101 62120
62122 62140
32454 96394
62160 62180
62182 62200
62201 62220
17136 18957
62240 62260
62262 62280
62281 62300
62303 62320
62321 62340
62341 62360
62361 62380
64380 89739
5205 93685
62420 62440
61816 76865
62460 62480
62481 62500
62503 62520
62522 62540
60652 104681
31137 73034
62580 62600
62601 62620
32266 102077
62640 62660
62661 62680
62684 62700
41295 68909
62720 62740
7923 36737
62760 62780
62782 62800
62802 62820
62821 62840
62841 62860
62861 62880
62881 62900
62902 62920
62922 62940
62944 62960
62961 62980
26594 86300
63000 63020
63021 63040
27741 72352
63060 63080
63082 63100
63101 63120
44228 84270
902 67386
63160 63182
63181 63200
63202 63220
12874 99397
63240 63260
63261 63281
63282 63300
63303 63320
63322 63340
63341 63360
65894 70626
63380 63400
63402 63420
63421 63440
63442 63460
25774 93953
63480 63500
63501 63520
63521 63540
63541 63560
63561 63580
63581 63600
63601 63620
58909 69960
63640 63660
63661 63680
20606 71655
63700 63720
63722 63740
63741 63760
63761 63780
63781 63800
50406 98053
63820 63840
63843 63860
63861 63880
45847 99814
63900 63920
63921 63940
6904 57751
63960 63980
63981 64000
50006 94917
64020 64040
64041 64060
64061 64080
64081 64100
64102 64120
64121 64140
70995 97062
64160 64180
55643 59715
64200 64220
64222 64240
53846 77431
64260 64280
64281 64300
64301 64320
64322 64340
9416 14804
64360 64381
64384 64400
64401 64420
64421 64440
64441 64460
29588 72106
64480 64500
41654 70619
64520 64540
64541 64560
64561 64580
64581 64600
64602 64620
64622 64640
64641 64660
64661 64680
64682 64700
64702 64720
29959 59065
64740 64760
27572 97452
64780 64800
64801 64820
64821 64840
64844 64861
64864 64880
24846 43089
20452 48777
64920 64940
64941 64960
64963 64980
64981 65000
65001 65020
65022 65040
65041 65060
65061 65080
65081 65100
65102 65120
65122 65140
65141 65160
65161 65180
71005 77339
52150 91561
16743 32317
65240 65260
65261 65280
65281 65300
65301 65320
65321 65340
989 12094
65360 65380
65381 65400
65402 65421
65424 65440
65441 65460
30411 90705
65480 65500
65501 65520
65521 65540
65541 65560
65562 65582
65581 65600
59583 80879
15565 41115
65640 65660
65661 65680
65681 65700
65702 65720
65722 65740
65741 65760
65762 65780
65782 65800
65801 65820
65821 65840
65841 65860
65861 65880
20392 81582
65900 65920
65921 65940
65941 65960
65963 65980
65981 66000
66001 66020
66021 66040
16188 56585
66060 66080
967 101728
66100 66120
66121 66140
80734 102123
66160 66180
58504 64326
66200 66220
66221 66240
10093 102154
27999 103203
66280 66300
66301 66320
70078 94085
66340 66360
12733 59414
66380 66400
66401 66420
66422 66440
66441 66460
66461 66480
66481 66500
15990 27638
66520 66540
66541 66560
66562 66580
66582 66600
66601 66620
66621 66640
66641 66660
48646 76904
64264 68221
89005 92002
66720 66740
66742 66760
66763 66780
66781 66800
66801 66820
66821 66840
66842 66860
66862 66880
66881 66900
66901 66920
66921 66940
66941 66960
11950 53830
66980 67000
67001 67020
67021 67040
67043 67060
67061 67080
67081 67100
67102 67120
67121 67140
67147 67160
67162 67180
67182 67200
67201 67220
67221 67240
67244 67260
67261 67280
63141 75784
67300 67320
40135 99095
67340 67360
67361 67380
5226 42197
67400 67420
67423 67440
15303 87553
70739 99907
44645 102078
39971 73815
67520 67540
67541 67560
11416 31999
67580 67600
67601 67620
67621 67640
67641 67660
67661 67680
67684 67700
2556 11237
67720 67740
67741 67760
6068 84449
67780 67800
67801 67820
67822 67840
67842 67860
1554 103693
67880 67900
67901 67921
6497 98071
20819 47322
67960 67980
67981 68000
68001 68020
68024 68040
32826 48674
68060 68080
68082 68100
68101 68120
68121 68140
68141 68160
68161 68180
68181 68200
36796 98550
68220 68240
68241 68260
68261 68280
68281 68300
68301 68320
68321 68340
68341 68360
68362 68380
68382 68402
68403 68420
68422 68440
4228 51472
86271 86376
68480 68500
53395 100982
68520 68540
68541 68560
68562 68580
68581 68600
68601 68620
68621 68640
68641 68660
68661 68680
68681 68700
68701 68720
68722 68740
68741 68760
68762 68780
68781 68800
68802 68820
88483 101694
68840 68860
68861 68880
29425 74168
68900 68920
68921 68940
68941 68960
68961 68980
27445 102027
69000 69020
69021 69040
69041 69060
69061 69080
69081 69100
69101 69120
69121 69140
2321 95108
69160 69180
69182 69200
69201 69220
4949 91765
89281 100441
69260 69280
6713 31022
69300 69320
69321 69340
69341 69360
69361 69380
2009 2057
69400 69421
69423 69440
69441 69460
69461 69480
69482 69500
69501 69520
69521 69540
69541 69560
69561 69580
8994 83407
69600 69620
25492 90943
69640 69660
69661 69680
69681 69700
69701 69720
4768 98685
69740 69760
69762 69780
17764 34686
69800 69820
69821 69840
69841 69860
69861 69880
69881 69900
69902 69920
69921 69940
69941 69961
2645 75255
69980 70000
70001 70020
70023 70040
70041 70060
70061 70080
70082 70100
70101 70120
26344 67321
70140 70160
70161 70180
70181 70200
70201 70220
70221 70240
45103 76684
70260 70280
70282 70300
70301 70320
70322 70340
67356 79094
70360 70380
70381 70400
29534 56235
70420 70440
70442 70460
70462 70480
70481 70500
70502 70520
70522 70540
70541 70560
70561 70580
70581 70600
92753 98662
70620 70640
70641 70660
70661 70683
70681 70700
35169 56412
70720 70740
70741 70760
45573 62708
70780 70800
70801 70820
70821 70840
75071 97143
70860 70880
70881 70900
70901 70920
70921 70940
36545 61251
70960 70980
43314 47470
229 72243
71020 71040
71042 71060
71064 71080
17716 32858
23507 49572
71121 71140
71142 71160
71161 71180
71182 71200
71203 71220
71221 71240
71241 71260
71261 71280
71281 71300
71301 71320
71323 71340
3735 4283
71360 71380
71381 71400
73119 104832
71420 71440
46645 102724
65452 104714
71480 71500
15271 73490
71520 71540
71541 71560
43923 66483
71580 71600
71601 71620
71621 71640
71641 71660
71662 71680
71681 71700
71701 71720
71721 71740
71741 71760
71761 71780
71781 71800
71801 71820
71821 71840
71841 71860
71863 71880
71883 71900
3545 41694
71920 71940
71941 71960
30702 85013
43094 56407
72000 72020
12012 91634
72040 72060
72061 72080
72082 72100
72101 72120
3163 76696
72140 72160
72161 72180
71971 86578
72200 72220
72221 72240
72244 72260
72261 72280
30370 48808
72300 72320
72322 72340
72341 72360
72361 72380
72381 72400
72402 72420
72421 72440
11963 102925
72460 72480
72481 72500
72502 72520
20350 52442
72540 72560
72562 72580
72582 72600
11457 29751
72620 72640
72643 72660
72661 72680
72681 72700
1265 43666
11398 38789
72740 72760
72762 72780
43185 58606
72800 72820
79393 82499
72840 72860
93117 104278
24732 70568
72900 72920
72921 72940
72941 72960
65171 103226
72980 73000
34864 74627
73020 73040
73043 73060
73061 73080
73081 73100
44830 57392
73120 73140
73143 73160
73163 73180
73182 73200
73202 73220
15323 103990
73240 73260
73261 73280
73281 73300
23603 38811
73320 73340
73341 73360
73361 73380
73381 73400
73401 73420
73422 73440
8704 52214
73460 73480
73481 73500
73502 73520
73521 73540
73541 73560
73561 73580
73581 73600
73603 73620
73624 73640
73641 73660
73661 73680
73681 73700
5455 94567
73720 73740
1964 86214
20311 92151
73780 73800
73802 73820
73822 73840
24702 59555
73860 73880
73881 73900
73901 73920
73922 73940
69943 102289
73960 73980
73983 74000
74001 74020
24603 100946
74040 74060
74061 74080
74082 74100
74101 74120
74121 74140
74141 74160
18932 78413
23505 51086
74200 74220
74222 74240
8676 49471
42887 87060
74280 74300
74301 74320
74322 74340
74341 74360
74361 74380
74381 74400
74402 74420
74421 74440
74441 74460
74461 74480
74481 74500
74501 74520
74522 74540
74541 74560
74561 74580
74581 74600
74603 74620
74622 74640
74642 74660
74661 74680
24292 97037
74700 74720
74721 74740
23347 76463
74760 74780
74781 74800
74801 74820
29898 77159
74840 74860
74862 74880
74881 74900
74902 74920
74921 74940
25246 77671
74960 74980
74981 75000
75001 75020
75022 75040
75041 75060
75061 75080
75081 75100
75101 75120
75121 75140
75141 75160
75161 75180
75181 75200
75201 75220
1083 92815
34028 92350
75260 75280
75281 75300
75302 75320
75322 75340
75341 75360
25237 55671
75380 75400
75401 75420
75421 75440
34153 91753
75460 75480
57465 88882
75500 75520
75521 75540
75541 75560
11313 28841
75580 75600
32744 99238
75620 75640
75642 75660
75661 75680
75681 75700
75702 75720
75721 75740
27893 29968
31272 48608
75780 75800
75801 75820
75821 75840
75841 75860
13254 44652
75880 75900
75901 75920
75922 75940
75941 75960
75961 75980
75982 76000
76001 76020
76021 76040
76041 76060
34858 91206
76080 76100
76102 76120
76121 76140
76141 76160
13287 48841
76180 76200
76201 76220
76221 76240
76242 76260
76261 76280
14438 37458
76300 76320
76321 76340
76341 76360
76361 76380
76381 76400
76401 76420
76423 76440
76441 76460
76461 76480
40815 45112
9436 86467
76520 76540
76541 76560
76561 76580
76581 76600
76602 76620
5464 28046
6742 103261
76660 76680
76682 76700
76701 76720
76721 76740
76741 76760
76761 76780
34036 60491
76800 76820
76821 76840
76841 76860
25555 76878
24447 55879
76900 76920
76922 76940
55055 77005
76962 76980
76981 77000
18790 67569
77020 77040
7646 82003
77060 77080
48317 75009
77100 77120
7271 20968
38392 86236
77160 77180
71697 101021
77200 77220
19426 48153
77240 77260
77261 77280
77281 77300
77301 77320
77321 77340
77341 77360
77361 77380
77382 77400
77401 77420
77421 77440
77442 77460
77461 77480
77482 77500
7418 94266
77520 77540
77541 77560
77561 77580
77581 77600
8555 76154
20995 61851
32044 95874
77660 77680
77681 77700
11424 54116
77720 77740
38711 86505
77760 77780
77781 77800
77801 77820
57057 85696
77840 77860
77861 77880
14688 98332
77900 77920
77921 77940
59032 97125
77960 77980
20705 79623
72664 86303
30528 94452
78040 78060
78061 78080
92075 100192
78100 78120
78121 78140
78141 78160
7705 52836
78180 78200
78202 78220
78222 78240
78242 78260
78261 78280
78281 78300
46658 89503
78320 78340
78341 78360
78361 78380
78381 78400
78401 78420
78421 78440
78441 78460
78461 78480
78481 78500
78505 78520
78521 78540
47198 90213
78560 78580
78582 78600
78602 78620
45795 51549
78640 78660
78661 78680
78681 78700
78701 78720
78722 78740
78741 78760
78761 78780
78781 78800
78801 78820
78821 78840
78841 78860
29507 55372
78880 78900
78901 78920
78921 78940
78942 78960
78962 78980
78982 79000
79001 79020
79022 79040
79041 79060
79061 79080
79081 79100
3945 56597
79120 79140
79143 79160
5617 54373
79180 79200
79201 79220
9395 48365
79240 79260
79262 79280
79281 79300
79302 79320
79321 79340
1753 42027
79360 79380
79381 79400
79401 79420
79422 79440
79441 79460
79462 79480
79482 79500
79501 79520
79521 79540
9873 26052
79560 79580
79582 79600
79601 79620
79621 79640
79641 79660
79661 79680
79682 79700
79701 79720
79722 79740
79741 79760
79762 79780
79781 79800
4587 70818
79820 79840
79841 79860
79861 79880
79882 79900
72197 86890
79920 79940
79941 79960
79962 79980
79982 80000
80001 80020
80021 80040
80041 80060
80062 80080
80081 80100
80101 80124
80121 80140
76417 78466
80160 80180
80181 80200
80202 80220
80221 80240
80241 80260
32123 59528
80280 80300
80301 80320
80321 80340
58720 102402
80360 80380
80381 80400
80402 80420
80422 80440
80441 80460
80461 80480
23437 73132
80500 80520
80521 80540
80542 80560
80562 80580
80581 80600
15398 91265
80620 80640
80641 80660
80661 80680
80683 80700
80701 80720
63704 100110
80740 80760
80761 80780
10504 24047
80800 80820
80821 80840
80841 80860
80861 80880
80881 80900
80901 80920
80921 80940
80941 80960
80961 80980
80982 81000
81001 81020
81021 81040
81042 81060
62807 99073
81080 81100
62464 73418
17631 35991
81140 81160
81162 81180
81181 81200
30497 54891
81220 81240
81241 81260
81262 81280
10933 14327
81300 81320
51078 77412
46286 84090
81360 81380
81381 81400
81403 81420
81422 81440
81442 81460
81462 81480
81481 81500
4569 50630
81520 81540
81541 81560
34997 96241
49152 69215
81600 81620
81621 81640
81641 81660
81661 81680
81682 81701
81703 81720
81722 81740
81741 81760
81762 81780
81783 81800
81801 81820
40712 96243
81840 81860
81861 81880
81881 81900
81901 81920
81921 81940
45958 103405
81960 81980
81982 82000
82001 82020
82021 82040
82044 82060
82061 82080
67556 93857
82100 82120
82121 82140
82142 82160
82165 82180
89093 103237
42491 103327
82220 82240
82242 82260
82261 82280
82281 82300
82301 82320
82321 82340
16136 90992
82360 82380
82381 82400
82402 82420
82422 82440
82441 82460
82461 82480
82482 82500
82501 82520
82521 82540
82543 82560
82561 82580
82582 82600
82601 82620
53106 79372
82640 82660
82661 82680
82681 82700
82701 82720
78196 100583
82740 82760
82761 82780
82781 82800
82801 82820
82821 82842
82841 82860
82862 82880
82881 82900
38413 76862
82920 82941
82943 82960
82963 82980
82982 83000
83002 83020
83022 83040
83041 83060
65415 88895
19729 21943
48014 95795
83120 83140
83141 83160
83162 83180
15862 78558
17832 19588
83220 83240
83241 83260
83261 83280
83281 83300
83302 83320
11627 38827
83340 83360
83361 83380
83382 83400
83402 83420
38965 64854
83440 83460
83461 83480
83481 83500
83501 83520
83522 83540
83541 83560
61516 89091
12203 63602
83600 83620
83621 83640
15336 80156
83660 83680
83681 83700
83703 83720
83721 83740
83741 83760
83761 83780
83781 83800
83801 83820
83821 83840
83843 83860
83861 83880
83881 83900
83901 83920
83921 83940
83941 83960
83961 83980
83982 84000
84003 84020
84021 84040
84041 84060
84061 84080
84082 84100
27086 83998
84120 84140
84144 84160
84161 84180
84181 84200
84201 84220
84221 84240
84241 84260
27858 39426
84280 84300
84301 84320
53444 102741
84340 84360
84361 84380
84381 84400
84401 84420
84423 84440
84441 84460
529 19718
84480 84500
84501 84520
84523 84540
84541 84560
84561 84580
52106 97864
84600 84620
84621 84640
32552 91791
45535 90248
84680 84700
82388 86249
84720 84740
84742 84760
84763 84780
84781 84800
2759 89890
48245 80126
35348 68959
84860 84880
7579 11346
84900 84920
84921 84940
84941 84960
70274 89126
84980 85000
85001 85020
43490 101075
31763 47119
85060 85080
85081 85100
85101 85120
85121 85140
85141 85160
85161 85180
85181 85200
85201 85220
85223 85240
85241 85260
85262 85280
85281 85300
85301 85320
85321 85340
85343 85360
85362 85380
85381 85400
85402 85420
85421 85440
85442 85460
85461 85480
30050 101380
85500 85520
85522 85540
85542 85560
49135 66457
85580 85600
85602 85620
31028 51309
85640 85660
85661 85680
85681 85700
85701 85720
85721 85740
85741 85760
85762 85780
85782 85800
85801 85820
85821 85840
85841 85860
85861 85880
85881 85900
85901 85920
83865 102740
85940 85960
19565 38268
85980 86000
86001 86020
86021 86040
86044 86060
79362 94401
86080 86100
86101 86120
86121 86140
338 45545
86160 86180
28954 61768
86200 86220
86221 86240
86242 86260
86261 86280
10733 46201
86611 96035
11858 79366
30815 99241
86360 86380
86381 86403
86401 86420
86421 86440
86442 86460
5707 42547
86480 86500
86502 86520
89408 102945
86540 86560
31831 70246
86580 86600
86602 86620
86621 86642
40149 50383
86660 86680
86681 86700
86701 86720
86723 86740
86741 86760
86761 86780
86781 86800
86801 86820
86821 86840
110 6192
86860 86880
86884 86900
86901 86920
1268 80426
38237 63735
86960 86980
86982 87000
87001 87020
87021 87040
33634 35599
35526 37250
87080 87100
87101 87120
87121 87140
87141 87160
62974 84552
87180 87200
87201 87220
44083 64556
87240 87260
87261 87280
87281 87300
87302 87320
87321 87340
87341 87360
87361 87380
87381 87400
87401 87420
87421 87440
87441 87460
87461 87480
87481 87500
87501 87520
87521 87540
87541 87560
49204 92674
87580 87600
87601 87620
87623 87640
725 93684
87660 87680
87682 87700
87702 87720
87722 87740
87741 87760
87763 87780
87781 87800
87801 87820
83546 97655
87840 87860
87861 87880
898 14550
87900 87920
15577 31573
87940 87960
87963 87980
87981 88000
49581 100225
88020 88040
88041 88060
37724 55087
88080 88100
88101 88120
92132 93110
49859 58124
88160 88180
88181 88200
88202 88220
88221 88240
73089 99553
17436 102524
88280 88300
88301 88320
88321 88340
88341 88360
23623 81094
88380 88400
88401 88420
88421 88440
88441 88460
34797 59628
88480 88500
88501 88520
88521 88540
88541 88560
79663 100303
88580 88600
88601 88620
88621 88640
11373 74973
88660 88680
88681 88700
5102 64003
88720 88740
88741 88760
3871 17442
88780 88800
88801 88820
88821 88840
88842 88860
88861 88880
88881 88900
88901 88920
15382 85568
88940 88960
88961 88980
88982 89000
89001 89020
89022 89040
25542 44371
26805 58292
89080 89100
89101 89120
89121 89140
89141 89160
38621 47606
12084 69094
89200 89220
89221 89240
89242 89260
89261 89280
89282 89300
89301 89320
17028 43783
89340 89360
89361 89380
89381 89400
89401 89420
89422 89440
89441 89460
89462 89480
89481 89500
89501 89520
89521 89540
89541 89560
89562 89580
89581 89600
89601 89620
89621 89640
89641 89660
89662 89680
89683 89700
89701 89720
89722 89740
89741 89760
89761 89780
78076 88203
89800 89820
89821 89840
89841 89860
89862 89880
89882 89900
89901 89920
89921 89940
89941 89960
89962 89980
89983 90000
90001 90020
90021 90040
90042 90060
12990 49477
90080 90100
90101 90120
90121 90140
90142 90160
52494 64898
90180 90200
90202 90220
45177 88832
90240 90260
90261 90280
67445 95128
90300 90320
42282 94383
90340 90360
90361 90380
90381 90400
90401 90420
90421 90440
90441 90461
90463 90480
90481 90500
90502 90520
90521 90540
90541 90560
90562 90580
90582 90600
1516 64809
90620 90640
28998 70118
90660 90680
90681 90700
90701 90720
24107 27785
90740 90760
90761 90780
90781 90800
90801 90820
90822 90840
90841 90860
90861 90880
90882 90900
90901 90920
90921 90940
90941 90960
90961 90980
90982 91000
91001 91020
91021 91040
91041 91060
91061 91080
91082 91100
91101 91120
91122 91140
91141 91160
91162 91180
91183 91200
91201 91220
91221 91240
91243 91260
91262 91280
91281 91300
91301 91320
91321 91340
91343 91360
91363 91380
91381 91400
91401 91420
26143 38878
91440 91460
91462 91480
73271 80912
91500 91520
91522 91540
91541 91560
91562 91580
91584 91600
91602 91620
91621 91640
3587 23024
39543 78904
91680 91700
91701 91720
91721 91740
91741 91760
91761 91780
91781 91800
15975 91189
91820 91840
91841 91860
91863 91880
91881 91900
91902 91920
1149 34207
91940 91960
91961 91980
91981 92000
92001 92020
92021 92040
92041 92060
92061 92080
92081 92100
92102 92120
92121 92140
25314 41205
92160 92180
92182 92200
92201 92220
92221 92240
92243 92260
5764 6629
92280 92300
92301 92320
92322 92340
92341 92360
15779 56649
1655 11814
19256 38132
92420 92440
92442 92460
92461 92480
92481 92500
2770 85528
92520 92540
52304 100570
92560 92580
92581 92600
33106 81409
92620 92640
92641 92660
92661 92680
92681 92700
92701 92720
92721 92740
3379 46481
92760 92780
92781 92800
92801 92820
92823 92840
62602 64603
52959 86211
92880 92900
92903 92920
92921 92940
92941 92960
92961 92980
39278 41285
93000 93020
93021 93040
93042 93060
93061 93080
93082 93100
93103 93120
93123 93140
93141 93160
93162 93180
34149 90583
93200 93220
93221 93240
53484 76152
93260 93280
93281 93300
79619 84970
58368 80942
93340 93360
24471 41739
93380 93400
63469 95691
93420 93440
93442 93460
93461 93480
57291 73545
93500 93520
93521 93540
93541 93560
93561 93580
36849 83087
93600 93620
93622 93640
66692 96431
93660 93680
93682 93700
93701 93720
93721 93740
93741 93760
93761 93780
93781 93800
93801 93820
93822 93840
93841 93860
93861 93880
93881 93900
93902 93920
93921 93940
93941 93960
93961 93980
3006 80652
94000 94020
25509 56731
46424 74614
94060 94080
22610 82585
94100 94120
94121 94140
94141 94160
94162 94180
94182 94200
94202 94220
94221 94240
94241 94260
94261 94280
94281 94300
94301 94320
94321 94340
94341 94360
94362 94380
94381 94400
94402 94420
94421 94440
94441 94460
94461 94480
94481 94500
94501 94520
94521 94540
94541 94560
94561 94580
94581 94600
94601 94620
94621 94640
1248 22387
94660 94680
94681 94700
94704 94720
94721 94740
94741 94760
94761 94780
94782 94800
94801 94820
94821 94840
94842 94860
26742 36683
94880 94900
94902 94920
94921 94940
94942 94960
94963 94980
94981 95000
95001 95020
95021 95040
31897 99455
95060 95080
95082 95100
95101 95120
39359 60251
95140 95160
51757 96326
95180 95200
95201 95220
50594 81714
95240 95260
95261 95280
95281 95300
108 19610
13471 28929
95340 95360
95361 95380
66612 67979
95400 95420
97310 101805
95440 95460
95462 95480
95482 95500
95501 95520
39338 82903
30873 61437
95560 95580
95581 95600
95601 95620
95621 95640
95641 95660
95661 95680
95681 95700
95701 95720
95721 95740
95742 95760
95763 95780
76446 96793
95800 95820
95821 95840
95841 95860
22762 46928
95880 95900
95901 95920
95924 95940
93031 102473
34278 75238
95980 96000
96001 96020
96021 96040
96042 96060
96062 96080
96081 96100
30783 47003
57244 59651
39508 97066
76116 97522
13010 31545
96200 96220
34324 44531
96240 96260
96261 96280
59637 69566
96300 96320
96321 96340
96341 96360
96361 96380
11399 39470
96400 96420
96421 96440
96441 96460
96461 96480
96481 96500
59905 70470
10370 74205
96540 96560
96561 96580
96581 96600
1150 82106
96620 96640
96641 96660
96661 96680
96682 96700
96701 96720
96722 96740
96741 96760
96762 96780
17105 41403
96801 96820
77918 97798
15706 50812
96860 96880
96881 96900
96902 96920
96922 96940
32357 49227
96960 96980
96981 97000
97001 97020
97021 97040
97041 97060
97061 97080
97082 97100
97101 97120
15623 75859
36381 82417
97160 97180
11228 16326
97200 97220
97221 97240
97241 97260
53743 81895
97280 97300
9021 44608
97320 97340
15029 39317
97360 97380
67742 72914
97400 97420
97421 97440
97441 97460
46968 74735
97480 97500
97501 97520
96727 103910
97540 97560
97562 97580
97582 97600
97601 97620
38187 80384
97640 97660
97662 97680
97681 97700
97701 97720
97721 97740
97741 97760
97761 97780
97781 97800
97801 97820
97821 97840
97842 97860
97861 97880
97881 97900
35692 59683
97920 97940
97941 97960
97962 97980
97982 98000
98001 98020
98021 98040
98041 98060
98061 98080
98084 98100
98102 98120
26907 100778
98140 98160
98161 98180
98181 98200
98201 98220
98221 98240
98241 98260
98261 98280
98283 98300
98301 98320
34267 104737
98340 98360
98361 98380
21523 21665
98400 98420
1657 32495
17959 70573
98460 98480
98481 98500
98501 98520
98521 98540
98541 98560
98561 98580
26150 64304
19174 103725
96889 98254
98640 98660
98661 98680
98681 98700
98701 98720
98723 98740
98741 98761
98763 98780
98783 98800
98801 98820
98822 98840
27851 74418
98860 98880
98883 98900
98901 98920
98921 98940
98942 98960
98963 98980
98981 99000
99001 99020
4353 85388
45885 94021
99060 99080
99081 99100
99101 99120
29986 76633
99140 99160
43772 91598
99180 99200
23775 46350
99220 99240
99242 99260
99261 99280
99283 99300
99302 99320
2263 56923
2978 36446
99360 99380
99381 99400
99401 99420
99421 99440
99441 99460
99462 99480
99481 99500
99501 99520
99521 99540
99542 99560
1156 39468
99580 99600
99601 99620
61619 61918
44599 80170
99660 99680
33930 44712
99700 99720
99722 99740
26893 87275
99760 99780
99781 99800
99802 99820
99821 99840
8946 33541
99860 99880
99881 99900
60963 100307
99920 99940
99941 99960
99961 99980
99981 100000
100001 100020
