100000 2500 2500
4327949 93174054
27756096 93487018
54718595 83760723
23570765 89475375
61923176 80628357
19270586 51315517
66531506 68484116
39628263 78932267
16721909 48858824
9814614 20767667
51116028 58318647
3591452 50525832
28049059 38849006
35224606 56268814
20667491 38685668
58912622 66194444
10325253 29496779
10351248 30590554
15029192 52549092
80036542 88646562
31274783 60956229
4779703 6446996
25477974 87295029
17708658 35426606
5062229 62198884
1676871 19767444
46854610 91503804
6272286 82708965
28492418 99384628
53194048 92540771
39512495 59629619
18570147 36389167
12256877 23353692
61572939 67800546
19736477 58000528
3213379 84385687
16672644 70712916
38794415 49776341
46984025 58242370
8319976 62734458
3221671 38616744
15840457 36555112
22546148 80934386
42377217 99198773
63127579 88048381
67939376 84931086
3558477 76168891
76108937 96300566
28689920 89867422
44595028 74390242
26776132 68351127
12444523 82147581
76464737 79974759
33646781 96022116
63932254 69120538
5124363 39144398
70082605 90003670
2434135 64176437
5571610 14673777
50594 99663388
4243885 71637130
36295098 88059588
70094281 93709939
43083519 64404834
2168024 94089719
1690063 66792372
9811196 93462073
63817566 81769772
63037832 86070318
559245 29819927
2310174 98557316
9189219 35506978
27574566 91265325
46514456 86745427
1738937 81198450
16074916 66554743
6351386 61017977
7894147 16329567
23760664 63983587
13268547 34572627
40024412 62442626
5706217 25798571
1634999 79326469
25188881 92775856
59505175 81794312
34967428 35399431
43000332 60154508
6865383 63778557
8288978 54194669
2739123 66487964
12968764 94064892
86860369 91307899
79415485 85180653
5613890 84576169
24076520 37649887
43485847 58820137
9931369 34750944
56200057 84299377
8853920 23956560
64022946 77433834
25917985 88068964
31888610 39892339
5097013 8142246
31180187 62816991
53795671 81606258
7933298 14556741
42956472 69989242
32865639 46374891
38100035 42387643
66916461 93148075
47288441 74899367
27444538 78567205
1355089 55270975
8212319 19701158
8976652 54855492
5571699 87773433
20480019 43889492
23260135 38444702
27325611 55861311
16227589 44253630
28053929 58957893
48208398 61789461
50057252 66191732
41489283 58558889
22223794 31840861
13504782 31796700
32854028 72678777
21933677 45797254
56279838 63322902
42614427 57354184
27033993 78065875
8449379 68753022
32537119 40916263
56582868 84446405
56935131 76805226
70695600 97674896
9724299 99457061
32851278 41844422
8526377 50054082
57834331 75569280
48894586 54325986
11246101 51109068
17502359 56954336
28089996 68244334
11027565 82630983
5649943 57138287
61791038 73477975
74246835 95965111
13353092 51211550
37535975 46850858
38942711 78121334
53531217 88535329
6121739 19013252
51322564 60886342
48199120 59800025
54191148 65608370
32176268 55992538
5586324 38450151
32756021 80124224
30043512 75583615
14495481 98020504
36289236 38853915
21906102 63408580
8114918 20413345
3693698 62630519
78916876 87427683
29983677 97560357
63981207 84637249
22855321 56270705
3979087 87794485
72255941 86467985
49089773 50507720
9335230 91242223
30860187 76005023
36571212 46862004
14204808 85308127
62125782 69095540
5179966 59136733
51121829 82901479
48506991 54569546
81146458 99620724
23470763 38129797
23606580 67480047
31854753 59347539
54055313 61581841
76780200 79816795
43821890 82410027
56784900 82697950
1977700 3813195
48687157 87350377
14826292 81501028
11462910 80399567
56894824 79118584
10313877 78864119
34857505 77414185
47776035 49620572
23811925 86411594
84725135 86287687
24917092 56000844
41674672 94995859
86845732 97174194
66077689 83513869
42472781 62269221
5683632 47875379
37571342 52742112
57006312 64775998
43857597 70433023
28374413 63041049
61721286 72700813
7566105 74476968
56593529 68576445
77992361 89650609
33459032 70851220
10095649 11569087
46214902 76631060
28831662 80855193
15232700 34651498
27338944 65269069
15218283 94545785
42463751 92338481
61687547 84125679
59650553 89808987
62934679 84403541
21053722 86021723
10546053 97107485
28012592 94862859
3694817 73740268
66349365 98325909
1423736 90126271
735352 87519063
68633992 95335720
89836196 92300252
16986736 72016804
22076160 80388249
340675 8885374
25868442 97705671
7074999 51719532
25877502 83289510
15109938 16895606
20792440 26887999
34578320 54950205
15944656 54435754
80726458 93286871
12343136 79788526
44584905 55782196
22160268 96897687
60611047 90711613
5478644 20458617
14130957 78951185
30094364 44691726
10507380 86937751
20771373 65755827
20137592 53205919
13000497 99522409
17503395 87226319
15832101 58752714
15518822 98349038
5403702 72826823
34995235 84626398
42415132 63587658
22044938 32108214
58952861 82304189
40178290 70468977
12314053 27049674
3675121 55443923
8940841 43610135
27154470 62678428
3703348 34094335
53715570 96056278
74335707 96645849
20060954 81821357
64784288 84293115
22129881 92198624
8772847 96358229
30942568 88263734
3596288 27490451
4155961 77307591
54384907 75066604
14716936 26841959
38023525 56343040
52751362 78780036
18047889 87045576
23068725 31314096
3100810 14777424
6356454 47100240
3116437 71688158
11963404 21613341
29299984 72020011
17129381 55052757
73608890 83629334
26044359 77829152
75746265 95144316
41681723 42749953
2633144 81898944
69581376 95218695
25229162 85183749
7151578 26195467
42172529 59542662
7526783 51627126
23547893 96033376
36247374 87204114
12411777 49259990
54030125 82318316
57506565 61353035
63612797 83927706
12237545 28503350
63774683 88503939
20656452 60846823
23583826 89221794
58056769 96849181
2076505 30327699
33641540 78328298
30568604 78480068
22682961 62907720
68657338 77125814
478575 9179062
9003534 42289720
3730176 39503838
47348046 51737285
51774831 85017579
58811048 62765928
66232746 69369866
75731673 93439655
68861483 71246698
10529885 36897868
20952775 46670944
67456148 97788746
6943949 90367829
45391751 57628913
36508585 89381912
1050663 7504306
87551166 88303116
42860242 54564504
37210605 93636765
15647409 37478890
48632231 89164336
87433088 93195623
72682101 80362905
8348939 77341636
67706737 82636706
53915497 58036337
37043403 86598283
52330349 62992431
31165828 80867141
42155739 96233426
49759415 68415029
31151621 31794858
27449484 83763511
22510448 83323353
45754008 95310403
50934934 89071770
31027695 52034906
67703289 85682209
46670008 47455988
15401842 17671767
7431120 34477655
46183198 62196970
81961164 89307549
43939180 59473978
47407545 80807661
16157605 17090009
13795039 91756477
23466204 27194004
32128026 50258295
2755074 34044260
8206383 50940449
14222869 76875323
40252294 41274538
53411723 72772766
2259965 41647377
65490418 71772416
44572444 95029811
5074341 60161038
61560599 76060362
47788275 55052170
22632756 68852740
8245696 76283820
2520919 54900731
24066954 94429973
31790861 45428646
14336177 67653261
57030854 92034468
32893410 88620700
33127853 35157599
35664535 44567294
63926515 92069570
1270403 80675907
84137995 89051136
35597333 49184580
22285765 22627191
8987351 30359754
82334003 96591562
16786640 46090790
22056923 68349359
7033075 22351558
35510072 79338610
27883266 52574290
45297206 50751602
20004974 95268554
3396258 48780217
2531003 20460835
48217610 93429015
59452006 60003682
48410180 50348185
3617853 86760768
15750654 56928255
14617706 97963559
57567480 99820415
2120521 10587988
1885613 24536091
16145385 61429591
4023485 5484856
20191382 51032975
11258214 79199013
57904331 77167411
34104743 86674936
7004033 60088577
18386985 83628199
19682459 87472857
6205724 61094950
61557967 75182798
9844916 59513838
63178156 80107298
30161251 47534786
65479540 91538283
52716414 55860492
13208823 17819837
5212359 22638669
24755078 68752046
75687904 94184114
9894643 54771038
64003421 66446075
6892788 8138512
52694880 69304805
54206512 95719454
27204820 55118312
657979 51765759
35932036 73554727
73182159 84052744
23410359 62066641
43422408 44480375
34558521 71549464
6401667 98886673
30942136 52972497
19738998 92780168
70745378 75231516
41278857 51828263
57274847 58941735
73645753 79401001
12084205 95770384
31629428 68469857
21507530 25923585
9134528 25426451
33880727 60105730
1481241 26207252
4898746 47815526
66280591 88336044
4382323 84032553
23800953 96899047
33065754 63933367
22185318 92612255
70269091 86084204
39228406 65055653
12975254 26525585
23927058 90999946
20413970 45322088
5654811 83159404
4147171 88177162
47001675 90735005
11390375 86132805
40783801 87285141
14677696 36779180
66678281 82414666
15941626 82468338
22819041 43860152
39324813 41883106
41955138 76346247
43050375 48310780
25429168 61720804
4280043 78569299
32448062 49397365
15787822 85979663
55718291 91425876
21904571 72445418
60032533 78055653
9860720 37319603
50874624 80629437
35531039 44284366
27912850 92803191
22436018 83057166
65624005 97947898
12637289 38007159
58881580 76878750
15277832 20918804
58810004 66750085
33373284 74308708
89614717 98073641
36948385 85287714
25620062 80575253
49710505 80980936
20840037 43134243
21534296 43539814
1301032 62664656
15858015 67689923
36623555 50988568
8986095 70045609
1825029 25095757
30340279 94202864
15329940 43447027
4223731 24381287
69855301 86161765
21435653 74979139
17199847 22687503
26633613 32889857
3191417 88948019
20179786 37290631
77510725 87665103
53186878 77650177
72555790 99865970
36646893 76732831
63163948 83550749
7385310 80843543
74420368 76589889
19792566 97182091
23117310 24545665
18386915 40493785
69949073 71103287
325831 36596596
22105141 50158061
59618446 60232847
13300965 75199787
36907716 88835458
32021897 64320658
68870240 71489731
64968732 65162423
36577998 99716316
54196448 88146163
20874301 29061146
1105389 50113742
82568758 85830139
66238601 75331501
34691773 77528070
2011562 88964424
35546867 75942961
15062574 77184893
46864488 88769417
50837218 96839231
65781665 99394991
38990574 41842737
20141292 53101312
4477800 58489612
29841616 73142572
21672110 49757260
66576099 71942490
17412684 78160967
51753727 93747445
30186058 80558302
57660347 95031091
12535774 55881931
12093889 69574080
67986134 91998522
2574385 84260441
48262318 52510385
25667165 53741841
31682940 89262371
55509436 69866333
28524108 63116181
22321146 36820745
22558620 55833506
44248954 47707310
4440219 73885244
40179715 74688778
36095492 53176531
54816823 63125639
15164760 15908116
33169844 96801311
2732857 27624346
33199777 72635846
65725329 86944953
7558712 38064872
8450930 89233834
25006008 98804084
48654051 93336503
9379191 93662663
73556257 86509821
2256925 56133241
4294684 10689772
6316211 10677317
66983671 75546570
60710648 85105850
79519793 88276875
34408269 83378251
24839908 64862348
81185416 91381632
27192259 80992158
28022132 39403634
12815868 95336474
8319059 61281103
32072595 81462669
22793187 57583435
46051601 88525833
17435150 63363068
77606807 95806222
33215495 58956851
14465286 21299812
22617477 25150406
45926549 95325059
25272779 28646535
14543897 78489426
72166966 99891128
10541445 14138015
12261964 62286070
37735088 43135579
79038873 84434020
58424079 68723940
35246719 54141140
1938843 49469977
3637133 72394102
21081521 74363262
19912585 87210439
52424132 55736969
30794802 83230679
48350148 60881213
26315282 47150447
41485079 85104172
10984597 46931204
54585851 73708569
54081029 90256557
3210358 40988168
37225526 42835334
5240188 29589270
40617379 61376138
29258067 73071894
1852711 64087256
16282336 58983493
14577673 61404081
29863494 68809896
62524538 93650159
10028287 24271863
4541048 80689965
12032600 59641887
76518952 86068319
59778803 90356670
29597149 50606041
31655748 90002857
21016667 72979974
61174292 96147817
254276 89922806
54927362 55670714
7285327 12507953
3025405 51684363
2972617 88719407
3016651 69695233
17304080 94591200
17344133 61809139
38028822 86380838
38687343 97066008
7373910 84920292
24080069 97228724
92734395 93048597
7424310 60574626
60683538 71778391
39446302 54795032
38179087 40292077
37778275 82786503
28511023 99607255
4239682 97366549
7681032 13192580
51907794 64905875
38133668 54540663
12819569 41117334
23362233 28895503
58792521 93821355
46536635 59139704
4998323 41631292
9237227 55379602
89210724 96142173
37588666 53660572
30300102 41029492
54140357 79555117
47256759 81775742
47334406 91722250
6272554 25323624
61948422 89456109
71764446 77140573
21337190 67469060
27389871 67731058
4388722 20773719
63437804 92606289
44392738 85820876
60372884 96929532
14101406 32270241
7518556 15884489
29192132 47122659
63840096 71845803
56599309 76365200
12046109 42179647
29865492 39462666
49670711 62871299
14095276 88423940
90258157 91424737
18041884 93703490
18588399 67972185
33960080 70419759
20746826 59019673
80265764 96796364
31091425 48210943
789623 55186975
28418321 82253685
15347894 68135976
47096357 87247363
46643460 75360121
1019622 18283834
5359770 82972952
22552769 42433550
20353089 41709823
76653055 77580447
8115673 64863133
54514828 89050992
53528915 97899221
16067031 62727566
38166973 61760248
1847200 94470330
80388693 95127979
25099901 71709671
11944874 80411342
34928470 84407997
12618218 60014119
34231065 34353385
66218198 99153779
6809414 97564042
42659624 80253949
8028117 24004180
18410581 44455902
51780466 98113098
7452043 41238524
58409271 81056269
26024081 78940973
66705531 94006790
2284673 53960063
67427916 69103090
31906472 66948942
18712600 92759602
3368922 27305472
12383370 86651636
1793115 67888906
2134791 70336695
1470328 97868135
62155564 65555141
28564651 90457961
58891988 83154486
12348873 19111056
57387861 85564842
26512309 98143192
20095153 83530532
31360306 96467426
80013758 99537878
70650469 85672566
75482104 87302228
5407109 41447890
43816121 58641503
76580213 94082577
39679958 97593922
32844019 51305978
22483630 57969608
53980638 72793788
86478440 96241402
37116197 71294204
51117937 71958951
15467412 49687308
19426435 36606291
18454276 75351224
24323347 29972436
34115870 79083140
45529009 48519147
19672249 68452688
21381031 33179303
21482072 63584723
47569445 92848185
36412963 81362349
20064871 87990224
21426478 81182486
67320576 88415560
7791240 33203412
19183562 68118849
22247178 62920814
59128111 63784403
16832821 88335940
11768875 25000843
38706965 57827002
38083184 66730312
10929884 46730386
14050558 59418786
21253617 87232995
3220780 99322854
44741665 95834342
8138860 62754633
15906744 89590235
9591432 88006579
61667067 76350866
43313143 52427877
9446204 28888919
12436965 70385143
43879686 74159556
43479399 59369243
64437847 90231689
95637073 99058640
22966235 25769262
15942545 87626495
5150338 31298945
2180441 84399448
9571038 83506485
68497582 92007873
40525793 58981669
25525968 71732969
66161853 68414580
61330744 68235346
11899067 45302456
73917210 93016008
34607226 74960310
2910181 4403174
5192634 83336604
63709765 73211153
52568560 80667240
2285491 65700072
39282250 46457835
34178492 78726658
22870685 45156054
30315991 85661199
7805905 40706893
1967130 10283307
4421135 61312444
26787787 95777865
5732983 68284705
52860860 74683864
29740710 53651077
30542791 42979912
9606087 15754216
15761779 62760804
16626017 19133306
87860808 96984315
72854115 79163018
64541264 85069926
35867660 43856027
51828483 98275478
7564488 9115794
41517989 90106296
17572143 96497066
3799282 78437512
8220874 60722872
19499122 28780033
81673907 87603334
46178307 83821006
11964244 75085338
24048183 47617006
6287041 95646034
19530360 31583632
17259137 87355688
31500741 54383446
4223938 90531438
2074519 78639218
13793286 22798133
8214224 57312433
52242812 88793183
19625708 22741841
6367221 67928507
13388071 94305496
23732353 68224092
14683319 64258776
1115348 99794493
79549596 83701540
9374255 20624465
8309405 55285196
56436846 77492346
71971597 96455008
9826872 43689303
14366820 53849680
8521844 42567884
24764851 25564286
43613044 85502430
45781987 90963961
24063798 98391404
3295799 7471231
34097454 99646311
60145475 62404487
19567926 48132835
730850 99648581
21725520 43923282
17913403 48823468
41646228 72746649
42805109 43816118
22743724 99947668
51984644 52099098
51265937 94170969
59472973 63028642
1464017 90779885
27827327 92525401
23779594 95962575
67890914 68100153
3829242 68157159
29222578 81282895
10336390 51751294
21685833 87172241
34921214 45978361
16043748 62557725
49626416 60681158
64376208 70179654
54928992 87713639
5688816 21745619
58354413 98958283
35219549 56937947
14535379 72109258
40941389 64776291
981 19729919
54052969 86742595
34485798 49349149
98547055 98976836
29133159 29570030
74841160 87104786
22331547 77853798
616882 48086917
18163776 99036548
41385491 86322138
50322835 77281551
34800725 68910543
15286882 35466441
55988640 66036206
13748922 60021431
10574545 37246996
8628486 25047310
10737886 93065227
17225456 55669319
4648762 54897194
48074181 84105669
4888955 54369451
9189223 33751256
27795003 93534928
11564359 45357519
8665882 78018775
2091213 20814213
48398708 70856014
22052503 41451563
54427713 67854897
61618887 74516467
8669704 45589998
34197541 54760948
50505291 79290888
79962778 89001127
1662653 44624339
70465504 91684675
54391289 93404871
76017807 83970723
64279043 76585207
28473937 65234460
34794909 65845444
27371487 62892407
18837644 20768145
30394024 76723541
13495189 15807180
46158015 89001529
45714460 65491017
83441562 87166407
70205856 79707849
13692260 35533437
32885840 79576426
15278840 29160617
60521011 66588018
19359630 98789580
61483104 69048102
30124874 71834877
44359651 45659355
39045767 83446440
1007319 55195870
30935943 40853975
19517994 86228659
37185616 68720729
1735388 24453330
4364231 54059688
8830360 60173332
72684940 97149703
41495535 66226032
18631990 61306446
19528279 50960384
30090600 64446414
37676808 70714663
16453115 29491756
4131604 92489843
2441220 57641816
3570088 78370400
4469759 38247524
59404608 76229925
31961932 72669955
14720624 39535077
6896524 25604405
80476579 85244921
60038791 95418964
28602639 31984882
40581665 55214378
4958950 72460399
15105394 19673557
4466397 66944918
16779683 30800361
9873032 99793588
77255831 92465863
9057900 73104172
87044095 96957325
45837666 61917975
67266670 78038524
6700225 75043352
11762000 39585671
19403563 51736973
9808891 99891516
55190680 65486471
43316145 70779589
51514209 96100543
36622315 74268961
28266470 61868527
79474 23341698
78174072 97682918
10502198 54911102
59833916 83538345
1798548 5298118
13933808 92195243
15422853 21308661
9931282 79828903
65520858 82054232
78914066 84936558
33205697 55347558
72578849 96483353
1674302 12828488
24584455 77134641
19808531 48725235
4329585 78424674
3764489 91783896
1940810 8761635
68945147 71221732
86898959 96598367
22627220 79571896
75394879 91731466
78466524 82958625
2335957 83532192
18647181 29852100
8920179 92361474
75806790 93523942
46566148 82535374
13331186 32027657
5287449 86576643
5291145 26947882
40114322 58571868
88150758 92465133
17753887 64442569
63328589 71080977
5733519 56984357
65670569 88998201
18772574 34735781
24056899 56781875
7007117 75655681
19467056 72132997
62726696 72973039
29340075 99941658
46526173 56435080
14024273 41079555
5938551 32853718
38233893 83174768
73275633 82715828
6260318 41730539
34679717 71103659
92726709 95776253
52548798 72702328
4263512 24147270
56129608 92869634
19644921 84099945
84708110 97900405
37611870 40454528
39243206 85291550
3475748 21019471
3841510 89129872
80396219 90359382
6201548 35851901
9867783 50707494
17660682 60266607
95825308 97407783
10388508 44133640
53724785 89116649
14163739 17179482
24696490 62764884
5623391 10801982
22052415 43219973
30043196 41900953
13293198 53310397
54944550 91399224
33396754 72499620
3063644 71877927
171355 66840920
58512465 68910403
54877067 66812525
68225046 88038355
5663450 27464424
8179653 30644768
988099 63122195
24222331 48439925
4488213 86335853
49243646 69238398
24988499 49238087
9940887 48258668
23167061 66458919
82137728 97644422
8929496 68193844
45639904 84369196
84793122 86196888
65079066 76985999
18997145 83930591
35234854 52698448
37673029 78111105
45960243 59432415
4745450 14216637
38641930 49521438
38598883 42677960
2127434 10540575
32977773 85274999
57759689 91112133
1787123 25244415
41647343 66759530
25245186 68888822
19365373 35843734
1784405 29246032
76285075 82855545
10781027 86783178
36234463 59926975
35360679 70142887
16032385 79995306
1838119 45953063
46196037 70835032
67580150 76435714
18408192 95983330
70428394 83244217
37770246 40077040
38222211 99336105
19261990 91644083
10945431 97071969
17600189 35173080
65500197 82556879
20960493 31046222
6292288 23708246
15926114 82984066
2306459 21699392
3668043 75022182
68679864 96119439
7366702 17177503
32335107 58160359
21494660 85914851
37204973 78377322
3335579 75349023
24142261 50769397
60791795 78754066
36856885 85423703
22991924 28166752
8096839 88572898
13272142 59424617
50467900 74366968
24229454 68981880
21663568 66576539
8561360 60361556
6267359 82756919
36652059 60587807
193547 10882037
36856327 91335538
79379390 85891264
7088792 25763266
45084821 52646489
23696973 28059153
20238199 93934271
3244265 75643687
21132283 56594118
31876537 83916869
2817021 72229769
25394753 98054531
36079896 83846121
41101747 46035536
50333659 58174302
73420825 79590731
10691425 80293722
63075500 76292843
27482527 57933307
15434649 58506429
92803745 93144277
83883171 94694337
7074877 32641589
64081207 95304272
27471149 90872081
28432835 78540752
36381379 95242313
7094270 53074018
15386821 46818519
6833091 89461004
7994861 81809732
13608703 38529483
31741801 88645681
36524335 62109970
1481679 35792220
65712843 70125157
76157787 95883879
18633026 27515988
24421331 51805681
37952542 83123038
17325084 23344131
8157138 37793826
34667982 52909945
1146410 72930030
38164845 93600205
15258565 54226499
49545299 76312362
54526839 84244597
11594063 99306703
25900922 95267711
32006031 97742370
966701 51265849
93040386 95353425
26087380 38329504
60313745 66962971
12505294 27328159
22825737 48994781
12407039 93511843
23080024 96943967
18606161 43468315
18451747 58327867
29644791 39960629
55941199 74894927
21473519 77942109
54512244 71852370
4436771 12779034
11494541 12699165
28350242 76144471
41801170 99424983
1185719 84395976
20716973 75557369
74316857 96221345
26085085 60410162
66535300 67375511
41679910 80458165
65607285 76681319
7045983 80697382
7661979 9470242
239347 71153184
81130171 92026796
2159713 50044850
10818637 86005056
448443 2708445
75123946 77382909
43555370 66946840
65107500 96998667
42650573 44240233
12273004 24242904
35919065 49534022
12249095 17325787
7651364 84444944
68727160 95375985
17497014 69075579
12576752 15031370
76137479 85492822
25813997 73234899
20390320 58160852
21358649 75070769
36413864 39062099
5402821 45945198
50798746 77804807
7079281 96758953
58798084 91285974
21181362 45042297
51278933 65789501
27794283 64502794
35663505 92444080
7216046 38362725
26944019 36719310
75899447 93061614
41188418 53337273
26578404 68439280
49154831 67802250
3344942 49157926
29966373 98829870
40744167 46512883
3699683 24310369
21891272 41185506
81643198 86426964
13423262 22277231
55894943 78918987
718948 94781168
51140821 98498221
7971166 23259771
1666430 39265433
39605678 95869773
47229459 63210843
23554039 97788207
64860753 92855938
30919797 96786772
23366062 48589680
15052725 52776618
26797548 61822143
24608759 46384753
40788439 77506184
68614173 78400080
38067817 48897853
57899991 80801066
10791864 22947776
14018554 56425409
92306742 95373082
56365719 59938983
11537276 38329529
84147777 85379058
79335899 80333784
28614985 51120899
22781899 90945044
12090186 88439029
24145908 45024611
52053799 54124458
74711952 76905136
50983060 77737269
23775470 24446297
43946906 98728287
1968304 45359090
6704675 48315672
8039571 38943867
63737917 68319026
21539189 57754716
72269423 80228367
4618442 8590316
9039079 14665075
16695710 46317685
1641970 91146251
35206208 88063367
29337013 70432946
37619240 86572814
38444923 92089127
25235506 46688283
71274230 88247240
16770716 24324070
39467573 42426017
66027662 95825731
6779325 17589837
41025669 98254140
4490469 31043487
52972228 76783258
26811365 43011728
2244271 78859662
37325038 41102121
53840024 55847652
10931160 19361745
46861279 66374370
28509765 52304434
30815241 49372718
8034386 28140669
24099573 62958496
60718750 87245680
61827179 66087854
35078778 73639705
18764634 77614123
17477012 66502707
28491683 44887175
11322776 16883333
31819959 45147683
8077969 56996220
9994783 50811606
41686234 87232574
70775146 77737973
9843605 19498034
10171677 89958761
29038142 43311472
1411360 3240253
9527119 61831956
89766938 98379338
84662184 94727137
75373478 89419000
53402890 57227453
9173193 72618193
7624140 27731717
18124751 67477662
40465118 72146562
32201266 98129794
46432246 80321597
21440427 33414888
31632275 72908419
89721867 90436525
59028683 82078733
5683637 12658853
11873889 37038834
50918421 87286815
6804451 97570695
67776311 69688150
6660255 74169957
81711545 84768631
9489233 18187458
28544054 87236670
50562876 51748435
30477019 46457179
19597935 56564493
32075840 82467995
39610487 95225193
54406741 93014012
25691286 90310969
19873436 80240751
1779096 75878089
52733916 68335917
26507351 72580193
8446642 46309660
11839354 69342594
8142572 83306110
11586215 29953976
8990018 19965229
75981567 91979548
13541596 67070497
42042350 92401026
671476 30381507
15129945 28586574
18744903 57706885
39506763 83171528
18526002 77100479
47908883 53936888
70880433 82743217
39705945 44395930
12681806 18122391
21379491 34359438
16530536 51653472
19104752 68020553
21608429 86064626
39366668 77757048
16301716 57411828
21112864 59171953
2723848 26489760
16931657 68999586
79076061 89131728
25901162 29784249
13134292 16343223
6398401 59530001
39706605 44137939
58702030 89869516
4977257 79767015
67800860 97044743
62764332 97990815
1997174 51388330
55849852 57471431
10083239 99663778
38879715 49871477
41017060 77484922
9530739 81776570
13595303 97468804
31207893 66015132
2814005 64275787
61220078 86008683
34134836 58929153
51684640 76964226
41450814 45264624
59683405 71127620
47565667 52473327
10304886 22795131
50534948 73739374
585009 27894763
47804161 53105897
55644394 76204035
38563448 41670368
28871547 39420492
43254440 78157887
13959577 24203267
25137643 31303614
4963149 15998863
22713744 78632229
25309834 31930111
7998248 58627077
28133127 54941981
19685027 80753050
84688949 85758600
55871136 80226674
80349087 86571851
60343678 63926121
68517704 88225662
9204192 61091358
23250168 40555774
19858572 25541652
1239632 17034841
5811660 38736210
31612002 91048754
40667068 73266197
16226923 22790792
5456590 98223436
68505910 92330583
85535303 93270044
52619170 57956620
43741789 81616833
56158241 76422922
22169767 44059163
1424189 46876966
19052822 48256956
39289614 68259115
15469972 43433026
2705093 9288791
5005640 52179224
81758427 94869796
51301382 71392515
64189444 79028831
42982148 75439984
70020988 81788366
40708366 86133305
37460226 80060736
1180315 53538971
27219886 38271155
39586467 42050646
41466633 71309628
16271794 59885470
26747582 76378195
46372361 91652862
17885906 49940641
3503632 37980383
31168790 71359370
18256538 85013828
24809364 61915843
8686189 91384396
80649509 94611383
18529210 38714797
25187346 56291818
8927387 99107648
27767928 94237076
3032498 27671898
33860588 96271614
20233976 33935620
4553293 96908976
11914410 99211276
1043492 38005002
8576087 14513395
2596215 95907711
48104885 99491355
901621 90356571
554951 42289316
35156604 83912518
10076645 25378399
52090049 56913049
1979291 46152944
80845061 82632359
13477396 54803047
18094119 40881839
6175218 47535971
63766779 68622210
54533987 73385726
22970431 51096463
76988161 98370288
2055928 8192135
36311449 90002629
9806900 16443033
34338643 54139831
45106027 57329682
30095647 44108862
81559375 87405709
55023084 56293853
80651131 91869764
87585290 93149886
13630092 39415545
52210719 79935674
58560776 67143177
4269430 38787602
15542962 32004129
52085995 93303930
25925687 62560134
8417584 27808729
39274176 69145999
15223888 16033733
22195301 90977831
18117790 20751765
30611788 89887926
11328672 96439411
57842067 78905908
22949022 52583891
11120290 59860694
7921261 60143774
4951686 27511733
49468451 56915594
47788706 65074714
77558919 81400223
14169467 38514869
12676539 35397269
29382361 77720956
1341454 85251838
21862907 69878389
4052639 90709158
60046461 93789393
17104933 30526918
39943699 72438321
13807943 46395567
30907491 88063438
67486429 98861452
51050561 57574712
52315557 67620264
9886543 82180026
43620271 93221124
50392580 50659922
29097849 77077563
34568864 83355839
23383710 25386195
10965977 46375887
73786800 80889700
8987424 71407645
6879779 39272875
92545887 94555223
19705081 48764383
33363579 69939123
24952508 33181368
11332191 67655404
86551715 99457863
4628290 81451769
59391906 71645418
7538451 71809951
1529866 32192938
88658867 95170619
45336942 87862099
50278625 73799635
5386739 78636844
26960240 84835297
27886450 33106636
11841115 31643968
84088053 97579938
68671274 87621062
44130109 51591789
31630071 94267452
48892479 57911749
38065905 57728737
46626193 68310690
90375900 95372263
28229518 46805314
48515828 51927182
30105520 51576014
3572851 54964642
31507376 90283575
24856064 39569931
58768896 95948474
81935119 87211367
20102711 39644282
71351472 86551877
56282704 80226366
7645344 92667662
4075216 54185289
56317447 91976262
27780418 81436642
31590471 60677568
12977254 35358756
7835864 50489282
68738437 72246947
65893317 82868102
35132710 45739461
20148525 50916027
17766143 46127555
34397698 59816642
32996833 77272264
65459790 75221362
13448298 71862323
49939497 82092565
68884538 99950961
26987880 38738372
8782277 57292831
39477726 57606434
5241326 71478384
24029022 55264857
2090679 98107784
59758101 80320704
14744725 64350487
26637652 47884310
7110666 65233870
38995117 93433179
11006429 29692191
37935170 98908300
8799026 38241064
1214609 23379921
30416509 57729726
32895081 42313351
39552391 66635624
52232578 93689260
31424226 99404271
49760594 82890246
51392420 76085661
44670885 75729551
26970941 75993452
59914502 73788938
39476576 55837722
494170 65972326
14126272 97021037
34025934 66233556
60576212 65936495
55782873 73273794
48296603 70258859
70692149 80647908
56882267 98547052
2024485 35031019
25667648 29346336
51522812 83658497
5708684 58785316
17022644 65647155
44166239 73723396
9136445 29799709
30974695 59359809
33789501 97537327
10745578 65784784
48734088 93351218
28546118 73804946
63135209 64499327
7103805 7543569
20954216 47897790
27189209 86061330
34525529 81553870
9525060 36750150
22554751 86214056
40764253 90893487
30931436 36284291
61224479 75441722
32785660 68888782
67055222 79467245
8480838 53722951
7736390 15448541
2448874 87286444
10231023 21688491
24960261 93940549
39435634 60476257
60434517 94294850
52881987 73934233
20753893 34321420
20015516 28882742
23570054 46530256
48467334 69819214
89425915 98846800
84002558 93086734
9886594 76035164
77114885 96778405
2842548 65060079
50038031 55922649
76676222 98947641
10977961 82862688
28192939 56911382
28621962 74151369
24131561 59538692
25609177 69935938
44824492 59812932
24553039 35263591
37401134 51272924
23902945 68405416
48279455 64148317
45774560 53761563
25424903 51482127
45225639 63723990
84487111 98999653
28164639 83226732
46785717 59154151
77981679 88722612
48898461 54693807
26156427 73081542
48557548 81684155
74004953 92629579
15983971 42154562
35586769 87827942
61625320 98227929
49458941 98548652
28612585 77753624
39529989 56013730
28262415 36662244
48046645 87500073
5430719 38687211
8173724 86087406
17532831 48146727
38295962 69513297
16682835 34897945
30933478 86763877
12773130 82626877
75977974 89750661
59465032 80515141
47187287 89373181
10173676 16605969
38932110 61929258
32612006 77935924
21469357 82728929
28920639 85090228
3497020 65464719
7060445 25249984
41641439 99363974
15029375 67227958
10717856 11416767
20849110 90502346
41829543 66070043
19974964 33737238
27705884 38478722
11162269 84692622
19029009 98383868
22050582 36835367
19165848 25857178
9308810 82218367
58422297 79905563
28540002 54530871
20652019 46041425
68091685 93941600
10759286 48198183
46839342 67408058
206914 87997758
1933296 79543672
25937100 72331881
29360914 76740896
27133918 87967536
1405019 48857505
37154580 78234447
75702313 97058522
9928289 12397880
27254537 62509315
32781960 83043981
25304973 37061335
47639203 70187175
8339544 54813832
49779474 53547935
26628459 41341300
1126334 36032014
44816075 46873721
27240975 37505300
31962982 95172888
42828811 95392830
14224878 82187156
40695 22316256
7109257 83211331
20488265 80210467
9369874 36249681
11345210 38109816
17660628 45789182
43373022 62842750
20566165 29171867
23460508 36795270
33088913 90266250
70984790 76600688
13964826 57823132
64225472 71628624
31502378 86169989
42332142 92730084
22288262 62674871
11902535 49540254
30124918 50840228
36365088 59285515
64002484 88100826
28054301 97697903
53486327 96805743
287511 20527588
80003784 98006829
26402243 84579245
66811222 98490310
4211017 46479522
16612514 34956954
4516367 56758633
18054315 86871450
47250303 52955560
35524195 52440648
25612929 51418000
21518897 66120764
60168894 67522713
37287533 59772834
25068475 37509736
1228215 59475687
49889782 69331632
37724768 45375311
25095177 64262928
45873745 75316751
58215384 92909542
7405853 22135609
19778369 23331228
44975914 65970837
41477527 70466610
50590089 74261446
63593956 76169973
58210124 95243000
12695971 73279181
15737275 83856808
12169107 60657508
26250366 79823740
17875539 25061771
35017885 91342911
76288921 79077383
25454708 76854517
1135681 52764796
32053838 82255416
60913815 75257640
55027941 81663672
4220485 86897393
45403066 48429038
56354829 90187696
28132365 45767443
22020601 42765052
56743726 64711646
33905315 87838179
69054318 81351820
28128231 95238971
23964864 92633151
3865041 33929138
64285257 71786863
16804294 47093666
3036276 27536341
721741 36872272
53952798 55192642
54638327 82507514
57163035 62243353
54074406 61385753
31822800 60298671
28158055 30216704
43744790 64195444
8735981 13453669
1451774 56317218
54777605 68363246
16795278 72145415
55158958 93914260
72324170 82569344
38930074 73195174
64667474 69654735
3569227 24814252
84511252 92269684
23858064 25883624
57810573 63230952
2694232 93370756
8777158 42417183
39715916 89987320
2537400 70778532
73410032 92357611
25236607 61929578
34326189 44369188
57866676 94360173
36513663 60317918
46315576 71064809
23064227 27948065
5967086 96970911
24500323 33689323
26285832 40428428
39732740 62366024
49573253 73631334
30433292 49627914
32078642 40792220
29649133 95791650
5015100 52896199
493940 38487852
50997492 77796323
53252790 73182340
45295130 69933830
52560308 57198754
8812521 68589395
1618808 62530045
5640682 7995428
14367054 14942676
5315276 21939000
16397920 51110796
15958081 29306323
3378686 61036399
6099046 94128214
74172861 87022730
34133951 68052287
2549730 57175872
66893711 79794396
48413515 54416485
196567 39235902
1130866 25578297
10649820 82784192
78408681 99199722
41564575 54649988
2055187 41789150
34529395 51184358
25440958 93855002
29974020 81845104
32689352 87112600
52092861 97923185
11530849 93331977
3537922 95448012
22190417 39796623
55956929 70088288
53740716 64252679
7028891 79031779
3247843 72992761
81117713 90777263
15086775 33734054
73172559 81007870
30143682 47590524
33586114 56618833
39427509 43840988
75226379 93334907
23305300 93493532
62155459 82030817
58488391 65980340
7099951 81670339
93960354 95990201
71657915 85567170
18763031 42181291
86073471 99169116
997257 43857121
25271860 93538037
23263604 59272223
15397492 49548952
12537289 73222846
17857722 23924727
19250469 60918385
24560279 89073974
28653907 97394377
15982220 35959059
2548930 59166901
23755047 35629508
33125722 49576632
47933505 51133885
11899792 51121870
15063529 83203524
2235491 85197425
15023826 25376645
36354963 47344739
14314896 43799119
95183160 96163348
3887199 63609684
3050639 32754394
4956897 14162921
10673631 33777413
38294674 51869965
554133 57785291
14355524 41965812
27079029 99667729
20940829 73540357
313104 65283830
49147491 63730192
7111125 83202246
16046470 53034562
41540164 89394882
66496808 70791710
39665412 57059595
47691032 68031618
73692750 76165177
38104896 92507322
8154539 82011551
55309214 72750469
83932688 98433062
16397526 77253763
65768521 74143213
66199 2338261
301853 26161950
29554306 55710765
73680461 87246834
68014161 90542765
27138428 28144069
72098851 81427359
7541964 22712449
8138883 79244387
51662212 91211246
13845251 58798813
49492040 84343939
37743480 84248489
43732431 91053582
42709014 94489794
66058125 75157486
11584876 33893447
74293046 85208409
68413223 91607941
9438213 85907735
10611572 17182296
60102046 70731473
2682933 14333358
17140800 53673178
39937750 89765551
22929918 77348858
68010747 88020762
25610846 36791503
73816156 81079130
36878666 99406555
25501760 67109916
5322032 41790050
43581194 64790448
45886933 82575514
22599846 50548141
60489845 92050827
45365053 88890414
36684749 61988098
31985450 37528809
811351 98157915
27508560 87820498
14037989 55535580
69705698 83165269
22102930 45572303
45998977 90118200
59267197 78694593
11260572 93004349
63651891 84989974
31888540 98642671
16024118 48255881
3752366 36836835
9950333 72105382
16277183 33937330
58384206 88068594
17959613 34071231
28103666 73010998
39643185 93080726
5099217 77870953
36154937 91613689
14782292 58939585
16645463 27430157
42616178 51427892
56402937 84239316
87520640 88703649
11565384 40230236
37007037 79073859
55220095 96732266
63742186 71692061
45769209 64180072
6799349 89911628
33147754 89403955
75997000 95014585
50400315 60762553
5944322 99280096
32524551 95887486
9386471 80582370
17167647 37932313
17708447 46314049
12088501 32142854
28116973 53354412
43147510 94917520
50849033 60884649
9854297 34539903
10111617 96296618
2040145 93378152
54595355 86000439
10301894 71375409
68936858 80673312
59625769 67549441
63225785 85186180
34083507 73470718
18908032 59549310
24654748 63348504
51008995 56149127
19499183 64082290
12531932 29885270
26230987 76721637
55302202 71157273
58487933 70259812
18544741 27845036
13202170 54119679
16576085 57810592
3421369 88939089
2069290 2213289
15443753 94428352
13065269 64157842
44495454 68354520
20128461 28616551
7858305 79900119
83323482 94519658
1382441 99896150
10526287 57729308
13293390 51548757
45984944 63334582
33873962 34422871
17944746 57588108
52885557 80925549
56100494 64455193
47797258 81047882
21034902 28784183
23209970 60187582
54200140 75857078
23965995 46860904
1604829 8620812
45320093 59247625
24180966 58739592
1211892 64594531
7093376 51021638
17781127 66983768
26803532 87473181
20738203 26812576
21883745 70849467
31509569 97753075
71478216 72580386
23612347 51828381
61749542 91776769
14312860 15033443
31430897 87722876
36746990 39909211
69591167 81705760
28273065 28807282
11615778 70166728
58042779 87835275
41698241 53298431
14745273 40232233
49774157 66941839
86060397 96413215
13786912 83066915
22802782 39188687
43777517 76106321
41732680 95949387
12146841 23113160
44039015 54081520
40015041 69024200
50996855 58319456
72419941 82674545
44059987 72631271
5325943 75847743
41263635 68877404
9537311 21073596
22725121 44978733
35541837 56316659
24065807 33508840
10872087 23336466
10893516 81673283
30752966 82266972
25973563 95130445
70547248 86779597
35429028 83336852
82206424 82295804
50803393 65691388
2182142 55219215
9773974 71148522
2676935 85325707
16660389 84258826
21716698 47336636
69099043 88552480
42867350 50930815
39158207 44627002
14425967 89398242
7244175 43186636
1087362 71077013
26463723 78486729
24642090 41100367
54126015 87591266
23794659 47663854
13140562 59029546
54581899 65644090
39328377 55484150
3362899 5749484
72888513 87844520
14546240 52619059
15901913 79949767
96229167 96592555
73084245 77464768
12210553 66029505
82650524 92407793
606979 40440473
13352803 33887031
20366535 76319886
42109825 53976081
1419850 45498293
33807441 68996930
35952459 64689971
67258687 88723015
7413411 96448858
3478134 7169956
13317736 63208326
71072565 98521233
46180554 49195077
25440889 43389263
40874608 41768178
45426859 76722814
24999442 38432799
4492741 96465140
97928263 98246090
46881323 64068833
12993714 63999786
18015619 38102272
20805246 92271928
25240778 84162173
7887132 45015535
5104345 35498603
49523408 51838907
51574442 66978186
25563701 98797569
18788071 30608046
30100628 80696503
9531826 42742268
26637377 82604311
53486557 70734769
49606980 55647722
47861499 62625299
45201616 54784026
44202285 61821343
15342436 99196299
82407025 96515006
451801 88817424
6387848 65308127
5579628 92771933
34406660 74287207
49470881 84270635
22168347 33427934
10107727 77880358
54740598 92682276
16953898 57834084
23705917 25084513
28765425 36177723
18842164 57382886
44128635 62648878
22429825 56553836
41624638 51767404
18295907 65023325
127953 93451590
41422576 78701330
96340665 96638062
29569599 50253738
29975532 42634855
65127838 85586649
46698746 66314341
19171428 22833932
35746456 67858365
62588349 65029800
68183707 74526447
65535251 93097370
18259051 38865965
64589502 84419753
562201 32177739
50637440 69511929
55503314 69656901
19454533 35014225
54144065 87777252
13084540 58531253
4014738 85916089
67997288 77684773
40845201 91406328
9345275 61183923
44039841 95579276
6763827 59508274
9110312 44202912
51346287 82859738
27698519 66663393
19328804 44491925
8964043 59499732
18527937 94763035
55896051 61281908
25911479 70081259
27882796 47715864
13779962 62646216
12282833 53837666
65913665 85385594
8378250 36220906
6500779 34579241
16491023 88713606
61391106 87605019
76123865 87869583
3078054 29076679
5231597 72979740
50957043 98824816
30800382 31673308
37284716 91690490
38600425 85227934
41848488 66331135
17924914 27828945
18531577 89106721
32313460 91472407
7095147 23787542
45236657 77424111
6156597 8234286
43171720 74760070
14719594 87863716
11399931 56948461
25428764 29870205
10151516 89404717
25265787 81961835
57227377 67099941
33650613 57331684
20029188 84638196
26802008 59296972
20906192 61900052
1472002 3553210
6198498 10887922
294267 94938342
10142567 28996900
1718603 70603408
49026017 51115574
14424332 96885931
50035620 57521956
3853337 76412983
8819289 61685729
33418484 50361549
3036030 60513491
20605376 76327222
28492516 37979989
29613832 94911634
14944052 49714736
8302460 26282922
30950235 37842226
47724266 60039663
6555014 60019507
73537020 75844030
16536535 26609753
32121491 96106758
5785418 16752958
59367676 76833041
656876 28964016
4836440 48581149
7868739 34214476
71101900 94471725
5807435 10246528
8609937 57304054
60551060 61278065
27033177 82734975
66205975 66759200
22333640 56910497
43817361 86400788
25376697 80858825
71654825 97763122
89904058 95127930
72660142 81777403
23304269 76392711
4665715 36731836
59131958 83470412
19517644 76226560
6841564 40200522
54356248 58382102
58681700 93939465
20146491 38331915
56587343 66308355
36863088 47995361
38707631 60605922
36149187 40169487
25058476 47236360
50797311 98180502
45268999 68212735
6607644 90277775
76145961 97494905
1380321 42985105
34943722 90369149
53182282 54649663
16335746 43684217
24176630 60548586
12560443 67057810
84734310 94099010
35269192 78439117
75161484 98339281
50354407 75934444
23834552 27453704
75891751 84818341
37829342 61272066
13661998 79356004
48817197 89498592
6996883 27597543
225593 76698283
78154548 97340273
68087394 72103654
15387999 60546970
17855800 25903404
78757822 84245862
21045844 39685463
19096594 28976783
21737510 31215794
9423616 40288429
9064014 45024161
11133016 68564982
790209 41732731
9361261 19650536
18272648 80344521
46995 11687367
14141118 63265610
19307553 74011802
8537222 93940224
33188275 59022571
52197441 92067831
18139595 79543594
23150217 85314372
42119006 71194135
12667428 59577120
4422748 76058947
5491917 30573074
157406 84735963
55069824 67706280
16879820 36376326
1395105 17508434
34709691 73171207
33808815 50502829
12704058 40093679
5201614 51497976
65555886 88494015
52638533 92931479
39515157 86530984
8181272 70529401
27637024 74112754
42754081 90132480
14422247 41233986
81222466 83633868
22847214 66698397
31951449 51738059
35341881 35944015
17711351 22479232
6067786 67368425
13787673 22217544
75440244 78726397
49042830 63208440
74704418 84138690
61835852 92647813
44336064 72338495
32891440 90222917
48228331 78473228
7957225 28532484
49120220 63141105
21985568 96015838
9660627 65887092
25798287 95678755
31015856 83878212
45795850 57698129
17711020 46058625
10403022 86741961
2909352 42171495
10571650 68151236
38879740 39138440
61257535 64173655
47818703 90528361
39164587 59286863
34388718 72425654
5256381 53018734
37007455 76704426
43705667 45788651
18773705 58502562
20344415 85717232
70169193 93122610
10954757 65263899
49666718 53260177
6838911 99356925
60158589 91843850
32565150 85492201
899103 55714477
10678197 59577335
22213784 37464658
10784630 19323944
50250179 52738264
31269245 94809308
45534898 99047851
13572324 17109308
34478608 42276711
83760395 97446003
23986194 98126055
54409693 71327080
27603939 71255254
13802907 87754231
62332604 86577309
7223749 32588548
38914854 53203734
77425703 92050284
15198427 81535930
82178810 92649962
47286610 86451976
15234674 73628294
31524371 62957110
18230089 43487240
4312323 30307305
69635818 73522129
14633874 34707198
1946903 91051571
22338447 53306557
22976355 72360950
25379166 84369827
32173177 47630353
21485024 60701302
13776083 16323318
55987681 62207447
73979164 89019438
25216192 87330721
1903867 46367628
59232394 88684997
86888935 94477148
42177462 43101075
51653783 57701876
4951022 92947441
51985141 93358011
17813381 92098530
62975034 63026198
38095988 96660367
84248570 89401682
1279882 70477069
2625238 56179707
9304780 35952648
1487414 44840986
36065522 69379135
2906492 29102346
20692200 73838597
964122 87756124
43073217 93842766
46357425 55946937
49623288 50019695
39666615 57894465
25127791 31835933
51891956 58830852
98416750 99428207
77368969 79897606
20340582 85626651
30588894 58170443
2127214 65634298
60028993 95306806
17221252 82434501
10502983 52375087
54468885 64394894
6491273 49729503
19373658 78375011
55077450 84333201
13765196 72536923
27323395 42282907
26069887 67456441
17242771 91884093
3416017 22093630
14627685 25353069
24710881 57595571
671381 52392380
29676883 77194402
10224560 57600911
17246867 22673559
20652856 74287518
87397683 96933566
60543864 96059684
35152861 93291256
49357918 93886973
49018569 61941335
7583811 68619747
43559496 52602277
37346855 74749490
49290462 63663933
74086856 83620046
17083550 81344177
37407988 94960598
25588983 53227267
50469216 90169542
49960043 63469799
1868737 75388263
61591991 66334114
23714852 64983916
11138669 73498470
322656 57149196
9952549 47940397
43386830 88756288
42401976 51546482
2781184 29089554
12582826 26607571
32333910 87570437
44256672 54981778
12318121 47325802
39698525 86156187
5332469 20022458
90956353 95291651
69000686 94790139
12414138 48099999
32350113 40310308
59949286 93336917
49856439 75998167
45008923 87561632
29263419 54308252
17712912 45899361
46618397 60231007
57756658 67857607
40201288 48314711
88406977 94050301
6358003 35505850
23431293 72042992
74034891 78423949
28624166 69491032
57132135 93987380
45298437 73920876
703415 32906243
63062968 79479508
25686019 92630076
4443491 57342331
93025906 99704462
6543792 27622287
72010626 82162836
17800916 80821627
18478809 54587915
74075424 92690771
22274821 89854738
70000893 81288928
36507752 37153081
24825072 63815569
42049899 77512530
40481498 53102151
12062163 58380061
30277146 30411050
42978781 88189733
62838260 66977092
38433575 67332323
40856437 88831905
32321707 74920629
61518351 70773676
73148595 88707320
25440150 50603578
59777676 69924422
42781634 71683585
36144965 62042566
33368906 90650499
57620794 86719894
15021688 53127539
51295382 78242128
43765144 98236494
39036284 69007577
5673037 36520959
55577819 55632538
68192770 90003059
77187610 79751362
13147591 87388090
10329998 49078499
39227082 42261131
38119632 58403214
36416386 64748065
21759720 29600302
34449061 35637052
922645 73691199
4593453 75512096
32902498 76888762
6644572 88120467
54483313 90738248
27451603 50681285
50496265 99615926
65376614 78324855
14627322 53424653
9172747 94450196
14287068 92154844
2481968 52045396
27847407 96521803
19920513 86274426
18094388 45634317
36076284 78053953
32047675 79715213
27467191 65302032
67349186 90200913
36639273 43006649
41252835 92629962
78326685 91196671
65752758 76574388
3222803 85835451
55633566 96957894
44351160 71050077
17611229 68611618
67809543 72324563
10682115 83143907
38419691 59915616
26688629 86540695
71025411 77415774
74331884 83099072
26021455 90919050
81895925 89813846
61114092 91165009
9740353 39341169
20907206 27087380
21693718 80951775
59346353 64129302
20775148 28312708
16227798 19944975
18494965 42264786
32419658 77250959
11256300 53160182
1996054 17913343
9190807 47348576
4010898 34973756
51455257 87867496
20256312 69388749
57926408 66981435
37440566 88407882
16853338 65145581
24943465 41719909
33327131 38821319
4243080 92981696
38555174 83610759
18427069 21423438
92480149 94515449
9767432 50858744
29864267 60406373
42788252 96743738
48152847 97216373
35315432 63894556
36865495 95990512
66993583 81078810
49800661 66239399
49514580 80347096
5039839 97485326
89213151 94302238
45234859 99231491
11022674 28394112
74527884 83180816
23823287 76589652
48907412 56904259
33625523 56962846
19924031 84663951
15236729 58195864
24836208 85269185
14166589 54658117
6309570 54360378
21822127 33684214
20759553 23177075
11195311 39983633
24522046 82515940
21487283 56340016
16563917 17694479
2813402 50222347
9778268 89435486
65162890 79159259
36151614 85515747
1495503 16841978
77988104 88772532
5994350 10457045
3254728 25494454
51472863 62485482
34763395 68386080
19371726 77182795
47891117 54635009
47047579 50871073
6583225 32618928
12924199 68467931
32489324 76538494
8947413 31888939
22801841 83438552
25175952 94122501
52429860 96559302
81742236 86075342
58721766 72360725
1864958 61629168
6723518 77512750
74676501 99576387
42377802 93203440
69560502 91198449
75096723 94349332
15072601 63323209
23419569 71779215
17631098 34597215
61931720 74051216
87828722 91617457
50433855 93045065
22527850 76726965
8564889 88802588
26937691 30641881
6128410 50751729
65580679 91369483
20156049 55604586
50352807 91612168
25297022 81696707
26465192 32552997
14613883 50236520
41417000 85537224
25167873 93655847
16686333 47893484
58215457 97989509
13190049 58659246
73206887 76187345
25317368 85335945
23366785 79218559
5479498 6186332
23639688 53680610
6350921 6698085
17803905 42163113
1306957 3044355
67822908 77301502
33402338 42471977
32060021 55476585
10274633 94019550
13595981 66403923
10498749 70999028
16584888 20448413
54664717 66070134
15558606 46761546
14284015 86995788
81877789 92191534
5011349 69939627
19156353 27573274
56456766 70075781
10838734 30276139
9255748 18121845
3631001 95403529
23157670 30260795
36194007 73980993
42759418 97098443
6627188 42055861
43859502 59624836
55442969 64138956
61342477 67744435
13008946 60228983
33131839 64398992
53543851 94058604
30147014 62424765
41021159 83413556
149206 66030202
23595056 73544889
26256397 77044061
56766236 66051807
12822323 37144990
27136755 78266402
18632912 28130685
4910712 63758282
2246782 12569326
1293624 69765533
23924888 49542638
12607243 29197919
59638688 87455257
35462262 97247341
26477871 88121537
499248 16812093
7875438 66503528
17028480 67658489
28169117 64949319
79244804 86193089
46171791 56473034
24693077 73714684
45791275 61211409
50244245 85927383
18114672 50462445
39370859 93240891
27133680 55886947
68271889 90632906
18105521 58424013
56481422 61143202
62812917 70743054
26468058 58218036
54315919 65397316
15639397 39892421
4713012 10600562
16083438 38646417
24890448 76135337
24826908 31868467
49981726 78777334
67870229 79469072
6299212 16388284
8412512 63199351
12580436 21760598
66352521 96616436
44361394 89098217
25306506 34082291
7859877 91652763
3966798 50758963
1822256 69073051
80450984 85868244
939038 8687122
52669606 87052803
30057247 99660562
25749718 84768438
28167789 44499689
2923403 90593637
39114178 91084329
29532649 73186048
13751385 42854064
22304714 43834118
28125358 63737313
64215910 81987301
14567475 90456819
8973526 30234222
78340784 91908234
9204582 59522183
3585144 85920396
65785499 82400297
55414079 70332484
42341731 85106471
818890 46092981
31029046 39791381
2497910 72987152
59921685 85964614
75271231 98588338
22491787 36805577
39913053 64578688
77228197 84171893
35684856 38153531
32975284 33258019
70572253 89657028
29247420 63991876
57485818 89820837
53118872 76029624
20969600 31491821
7766629 98581859
79751171 79990542
64601430 84669281
41656290 69712760
7310217 8594724
4975686 62722458
88990071 91984912
45892814 46817845
7136759 86010993
3009461 74307636
9411878 12040852
62459928 99540073
68144414 75873557
13140138 57047769
19973521 90472762
52032363 68663045
2252753 96411127
31479251 40279736
19557767 31814956
10281390 59558713
195927 53627146
40935594 47653295
19170077 97786319
60665462 96156171
32851083 91927340
22771240 63985824
29324033 56094063
19300331 72293743
15847089 83151445
31872341 44759003
37567991 56088769
73890295 93682194
10540894 87716521
74332659 90524026
66342135 75772873
25658649 30643347
22351084 57112584
11074233 28245025
65079087 93176529
82685281 88052344
7989589 57794610
10331155 36898364
80170700 84834472
19812990 24235309
31692240 83231786
4046424 76105422
36323367 91321198
65634538 90774740
31409880 72582191
80908345 92666880
22550007 47546726
15669858 86845126
7879875 47286309
9071680 39928740
39509894 77471167
24637493 62508627
40431281 63934887
26868169 29355573
25677951 93862603
1428709 33999631
63882163 79589852
46604226 73885473
65899362 74444416
59507519 64789450
2259618 86180262
37185871 95105310
60402028 92486302
18891468 42606099
85544315 88918338
15827120 78498373
15471459 42318808
35267890 66114270
38932777 84923776
49710984 61649102
56102569 99797446
21396704 86792407
20186283 94842777
31141363 32534775
20620087 86388201
21281402 34529012
11496770 65356294
9506556 39616398
31212978 55523478
1837497 15754388
19342209 85350257
68364146 83426846
2696197 42710109
13407321 52627608
283906 85947128
10580664 20805407
20339940 34426754
30846000 78808385
42516439 91370946
2420491 73190829
34315220 94834939
55122598 85401795
93121616 96198458
26121358 58747776
46685110 68686305
71126012 78981368
52540196 60589284
73784582 76887340
21676716 44002700
25364135 29718786
44958548 56023160
25325721 88563559
20646934 54656407
60427877 69367615
9601647 94540960
24925611 92433700
30691477 51430104
69853987 93159773
8173067 68981634
56317723 65104992
9381131 25527659
12822595 51559697
54022164 60705642
14607901 52824129
8469144 48539815
24652315 65335968
40515197 63343648
57357286 99100011
79663910 92336541
77649282 85770574
42688222 87398727
55880861 77746706
79378625 87990460
1344389 85316264
1995443 58581020
77615683 89220878
32987536 56189653
5711529 60403778
31464339 71456833
598372 4391470
584686 36016906
73706946 76055267
38823092 65596989
30151132 47686511
61626993 95008442
13398684 65907417
20441937 95406859
24377472 39844439
12645621 73890184
29922941 44858743
7853386 30627720
26687351 81512856
36412245 85461905
3965550 56777421
29395884 89460448
1495470 91059361
2447775 61667136
9786445 46014874
16848440 47759884
25571466 76271844
20247980 63352504
18684328 48479081
9692423 29671468
31101842 38907958
48210612 66632250
2492622 9459075
91542859 91865035
33401149 94005498
15045066 66717613
7704561 72386515
33581716 69934479
82283444 98016351
10846845 19552252
1062018 7313025
5569230 62186569
26864394 46648367
75236788 84567353
76839157 97738545
38251499 92865601
58514319 63573618
55054609 98780478
7436506 54050800
22623 68004539
8274644 98008690
15197044 18568740
64481775 65114391
582457 97530595
74647479 96626857
33114180 40903166
33002912 74553302
4221736 97841860
38266379 52167201
14238262 30236432
49068467 68578945
36758333 58544007
82699404 98722678
35076564 43689804
79835418 80644287
4390552 13135046
7014466 51130748
51007542 75573395
46983802 67907590
33649177 36173276
52631543 94376128
8491191 24779524
73099483 80645863
30516499 46507309
20545130 77164638
52124910 66137602
9460299 55494254
38542400 97538365
6129099 7816065
215854 43547573
49049716 70712206
42413249 83254690
18590889 19970677
6011940 71766631
45942077 95471221
29192562 83082171
11356766 41545271
45982928 48059285
12555216 55783831
44262476 57931594
81936745 84570148
783817 13550497
89370787 95808662
15676502 68227968
17460180 68293772
50358004 94947617
43314743 85692299
28748570 41474191
40973823 93582567
40926765 42547505
52983710 61713023
19368495 20924440
24647724 98388048
30038689 69790751
33289712 70669555
54011481 59247634
12574351 81903723
67549350 71852687
33616529 87127711
38005258 52511303
19149069 91083182
61728736 75692632
30824779 41866833
70620223 74334576
29754173 45752155
11024944 76504465
96088799 96736865
2595727 66104370
9660234 98150817
8003000 28479636
9595270 25054771
52470950 93662108
69400996 83518956
10470359 16194809
79775655 86746232
69668816 90343834
71828880 81647951
12602417 82794906
19505184 68401645
80439377 94611365
14044650 60517832
15871396 43897232
40059199 62435677
50753610 92790994
30615654 53141502
37163828 79011923
2081480 5984671
37654855 98747474
7765 13154169
10535838 98721822
5420184 33288943
73300296 75933789
52517111 55096148
2703144 18140711
61956665 76078175
66419564 66761360
17993262 69431943
32712142 37566571
39034879 89011634
17567390 62082105
47815298 58559202
3153727 26736308
61646964 62862841
17990965 75633595
6666616 13477564
56015166 85425466
43960246 61894962
11779373 97947988
29666713 56620774
6171457 82810626
75814363 84385247
17019655 74897725
46190294 54928201
252396 14922849
84108638 90841248
93644656 98225923
48744704 50931309
24054042 65679862
90881114 93238259
72508184 81041840
65389595 79839272
13961626 94869996
65379973 97551421
38604028 59631489
4837981 97947040
48032003 53324838
60773808 78071110
13403798 36752054
74953975 96224891
44169394 67957568
45577575 50645915
25768304 74164223
20652287 98444287
7054021 79569048
12518747 48289065
21962664 56257272
64149706 74435761
30422002 35368049
61840849 64228034
12577943 80181890
73169319 76389787
65788265 93724693
1610938 62065679
26684599 27558365
29353257 55277061
8974750 48176394
67629896 82255865
38774156 79982528
52028281 62911776
10277221 69937910
86610344 94525164
19668395 31232590
43515071 49089948
72510467 99230350
29653639 60519766
495537 96900389
8380640 31514608
61270608 77499252
8293694 37201272
3448652 25949522
19872940 77169190
16534152 77542246
60942210 80627637
30169685 85479987
13193889 29447450
12631198 74987244
24759526 41772311
24507745 82835697
13588448 91286659
45298431 88130192
7349588 90219211
90213902 99996709
53740653 86247867
52942102 61373797
3730555 17693375
53888819 68046516
20143297 75327774
11801596 33540425
36755729 39891029
1609628 30017546
21734434 30737092
42727399 78410625
39007668 78160265
32086539 51112737
20780607 52268246
2131590 81888600
37830668 79170254
37868015 63689667
39775558 75930752
28995239 85089914
68343561 86338255
19931586 84625967
21161006 40616359
18914439 83345829
78587468 82129410
11882884 22145696
60395464 87019217
9181735 9893200
40534721 92811286
13062687 27578088
24365106 91410364
42883484 61184097
45446865 71670461
36512914 72859966
1491803 5264339
38893124 74372853
32696357 97278184
6672893 43065662
27931541 28696990
17332832 69839299
28324807 70957478
66349281 71360418
20351848 36164590
21035501 25083978
43651020 97746045
80362808 82440745
57553821 73187028
29637586 97067163
18078376 22130707
42349113 54308310
20241214 32768161
23126037 90244396
16789009 20022347
84428264 98367839
67145875 94869990
20649111 49515285
56130278 67972959
70511714 91949025
50218356 79895077
26293424 88152183
16214252 46634536
36180353 75548475
29010269 86456767
7213717 77819160
5743828 49310987
22107939 40464587
32461671 87904496
32675999 57074715
24959755 61163831
13163924 36814590
86441919 99648616
48287839 94130405
34534072 79987871
59643462 63461276
60666187 62974364
5235648 57184263
12465667 85472180
40585830 56355634
48339351 66587607
73050059 86619508
55658836 74577704
32022673 58063965
27905048 94403584
54749 43962437
37728236 50852182
15274460 35038146
66413930 75524181
54540637 98090512
3743280 98489840
32032205 54883350
20860695 92831909
16835772 37962461
57359436 63217766
20107033 60310108
36459202 90347304
42020 9801084
13585982 94557652
18245325 65082818
6919568 91755794
15618342 61932501
30083242 77611823
5668984 24377715
29457304 29707302
51985617 92613334
41871323 77191239
19605132 75434807
21401295 29204938
193251 3430199
32872261 50647617
4407033 14790105
35345439 86958575
17259240 25366634
55620242 75512461
25005301 42809434
82400357 85416975
39557307 52404747
7770802 72689624
13323089 74720678
39257652 85306995
72127608 89858809
46036478 71926751
14528197 26514496
45823579 70185381
37192791 62716790
7103877 74833198
1601254 99946825
22596974 23959277
80240261 84424015
58937430 87819473
57328749 69186116
37585621 53212985
42658523 67362597
51060291 92874639
21091485 75980968
16146130 77659686
6996503 94043701
22343763 34708092
29001329 84421813
38786535 95258248
12193660 17378740
8573253 59975795
20521088 42633613
18050924 52677860
10956785 71910070
20455640 98044366
65671783 71594188
5628195 6796751
37563335 74516837
3333789 5683351
73564862 82332566
23406658 56730863
52790349 78925674
7770098 33994888
9825353 95986271
66846358 93171153
38230758 45198557
94863689 96212428
22290407 38833411
22807004 95958673
44412219 59729935
8911306 58647379
34914353 43154981
29961830 37376568
21251261 25818122
67904813 71118848
42456188 94765606
55927747 57106960
5843456 18158898
5587586 72115420
7084618 78430145
2196641 68489157
11730481 88280278
63048962 86673225
62926573 73213532
29113013 80334206
4895574 56630248
30172935 79956742
45880549 59754675
25278526 75033428
27720191 62620756
45248429 99571859
3665442 83661199
2679752 76645013
74096048 95148175
32006251 38296208
78733427 88556635
23927449 92327766
19623819 45543152
47262899 97428263
21279115 23965726
69495441 70767249
17013692 97429062
7256117 7538881
40678122 57188498
5815191 92721592
63264643 80240588
4924423 84766435
53815793 77681168
6639609 54293847
30598457 85311266
1468141 49953763
1736281 43064345
53479160 98681480
31462981 38317915
25280197 98423164
9562395 88302189
6139221 50176868
2903372 14283468
25364508 77419580
9973617 49049359
6418339 47949489
38871908 95329496
3962572 6764002
9364435 32874814
9648382 82720046
6623038 27593674
65335369 82420757
16514428 42580474
6047899 75174399
18656177 33628484
28153663 85067201
12884191 69480074
21644810 86033774
37504598 91612838
4271100 59633333
72734312 94305724
16504661 90975181
10897042 26982920
27249951 91510506
68459353 97539080
78483828 82071548
1956062 13292008
16824509 79306342
72555134 78633436
57903340 96037327
72805577 78304818
11885234 49045990
26948630 81254579
5569777 55044335
18189974 86371228
39974766 53119765
2494943 49809418
84978986 86408718
24965105 78407671
68495682 82355260
19149985 82520273
16713361 51866635
89735258 91773370
42234134 81072267
72214906 89980710
39499877 86021377
32632339 45799710
11770645 55300468
559146 84314369
2093096 63067977
52994651 76173790
17908904 88576678
49437364 95797915
43062024 68962318
16514929 68389941
59600407 84587123
4000087 17761133
26902013 29015091
1178352 28066690
25004274 36038758
3001237 8905008
2029437 44369564
12244834 12920502
78736300 79333542
6976478 41280047
36246098 56402776
3142966 6573658
34106099 91135389
35988143 87911461
27724694 67729064
1364150 30042271
42942453 92820667
57823162 67474972
67930413 84078464
71539071 78164963
14860181 99982643
13818733 75132126
55303860 90413985
8235833 95182838
4953804 24243111
6477824 53653487
3967053 57923519
40443218 86445669
21484345 44009108
2765172 63336839
72179528 89171173
14454638 30033159
350725 88576360
25996298 58823967
68435512 75345499
30720112 34604785
46674829 69823971
28935280 57926210
27622125 72450475
23427047 54488079
24215639 35116822
10005983 93889651
8304760 88394397
3702021 10051626
6734282 15380151
60335458 68348384
6369066 16860987
62679714 62948578
37667679 76877541
64492935 82345140
14789781 24627661
26948825 92889113
2553744 42799423
4244309 16151332
53752541 84789128
60870144 73634798
15211254 81051082
12759978 28830731
1929493 40150835
18029764 85382323
1927295 61955758
67522688 95701673
35980686 63658713
22541513 27573052
72913119 76762835
65167901 97399154
66478615 80590722
24327004 58871861
2700172 4109533
6228453 50762556
55595638 55898820
25631954 64828357
22429893 91436838
5903061 76707268
16190144 79431523
17496180 85211037
36542707 43998559
41033505 59174928
66734333 84744626
69841852 75973306
11403816 93748498
45214617 80721161
24888439 50097729
8178311 17250620
28664073 56546481
31122167 58991922
9982646 11899617
11255669 20310268
8089858 78067052
30634570 32201267
35236996 67157411
52552568 65962241
33896201 59455079
181126 69907028
44602072 78952425
1560249 60165534
10914527 33376378
2294889 59901583
23133713 86894383
63228342 79513679
14793812 66296816
15924604 18728853
60594463 64348894
4322218 18255440
23649263 42203867
56818654 61100548
223168 33472019
4056850 79813665
30135322 40694253
2149557 48616942
13025087 37548509
21438503 77854466
34762006 69486460
490956 69590081
10249010 97646462
22245067 30365196
42896895 61989512
19721732 38161239
24439085 46739135
14363543 87498526
69349299 78810060
77610376 79774911
29775026 83496437
16110721 89604925
10489417 18749004
40848755 79395993
21645335 55696679
21994966 64423062
69539131 78802471
28938336 67128834
32459237 96731044
48819517 76169852
51582536 58164921
49965833 50918012
78136576 85270499
42815383 65068680
34441781 51255767
3791360 39549485
6821000 53180828
21255571 69572102
10992445 26200159
48751559 86481614
48863440 94671065
67946869 77957162
80022563 81057065
39999819 46436141
26605673 55654626
61120484 95005512
32410563 68666993
49384907 81610564
31198528 73218850
25197669 80037973
49307039 50786642
39268457 45845675
8599565 62808765
11314277 61026271
76998445 86308462
23961607 49640377
5659259 30715746
65140512 92798754
3775917 75843360
25204455 93751527
35163511 39962110
44380848 45369600
37824953 99168487
23819658 65446639
31047813 66079845
19691673 60140909
15174451 55020668
25833929 92818097
30873283 61656150
11991538 45072974
28754269 73798326
27540317 85713838
72080370 76072551
21315606 97785793
71021921 96222471
34341399 53050575
9304292 59247779
44884466 77126609
8163681 62317156
15965319 53328573
69239281 75184394
24889057 97767074
91287857 99885205
50808135 76249242
52570601 94607525
12352378 65813906
36359948 60893560
2608870 8454928
25819092 92756681
23774532 85935255
73087531 88024175
94736666 96001315
82037083 88686502
75283280 95227800
23259560 36233082
6722287 79146241
14564804 34626383
84766976 87273136
5134807 10744030
45377631 79575659
15765442 38402028
56688876 85832765
4254451 59319163
3911329 14633313
4887299 82529320
59570157 92931811
25389502 46566440
49148720 78544421
21211584 68546980
8747785 75167380
24925802 84736206
82348600 97657284
25187134 36579703
71782403 94732553
42250087 49618837
29795931 65744982
37956970 99320715
9184922 47690364
2428519 20281064
9763471 82741792
26378291 94295630
9705211 65608507
28703855 34488154
46194586 98638868
16271614 43860274
3232517 23946590
16448114 83719187
5154925 66505084
41363647 96090784
20176191 97914588
41906172 51346720
15256921 33022658
45343110 96236896
56709086 97652086
26167445 38334228
15613402 95202466
65192827 92829604
15599534 64123101
17474624 28145542
28731030 38450737
35630250 54364475
54982956 67792013
14776788 48090295
59004248 90293214
41250409 85504041
1856889 15957471
49627731 96734018
6093024 39215780
32728306 79417356
17072119 98524779
52111041 84195387
34413927 43321986
21827312 91182486
29203782 85455115
54618287 75487915
69648058 97825894
13470491 26544102
45276376 95447624
60546512 68975099
17345997 62977175
14669593 70235571
30196252 47532331
834062 24405464
15394940 80594673
3582991 95462832
2453404 23681062
5131948 49286939
3962031 67206344
50134345 80241899
16020485 18195972
41784807 90698273
17495881 48171505
18910227 46981620
3311998 47702681
5119396 47931678
2936953 29008505
73074911 89299376
43534946 66537989
1730755 75810253
15409974 46986017
36704541 58032523
72343112 94379433
7846551 53250804
23192763 24663530
14493870 30401022
26606089 34559527
4340261 6694440
41357952 71947285
84044642 96798483
46825664 50453343
76085600 89228434
31088675 66705982
30570543 31313197
10116466 21904836
55431281 74362529
6210286 21584340
48865502 74265181
7789743 9992386
19725761 31587334
37428778 48241098
14269561 34388980
3627865 19681519
10155769 45278387
23174246 33527114
80249160 86512259
53099482 96471516
7642369 16752089
88359 40089097
15964379 70551508
44504229 84952465
30522344 51581188
11845210 16090580
34104552 95127822
40912560 97891089
4069522 37095018
42899144 45936668
1621355 32499082
44098100 51836317
11482311 64901083
21231079 47229477
37171333 68368389
83500052 94313547
7338306 75841465
43324530 61883245
8573227 56644834
24457482 42579165
18923224 37107399
28018872 96841825
43005160 67591792
42341294 94190516
19523538 32324822
15391746 46189041
6352419 55762852
8207322 98669167
36092686 75012004
52602769 68650391
11776856 72359642
2307239 76044529
3120738 70407794
12875406 68509537
80088156 94562454
68955758 87979354
26646264 77583538
14513340 39740746
18101955 20419105
56430791 61444364
9933588 89562170
66012698 68278666
62435971 88754653
19193228 85872551
16038538 80552399
10962154 29270938
31508284 53001989
10336214 58157580
41151301 86049697
63433012 72648109
5612594 85828527
10194173 53648221
19139545 55249077
16522319 82860323
14924872 16860112
2339322 13595547
80521953 98490508
15856934 16595535
16727018 98134360
7415428 10955401
78009530 91989344
67240497 78248304
6784881 34318280
28273887 42568925
39335793 84105280
26349865 36478472
21667060 23000930
2999543 49383717
50612906 90003745
17213191 78848984
3536439 63312702
8362429 29125994
17801340 88662791
30697185 34528005
69573784 75712085
6797073 88990279
999935 41096051
26096484 36077723
11204151 50796643
34788868 41725603
5792566 88216445
18824322 57592545
37808670 46957495
21871090 86602397
30429495 98717097
37419187 68783643
52691941 57056149
2749045 13019029
26070252 50784550
1652327 56442129
45316370 84469966
66876004 98275118
27518703 48712949
73672216 89254661
26394388 81541839
3084420 31252894
137882 18076373
52558455 91693182
28646637 38392816
15862318 80941060
73154072 88450358
3372330 62313618
14540158 69885738
60279747 97238779
36553424 95987657
4936477 62801293
72597457 87956427
13511547 14462659
2142061 33645952
33542633 60583571
38911864 48214301
11861920 23663374
10962390 16952972
53442315 53938781
18502312 49645893
8686058 99537052
51705654 65197406
61309668 70112071
23829814 38480455
4809862 38580284
36296358 79648756
21659062 24173640
69817807 81351121
76119406 83423853
86728021 92320955
74831182 79771212
20057202 87664573
8000918 94484019
74764402 79878813
76713948 82688864
7161853 83783560
41191442 87555321
46205423 70266435
24743601 93191401
55826562 58674682
15773048 43161886
4165271 43999995
71280674 77874383
30435099 37096530
38049349 97095586
7426327 14453939
3599991 65942147
31815220 46026238
22719144 82452814
21492551 56411309
1890345 86827461
30255703 81770191
31350756 65324635
6511145 27810944
28538536 80019426
29999541 82426990
30001099 54802159
2017034 43348474
61515763 67735570
85654510 89953173
15570082 40688450
60238554 62360004
2896205 29945037
4623555 79852891
10744222 50478101
45574347 83850439
17355214 97990453
16166802 44399550
7765410 68966658
39041067 57841997
54221326 84721260
23468364 56397991
9396430 92183522
19913051 82604050
4209860 38720245
9697160 79280344
35957933 88602020
30576650 66492927
25233003 44355088
40643241 42651081
44288867 48688158
21818112 40275304
35672507 44629565
40397971 46439919
62149515 71490350
1427354 2931334
11599533 33305150
14609168 68475482
14722150 80127632
40682492 68679507
10514810 57579540
18474793 55131997
18351364 96886187
42559364 61017866
36466432 42244764
63831590 71163784
32421086 85519873
35764829 50810776
31921027 66390730
65798060 80477328
23071712 30079008
55409105 96543824
24965469 37229055
22634970 23292209
55183161 63821779
32499982 54662428
29199760 79738227
38593809 83092835
43782551 86086374
2714247 29014819
24574558 81949855
12697561 35033210
44674560 87653454
9339344 20259565
18287430 44717629
33396724 82076939
44065303 55987935
70711728 74223434
523077 73490185
37960777 54213387
63778645 95818782
21258235 83274882
27898026 41822448
7289729 86958635
96969129 99222420
37934733 54423379
17169256 34786999
4093690 51848934
11803891 68097370
51576551 97605205
20198598 95330131
31060736 39966795
23247188 42081482
83174905 95301683
8394627 86589374
15913774 98433944
12292221 58694445
36926426 40809967
15982383 64780449
6121460 77427128
28611916 82171168
4181545 44664965
27983905 33434976
1447080 40044078
65715023 91159565
8469207 42324253
5919564 90913347
21012396 94810354
14211605 20451809
17651147 61388139
90917641 91099306
49777282 86516318
29492634 83072152
34781432 40408981
6000498 87840437
12466934 16827902
67066684 86896208
69107277 69112647
25688351 34279558
7719426 9971890
5665312 27505628
9497010 78021042
25708798 48580969
22485871 82775564
662172 19765858
55875410 64660806
46611529 50509021
34732358 94608860
18449071 46402012
37537941 54426805
31091704 34540582
38982780 58535561
56122685 71087583
29453295 89341732
12629272 81386224
5219636 8601799
7129249 45456908
44220391 99444518
37329385 77942070
73448403 90006413
57963151 81734952
82789129 94156746
989503 48862940
12820157 99450705
64186163 96924416
30892273 39523726
52939829 94907394
7458261 46726536
11951716 15118393
51626570 54843744
3166552 33032660
91712380 99000494
5590171 53260371
74376187 97810803
70452492 90242859
48341941 71106584
41002489 63612327
13061422 35509048
82928545 92968813
45893629 89194532
53041120 54981325
58686285 94214496
43084494 54078752
24213539 36046428
42226335 91602672
51811547 86492671
51334021 60306187
2216358 80427548
61626378 86486069
40176602 90991662
9514514 42259229
52930501 97005182
2234858 25182800
16106959 19441411
44512474 66591401
63193121 79736765
20148514 44797525
32972776 75126635
12340009 79208862
63855282 96661560
12601936 84011809
11189662 61423748
27452886 39363296
16613459 55025135
50863151 65788147
3998362 22014145
2977357 52835899
22125382 88094716
28624792 70299244
69001679 90274504
25016114 66173383
17524731 63244231
2987224 9577273
50077186 80873199
38796944 96335537
13291970 28887386
23224716 93547832
59532568 65731051
35376756 38824103
31057098 39823713
22449868 59489353
3881971 32278258
51881466 88173512
1786543 22659226
8270834 23102605
47938937 50924475
55772744 69873574
38143949 81856386
75992677 81662615
17019611 94274349
7766675 24439624
22512020 48799492
34350739 35503475
58883329 74462715
58239004 74549285
88280694 95273863
50801664 89388440
43607590 75891203
5539684 40105976
6937081 41077727
69741623 93390835
12228108 89703966
14397113 62085675
40759854 69837014
15947239 17503440
8867251 87652196
4129908 82768801
57165670 82873205
14280212 95410341
10585197 44559393
42985086 72165418
26486067 96226564
8384975 53040220
11391857 17720371
43841035 69759947
12043788 45478244
27881951 31042215
36709320 79460400
57677340 69255487
55672076 89474135
62589125 84040702
43925205 58865611
1232638 28429170
42151405 67241338
14077699 45039706
87900079 92399497
18631105 75293965
14188312 56256321
63239290 99779029
11080470 11905731
50313794 87204720
62001969 67527520
20741250 36373903
8473649 59564781
19579482 45814649
5554267 89357966
50665706 79792054
9124542 37180258
39254221 72886174
31949484 65938448
6023558 39881452
8963963 36905472
509962 41272364
24898017 36163587
72938816 94568260
57181013 97023730
37522066 94699228
38151327 55029787
65551942 78003721
29376444 75882082
61547301 87131301
32447579 51325885
22872811 94966241
18652257 29507513
27704514 63471302
55728998 63310323
6786721 38684375
11343926 77601440
4138667 79704756
42961489 59851525
60549608 84363105
27214336 79764588
1575961 63407217
6520701 44874734
77763137 84045691
84326515 96289281
52120581 86772414
15131427 41571404
71016840 92312898
18506749 58496526
58644392 85895579
49779646 88967425
11707488 21230988
40584399 79743227
5640779 34556028
72420447 83978708
36461057 76213533
40789661 93603117
32475449 44409933
16984775 63749726
4224792 67209153
68702544 73029716
9042788 89002968
48675951 62677505
18585646 33830634
17897426 57327267
80876943 95648146
98078807 98770966
41125227 95017704
83867656 93305294
22897633 86906127
45180240 58434471
69111477 97829584
24006329 44101927
12041852 23290983
39466544 44617528
67175201 69946119
7311775 29016463
4013406 5291862
33717653 58947843
46214471 93210863
22423479 36564513
58094527 59521503
66309489 93003635
38351656 92084993
18811356 30179231
70165785 95070529
13766411 65266457
20565608 57200531
56692554 83324133
1675555 5891070
58178064 79893667
32659282 90869204
55045628 62143890
15598551 45470680
61911880 83863841
49661125 60378847
36201001 39514250
69888204 75762032
35126358 78201933
50969954 66328974
9543679 84619065
12398368 92991844
56636408 86651969
90199180 98746486
3632710 25696496
26020717 34905426
29688567 68345487
51326323 65212131
49286255 56393689
19609733 90670884
31644133 89045630
5714417 12839667
10354474 78666845
15578595 23050391
78036481 99406377
9805913 88534223
47517477 54746729
10459372 18636290
80101935 98237832
9239803 87355423
15925274 51913564
20317851 63658403
17653494 96686956
40515320 92875325
43710069 84584293
48425637 70456703
53895967 82390246
29549250 68519602
51934063 94361444
19616127 33613658
11420340 79976775
57522121 64935559
1215713 82912283
85021492 97841637
7038461 85201440
80755620 89947678
52864459 81957795
35370987 61136178
25644611 64232067
17793907 42141395
1802976 83433700
5762343 90735224
94550463 95438353
8371016 99638156
3157760 60544024
18207940 22955029
9367981 59239654
3477194 87850270
469591 50084780
45633337 67307596
50839714 94947658
44769847 83939396
14755788 47218387
32711583 80630334
24364475 29422201
69324723 91570771
33282443 90944765
42275391 62826588
59334137 67632969
22702226 53708531
18067024 65595269
39803218 45593767
61631278 87281735
64284120 68370073
50899036 66575558
6187104 90845009
9139295 37961285
43819071 49364357
38821045 42397652
10725622 17417991
11245844 45095701
79314136 95258143
4327166 41142692
18582878 61797433
64176922 80566213
14097427 27244532
7964395 93020064
50889555 60396135
3462313 21042038
51130489 70692338
28735343 40662635
21724349 81017185
14130769 16556402
42469192 65386965
15856303 29586939
30846256 98532558
32593561 94189966
45118595 94344727
50714733 98486569
60593774 71296422
1583985 86738609
47194191 83742602
70668170 87520559
12447318 63190340
51093957 84027980
3678462 56535894
56596968 60593346
28611771 52869519
23273757 81359022
47127745 69198919
30496386 82235395
19218385 43910286
23754819 44112490
2794227 91239289
58957758 97860390
77072838 92050891
83422095 98129152
11155846 40947957
24184893 25930403
65082494 91175070
42145392 52135260
45118022 51870313
69735075 80625776
38800525 67088427
13309085 63845024
12829140 54627118
36218791 52400368
32832594 58932814
39887701 42590950
3750279 72800872
13261051 34103309
1056218 26742197
48895046 94379870
31836408 58525813
36258570 56636788
14164310 43371624
40110457 54061141
70338306 89576696
32728141 94596423
5905523 16372851
46723932 62260281
61719761 64415420
30164151 48443308
53074354 82037648
34381125 86671375
64903714 86901120
20640290 47887204
2161696 67892077
10080707 87094815
54286923 72042726
35076672 46357975
21509130 61928182
15400542 59200060
68781037 81758152
8550913 55396269
14665130 14912939
28975661 79265834
33500138 81400895
30034327 58131665
35218938 72674252
11672239 27253188
78402658 79758500
56033906 85637482
2286042 3030322
29931792 58556343
57792655 82863798
13954018 44201284
61466844 76918151
7583332 41466442
4579463 13244378
14327293 56636131
1922573 24761207
12560818 44258128
19269815 58148766
19587668 29565647
21212228 56268900
39704741 46729335
10989363 70480998
83816747 88314207
7762504 35283012
75462771 86591843
40808950 51827507
9146733 56267201
7556443 45110796
12279309 71172734
27795463 88100215
28945192 56552067
20694550 39247581
49248017 92459779
52167704 57766778
43298466 71289463
33557818 77690162
32022310 60667302
14213232 24791406
87182 54957444
66778792 78536419
49766406 65794440
6325011 35304011
43988920 80418296
46758104 57494450
41722169 75891064
27299755 40225247
52381906 92290748
19377096 82646363
13251976 84032648
31628269 98325362
1303885 67409785
52307949 97868707
64132477 96445321
45622720 97282452
21396247 69220057
11893564 35916623
6113421 40448224
57868790 84157550
36427560 62289665
19819981 77547650
11519716 32204731
7592117 19115347
8278827 51011039
21778381 29979590
39159126 40156190
6489949 79683551
65474834 99008666
4528631 57143454
25949498 40776718
46402021 85136532
39252570 66186574
38876483 95018953
12202692 87892785
15684918 58695555
76069002 86020754
76958955 85538377
53597764 95444624
10059621 32477458
25007826 41399500
44562534 89769823
24668603 97507845
51241218 92341417
65980720 67742490
22248559 64501387
35997683 77990175
68876334 74493345
70515341 76455981
32737022 59035024
84468282 89248876
71520405 79046731
22614388 55394194
69417292 81803629
67057855 85024020
29807452 86685689
44943060 84464119
54845028 88731858
29717886 56817655
51638041 99240464
17296359 90995002
6382326 60043594
41562731 63685754
43461837 99561481
40613870 75065012
15461860 62953899
52969413 59430202
28844917 96100833
7999760 59801689
40693295 53362736
50122414 63751788
71230321 78890163
4460325 54662123
44692305 86276887
20980168 59563595
56532070 95292114
70357049 96976503
73128990 95008712
48571743 68531170
23851356 92531121
32037 11635391
88343948 93782022
5146737 8649231
21436329 35373813
11907872 35626149
48141272 99571661
10255775 42547339
27598482 91205586
58422761 60446981
3086007 13446180
44990499 67427317
38005039 52144937
45754145 96921431
23032900 62351657
20292665 84627820
15253019 65400794
73779135 82587199
4611296 7783476
24647967 98296715
27073290 47253804
44925478 67153779
31113347 80206730
84838833 97511889
11520509 38662550
6579381 12902703
11592073 87536773
4464439 85942735
40327328 95451496
15024164 24893652
20047526 86716589
4149590 14921019
52811204 68941898
41847470 60648386
8174256 96798183
48291192 62818437
26721268 88876458
7729067 22421179
46286499 74108529
17396511 51282820
67525108 99633727
50887679 73453940
37588159 40197826
57679441 69917965
33526285 51398331
45454016 92751857
29602197 96238982
1183140 61190370
25280344 79057534
9287279 14714445
34416098 34934969
22622690 79513878
45900132 88983027
7338735 36797628
54520034 93288025
3550227 47815161
8286391 15440654
54714242 63177880
35340711 89669391
54982939 98447745
274283 81141679
40856630 54701549
68077092 89263392
37340084 74247759
2947063 63893208
31554308 37082714
2507280 65031824
18311333 22752630
57894728 81262744
3765174 66305331
11157485 91693847
275566 69971919
30816644 64357698
7345951 82591803
52560764 60976302
87712265 88345915
47006133 48169670
1835528 15772356
67726270 79813518
44569004 77317342
60331139 87262966
2387907 86734103
12351092 70550449
6790246 39914626
20818312 40638002
11340521 70423478
89248591 95371934
6315155 58619685
14062875 95240861
24894348 26253350
45090686 70749921
33171885 75557416
38506203 57620883
35777411 47788716
47023904 85267094
15187661 54840011
17035674 94385082
33581036 73305028
79953317 97329669
19025988 50071704
27373684 81216241
52972950 63535032
9619372 92788426
39251869 88563294
72378689 90248665
591771 11795976
46250727 84696814
10443695 96635166
6024987 74557012
47587228 51347758
26671338 31167765
63170385 69370718
25622619 44674947
104893 48319135
4807245 81724771
89276670 90229627
53172122 60585669
37839100 57627257
5866440 75667800
32242991 66352983
1162416 34302141
14210771 49054681
25433856 79737867
1095468 56969859
17667512 22054219
30295176 91470485
4307373 8277757
27755646 84622288
14758920 48028817
47671018 87461496
51865544 94598894
79967055 90616815
34696764 49040623
38228315 49058362
47894154 57172449
52606290 85603976
77014022 99797035
51878689 62735149
75689237 87977836
20056936 70975633
57167855 65108664
32261806 72880380
27974184 62250764
43580307 68778084
2351329 51066404
23171164 49109732
7852214 32330887
31043672 61226837
24190873 27439022
63317235 71139385
22490191 75868551
2344334 15312104
7287796 80989425
24820055 52445873
71837804 80975180
9040269 10255262
26763737 92663810
35399881 97810213
26779590 31285593
68839887 92753752
64517668 89974909
62337229 66444969
31649623 98112365
50376311 65552076
13624386 84461297
46355640 59104261
48934999 69153162
48006543 76217419
3332296 67977282
57218251 57320080
4208703 41038321
23584864 74871398
7889455 72081136
79175740 79844911
42481187 62156744
11901422 98584434
11341275 45455635
12553446 92286880
45187308 79505888
77935758 82500340
15169413 67261931
34309111 34766031
57203682 85150762
20857278 76763081
32792768 68467550
9643439 80169752
1787429 64302915
38501194 50681087
24071484 71015352
10093934 78080306
84975213 91016362
70878565 90943932
47541229 98770815
14427501 65038976
5994017 7347635
32315612 90869006
5380243 79838698
31358004 36333715
14027569 61160104
17115209 86794420
31956102 47718174
63634331 97707311
39285343 96146050
14666636 84990889
39517405 47796477
11809351 40588999
4250102 30248238
14710254 30070013
51530663 62455794
7123337 40774052
38750062 87543791
42804130 59055704
58569086 81046109
46693009 70616753
1865347 19014723
9213361 73520394
15720993 92342521
15122129 29932822
33432107 45090286
76005733 88318372
18848628 81467868
8310203 75208569
29162992 70785441
80562503 81649655
18800738 53095061
30300155 79938507
7354889 70818013
1769502 65956116
4941090 47522023
1123757 64424199
22304316 87481112
14720502 59112524
88784650 99188215
7409932 18118031
11389899 30254536
8035633 83330326
80666359 97158623
28329156 32319183
46079920 67277615
4743431 33485970
8355710 76440200
35798806 57186336
25596465 52972734
27353217 38434450
3050275 53780837
82218856 98638391
19087825 27075376
76461904 93133250
60069056 82070808
15971352 23749457
37306494 86321231
7143822 34339549
10835328 31476077
11849154 77636585
28552290 87385643
24255854 56494606
5171392 33300101
8510437 9186843
44018983 92693715
18974526 48466400
21447225 64340383
42915936 84133155
87445004 94278724
38636885 44635988
26304650 98353812
15209641 35969829
38540677 58765763
16070652 80465917
46133143 65147519
37861844 63798310
5861111 42811428
32253099 81535165
12166526 38028215
51660873 85303385
29090602 59525211
25128800 71304047
31444642 62378454
58851523 66272029
24724971 48419540
59078895 69498779
392884 36680611
11358153 59149444
55979620 79109151
30130 64679358
4902754 76043883
38337349 64500157
28733787 76392368
5517226 34809651
7321857 24784980
23492540 48755680
5130106 38542231
74794608 96749114
12422152 27743712
51317398 66283678
32035853 66325441
60824930 63035600
63264095 65182112
28092903 33092732
23372659 38887052
33545487 73255231
21641075 73398563
4368470 94085869
27870155 98509839
79063824 84024394
11031689 59091869
925263 75376929
25383365 64765527
15640075 74721059
40325493 43849779
581683 98707406
22346316 39156146
19999801 62734826
20801494 79388867
42366334 65422101
29407500 43209262
59637732 97450802
27147545 96367830
56466679 63804230
32422282 94834816
86337739 98751380
11901270 95742929
27172432 43448651
32413953 52672807
21653523 50044614
71217116 82768222
4833030 81551297
39271963 53846451
56512361 88329588
22599255 57640779
22226191 77631819
30545631 87091927
3800166 20087775
4920452 31441877
66117402 81479253
3998253 97291246
62631424 72743789
26452272 77874089
27532289 54069150
42372860 48055993
95290011 96561298
43318298 65604354
29165181 44627336
62227335 82626616
13888575 62292384
15033976 76266020
66381424 81845963
6318150 63510446
25980787 36754667
47451822 82375332
658325 11599044
40951282 74832538
28899474 35383665
71231680 79854075
16641186 92838746
14981566 79525765
6440649 36902113
4189857 77898541
35775433 68094835
27335478 46083867
37786399 78771083
56068234 57588604
5493984 10784723
17809137 84083840
22493698 90644957
45635514 75680931
74465963 92641745
4812827 80881347
82191382 92572813
21338736 38724829
8470463 41022833
7319296 20720464
6870775 43147480
71960700 82205013
37946819 81092904
18502554 64538729
6740121 98873380
22163394 48015775
33207455 55379366
1666765 32252386
11779422 18985706
36783347 96617221
5103806 91484313
84292777 93903335
38039598 84049820
5864145 90184256
41571760 65208078
10893999 42140592
63961692 66729152
26433747 57916370
23398070 90775773
10988791 66826590
19676145 89736871
23268814 39044703
6376429 48317313
52250048 65134702
23970615 99828195
21542085 35685855
13754315 92380833
64714892 95946902
7866294 22536515
72229671 98787933
85539206 91102622
