2000 2500 2500
10 50020
20 50030
30 50040
40 50050
50 50060
60 50070
70 50080
80 50090
90 50100
100 50110
110 50120
120 50130
130 50140
140 50150
150 50160
160 50170
170 50180
180 50190
190 50200
200 50210
210 50220
220 50230
230 50240
240 50250
250 50260
270 35539
271 50280
280 50290
886 64769
300 50310
310 50320
320 50330
330 50340
340 50350
350 50360
360 50370
370 50380
380 50390
390 50400
400 50410
39810 64805
420 50430
430 50440
440 50450
450 50460
460 50470
27108 60261
480 50490
490 50500
500 50510
510 50520
520 50530
530 50540
540 50550
550 50560
560 50570
570 50580
580 50590
590 50600
600 50610
610 50620
620 50630
630 50640
640 50650
650 50660
660 50670
670 50680
680 50690
690 50700
700 50710
710 50720
720 50730
730 50740
740 50750
750 50760
760 50770
770 50780
780 50790
790 50800
800 50810
810 50820
820 50830
830 50840
840 50850
850 50860
25387 62263
870 50880
880 50890
890 50900
900 50910
910 50920
920 50930
930 50940
940 50950
950 50960
960 50970
970 50980
980 50990
990 51000
1000 51010
1010 51020
1020 51030
1030 51040
1040 51050
1050 51060
1060 51070
1070 51080
1080 51090
1090 51100
1100 51110
1110 51120
1120 51130
1130 51140
1140 51150
1150 51160
1160 51170
1170 51180
1180 51190
1190 51200
1200 51210
1210 51220
1220 51230
1230 51240
1240 51250
1250 51260
1260 51270
1270 51280
1280 51290
1290 51300
1300 51310
1310 51320
1320 51330
1330 51340
1340 51350
1350 51360
1360 51370
1370 51380
1380 51390
1390 51400
1400 51410
1410 51420
1420 51430
1430 51440
1440 51450
1450 51460
1460 51470
1470 51480
1480 51490
1490 51500
1500 51510
1510 51520
1520 51530
1530 51540
1540 51550
1550 51560
1560 51570
1570 51580
1580 51590
1590 51600
1600 51610
1610 51620
1620 51630
1630 51640
1640 51650
1650 51660
1660 51670
1670 51680
1680 51690
1690 51700
1700 51710
1710 51720
32006 40053
1730 51740
28422 98233
1750 51760
1760 51770
1770 51780
1780 51790
1790 51800
1800 51810
1810 51820
1820 51830
1830 51840
1840 51850
1850 51860
1860 51870
1870 51880
1880 51890
1890 51900
1900 51910
1910 51920
1920 51930
1930 51940
1940 51950
1950 51960
1960 51970
1970 51980
1980 51990
1990 52000
2000 52010
2010 52020
2020 52030
2030 52040
5131 70401
2050 52060
2060 52070
2070 52080
2080 52090
2090 52100
2100 52110
2110 52120
2120 52130
2130 52140
11681 70548
2150 52160
2160 52170
2170 52180
2180 52190
2190 52200
2200 52210
2210 52220
2220 52230
2230 52240
2240 52250
2250 52260
2260 52270
2270 52280
2280 52290
11328 84852
2300 52310
2310 52320
2320 52330
2330 52340
2340 52350
2350 52360
2360 52370
2370 52380
2380 52390
2390 52400
2400 52410
2410 52420
2420 52430
2430 52440
2440 52450
2450 52460
2460 52470
2470 52480
2480 52490
2490 52500
2500 52510
2510 52520
2520 52530
2530 52540
2540 52550
2550 52560
2560 52570
2570 52580
2580 52590
2590 52600
2600 52610
2610 52620
2620 52630
2630 52640
2640 52650
2650 52660
2660 52670
2670 52680
2680 52690
2690 52700
2700 52710
2710 52720
2720 52730
2730 52740
2740 52750
2750 52760
2760 52770
2770 52780
2780 52790
2790 52800
2800 52810
2810 52820
2820 52830
2830 52840
2840 52850
2850 52860
2860 52870
2870 52880
2880 52890
2890 52900
2900 52910
2910 52920
2920 52930
2930 52940
2940 52950
2950 52960
2960 52970
2970 52980
2980 52990
2990 53000
3000 53010
3010 53020
3020 53030
3030 53040
3040 53050
3050 53060
3060 53070
3070 53080
3080 53090
3090 53100
3100 53110
3110 53120
3120 53130
3130 53140
3140 53150
3150 53160
3160 53170
3170 53180
3180 53190
3190 53200
3200 53210
3210 53220
3220 53230
67173 94299
3240 53250
3250 53260
3260 53270
3270 53280
3280 53290
3290 53300
3300 53310
3310 53320
3320 53330
3330 53340
3340 53350
3350 53360
3360 53370
3370 53380
3380 53390
3390 53400
3400 53410
3410 53420
3420 53430
3430 53440
3440 53450
3450 53460
3460 53470
3470 53480
3480 53490
3490 53500
3500 53510
3510 53520
3520 53530
3530 53540
3540 53550
3550 53560
3560 53570
3570 53580
3580 53590
3590 53600
3600 53610
3610 53620
3620 53630
3630 53640
3640 53650
3650 53660
3660 53670
3670 53680
3680 53690
3690 53700
3700 53710
3710 53720
3720 53730
3730 53740
3740 53750
3750 53760
3760 53770
51219 86588
3780 53790
3790 53800
3800 53810
3810 53820
3820 53830
3830 53840
3840 53850
3850 53860
3860 53870
3870 53880
3880 53890
3890 53900
3900 53910
3910 53920
3920 53930
3930 53940
53282 66482
3950 53960
3960 53970
3970 53980
3980 53990
3990 54000
4000 54010
4010 54020
4020 54030
4030 54040
4040 54050
4050 54060
354 39125
4070 54080
4080 54090
4090 54100
4100 54110
4110 54120
4120 54130
4130 54140
4140 54150
4150 54160
4160 54170
4170 54180
4180 54190
4190 54200
4200 54210
4210 54220
4220 54230
4230 54240
4240 54250
4250 54260
4260 54270
4270 54280
4280 54290
4290 54300
4300 54310
4310 54320
4320 54330
4330 54340
4340 54350
4350 54360
4360 54370
4370 54380
4380 54390
4390 54400
4400 54410
4410 54420
4420 54430
25996 96202
4440 54450
4450 54460
4460 54470
4470 54480
4480 54490
4490 54500
4500 54510
4510 54520
4520 54530
4530 54540
4540 54550
4550 54560
4560 54570
4570 54580
4580 54590
4590 54600
4600 54610
4610 54620
4620 54630
4630 54640
4640 54650
32866 44221
4660 54670
4670 54680
4680 54690
4690 54700
4700 54710
4710 54720
4720 54730
4730 54740
4740 54750
4750 54760
4760 54770
4770 54780
4780 54790
21112 83846
4800 54810
4810 54820
4820 54830
4830 54840
4840 54850
4850 54860
4860 54870
4870 54880
4880 54890
4890 54900
4900 54910
5384 61497
4920 54930
4930 54940
60562 74844
4950 54960
4960 54970
4970 54980
4980 54990
4990 55000
5000 55010
5010 55020
5020 55030
5030 55040
5040 55050
5050 55060
5060 55070
5070 55080
5080 55090
5090 55100
5100 55110
5110 55120
5120 55130
5130 55140
5140 55150
5150 55160
5160 55170
5170 55180
29262 36435
5190 55200
5200 55210
5210 55220
5220 55230
5230 55240
5240 55250
5250 55260
5260 55270
5270 55280
5280 55290
5290 55300
5300 55310
5310 55320
5320 55330
5330 55340
5340 55350
5350 55360
5360 55370
5370 55380
5380 55390
5390 55400
5400 55410
5410 55420
5420 55430
5430 55440
5440 55450
5450 55460
5460 55470
5470 55480
5480 55490
5490 55500
5500 55510
5510 55520
5520 55530
5530 55540
5540 55550
5550 55560
5560 55570
5570 55580
5580 55590
5590 55600
5600 55610
5610 55620
5620 55630
5630 55640
5640 55650
5650 55660
40676 100953
5670 55680
5680 55690
5690 55700
5700 55710
5710 55720
5720 55730
5730 55740
5740 55750
5750 55760
5760 55770
5770 55780
5780 55790
5790 55800
5800 55810
5810 55820
5820 55830
5830 55840
5840 55850
5850 55860
5860 55870
42450 65461
5880 55890
5890 55900
5900 55910
5910 55920
5920 55930
5930 55940
5940 55950
5950 55960
5960 55970
5970 55980
5980 55990
5990 56000
6000 56010
6010 56020
32896 85495
6030 56040
6040 56050
6050 56060
6060 56070
56719 102140
6080 56090
6090 56100
6100 56110
6110 56120
6120 56130
6130 56140
6140 56150
13050 42052
6160 56170
2663 12101
6180 56190
6190 56200
6200 56210
6210 56220
21860 41756
6230 56240
6240 56250
6250 56260
6260 56270
6270 56280
6280 56290
6290 56300
6300 56310
33289 43191
6320 56330
6330 56340
6340 56350
6350 56360
6360 56370
6370 56380
6380 56390
6390 56400
6400 56410
6410 56420
6420 56430
6430 56440
6440 56450
16402 72824
6460 56470
6470 56480
6480 56490
6490 56500
6500 56510
6510 56520
6520 56530
6530 56540
6540 56550
6550 56560
6560 56570
6570 56580
6580 56590
6590 56600
6600 56610
6610 56620
6620 56630
6630 56640
6640 56650
6650 56660
6660 56670
6670 56680
6680 56690
6690 56700
16705 102366
6710 56720
6720 56730
6730 56740
6740 56750
6750 56760
6760 56770
6770 56780
6780 56790
6790 56800
6800 56810
6810 56820
6820 56830
6830 56840
6840 56850
6850 56860
6860 56870
6870 56880
6880 56890
6890 56900
6900 56910
6910 56920
6920 56930
6930 56940
20375 71554
6950 56960
6960 56970
6970 56980
6980 56990
6990 57000
7000 57010
7010 57020
7020 57030
7030 57040
7040 57050
7050 57060
7060 57070
7070 57080
7080 57090
7090 57100
7100 57110
7110 57120
7120 57130
7130 57140
7140 57150
7150 57160
7160 57170
7170 57180
7180 57190
7190 57200
7200 57210
7210 57220
7220 57230
7230 57240
7240 57250
7250 57260
7260 57270
7270 57280
7280 57290
7290 57300
7300 57310
7310 57320
7320 57330
7330 57340
7340 57350
7350 57360
7360 57370
7370 57380
7380 57390
7390 57400
7400 57410
46998 86440
7420 57430
7430 57440
7440 57450
7450 57460
7460 57470
7470 57480
7480 57490
7490 57500
7500 57510
7510 57520
7520 57530
7530 57540
7540 57550
7550 57560
7560 57570
7570 57580
7580 57590
7590 57600
7600 57610
7610 57620
7620 57630
7630 57640
7640 57650
7650 57660
49358 103314
7670 57680
7680 57690
7690 57700
7700 57710
7710 57720
7720 57730
7730 57740
7740 57750
7750 57760
7760 57770
7770 57780
7780 57790
7790 57800
7800 57810
7810 57820
7820 57830
7830 57840
7840 57850
7850 57860
7860 57870
7870 57880
7880 57890
7890 57900
7900 57910
7910 57920
7920 57930
7930 57940
7940 57950
7950 57960
7960 57970
38455 101952
7980 57990
7990 58000
8000 58010
8010 58020
8020 58030
8030 58040
8040 58050
8050 58060
8060 58070
8070 58080
8080 58090
8090 58100
8100 58110
8110 58120
8120 58130
8130 58140
8140 58150
8150 58160
8160 58170
8170 58180
8180 58190
8190 58200
8200 58210
8210 58220
8220 58230
8230 58240
8240 58250
8250 58260
8260 58270
8270 58280
8280 58290
12357 55585
8300 58310
8310 58320
8320 58330
8330 58340
8340 58350
8350 58360
8360 58370
8370 58380
8380 58390
8390 58400
8400 58410
8410 58420
8420 58430
8430 58440
8440 58450
8450 58460
8460 58470
8470 58480
8480 58490
8490 58500
8500 58510
8510 58520
8520 58530
8530 58540
8540 58550
8550 58560
8560 58570
8570 58580
8580 58590
8590 58600
40373 76742
64247 65690
8620 58630
8630 58640
8640 58650
8650 58660
66846 87172
8670 58680
8680 58690
8690 58700
8700 58710
8710 58720
8720 58730
8730 58740
8740 58750
8750 58760
8760 58770
26441 82466
8780 58790
8790 58800
8800 58810
8810 58820
61161 74881
8830 58840
8840 58850
8850 58860
8860 58870
8870 58880
8880 58890
8890 58900
8900 58910
8910 58920
8920 58930
8930 58940
8940 58950
8950 58960
8960 58970
8970 58980
8980 58990
8990 59000
9545 67906
9010 59020
9020 59030
9030 59040
5498 19908
9050 59060
9060 59070
9070 59080
9080 59090
48065 98584
9100 59110
9110 59120
9120 59130
9130 59140
9140 59150
9150 59160
9160 59170
9170 59180
9180 59190
9190 59200
9200 59210
9210 59220
9220 59230
9230 59240
9240 59250
9250 59260
9260 59270
9270 59280
9280 59290
9290 59300
9300 59310
9310 59320
9320 59330
9330 59340
9340 59350
9350 59360
9360 59370
9370 59380
9380 59390
9390 59400
9400 59410
9410 59420
9420 59430
9430 59440
9440 59450
9450 59460
9460 59470
9470 59480
9480 59490
9490 59500
9500 59510
9510 59520
9520 59530
9530 59540
9540 59550
9550 59560
9560 59570
9570 59580
9580 59590
9590 59600
9600 59610
9610 59620
9620 59630
9630 59640
9640 59650
9650 59660
9660 59670
9670 59680
9680 59690
9690 59700
9700 59710
9710 59720
9720 59730
9730 59740
9740 59750
9750 59760
9760 59770
9770 59780
9780 59790
9790 59800
9800 59810
9810 59820
9820 59830
9830 59840
9840 59850
9850 59860
9860 59870
9870 59880
9880 59890
9890 59900
9900 59910
9910 59920
9920 59930
9930 59940
9940 59950
9950 59960
9960 59970
9970 59980
9980 59990
9990 60000
10000 60010
10010 60020
10020 60030
10030 60040
10040 60050
10050 60060
10060 60070
10070 60080
10080 60090
10090 60100
10100 60110
10110 60120
10120 60130
10130 60140
10140 60150
10150 60160
7659 41064
10170 60180
10180 60190
10190 60200
10200 60210
10210 60220
10220 60230
10230 60240
10240 60250
10250 60260
10260 60270
10270 60280
10280 60290
10290 60300
42517 89979
10310 60320
10320 60330
10330 60340
10340 60350
10350 60360
10360 60370
10370 60380
10380 60390
10390 60400
10400 60410
7608 67567
10420 60430
10430 60440
10440 60450
10450 60460
10460 60470
58747 92104
10480 60490
10490 60500
10500 60510
10510 60520
10520 60530
57939 60580
10540 60550
80532 98193
10560 60570
10570 60581
10580 60590
10590 60600
10600 60610
10610 60620
10620 60630
10630 60640
10640 60650
10650 60660
10660 60670
10670 60680
10680 60690
10690 60700
10700 60710
26668 85128
10720 60730
7897 84944
10740 60750
10750 60760
10760 60770
10770 60780
10780 60790
10790 60800
10800 60810
10810 60820
10820 60830
10830 60840
10840 60850
10850 60860
10860 60870
10870 60880
10880 60890
10890 60900
10900 60910
10910 60920
10920 60930
10930 60940
10940 60950
10950 60960
10960 60970
10970 60980
10980 60990
10990 61000
11000 61010
11010 61020
11020 61030
11030 61040
11040 61050
11050 61060
11060 61070
11070 61080
11080 61090
11090 61100
9077 19459
11110 61120
11120 61130
11130 61140
11140 61150
11150 61160
11160 61170
11170 61180
11180 61190
11190 61200
11200 61210
11210 61220
11220 61230
11230 61240
11240 61250
11250 61260
11260 61270
11270 61280
11280 61290
11290 61300
11300 61310
11310 61320
11320 61330
11330 61340
11340 61350
11350 61360
11360 61370
11370 61380
11380 61390
11390 61400
11400 61410
19287 27755
11420 61430
11430 61440
11440 61450
11450 61460
11460 61470
11470 61480
11480 61490
11490 61500
11500 61510
11510 61520
11520 61530
11530 61540
11540 61550
11550 61560
11560 61570
11570 61580
11580 61590
11590 61600
11600 61610
11610 61620
11620 61630
11630 61640
11640 61650
11650 61660
11660 61670
11670 61680
11680 61690
11690 61700
11700 61710
11710 61720
11720 61730
11730 61740
11740 61750
11750 61760
11760 61770
11770 61780
11780 61790
11790 61800
11800 61810
11810 61820
11820 61830
11830 61840
11840 61850
11850 61860
11860 61870
11870 61880
11880 61890
11890 61900
11900 61910
11910 61920
11920 61930
11930 61940
11940 61950
11950 61960
11960 61970
11970 61980
11980 61990
11990 62000
12000 62010
12010 62020
12020 62030
12030 62040
12040 62050
12050 62060
58897 97595
12070 62080
17402 80856
12090 62100
12100 62110
12110 62120
12120 62130
12130 62140
12140 62150
12150 62160
12160 62170
12170 62180
12180 62190
12190 62200
12200 62210
12210 62220
12220 62230
12230 62240
12240 62250
12250 62260
12260 62270
12270 62280
12280 62290
12290 62300
12300 62310
12310 62320
12320 62330
12330 62340
12340 62350
12350 62360
12360 62370
12370 62380
12380 62390
12390 62400
12400 62410
12410 62420
12420 62430
12430 62440
12440 62450
12450 62460
12460 62470
12470 62480
12480 62490
12490 62500
12500 62510
12510 62520
12520 62530
12530 62540
12540 62550
12550 62560
12560 62570
12570 62580
12580 62590
12590 62600
12600 62610
12610 62620
12620 62630
12630 62640
12640 62650
12650 62660
12660 62670
12670 62680
12680 62690
12690 62700
12700 62710
12710 62720
12720 62730
12730 62740
12740 62750
12750 62760
12760 62770
12770 62780
9405 94086
12790 62800
12800 62810
12810 62820
12820 62830
12830 62840
12840 62850
12850 62860
12860 62870
12870 62880
17301 41130
12890 62900
12900 62910
12910 62920
12920 62930
12930 62940
27426 27782
12950 62960
12960 62970
12970 62980
12980 62990
12990 63000
13000 63010
13010 63020
13020 63030
13030 63040
13040 63050
13051 63060
13060 63070
13070 63080
13080 63090
46616 62389
13100 63110
13110 63120
13120 63130
13130 63140
13140 63150
13150 63160
13160 63170
13170 63180
13180 63190
13190 63200
13200 63210
13210 63220
13220 63230
13230 63240
13240 63250
13250 63260
13260 63270
13270 63280
13280 63290
13290 63300
13300 63310
13310 63320
13320 63330
13330 63340
13340 63350
13350 63360
36737 47910
13370 63380
13380 63390
13390 63400
13400 63410
13410 63420
13420 63430
13430 63440
13440 63450
13450 63460
3331 88804
13470 63480
13480 63490
13490 63500
13500 63510
13510 63520
13520 63530
13530 63540
13540 63550
13550 63560
13560 63570
13570 63580
13580 63590
13590 63600
13600 63610
13610 63620
13620 63630
13630 63640
13640 63650
13650 63660
13660 63670
10695 64310
13680 63690
13690 63700
13700 63710
13710 63720
13720 63730
13730 63740
13740 63750
13750 63760
13760 63770
13770 63780
13780 63790
13790 63800
13800 63810
13810 63820
13820 63830
13830 63840
13840 63850
2244 103369
13860 63870
13870 63880
13880 63890
13890 63900
13900 63910
13910 63920
13920 63930
13930 63940
13940 63950
13950 63960
13960 63970
13970 63980
13980 63990
13990 64000
14000 64010
14010 64020
14020 64030
14030 64040
14040 64050
14050 64060
14060 64070
14070 64080
14080 64090
14090 64100
663 80006
14110 64120
14120 64130
14130 64140
14140 64150
14150 64160
14160 64170
14170 64180
14180 64190
14190 64200
14200 64210
14210 64220
14220 64230
14230 64240
14240 64250
14250 64260
14260 64270
14270 64280
14280 64290
33328 71443
14300 64311
14310 64320
14320 64330
14330 64340
14340 64350
14350 64360
22293 68415
14370 64380
14380 64390
14390 64400
14400 64410
14410 64420
14420 64430
14430 64440
14440 64450
14450 64460
14460 64470
14470 64480
14480 64490
14490 64500
14500 64510
14510 64520
14520 64530
14530 64540
14540 64550
14550 64560
14560 64570
14570 64580
14580 64590
14590 64600
14600 64610
14610 64620
14620 64630
14630 64640
14640 64650
14650 64660
14660 64670
14670 64680
14680 64690
14690 64700
14700 64710
14710 64720
14720 64730
14730 64740
14740 64750
14750 64760
14760 64770
14770 64780
14780 64790
14790 64800
14800 64810
14810 64820
14820 64830
14830 64840
14840 64850
14850 64860
14860 64870
14870 64880
14880 64890
14890 64900
14900 64910
14910 64920
14920 64930
14930 64940
14940 64950
14950 64960
14960 64970
14970 64980
14980 64990
14990 65000
15000 65010
15010 65020
15020 65030
15030 65040
15040 65050
15050 65060
15060 65070
15070 65080
15080 65090
15090 65100
15100 65110
15110 65120
15120 65130
15130 65140
15140 65150
15150 65160
15160 65170
15170 65180
15180 65190
15190 65200
15200 65210
5668 73458
15220 65230
15230 65240
15240 65250
15250 65260
15260 65270
15270 65280
15280 65290
31383 42336
15300 65310
15310 65320
23709 91908
15330 65340
15340 65350
15350 65360
3814 29772
15370 65380
15380 65390
15390 65400
15400 65410
15410 65420
15420 65430
15430 65440
15440 65450
15450 65460
15460 65470
15470 65480
15480 65490
15490 65500
15500 65510
15510 65520
15520 65530
15530 65540
15540 65550
15550 65560
15560 65570
15570 65580
15580 65590
15590 65600
15600 65610
15610 65620
15620 65630
15630 65640
15640 65650
15650 65660
15660 65670
15670 65680
15680 65691
15690 65700
15700 65710
15710 65720
15720 65730
15730 65740
15740 65750
15750 65760
15760 65770
15770 65780
15780 65790
15790 65800
15800 65810
15810 65820
15820 65830
15830 65840
15840 65850
15850 65860
15860 65870
15870 65880
15880 65890
15890 65900
15900 65910
15910 65920
15920 65930
15930 65940
15940 65950
15950 65960
15960 65970
15970 65980
15980 65990
15990 66000
16000 66010
16010 66020
16020 66030
16030 66040
16040 66050
16050 66060
16060 66070
16070 66080
16080 66090
16090 66100
16100 66110
16110 66120
16120 66130
16130 66140
27262 32997
26019 56196
16160 66170
16170 66180
16180 66190
16190 66200
16200 66210
16210 66220
16220 66230
16230 66240
16240 66250
16250 66260
16260 66270
16270 66280
16280 66290
16290 66300
16300 66310
16310 66320
16320 66330
84175 94097
16340 66350
16350 66360
16360 66370
16370 66380
16380 66390
16390 66400
78625 99941
16410 66420
16420 66430
16430 66440
16440 66450
16450 66460
16460 66470
16470 66480
16480 66490
16490 66500
16500 66510
16510 66520
16520 66530
16530 66540
16540 66550
16550 66560
26272 55404
16570 66580
16580 66590
16590 66600
16600 66610
16610 66620
16620 66630
16630 66640
16640 66650
16650 66660
16660 66670
16670 66680
16680 66690
16690 66700
16700 66710
16710 66720
16720 66730
16730 66740
16740 66750
16750 66760
16760 66770
16770 66780
16780 66790
16790 66800
16800 66810
16810 66820
16820 66830
16830 66840
16840 66850
16850 66860
16860 66870
16870 66880
16880 66890
16890 66900
16900 66910
16910 66920
16920 66930
16930 66940
16940 66950
16950 66960
16960 66970
16970 66980
16980 66990
16990 67000
17000 67010
17010 67020
17020 67030
17030 67040
17040 67050
17050 67060
17060 67070
17070 67080
17080 67090
17090 67100
17100 67110
17110 67120
17120 67130
17130 67140
58809 84509
17150 67160
17160 67170
17170 67180
17180 67190
17190 67200
17200 67210
17210 67220
17220 67230
17230 67240
17240 67250
17250 67260
17260 67270
17270 67280
17280 67290
45796 99001
17300 67310
17310 67320
17320 67330
17330 67340
17340 67350
17350 67360
17360 67370
17370 67380
17380 67390
17390 67400
17400 67410
17410 67420
17420 67430
17430 67440
17440 67450
17450 67460
17460 67470
17470 67480
17480 67490
17490 67500
17500 67510
17510 67520
17520 67530
17530 67540
17540 67550
17550 67560
17560 67570
17570 67580
17580 67590
17590 67600
17600 67610
17610 67620
17620 67630
17630 67640
17640 67650
17650 67660
17660 67670
17670 67680
25937 91934
11045 45248
17700 67710
17710 67720
17720 67730
17730 67740
17740 67750
17750 67760
17760 67770
17770 67780
17780 67790
76293 92170
17800 67810
17810 67820
16971 103125
17830 67840
17840 67850
17850 67860
17860 67870
17870 67880
17880 67890
17890 67900
17900 67910
17910 67920
17920 67930
17930 67940
17940 67950
17950 67960
17960 67970
17970 67980
17980 67990
17990 68000
18000 68010
18010 68020
18020 68030
6283 41974
18040 68050
18050 68060
18060 68070
18070 68080
18080 68090
18090 68100
18100 68110
18110 68120
18120 68130
18130 68140
18140 68150
18150 68160
18160 68170
18170 68180
96263 103826
18190 68200
18200 68210
18210 68220
18220 68230
18230 68240
18240 68250
18250 68260
18260 68270
18270 68280
18280 68290
18290 68300
18300 68310
18310 68320
18320 68330
18330 68340
18340 68350
18350 68360
18360 68370
18370 68380
18380 68390
18390 68400
18400 68410
18410 68420
18420 68430
18430 68440
18440 68450
18450 68460
18460 68470
18470 68480
18480 68490
18490 68500
18500 68510
18510 68520
18520 68530
18530 68540
18540 68550
18550 68560
18560 68570
18570 68580
18580 68590
18590 68600
18600 68610
18610 68620
18620 68630
18630 68640
18640 68650
18650 68660
18660 68670
18670 68680
18680 68690
18690 68700
18700 68710
18710 68720
18720 68730
18730 68740
18740 68750
18750 68760
18760 68770
18770 68780
18780 68790
18790 68800
18800 68810
18810 68820
18820 68830
18830 68840
18840 68850
18850 68860
18860 68870
18870 68880
18880 68890
18890 68900
18900 68910
18910 68920
18920 68930
18930 68940
18940 68950
18950 68960
18960 68970
18970 68980
18980 68990
18990 69000
19000 69010
19010 69020
19020 69030
19030 69040
19040 69050
53651 80682
19060 69070
19070 69080
19080 69090
19090 69100
19100 69110
19110 69120
19120 69130
19130 69140
19140 69150
19150 69160
19160 69170
19170 69180
19180 69190
19190 69200
19200 69210
54832 81261
19220 69230
19230 69240
19240 69250
19250 69260
19260 69270
19270 69280
19280 69290
19290 69300
19300 69310
19310 69320
19320 69330
19330 69340
19340 69350
19350 69360
19360 69370
19370 69380
19380 69390
75087 96566
19400 69410
19410 69420
19420 69430
19430 69440
19440 69450
19450 69460
19460 69470
19470 69480
19480 69490
19490 69500
19500 69510
19510 69520
35576 100274
19530 69540
19540 69550
19550 69560
19560 69570
19570 69580
19580 69590
8314 104981
19600 69610
19610 69620
19620 69630
19630 69640
19640 69650
19650 69660
19660 69670
19670 69680
19680 69690
19690 69700
19700 69710
19710 69720
19720 69730
19730 69740
19740 69750
19750 69760
19760 69770
19770 69780
19780 69790
19790 69800
19800 69810
19810 69820
19820 69830
19830 69840
19840 69850
19850 69860
19860 69870
19870 69880
19880 69890
19890 69900
19900 69910
19910 69920
19920 69930
19930 69940
19940 69950
19950 69960
19960 69970
19970 69980
19980 69990
19990 70000
20000 70010
20010 70020
20020 70030
20030 70040
20040 70050
20050 70060
20060 70070
20070 70080
20080 70090
20090 70100
20100 70110
20110 70120
20120 70130
20130 70140
20140 70150
20150 70160
20160 70170
20170 70180
20180 70190
20190 70200
20200 70210
20210 70220
20220 70230
20230 70240
20240 70250
20250 70260
20260 70270
20270 70280
20280 70290
20290 70300
80774 83699
20310 70320
20320 70330
20330 70340
20340 70350
20350 70360
20360 70370
20370 70380
20380 70390
20390 70400
20400 70410
20410 70420
20420 70430
20430 70440
20440 70450
20450 70460
20460 70470
20470 70480
20480 70490
20490 70500
20500 70510
20510 70520
51888 74032
20530 70540
20540 70550
20550 70560
20560 70570
20570 70580
20580 70590
63819 87882
20600 70610
20610 70620
20620 70630
20630 70640
20640 70650
20650 70660
20660 70670
20670 70680
20680 70690
20690 70700
20700 70710
20710 70720
20720 70730
20730 70740
20740 70750
20750 70760
20760 70770
20770 70780
20780 70790
20790 70800
20800 70810
20810 70820
20820 70830
20830 70840
24149 26263
20850 70860
20860 70870
20870 70880
20880 70890
20890 70900
20900 70910
20910 70920
20920 70930
20930 70940
20940 70950
20950 70960
20960 70970
20970 70980
20980 70990
20990 71000
21000 71010
6692 77169
21020 71030
21030 71040
21040 71050
21050 71060
21060 71070
21070 71080
21080 71090
21090 71100
21100 71110
21110 71120
21120 71130
21130 71140
21140 71150
21150 71160
21160 71170
21170 71180
21180 71190
21190 71200
21200 71210
21210 71220
21220 71230
21230 71240
21240 71250
21250 71260
21260 71270
21270 71280
21280 71290
21290 71300
21300 71310
21310 71320
21320 71330
21330 71340
21340 71350
21350 71360
21360 71370
21370 71380
21380 71390
95367 100777
60759 71393
21410 71420
21420 71430
21430 71440
21440 71450
21450 71460
21460 71470
21470 71480
21480 71490
21490 71500
40085 82080
21510 71520
21520 71530
21530 71540
21540 71550
21550 71560
37616 84302
21570 71580
21580 71590
21590 71600
21600 71610
21610 71620
21620 71630
21630 71640
21640 71650
21650 71660
21660 71670
21670 71680
21680 71690
21690 71700
21700 71710
21710 71720
21720 71730
21730 71740
21740 71750
66785 87893
21760 71770
21770 71780
21780 71790
21790 71800
21800 71810
21810 71820
21820 71830
21830 71840
21840 71850
21850 71860
21861 71870
21870 71880
21880 71890
21890 71900
39135 85133
21910 71920
51354 104514
21930 71940
21940 71950
21950 71960
21960 71970
21970 71980
52551 69235
16657 89286
22000 72010
22010 72020
22020 72030
22030 72040
22040 72050
5683 21548
22060 72070
22070 72080
22080 72090
22090 72100
22100 72110
22110 72120
22120 72130
22130 72140
22140 72150
22150 72160
22160 72170
22170 72180
22180 72190
22190 72200
22200 72210
22210 72220
22220 72230
22230 72240
22240 72250
22250 72260
22260 72270
22270 72280
22280 72290
22290 72300
22300 72310
22310 72320
22320 72330
22330 72340
22340 72350
22350 72360
22360 72370
22370 72380
22380 72390
22390 72400
22400 72410
22410 72420
22420 72430
22430 72440
22440 72450
22450 72460
22460 72470
22470 72480
22480 72490
91011 91953
22500 72510
22510 72520
22520 72530
22530 72540
22540 72550
22550 72560
22560 72570
22570 72580
22580 72590
22590 72600
22600 72610
22610 72620
22620 72630
22630 72640
22640 72650
22650 72660
22660 72670
22670 72680
22680 72690
22690 72700
22700 72710
22710 72720
22720 72730
22730 72740
22740 72750
22750 72760
22760 72770
22770 72780
22780 72790
36314 88362
22800 72810
22810 72820
22820 72830
22830 72840
22840 72850
22850 72860
22860 72870
22870 72880
22880 72890
22890 72900
22900 72910
22910 72920
22920 72930
22930 72940
22940 72950
22950 72960
22960 72970
22970 72980
22980 72990
22990 73000
23000 73010
23010 73020
23020 73030
23030 73040
23040 73050
23050 73060
23060 73070
23070 73080
23080 73090
23090 73100
23100 73110
23110 73120
23120 73130
23130 73140
23140 73150
23150 73160
23160 73170
23170 73180
23180 73190
23190 73200
23200 73210
23210 73220
23220 73230
23230 73240
23240 73250
23250 73260
23260 73270
23270 73280
23280 73290
23290 73300
23300 73310
23310 73320
23320 73330
23330 73340
23340 73350
23350 73360
23360 73370
23370 73380
23380 73390
23390 73400
23400 73410
23410 73420
23420 73430
23430 73440
23440 73450
23450 73460
23460 73470
23470 73480
23480 73490
937 61086
23500 73510
23510 73520
23520 73530
48221 91859
23540 73550
96 44595
23560 73570
23570 73580
23580 73590
23590 73600
23600 73610
23610 73620
59775 99464
23630 73640
23640 73650
23650 73660
23660 73670
23670 73680
23680 73690
23690 73700
23700 73710
23710 73720
23720 73730
38641 93658
23740 73750
23750 73760
23760 73770
23770 73780
23780 73790
23790 73800
23800 73810
23810 73820
23820 73830
23830 73840
23840 73850
23850 73860
23860 73870
23870 73880
23880 73890
23890 73900
23900 73910
23910 73920
23920 73930
23930 73940
23940 73950
23950 73960
23960 73970
23970 73980
23980 73990
23990 74000
24000 74010
24010 74020
10574 70678
24030 74040
24040 74050
24050 74060
24060 74070
24070 74080
24080 74090
24090 74100
24100 74110
24110 74120
24120 74130
24130 74140
36646 96732
24150 74160
24160 74170
24170 74180
24180 74190
24190 74200
24200 74210
24210 74220
24220 74230
24230 74240
24240 74250
24250 74260
24260 74270
24270 74280
24280 74290
24290 74300
24300 74310
24310 74320
24320 74330
24330 74340
24340 74350
24350 74360
24360 74370
24370 74380
24380 74390
24390 74400
27253 45491
24410 74420
24420 74430
24430 74440
24440 74450
24450 74460
24460 74470
24470 74480
24480 74490
24490 74500
42156 84464
24510 74520
24520 74530
24530 74540
24540 74550
24550 74560
24560 74570
13525 94831
51357 95155
24590 74600
24600 74610
24610 74620
24620 74630
24630 74640
24640 74650
24650 74660
24660 74670
24670 74680
24680 74690
24690 74700
24700 74710
24710 74720
24720 74730
24730 74740
11359 98933
48954 90074
24760 74770
24770 74780
24780 74790
24790 74800
24800 74810
24810 74820
24820 74830
24830 74840
24840 74850
24850 74860
24860 74870
24870 74880
24880 74890
24890 74900
24900 74910
24910 74920
6819 11433
24930 74940
24940 74950
24950 74960
24960 74970
24970 74980
8304 15028
24990 75000
25000 75010
25010 75020
25020 75030
25030 75040
25040 75050
25050 75060
25060 75070
25070 75080
25080 75090
25090 75100
25100 75110
25110 75120
25120 75130
25130 75140
25140 75150
25150 75160
25160 75170
25170 75180
25180 75190
25190 75200
25200 75210
35584 99534
25220 75230
25230 75240
25240 75250
25250 75260
25260 75270
25270 75280
25280 75290
25290 75300
25300 75310
25310 75320
25320 75330
25330 75340
25340 75350
15231 26776
25360 75370
25370 75380
25380 75390
25390 75400
25400 75410
25410 75420
25420 75430
25430 75440
25440 75450
25450 75460
25460 75470
25470 75480
25480 75490
25490 75500
25500 75510
25510 75520
25520 75530
25530 75540
25540 75550
39913 91258
25560 75570
25570 75580
25580 75590
25590 75600
25600 75610
25610 75620
25620 75630
25630 75640
25640 75650
25650 75660
25660 75670
25670 75680
25680 75690
25690 75700
25700 75710
25710 75720
25720 75730
25730 75740
25740 75750
25750 75760
25760 75770
25770 75780
25780 75790
25790 75800
25800 75810
25810 75820
25820 75830
25830 75840
25840 75850
25850 75860
25860 75870
25870 75880
25880 75890
25890 75900
25900 75910
25910 75920
25920 75930
25930 75940
25940 75950
25950 75960
25960 75970
25970 75980
25980 75990
25990 76000
26000 76010
26010 76020
26020 76030
26030 76040
26040 76050
26050 76060
66454 91666
26070 76080
26080 76090
26090 76100
26100 76110
26110 76120
26120 76130
26130 76140
26140 76150
26150 76160
26160 76170
37634 95528
26180 76190
26190 76200
26200 76210
26210 76220
26220 76230
26230 76240
26240 76250
26250 76260
26260 76270
26270 76280
26280 76290
26290 76300
26300 76310
26310 76320
26320 76330
26330 76340
26340 76350
13718 96446
26360 76370
26370 76380
26380 76390
26390 76400
26400 76410
26410 76420
26420 76430
26430 76440
26440 76450
26450 76460
61396 69263
26470 76480
26480 76490
4033 80023
26500 76510
26510 76520
26520 76530
26530 76540
26540 76550
26550 76560
26560 76570
26570 76580
26580 76590
26590 76600
26600 76610
26610 76620
26620 76630
26630 76640
26640 76650
26650 76660
26660 76670
26670 76680
26680 76690
26690 76700
26700 76710
26710 76720
26720 76730
26730 76740
26740 76750
26750 76760
26760 76770
26770 76780
79353 92482
26790 76800
26800 76810
26810 76820
26820 76830
26830 76840
26840 76850
26850 76860
26860 76870
40875 94328
26880 76890
26890 76900
26900 76910
10263 29337
26920 76930
26930 76940
26940 76950
84339 104245
26960 76970
26970 76980
26980 76990
26990 77000
27000 77010
27010 77020
27020 77030
27030 77040
27040 77050
27050 77060
27060 77070
27070 77080
27080 77090
27090 77100
27100 77110
27110 77120
27120 77130
27130 77140
27140 77150
27150 77160
27160 77170
27170 77180
27180 77190
27190 77200
27200 77210
27210 77220
27220 77230
27230 77240
27240 77250
27250 77260
27260 77270
16878 85853
27280 77290
27290 77300
27300 77310
27310 77320
27320 77330
27330 77340
27340 77350
27350 77360
27360 77370
27370 77380
12021 34620
27390 77400
27400 77410
27410 77420
27420 77430
27430 77440
27440 77450
27450 77460
27460 77470
27470 77480
27480 77490
27490 77500
27500 77510
27510 77520
27520 77530
27530 77540
27540 77550
27550 77560
27560 77570
27570 77580
27580 77590
27590 77600
27600 77610
27610 77620
27620 77630
27630 77640
27640 77650
27650 77660
27660 77670
27670 77680
27680 77690
27690 77700
27700 77710
27710 77720
27720 77730
27730 77740
27740 77750
27750 77760
27760 77770
32445 76227
27780 77790
27790 77800
27800 77810
27810 77820
27820 77830
27830 77840
27840 77850
27850 77860
27860 77870
27870 77880
27880 77890
27890 77900
27900 77910
27910 77920
27920 77930
27930 77940
27940 77950
27950 77960
27960 77970
27970 77980
27980 77990
27990 78000
28000 78010
28010 78020
28020 78030
28030 78040
28040 78050
28050 78060
28060 78070
28070 78080
28080 78090
28090 78100
28100 78110
28110 78120
28120 78130
28130 78140
28140 78150
28150 78160
28160 78170
28170 78180
28180 78190
28190 78200
28200 78210
28210 78220
28220 78230
28230 78240
28240 78250
28250 78260
28260 78270
28270 78280
28280 78290
28290 78300
28300 78310
28310 78320
28320 78330
28330 78340
28340 78350
28350 78360
28360 78370
28370 78380
28380 78390
28390 78400
28400 78410
28410 78420
28420 78430
28430 78440
28440 78450
28450 78460
28460 78470
28470 78480
28480 78490
28490 78500
28500 78510
28510 78520
28520 78530
28530 78540
28540 78550
28550 78560
28560 78570
28570 78580
28580 78590
28590 78600
28600 78610
27778 89969
28620 78630
28630 78640
28640 78650
16498 22199
28660 78670
28670 78680
28680 78690
28690 78700
28700 78710
28710 78720
28720 78730
28730 78740
28740 78750
28750 78760
28760 78770
28770 78780
28780 78790
28790 78800
28800 78810
28810 78820
28820 78830
28830 78840
28840 78850
28850 78860
28860 78870
28870 78880
28880 78890
28890 78900
28900 78910
28910 78920
28920 78930
40367 84653
28940 78950
28950 78960
28960 78970
28970 78980
28980 78990
28990 79000
29000 79010
29010 79020
29020 79030
29030 79040
29040 79050
29050 79060
29060 79070
29070 79080
29080 79090
29090 79100
29100 79110
29110 79120
29120 79130
29130 79140
29140 79150
29150 79160
29160 79170
29170 79180
29180 79190
29190 79200
29200 79210
29210 79220
56915 82705
29230 79240
29240 79250
29250 79260
29260 79270
29270 79280
29280 79290
29290 79300
29300 79310
29310 79320
29320 79330
29330 79340
29340 79350
29350 79360
55205 94462
29370 79380
29380 79390
29390 79400
29400 79410
29410 79420
29420 79430
29430 79440
29440 79450
29450 79460
29460 79470
29470 79480
29480 79490
29490 79500
29500 79510
29510 79520
29520 79530
29530 79540
29540 79550
29550 79560
29560 79570
29570 79580
29580 79590
29590 79600
29600 79610
29610 79620
29620 79630
29630 79640
29640 79650
29650 79660
29660 79670
29670 79680
29680 79690
29690 79700
29700 79710
29710 79720
29720 79730
29730 79740
29740 79750
29750 79760
29760 79770
29770 79780
29780 79790
29790 79800
29800 79810
29810 79820
29820 79830
29830 79840
29840 79850
29850 79860
29860 79870
29870 79880
29880 79890
29890 79900
29900 79910
29910 79920
29920 79930
29930 79940
61185 80270
29950 79960
29960 79970
29970 79980
29980 79990
29990 80000
30000 80010
30010 80020
30020 80030
30030 80040
30040 80050
30050 80060
30060 80070
30070 80080
20243 66058
30090 80100
30100 80110
30110 80120
30120 80130
30130 80140
30140 80150
30150 80160
49643 51527
30170 80180
30180 80190
30190 80200
30200 80210
30210 80220
30220 80230
30230 80240
30240 80250
30250 80260
30260 80271
30270 80280
30280 80290
30290 80300
30300 80310
30310 80320
30320 80330
30330 80340
30340 80350
30350 80360
30360 80370
30370 80380
30380 80390
30390 80400
30400 80410
28498 67881
30420 80430
30430 80440
30440 80450
30450 80460
30460 80470
30470 80480
30480 80490
30490 80500
30500 80510
30510 80520
30520 80530
30530 80540
30540 80550
30550 80560
30560 80570
30570 80580
30580 80590
30590 80600
30600 80610
30610 80620
46477 89947
30630 80640
30640 80650
30650 80660
30660 80670
30670 80680
30680 80690
30690 80700
31684 65791
30710 80720
30720 80730
30730 80740
30740 80750
30750 80760
30760 80770
30770 80780
30780 80790
30790 80800
30800 80810
30810 80820
30820 80830
30830 80840
30840 80850
30850 80860
30860 80870
30870 80880
30880 80890
30890 80900
30900 80910
30910 80920
30920 80930
30930 80940
30940 80950
30950 80960
30960 80970
30970 80980
30980 80990
43201 52001
31000 81010
31010 81020
31020 81030
31030 81040
31040 81050
31050 81060
31060 81070
31070 81080
31080 81090
31090 81100
31100 81110
31110 81120
31120 81130
31130 81140
31140 81150
31150 81160
31160 81170
31170 81180
1691 15162
42032 45877
31200 81210
18541 99633
31220 81230
10643 15715
31240 81250
31250 81260
31260 81270
31270 81280
31280 81290
31290 81300
31300 81310
31310 81320
31320 81330
6147 27717
31340 81350
31350 81360
31360 81370
31370 81380
31380 81390
31390 81400
31400 81410
3184 38868
31420 81430
31430 81440
31440 81450
31450 81460
31460 81470
31470 81480
31480 81490
31490 81500
31500 81510
31510 81520
31520 81530
31530 81540
57451 60712
31550 81560
31560 81570
31570 81580
31580 81590
31590 81600
31600 81610
31610 81620
5707 84042
31630 81640
31640 81650
31650 81660
31660 81670
31670 81680
31680 81690
80876 98078
31700 81710
31710 81720
31720 81730
31730 81740
31740 81750
31750 81760
31760 81770
31770 81780
31780 81790
31790 81800
31800 81810
31810 81820
31820 81830
31830 81840
31840 81850
31850 81860
31860 81870
31870 81880
31880 81890
31890 81900
31900 81910
31910 81920
69628 75558
31930 81940
31940 81950
31950 81960
31960 81970
31970 81980
31980 81990
31990 82000
32000 82010
32010 82020
32020 82030
32030 82040
32040 82050
32050 82060
32060 82070
9204 48086
32080 82090
32090 82100
32100 82110
32110 82120
32120 82130
45317 48714
32140 82150
32150 82160
32160 82170
32170 82180
32180 82190
32190 82200
32200 82210
32210 82220
32220 82230
32230 82240
32240 82250
32250 82260
32260 82270
32270 82280
32280 82290
32290 82300
32300 82310
32310 82320
32320 82330
32330 82340
32340 82350
32350 82360
32360 82370
32370 82380
32380 82390
32390 82400
32400 82410
32410 82420
32420 82430
32430 82440
32440 82450
32450 82460
32460 82470
32470 82480
32480 82490
32490 82500
32500 82510
24614 78187
32520 82530
32530 82540
32540 82550
31796 74657
32560 82570
32570 82580
32580 82590
32590 82600
32600 82610
32610 82620
32620 82630
32630 82640
32640 82650
32650 82660
32660 82670
32670 82680
32680 82690
32690 82700
32700 82710
32710 82720
32720 82730
32730 82740
32740 82750
32750 82760
32760 82770
32770 82780
32780 82790
32790 82800
32800 82810
32810 82820
32820 82830
32830 82840
32840 82850
32850 82860
32860 82870
32870 82880
32880 82890
32890 82900
36229 93859
32910 82920
32920 82930
32930 82940
32940 82950
32950 82960
32960 82970
32970 82980
32980 82990
32990 83000
33000 83010
33010 83020
33020 83030
33030 83040
33040 83050
33050 83060
33060 83070
33070 83080
33080 83090
33090 83100
33100 83110
33110 83120
33120 83130
33130 83140
33140 83150
33150 83160
33160 83170
33170 83180
33180 83190
33190 83200
33200 83210
33210 83220
33220 83230
33230 83240
33240 83250
33250 83260
33260 83270
33270 83280
66163 69181
33290 83300
33300 83310
33310 83320
33320 83330
33330 83340
33340 83350
33350 83360
33360 83370
33370 83380
33380 83390
33390 83400
33400 83410
33410 83420
33420 83430
33430 83440
33440 83450
33450 83460
33460 83470
33470 83480
33480 83490
33490 83500
33500 83510
33510 83520
33520 83530
33530 83540
33540 83550
33550 83560
33560 83570
33570 83580
33580 83590
33590 83600
33600 83610
33610 83620
33620 83630
33630 83640
33640 83650
33650 83660
33660 83670
33670 83680
33680 83690
33690 83700
63205 104223
33710 83720
33720 83730
33730 83740
33740 83750
33750 83760
33760 83770
33770 83780
33780 83790
33790 83800
33800 83810
33810 83820
33820 83830
33830 83840
33840 83850
11013 103436
33860 83870
33870 83880
33880 83890
33890 83900
33900 83910
33910 83920
33920 83930
33930 83940
33940 83950
33950 83960
63664 97682
33970 83980
33980 83990
33990 84000
34000 84010
34010 84020
34020 84030
34030 84040
34040 84050
34050 84060
34060 84070
34070 84080
34080 84090
34090 84100
34100 84110
34110 84120
34120 84130
34130 84140
34140 84150
34150 84160
34160 84170
34506 79935
34180 84190
34190 84200
34200 84210
34210 84220
34220 84230
34230 84240
34240 84250
34250 84260
34260 84270
34270 84280
34280 84290
34290 84300
34300 84310
34310 84320
34320 84330
34330 84340
34340 84350
34350 84360
34360 84370
34370 84380
34380 84390
34390 84400
34400 84410
34410 84420
34420 84430
34430 84440
34440 84450
34450 84460
34460 84470
34470 84480
34480 84490
34490 84500
34500 84510
34510 84520
34520 84530
34530 84540
34540 84550
99315 104025
34560 84570
34570 84580
34580 84590
34590 84600
34600 84610
34610 84620
34623 84630
34630 84640
34640 84650
34650 84660
34660 84670
34670 84680
34680 84690
34690 84700
34700 84710
34710 84720
47837 53148
34730 84740
34740 84750
34750 84760
34760 84770
34770 84780
34780 84790
34790 84800
34800 84810
34810 84820
34820 84830
34830 84840
34840 84850
34850 84860
34860 84870
41712 51598
34880 84890
34890 84900
34900 84910
34910 84920
34920 84930
34930 84940
34940 84950
34950 84960
34960 84970
34970 84980
34980 84990
34990 85000
35000 85010
35010 85020
35020 85030
35030 85040
35040 85050
35050 85060
35060 85070
35070 85080
35080 85090
35090 85100
35100 85110
35110 85120
35120 85130
35130 85140
35140 85150
35150 85160
35160 85170
35170 85180
35180 85190
35190 85200
35200 85210
35210 85220
35220 85230
35230 85240
35240 85250
35250 85260
35260 85270
35270 85280
35280 85290
35290 85300
35300 85310
35310 85320
35320 85330
20025 73289
35340 85350
35350 85360
35360 85370
35370 85380
35380 85390
35390 85400
79838 89200
35410 85420
35420 85430
35430 85440
35440 85450
35450 85460
35460 85470
35470 85480
30082 82276
35490 85500
35500 85510
35510 85520
35520 85530
35530 85540
35540 85550
35550 85560
35560 85570
35570 85580
35580 85590
35590 85600
35600 85610
35610 85620
35620 85630
35630 85640
35640 85650
35650 85660
35660 85670
35670 85680
35680 85690
35690 85700
35700 85710
35710 85720
44101 92812
35730 85740
35740 85750
35750 85760
35760 85770
35770 85780
35780 85790
35790 85800
35800 85810
35810 85820
35820 85830
35830 85840
35840 85850
35850 85860
35860 85870
35870 85880
35880 85890
35890 85900
35900 85910
35910 85920
35920 85930
35930 85940
35940 85950
35950 85960
35960 85970
35970 85980
35980 85990
35990 86000
36000 86010
36010 86020
36020 86030
36030 86040
36040 86050
36050 86060
36060 86070
36070 86080
36080 86090
36090 86100
36100 86110
44011 99859
36120 86130
36130 86140
36140 86150
36150 86160
36160 86170
36170 86180
36180 86190
36190 86200
36200 86210
36210 86220
36220 86230
36230 86240
36240 86250
36250 86260
36260 86270
36270 86280
36280 86290
36290 86300
40243 49977
36310 86320
36320 86330
36330 86340
36340 86350
36350 86360
36360 86370
36370 86380
36380 86390
54627 59862
36400 86410
36410 86420
36420 86430
36430 86441
36440 86450
36450 86460
36460 86470
4632 93878
36480 86490
36490 86500
36500 86510
36510 86520
36520 86530
36530 86540
36540 86550
36550 86560
36560 86570
36570 86580
36580 86590
3984 97573
36600 86610
36610 86620
36620 86630
36630 86640
36640 86650
36650 86660
36660 86670
36670 86680
36680 86690
36690 86700
36700 86710
36710 86720
36720 86730
36730 86740
36740 86750
36750 86760
36760 86770
40183 65386
36780 86790
36790 86800
36800 86810
36810 86820
36820 86830
36830 86840
36840 86850
36850 86860
36860 86870
36870 86880
36880 86890
36890 86900
36900 86910
36910 86920
36920 86930
36930 86940
36940 86950
36950 86960
44279 85122
36970 86980
36980 86990
36990 87000
37000 87010
37010 87020
37020 87030
37030 87040
37040 87050
32154 43712
37060 87070
37070 87080
37080 87090
37090 87100
46920 83206
37110 87120
37120 87130
37130 87140
34003 65684
37150 87160
37160 87170
37170 87180
37180 87190
37190 87200
37200 87210
37210 87220
37220 87230
37230 87240
37328 48667
37250 87260
37260 87270
37270 87280
37280 87290
37290 87300
37300 87310
37310 87320
37320 87330
37330 87340
37340 87350
37350 87360
37360 87370
37370 87380
37380 87390
37390 87400
37400 87410
37410 87420
37420 87430
37430 87440
37440 87450
37450 87460
10366 78438
37470 87480
37480 87490
37490 87500
37500 87510
37510 87520
37520 87530
37530 87540
37540 87550
37550 87560
37560 87570
37570 87580
37580 87590
37590 87600
37600 87610
37610 87620
37620 87630
37630 87640
37640 87650
37650 87660
37660 87670
37670 87680
37680 87690
37690 87700
37700 87710
37710 87720
37720 87730
37730 87740
37740 87750
37750 87760
37760 87770
37770 87780
37780 87790
37790 87800
37800 87810
37810 87820
37820 87830
37830 87840
37173 43839
37850 87860
37860 87870
37870 87880
37880 87890
37890 87900
37900 87910
37910 87920
37920 87930
37930 87940
37940 87950
37950 87960
37960 87970
37970 87980
37980 87990
37990 88000
38000 88010
38010 88020
38020 88030
38030 88040
38040 88050
38050 88060
38060 88070
38070 88080
38080 88090
38090 88100
38100 88110
38110 88120
38120 88130
38130 88140
38140 88150
38150 88160
38160 88170
697 98817
38180 88190
38190 88200
38200 88210
38210 88220
38220 88230
38230 88240
38240 88250
38250 88260
38260 88270
38270 88280
38280 88290
38290 88300
38300 88310
38310 88320
38320 88330
38330 88340
38340 88350
38350 88360
38360 88370
38370 88380
38380 88390
38390 88400
38400 88410
38410 88420
38420 88430
38430 88440
38440 88450
38450 88460
38460 88470
38470 88480
38480 88490
38490 88500
38500 88510
38510 88520
38520 88530
38530 88540
38540 88550
14042 102492
38560 88570
38570 88580
38580 88590
38590 88600
38600 88610
38610 88620
38620 88630
38630 88640
38640 88650
38650 88660
38660 88670
38670 88680
38680 88690
38690 88700
38700 88710
38710 88720
38720 88730
38730 88740
38740 88750
38750 88760
38760 88770
38770 88780
38780 88790
38790 88800
38800 88810
38810 88820
38820 88830
49014 91509
38840 88850
38850 88860
38860 88870
38870 88880
38880 88890
38890 88900
38900 88910
38910 88920
38920 88930
38930 88940
38940 88950
38950 88960
38960 88970
38970 88980
38980 88990
38990 89000
39000 89010
39010 89020
39020 89030
39030 89040
39040 89050
39050 89060
39060 89070
39070 89080
39080 89090
39090 89100
39100 89110
39110 89120
39120 89130
39130 89140
39140 89150
39150 89160
39160 89170
39170 89180
39180 89190
28864 57524
39200 89210
39210 89220
39220 89230
39230 89240
39240 89250
39250 89260
39260 89270
39270 89280
39280 89290
39290 89300
39300 89310
39310 89320
39320 89330
39330 89340
39340 89350
39350 89360
39360 89370
39370 89380
39380 89390
39390 89400
39400 89410
39410 89420
39420 89430
39430 89440
39440 89450
39450 89460
39460 89470
39470 89480
39480 89490
39490 89500
39500 89510
39510 89520
14503 82042
39530 89540
39540 89550
39550 89560
39560 89570
28481 91964
39580 89590
39590 89600
39600 89610
39610 89620
39620 89630
39630 89640
39640 89650
39650 89660
39660 89670
39670 89680
39680 89690
39690 89700
39700 89710
39710 89720
39720 89730
58767 75767
39740 89750
39750 89760
39760 89770
39770 89780
19291 98493
39790 89800
39800 89810
39812 89820
34646 84768
39830 89840
39840 89850
39850 89860
39860 89870
39870 89880
39880 89890
39890 89900
39900 89910
39910 89920
39920 89930
39930 89940
39940 89950
39950 89960
39960 89970
39970 89980
39980 89990
39990 90000
40000 90010
3011 69672
74492 91611
40030 90040
40040 90050
40050 90060
40060 90070
40070 90080
40080 90090
40090 90100
40100 90110
40110 90120
40120 90130
40130 90140
40140 90150
40150 90160
9983 48991
40170 90180
40180 90190
40190 90200
40200 90210
40210 90220
40220 90230
19011 83288
40240 90250
40250 90260
40260 90270
40270 90280
40280 90290
40290 90300
40300 90310
40310 90320
40320 90330
40330 90340
40340 90350
40350 90360
40360 90370
80454 85843
40380 90390
40390 90400
40400 90410
40410 90420
40420 90430
40430 90440
40440 90450
43917 63201
40460 90470
40470 90480
40480 90490
40490 90500
40500 90510
40510 90520
40520 90530
40530 90540
40540 90550
40550 90560
40560 90570
40570 90580
40580 90590
40590 90600
40600 90610
40610 90620
40620 90630
40630 90640
40640 90650
40650 90660
40660 90670
40670 90680
40680 90690
40690 90700
40700 90710
40710 90720
40720 90730
40730 90740
40740 90750
40750 90760
40760 90770
40770 90780
23265 78503
40790 90800
40800 90810
40810 90820
30132 57958
40830 90840
37845 67007
40850 90860
40860 90870
40870 90880
40880 90890
40890 90900
40900 90910
40910 90920
40920 90930
44384 87602
40940 90950
40950 90960
40960 90970
40970 90980
40980 90990
40990 91000
41000 91010
41010 91020
41020 91030
41030 91040
41040 91050
41050 91060
41060 91070
41070 91080
41080 91090
41090 91100
41100 91110
41110 91120
41120 91130
41131 91140
41140 91150
41150 91160
41160 91170
41170 91180
41180 91190
41190 91200
41200 91210
41210 91220
41220 91230
41230 91240
41240 91250
41250 91260
41260 91270
41270 91280
41280 91290
41290 91300
41300 91310
41310 91320
41320 91330
17895 63379
41340 91350
41350 91360
41360 91370
41370 91380
41380 91390
41390 91400
41400 91410
41410 91420
41420 91430
41430 91440
17066 101935
41450 91460
41460 91470
41470 91480
41480 91490
41490 91500
41500 91510
41510 91520
41520 91530
41530 91540
62404 72988
41550 91560
41560 91570
41570 91580
34096 102896
41590 91600
41600 91610
41610 91620
41620 91630
41630 91640
41640 91650
41650 91660
41660 91670
41670 91680
41680 91690
41690 91700
41700 91710
41710 91720
41720 91730
38628 104159
41740 91750
66879 85462
41760 91770
41770 91780
41780 91790
41790 91800
41800 91810
41810 91820
41820 91830
41830 91840
41840 91850
41850 91860
36188 63375
41870 91880
41880 91890
41890 91900
41900 91910
41910 91920
41920 91930
41930 91940
41940 91950
41950 91960
41960 91970
41970 91980
41980 91990
41990 92000
42000 92010
42010 92020
42020 92030
42030 92040
42040 92050
42050 92060
42060 92070
42070 92080
42080 92090
42090 92100
42100 92110
42110 92120
42120 92130
42130 92140
42140 92150
42150 92160
42160 92171
42170 92180
42180 92190
60607 104023
42200 92210
42210 92220
42220 92230
42230 92240
42240 92250
42250 92260
42260 92270
42270 92280
42280 92290
42290 92300
42300 92310
42310 92320
42320 92330
42330 92340
42340 92350
42350 92360
42360 92370
42370 92380
42380 92390
42390 92400
42400 92410
42410 92420
42420 92430
42430 92440
42440 92450
42451 92460
42460 92470
42470 92480
42480 92490
42490 92500
42500 92510
42510 92520
42520 92530
42530 92540
42540 92550
42550 92560
42560 92570
42570 92580
42580 92590
42590 92600
42600 92610
42610 92620
42620 92630
42630 92640
42640 92650
42650 92660
42660 92670
42670 92680
42680 92690
42690 92700
42700 92710
42710 92720
42720 92730
42730 92740
42740 92750
40576 43404
42760 92770
42770 92780
42780 92790
69207 103519
42800 92810
42810 92820
42820 92830
42830 92840
42840 92850
42850 92860
42860 92870
42870 92880
72331 80622
48988 50316
42900 92910
42910 92920
42920 92930
42930 92940
42940 92950
42950 92960
42960 92970
42970 92980
42980 92990
42990 93000
43000 93010
43010 93020
43020 93030
43030 93040
43040 93050
43050 93060
43060 93070
43070 93080
43080 93090
43090 93100
43100 93110
43110 93120
43120 93130
43130 93140
43140 93150
43150 93160
43160 93170
43170 93180
43180 93190
85167 86995
43200 93210
43210 93220
10459 41318
43230 93240
43240 93250
43250 93260
43260 93270
43270 93280
43280 93290
43290 93300
43300 93310
43310 93320
43320 93330
43330 93340
43340 93350
43350 93360
43360 93370
43370 93380
43380 93390
43390 93400
43400 93410
43410 93420
43420 93430
43430 93440
43440 93450
52394 101713
43460 93470
43470 93480
43480 93490
43490 93500
43500 93510
43510 93520
43520 93530
43530 93540
43540 93550
43550 93560
43560 93570
43570 93580
43580 93590
43590 93600
43600 93610
43610 93620
935 19511
43630 93640
43640 93650
28993 90915
43660 93670
43670 93680
43680 93690
43690 93700
43700 93710
43710 93720
43985 96610
43730 93740
43740 93750
43750 93760
43760 93770
43770 93780
43780 93790
43790 93800
43800 93810
43810 93820
43820 93830
43830 93840
43840 93850
43850 93860
43860 93870
43870 93880
43880 93890
43890 93900
43900 93910
43910 93920
43920 93930
43930 93940
60071 102202
43950 93960
43960 93970
43970 93980
43980 93990
43990 94000
44000 94010
41084 102279
44020 94030
44030 94040
44040 94050
44050 94060
44060 94070
44070 94080
44080 94090
44090 94100
44100 94110
44110 94120
44120 94130
44130 94140
44140 94150
44150 94160
44160 94170
44170 94180
44180 94190
44190 94200
44200 94210
44210 94220
44220 94230
91629 99126
44240 94250
44250 94260
44260 94270
44270 94280
44280 94290
44290 94300
44300 94310
44310 94320
44320 94330
44330 94340
44340 94350
44350 94360
44360 94370
44370 94380
44380 94390
44390 94400
44400 94410
44410 94420
44420 94430
44430 94440
44440 94450
44450 94460
44460 94470
44470 94480
44480 94490
2281 89523
44500 94510
44510 94520
44520 94530
44530 94540
44540 94550
44550 94560
44560 94570
44570 94580
44580 94590
44590 94600
6397 27665
44610 94620
44620 94630
44630 94640
66369 99240
44650 94660
44660 94670
44670 94680
44680 94690
44690 94700
44700 94710
44710 94720
44720 94730
44730 94740
44740 94750
44750 94760
44760 94770
44770 94780
44780 94790
44790 94800
44800 94810
44810 94820
44820 94830
44830 94840
44840 94850
44850 94860
44860 94870
44870 94880
44880 94890
44890 94900
44900 94910
44910 94920
44920 94930
44930 94940
44940 94950
44950 94960
44960 94970
44970 94980
44980 94990
44990 95000
45000 95010
45010 95020
45020 95030
45030 95040
45040 95050
45050 95060
45060 95070
45070 95080
45080 95090
45090 95100
45100 95110
45110 95120
33547 99398
45130 95140
45140 95150
45150 95160
45160 95170
90058 103229
45180 95190
45190 95200
45200 95210
45210 95220
45220 95230
45230 95240
45240 95250
45250 95260
45260 95270
45270 95280
45280 95290
45290 95300
45300 95310
45310 95320
45320 95330
45330 95340
45340 95350
45350 95360
45360 95370
45370 95380
45380 95390
45390 95400
45400 95410
45410 95420
45420 95430
45430 95440
45440 95450
45450 95460
45460 95470
45470 95480
45480 95490
45490 95500
45500 95510
45510 95520
45520 95530
45530 95540
45540 95550
45550 95560
45560 95570
45570 95580
45580 95590
64406 98053
45600 95610
45610 95620
45620 95630
45630 95640
8278 85018
45650 95660
45660 95670
45670 95680
45680 95690
45690 95700
45700 95710
45710 95720
45720 95730
45730 95740
45740 95750
45750 95760
45760 95770
45770 95780
45780 95790
45790 95800
45800 95810
45810 95820
45820 95830
45830 95840
45840 95850
49302 100833
45860 95870
45870 95880
45880 95890
45890 95900
45900 95910
45910 95920
45920 95930
45930 95940
45940 95950
45950 95960
45960 95970
45970 95980
45980 95990
53478 97152
46000 96010
46010 96020
46020 96030
46030 96040
46040 96050
46050 96060
46060 96070
28921 97180
46080 96090
46090 96100
46100 96110
46110 96120
46120 96130
46130 96140
46140 96150
46150 96160
46160 96170
46170 96180
40847 71531
46190 96200
46200 96210
46210 96220
46220 96230
34013 74485
46240 96250
46250 96260
46260 96270
46270 96280
46280 96290
46290 96300
46300 96310
11226 21361
46320 96330
46330 96340
46340 96350
46350 96360
46360 96370
46370 96380
46380 96390
46390 96400
46400 96410
46410 96420
46420 96430
46430 96440
46440 96450
46450 96460
46460 96470
46470 96480
46480 96490
46490 96500
46500 96510
46510 96520
46520 96530
46530 96540
46540 96550
46550 96560
46560 96570
46570 96580
46580 96590
46590 96600
73499 96421
46610 96620
46620 96630
46630 96640
46640 96650
46650 96660
46660 96670
46670 96680
46680 96690
46690 96700
46700 96710
46710 96720
46720 96730
46730 96740
46740 96750
46750 96760
46760 96770
46770 96780
46780 96790
46790 96800
46800 96810
46810 96820
46820 96830
46830 96840
46840 96850
46850 96860
16845 29889
46870 96880
46880 96890
46890 96900
46900 96910
46910 96920
46923 96930
46930 96940
46940 96950
64113 95037
46960 96970
46970 96980
46980 96990
46990 97000
47000 97010
47010 97020
47020 97030
47030 97040
47040 97050
47050 97060
47060 97070
47070 97080
47080 97090
47090 97100
47100 97110
47110 97120
47120 97130
47130 97140
47140 97150
47150 97160
47160 97170
47170 97181
47180 97190
47190 97200
47200 97210
66333 83476
47220 97230
47230 97240
47240 97250
47250 97260
47260 97270
47270 97280
47280 97290
47290 97300
47300 97310
47310 97320
47320 97330
47330 97340
47340 97350
47350 97360
47360 97370
47370 97380
47380 97390
47390 97400
47400 97410
47410 97420
47420 97430
47430 97440
47440 97450
47450 97460
47460 97470
47470 97480
47480 97490
47490 97500
47500 97510
47510 97520
47520 97530
47530 97540
47540 97550
47550 97560
47560 97570
47570 97580
47580 97590
47590 97600
47600 97610
47610 97620
47620 97630
47630 97640
47640 97650
47650 97660
47660 97670
47670 97680
47680 97690
47690 97700
47700 97710
47710 97720
47720 97730
47730 97740
47740 97750
47750 97760
47760 97770
47770 97780
47780 97790
47790 97800
47800 97810
47810 97820
47820 97830
47830 97840
47840 97850
47850 97860
47860 97870
47870 97880
47880 97890
47890 97900
47900 97910
47911 97920
47920 97930
47930 97940
91415 92098
47950 97960
47960 97970
47970 97980
47980 97990
47990 98000
48000 98010
48010 98020
48020 98030
48030 98040
48040 98050
48050 98060
48060 98070
48070 98080
48080 98090
48090 98100
48100 98110
48110 98120
48120 98130
48130 98140
48140 98150
48150 98160
48160 98170
48170 98180
48180 98190
48190 98200
48200 98210
48210 98220
48220 98230
48230 98240
48240 98250
48250 98260
48260 98270
48270 98280
48280 98290
48290 98300
48300 98310
48310 98320
48320 98330
48330 98340
48340 98350
48350 98360
48360 98370
48370 98380
48380 98390
48390 98400
48400 98410
48410 98420
48420 98430
48430 98440
48440 98450
48450 98460
48460 98470
48470 98480
48480 98490
48490 98500
48500 98510
48510 98520
48520 98530
48530 98540
48540 98550
48550 98560
48560 98570
48570 98580
48580 98590
48590 98600
48600 98610
48610 98620
48620 98630
48630 98640
48640 98650
20505 98196
48660 98670
48670 98680
48680 98690
48690 98700
48700 98710
48710 98720
48720 98730
48730 98740
7653 50712
48750 98760
48760 98770
48770 98780
48780 98790
48790 98800
48800 98810
48810 98820
48820 98830
48830 98840
48840 98850
48850 98860
48860 98870
48870 98880
48880 98890
48890 98900
48900 98910
10514 56822
48920 98930
48930 98940
48940 98950
48950 98960
48960 98970
48970 98980
48980 98990
48990 99000
49000 99010
49010 99020
49020 99030
49030 99040
49040 99050
49050 99060
49060 99070
49070 99080
49080 99090
49090 99100
49100 99110
49110 99120
49120 99130
49130 99140
49140 99150
49150 99160
49160 99170
49170 99180
49180 99190
49190 99200
49200 99210
49210 99220
49220 99230
49230 99241
49240 99250
49250 99260
49260 99270
49270 99280
49280 99290
49290 99300
49300 99310
49310 99320
49320 99330
49330 99340
49340 99350
60349 69374
49360 99370
49370 99380
49380 99390
49390 99400
49400 99410
49410 99420
49420 99430
49430 99440
49440 99450
49450 99460
49460 99470
49470 99480
49480 99490
49490 99500
49500 99510
49510 99520
49520 99530
49530 99540
49540 99550
49550 99560
49560 99570
49570 99580
49580 99590
49590 99600
49600 99610
49610 99620
49620 99630
49630 99640
49640 99650
49650 99660
49660 99670
49670 99680
49680 99690
49690 99700
49700 99710
49710 99720
49720 99730
49730 99740
49740 99750
49750 99760
49760 99770
49770 99780
49780 99790
49790 99800
49800 99810
49810 99820
49820 99830
49830 99840
49840 99850
49850 99860
49860 99870
49870 99880
49880 99890
49890 99900
49900 99910
49910 99920
49920 99930
49930 99940
49940 99950
49950 99960
49960 99970
49970 99980
49980 99990
49990 100000
50000 100010
