500 100 2500
10 30
17270 54239
20587 38706
41984 50712
38874 51450
29278 39413
27866 30516
80 100
1019 4953
10516 24884
22450 43548
120 140
3481 52726
42611 50244
150 170
22555 29759
171 190
180 200
46368 49203
905 43468
210 230
220 240
231 250
241 260
251 270
261 280
271 290
281 300
20880 50387
301 320
4989 17054
321 340
330 350
341 360
351 370
361 380
371 390
6579 20873
391 410
18136 26905
18328 20775
420 440
430 450
441 460
33610 46984
29857 38751
470 490
9938 32124
22977 54047
500 520
510 530
521 540
16226 46490
541 560
8473 26929
563 580
570 590
13882 24122
5653 25731
26615 46520
610 630
620 640
633 650
641 660
3543 25647
17455 40543
670 690
680 700
17051 43762
701 720
710 730
721 740
732 750
741 760
44166 50617
763 780
770 790
29227 31381
791 810
13697 39532
811 830
820 840
6193 52465
456 8003
850 870
860 880
871 890
881 900
1480 12245
5400 6109
11874 21999
920 940
7613 27952
18720 32266
950 970
24984 46326
973 990
5074 11155
14989 47492
11906 45942
17911 40176
13234 15984
155 14599
23822 54529
1050 1070
7629 17939
17059 33487
1080 1100
1090 1110
31082 32465
1111 1130
1120 1140
7921 13692
1141 1160
1708 26370
1161 1180
1170 1190
3440 16397
35288 44095
1200 1220
1210 1230
1222 1240
26451 51335
18196 48608
1174 11059
26176 46479
20726 38585
46007 48283
17519 18870
26296 45092
1310 1330
9882 20646
5932 11554
1340 1360
1350 1370
1361 1380
31292 41605
1381 1400
10293 13751
1402 1420
1410 1430
1421 1440
1431 1450
1441 1460
12354 43338
1461 1481
14963 22411
12442 16890
1490 1510
5563 44118
8148 37016
19963 20948
25232 37908
1540 1560
17244 30069
39460 43119
1570 1590
19374 53937
1591 1610
27669 54212
4413 52505
1620 1640
1630 1650
1641 1660
1651 1670
36155 46248
27224 27572
1680 1700
1690 1710
1701 1720
1711 1730
9181 9967
10735 53425
1740 1760
1750 1770
1761 1780
1771 1790
25106 42338
1791 1810
1800 1820
9920 32764
1823 1840
21482 44448
29642 41368
1850 1870
24948 26063
45272 51628
41154 47934
1890 1910
1900 1920
11764 12691
17300 35100
1930 1950
1940 1960
1951 1970
1961 1980
29910 31764
1981 2000
1990 2010
41802 43198
11015 31803
27843 45396
25724 54411
15278 24555
2050 2070
2060 2080
20514 39462
2081 2100
2090 2110
16111 48185
2111 2130
15588 46334
2131 2150
2314 8793
44257 49136
14430 20118
9935 52757
2180 2200
2190 2210
1826 27681
17864 47382
2220 2240
2230 2250
42446 45951
27142 49273
17630 40191
13511 21185
2280 2300
19256 23919
2302 2320
27053 53118
2321 2340
2330 2350
2342 2360
24564 43155
8384 9664
48879 53511
11774 50672
2390 2410
2400 2420
2411 2430
2422 2440
2431 2450
19276 28362
2453 2470
4315 32348
12437 24917
2480 2500
9652 41667
1046 34414
40040 53939
2520 2540
19086 36083
15332 15821
2550 2570
9445 20517
2571 2590
8754 44289
407 36693
23027 26766
2610 2630
36350 48726
15689 16034
2640 2660
22158 47516
9646 53074
16883 29512
13058 34567
2690 2710
2700 2720
2711 2730
19735 30116
2733 2750
2389 49872
2751 2770
2760 2780
17757 38158
2781 2800
26687 50339
2801 2820
2810 2830
44566 48139
2831 2850
11145 14648
2851 2870
2860 2880
2871 2890
2881 2900
7689 53162
10955 31323
19233 38944
2920 2940
2930 2950
8421 40001
2951 2970
7766 17660
2971 2990
20999 40156
2992 3010
24517 46079
3011 3030
3020 3040
3031 3050
46992 47827
1679 39669
3060 3080
3070 3090
3081 3100
3091 3110
31811 54090
12206 51161
19110 35908
3130 3150
3140 3160
3151 3170
3161 3180
3171 3190
5483 38471
14212 34132
8460 20537
31775 35884
11293 45415
37760 40061
3240 3260
9104 16020
10777 43224
3270 3290
439 13173
3291 3310
3300 3320
19839 27401
3321 3340
21386 40364
3341 3360
3350 3370
3361 3380
21029 50453
3381 3400
1353 40555
27340 36415
3410 3430
3420 3441
38290 39556
25841 40647
3450 3470
3650 45377
3471 3490
16588 26316
3491 3510
30521 30652
21598 37007
3520 3540
9572 28317
3541 3560
3550 3570
3561 3580
3571 3590
3220 4115
3591 3610
3600 3620
12049 50936
28538 49939
3708 53437
3640 3660
3651 3670
3661 3680
20626 43533
3681 3700
3690 3710
3701 3720
3712 3730
3721 3740
3733 3750
4067 6902
3751 3770
3760 3780
3771 3790
3782 3800
3791 3810
17499 53696
865 43850
3820 3840
12901 27021
3842 3860
6796 13000
3861 3880
3870 3890
21361 49937
39090 51354
3900 3920
15538 17063
4006 52202
3930 3950
3940 3960
19927 25100
15510 38323
3970 3990
3980 4000
3991 4010
4838 22049
6331 47428
4020 4040
13804 27382
5791 48622
4050 4070
17337 31886
4071 4090
15764 38524
13505 34911
16697 32206
4110 4130
4120 4140
1347 28541
4143 4160
4150 4170
4161 4180
12444 29629
4182 4200
6861 18874
4202 4220
18118 24431
4221 4240
4230 4250
23642 45517
13904 17466
4260 4280
1014 38201
4281 4300
19902 47666
4301 4320
14469 16994
5365 11666
4330 4350
6485 48485
10033 49470
3205 48542
14712 44130
4380 4400
34798 46697
33761 48764
4410 4430
19322 47162
4432 4450
6505 43457
4451 4470
4460 4480
4472 4490
4482 4500
4492 4510
4502 4520
39385 53784
4522 4540
9137 16220
3828 39587
4550 4570
2067 38501
18939 51547
4580 4600
12756 13033
4601 4620
38206 48654
4621 4640
4630 4650
12822 39274
4651 4670
43858 44636
4671 4690
31963 36370
8812 10538
33958 49976
18274 38403
4720 4740
4730 4750
4741 4760
7056 22875
4761 4780
4770 4790
1312 6767
48581 53443
4800 4820
16155 26470
4821 4840
10221 30335
3699 24876
4850 4870
4860 4880
4871 4890
4881 4900
24150 36243
4901 4920
4910 4930
35194 48816
4931 4950
4940 4960
33922 38303
4961 4980
3725 31347
21432 41339
4990 5010
10608 25537
5011 5030
4352 25145
5031 5050
5040 5060
1290 5734
5061 5080
5070 5090
5081 5100
28950 35978
5101 5120
5110 5130
5121 5140
5131 5150
5141 5160
5151 5170
5161 5180
1248 13316
10029 52644
5190 5210
5200 5220
5211 5230
5221 5240
8744 45203
5241 5260
5250 5270
5261 5280
34317 52961
5281 5300
5290 5310
4804 50049
41873 42953
20255 46840
5330 5350
24809 35796
23143 27632
30877 44799
5370 5390
22716 23871
17603 34740
35764 40706
32365 45318
5420 5440
15709 18577
5442 5460
2346 14041
5461 5480
5470 5490
5481 5500
5491 5510
5501 5520
20092 21906
5521 5540
6802 19706
36432 46259
645 21008
32712 47758
5570 5590
31525 44241
5591 5610
5600 5620
9192 20287
13923 15124
5630 5650
30517 33412
10871 13582
3014 16960
35420 36788
5680 5700
28552 30731
1781 34712
5710 5730
27011 52281
5731 5750
13650 43949
4424 31985
11363 33841
15420 52137
5780 5800
5790 5810
5802 5820
5812 5830
5822 5840
18484 30587
5841 5860
8063 16058
310 28854
5870 5890
30435 50972
5891 5910
5900 5920
5970 7280
5921 5940
5930 5950
13613 45794
27990 38252
5960 5980
5971 5990
5981 6000
5991 6010
31304 46918
6011 6030
6020 6040
6031 6050
6041 6060
6052 6070
44857 53859
6071 6090
21927 34848
6092 6110
6100 6120
6111 6130
6121 6140
8097 27779
8942 29868
6150 6170
25404 31705
26324 29129
18417 18712
6190 6210
12608 14396
41570 42716
6220 6240
6230 6250
11205 41309
6251 6270
6260 6280
6271 6290
6281 6300
5619 39677
19481 44023
6310 6330
6320 6340
6333 6350
6341 6360
3415 5835
4976 17193
14112 29297
29924 39779
4019 52684
6400 6420
22135 40541
33254 45743
6430 6450
16144 43531
6452 6470
6460 6480
6471 6490
7457 46566
6006 21810
6500 6520
26904 43356
6521 6540
6530 6550
13786 23363
43136 45305
6560 6580
37554 46120
6581 6600
38299 42458
3356 10296
6610 6630
19635 33233
6631 6650
44407 51972
6651 6670
6660 6680
23305 31802
48408 49252
6690 6710
42086 52090
6711 6730
35038 40249
6731 6750
6740 6760
14503 45066
6761 6780
34725 53675
1552 47150
6790 6810
6800 6820
6811 6830
6821 6840
6832 6850
6841 6860
6851 6870
6863 6880
19320 43440
9200 14902
6890 6910
683 14966
15916 44561
6920 6940
39020 43326
16430 48469
6003 15520
623 9971
6970 6990
36789 39410
14996 43374
7000 7020
7010 7030
7021 7040
7031 7050
4802 39529
7051 7070
46948 53415
30419 53612
7080 7100
1863 23767
9369 47949
8253 9917
7120 7140
7130 7150
5579 36860
7151 7170
7160 7180
15589 30675
7181 7200
2066 41608
13090 40858
20568 37291
7220 7240
22250 47319
29089 48790
29760 30503
7260 7281
18070 25170
20524 35214
7290 7310
7300 7320
7312 7330
7323 7340
32253 39173
7341 7360
7350 7370
5522 12069
23396 54174
7380 7400
7390 7410
6393 52482
7411 7430
7420 7440
7431 7450
21042 46125
13929 47427
7460 7480
7470 7490
7482 7500
11846 21279
22539 51274
9949 13426
7520 7540
12090 26073
7541 7560
742 19889
7561 7580
13119 42782
7581 7600
8289 14744
24634 41379
7610 7630
7620 7640
7631 7650
7642 7660
7651 7670
7661 7680
12790 26084
35532 44818
7690 7710
12300 33053
7711 7730
17082 19160
33869 49140
16370 17212
7750 7770
7760 7780
36699 54087
7781 7800
7790 7810
7802 7820
24358 49918
19525 50430
12456 40722
7840 7860
7850 7870
40759 42405
7872 7890
7880 7900
7891 7910
7902 7920
26321 51660
7923 7940
35395 39709
6437 43360
7950 7970
7960 7980
44780 54574
28488 37030
7990 8010
8000 8020
17506 38135
8210 44773
8030 8050
8040 8060
8052 8070
8061 8080
8072 8090
18521 29109
8092 8110
8100 8120
22013 51085
22670 37555
8130 8150
8140 8160
8151 8170
19311 54027
8173 8190
8180 8200
8191 8213
18280 38900
21993 42647
8220 8240
8230 8250
8241 8260
48266 50861
29752 30109
24808 46551
7289 8444
8290 8310
8300 8320
23716 28676
1147 41404
8330 8350
8340 8360
8351 8370
25946 39106
8371 8390
38274 40219
14957 25256
4566 43960
39218 43469
8420 8440
8430 8450
12997 44603
38000 42016
8461 8480
8470 8490
8481 8500
8491 8510
34681 38222
8511 8530
29215 38689
8531 8550
8540 8560
16176 48630
8561 8580
44113 50344
8582 8600
8590 8610
8602 8620
11606 29322
8621 8640
24181 34549
18808 39883
8650 8670
8660 8680
956 21588
8682 8700
8690 8710
24574 38369
8711 8730
8720 8740
18263 23667
14825 45111
8750 8770
8870 37602
8771 8790
10995 15788
8791 8810
8800 8820
8811 8830
9818 16563
8831 8850
17249 43638
18357 35783
8860 8880
8871 8890
8881 8900
24689 32075
12151 38826
41866 53383
29824 32156
39348 48476
10363 18051
8950 8970
8960 8980
8972 8990
8981 9000
25860 48104
9001 9020
15629 18686
36656 42519
9030 9050
8391 25562
22459 23092
9060 9080
9070 9090
17492 39973
34801 38385
9100 9120
3067 11986
18278 33123
9130 9150
9140 9160
15881 49748
9162 9180
16925 42909
33830 46439
6017 11665
9201 9220
4892 37677
9222 9240
9230 9250
9243 9260
9253 9270
16602 20171
5661 49735
12410 41580
11375 32489
2424 5944
9178 10902
2048 17058
9330 9350
9340 9360
18917 35053
9363 9380
851 26441
1415 41777
9390 9410
9400 9420
1177 28649
35822 48819
9430 9450
9440 9460
9451 9470
9462 9480
673 11012
9481 9500
9490 9510
29771 54460
7543 39768
49831 52311
37692 48965
9540 9560
31174 51523
9561 9580
9570 9590
7178 20011
22161 38014
33009 42235
9610 9630
9620 9640
3210 33650
9643 9660
264 4836
9661 9680
9670 9690
7172 20334
17797 42001
25593 39140
9710 9730
9720 9740
40332 45638
9741 9760
9750 9770
10139 51598
9771 9790
42977 50916
9792 9810
9159 23694
16781 19275
45902 54547
28466 50499
9840 9860
9850 9870
9861 9880
9871 9890
9881 9900
2168 27036
33099 38326
19375 46392
42467 51393
18079 51030
9940 9960
5616 42957
9962 9980
9970 9990
33492 38367
9993 10010
10000 10020
27820 31677
10022 10040
12701 14543
3283 54596
10050 10070
5251 24520
10071 10090
10080 10100
7136 39078
14178 27147
10110 10130
10120 10140
10132 10150
3874 34721
5435 33911
24651 47274
10170 10190
10180 10200
5184 46561
10201 10220
3230 33591
17554 44102
35616 47871
50832 53002
10250 10270
10578 44761
18324 30740
31942 52107
14658 52132
13968 17188
10310 10330
10320 10340
20454 51954
17131 24820
10350 10370
22023 36752
10371 10390
19042 30873
10392 10410
10400 10420
8466 48292
3246 44592
10430 10450
10440 10460
10451 10470
4996 21509
10471 10490
15574 26166
22348 52300
1015 19102
10510 10530
15697 47075
15403 36777
3574 44422
10550 10570
10560 10580
10571 10590
10582 10600
10591 10610
16508 52940
3368 34063
10620 10640
10630 10650
10641 10660
25635 51763
23462 45569
10670 10690
10680 10700
1731 52515
10701 10720
10710 10730
29224 38664
10731 10750
39331 47377
10751 10770
10760 10780
10771 10790
3318 34860
33910 42968
10800 10820
10810 10830
10822 10840
10832 10850
10842 10860
3926 31794
3513 23752
10870 10890
10880 10900
10891 10910
46453 53641
40131 45223
1895 43130
10930 10950
10940 10960
10951 10970
10961 10980
27193 46005
1414 14486
50770 52948
11000 11020
19085 20128
9277 19785
11030 11050
35162 51923
10886 48423
11060 11080
3759 14205
11082 11100
5845 50742
11101 11120
11110 11130
4183 53239
2046 36295
19595 43827
8695 24744
21352 33634
11170 11190
1567 47560
5391 51139
11200 11220
10548 24030
29934 44808
20080 20625
11240 11260
10572 16440
11261 11280
11270 11290
12174 42510
17685 47881
19655 29532
11310 11330
11019 32443
26015 43269
4341 52291
939 45562
23040 38798
38745 47962
11380 11400
11390 11410
25757 45202
16955 20263
11420 11440
11430 11450
11441 11460
16526 40255
38319 54124
16057 40066
40385 51566
11490 11510
20324 41188
11511 11530
3125 15747
11532 11550
11540 11560
15399 52341
10232 17558
26635 47872
13014 27320
26244 53820
19863 26247
11610 11630
6056 42564
11632 11650
34232 38202
11651 11670
11660 11680
11671 11690
11681 11700
11691 11710
11701 11720
33269 37141
5472 45475
11730 11750
32769 37195
36056 51672
11760 11780
15784 43300
11781 11800
11790 11810
11801 11820
1615 35651
11822 11840
1308 35595
11841 11860
9704 47510
20070 54288
11870 11890
20042 21472
48318 53183
11900 11920
11910 11930
17320 34603
11931 11950
42290 48597
1313 47825
11960 11980
11970 11990
11981 12000
44131 44582
12001 12020
25419 27762
12021 12040
116 3261
12041 12060
15134 37594
12063 12080
7214 34346
5333 33845
15929 25650
30729 40090
12110 12130
6509 49134
2297 49863
2101 27599
18905 30278
13895 44235
12170 12190
28998 38179
13077 15513
12200 12220
13750 24600
3819 9586
12230 12250
12240 12260
3189 6569
12262 12280
37706 43958
12765 21095
48614 48799
10108 34464
16975 38372
12320 12340
12330 12350
12341 12360
12351 12370
12244 36798
12371 12390
12380 12400
12392 12411
12402 12420
3633 39275
33 15667
5825 48841
22898 47333
28977 45331
12460 12480
12470 12490
1872 5508
35421 48345
12500 12520
12510 12530
19502 21148
12532 12550
12540 12560
25157 44689
12561 12580
12570 12590
756 20692
46554 46642
52 46785
12610 12630
12620 12640
17368 32782
12641 12660
12650 12670
35161 39019
12671 12690
14795 20889
18329 25073
12700 12720
14059 37572
2175 37798
22773 46559
14521 52051
12750 12770
30694 34154
14164 35479
414 27812
5696 54145
25094 54206
12810 12830
36359 40218
10409 10646
12840 12860
12850 12870
32740 50425
12872 12890
12880 12900
14918 53197
29846 35620
12910 12930
12920 12940
12931 12950
12941 12960
12951 12970
12962 12980
3683 26093
27305 41096
12990 13010
23829 39149
13011 13030
21221 51233
13032 13050
13040 13060
733 26634
13061 13080
13070 13091
13081 13100
13092 13110
13103 13120
13111 13130
11608 50584
5165 46632
13140 13160
13150 13170
13161 13180
44756 46517
15763 24547
13190 13210
13200 13220
13212 13230
3614 47763
5818 20243
10873 16876
44426 46410
13260 13280
10068 12257
8057 24537
46726 52166
34644 48633
13310 13330
13320 13340
8307 35164
13341 13360
19023 19864
6185 12605
11904 29658
13380 13400
13390 13410
37165 47418
21836 24560
5541 46830
13430 13450
13440 13460
20939 28248
3808 48119
13470 13490
37037 51189
20697 23338
31860 53166
13510 13530
19425 28937
4629 19416
13540 13560
13550 13570
10952 15033
13571 13590
8768 48766
13591 13610
7268 51246
18340 25062
13620 13640
22160 42216
13641 13660
13651 13670
13661 13680
13673 13690
23161 23856
13267 42866
857 54542
13710 13730
13720 13740
22439 53181
4206 23438
13753 13770
35174 47039
15391 20016
13780 13800
13790 13810
13801 13820
13812 13830
25029 29235
13832 13850
28940 52994
24037 52846
7245 33971
20244 28419
11292 28978
13890 13910
4142 28556
6073 27392
13920 13940
6667 33447
13941 13960
7124 36577
14412 43728
13970 13990
13980 14000
13991 14010
14003 14020
14011 14030
14022 14040
14031 14050
14044 14060
14051 14070
21892 22434
14071 14090
2283 5855
14091 14110
28495 48211
29627 38307
14120 14140
13913 32461
6943 49881
14150 14170
14160 14180
9531 28971
14181 14200
35549 35824
14201 14220
14210 14230
28136 45659
26885 31559
14240 14260
15522 21397
15581 26930
14270 14290
14280 14300
14291 14310
4271 31404
14311 14330
14320 14340
16120 26023
38512 52110
14350 14370
14360 14380
11580 16946
2115 18727
2306 37522
28309 38267
38320 44616
5009 25986
37539 48147
5603 51077
14450 14470
14460 14480
14471 14490
14482 14500
14408 27557
14501 14520
14510 14530
19894 25408
14533 14550
3691 20831
30093 46170
36273 51735
837 36606
14580 14600
14590 14610
28457 54167
4863 21141
4925 27510
23308 39632
33433 42652
14650 14670
8158 43666
15715 33154
29581 42929
1378 2876
15323 44247
2356 52239
39573 41718
15527 18497
3688 32929
6153 33876
27654 47842
14770 14790
8572 29186
14791 14810
29571 51509
8189 25751
24359 28174
14830 14850
14840 14860
3139 9708
14861 14880
14870 14890
8671 49917
14891 14910
4545 45611
13263 44243
39086 53449
14930 14950
14940 14960
14951 14970
14961 14980
18271 48794
16043 36072
10938 33927
15000 15020
3716 31994
15021 15040
18710 44821
24963 54088
15050 15070
15060 15080
15072 15090
15084 15100
42459 48522
15101 15120
15110 15130
15121 15140
32995 40506
26140 46383
15150 15170
15160 15180
15171 15190
9533 36504
15191 15210
15200 15220
26507 36289
15221 15240
15230 15250
11556 44550
15251 15270
15260 15280
19612 49167
15281 15300
15290 15310
32862 34865
7166 15182
15320 15340
9448 13892
15341 15360
15350 15370
15361 15380
15371 15390
41319 52680
15392 15410
3299 17677
22899 48320
32006 36749
2703 32433
15440 15460
29719 36936
15461 15480
30928 38851
15483 15500
15490 15512
15501 15521
15511 15530
35672 44932
15531 15550
14818 29205
15551 15570
28239 50921
15572 15590
15872 33402
17438 49899
8369 43817
15610 15630
15620 15640
11621 14978
26005 47654
15650 15670
15660 15680
15767 45573
15681 15700
24617 49494
14323 36255
15710 15730
15720 15740
15731 15750
19955 53209
15751 15770
15760 15780
15771 15790
15781 15800
15791 15810
15801 15820
12003 49665
15822 15840
15830 15850
4812 13507
15851 15870
15860 15880
15871 15890
18385 38862
15891 15910
15900 15920
36883 40609
15724 20194
15930 15950
15940 15960
15853 42833
15963 15980
26433 33762
19948 41784
46492 50803
8714 29187
16010 16030
16021 16040
16032 16050
8487 38009
33760 45772
26827 51481
15748 51216
16080 16100
16090 16110
12628 26633
4245 29919
14400 36089
36382 45561
16140 16160
16150 16170
16161 16180
16171 16190
16181 16200
4822 39736
676 17517
16210 16230
24512 25905
5459 33279
1642 23246
27501 54457
16260 16280
16270 16290
16282 16300
16292 16310
43570 47660
13588 35926
16320 16340
28456 42300
16341 16360
19544 20385
16361 16380
16372 16390
42723 48682
262 2931
23304 41349
16410 16431
16420 16442
16432 16450
16441 16460
26027 45929
16461 16480
16470 16490
16482 16500
18478 31308
16502 16520
16510 16530
26151 51704
16531 16550
6733 33309
16551 16570
16560 16580
6282 37105
3766 23111
40840 46925
45056 47474
25321 36150
16620 16640
16630 16650
16641 16660
4151 29928
25611 51679
16764 28400
34700 53325
16690 16710
35680 41649
21923 25386
9733 29426
19893 42996
22752 38370
16750 16770
1425 7185
45029 52657
47060 50705
20182 23686
5607 32138
6399 51614
28791 35720
16830 16850
16840 16860
16852 16870
7783 34960
5411 8211
7744 13235
25904 54362
16900 16920
16910 16930
16922 16940
16931 16950
16941 16961
16951 16970
37032 50148
24262 34756
27428 51519
32512 43418
43106 47751
35135 42229
17020 17040
1155 1717
17041 17060
17050 17070
18433 33471
17073 17090
25829 35098
17091 17110
17100 17120
17111 17130
17123 17140
17132 17150
3013 45471
3897 36023
17160 17180
17170 17190
17182 17200
4687 47732
17201 17220
17210 17230
10188 38677
29195 51186
33318 38456
17250 17271
17260 17280
17272 17290
108 53717
30716 36275
39264 53950
2033 17297
17321 17340
17330 17350
14420 47752
17351 17370
17360 17380
17372 17390
48319 52359
41370 43333
17400 17420
17410 17430
22556 51429
17431 17450
16156 23491
17451 17470
2456 40036
17472 17490
3955 42248
9948 11546
17500 17520
17510 17530
7996 12803
17531 17550
40472 43434
16802 24343
17560 17580
17570 17590
17581 17600
17591 17610
17601 17620
7972 41398
12702 29260
17631 17650
17640 17662
17651 17670
13268 26329
30473 45063
23222 37980
39568 43318
1942 17887
17710 17730
17720 17740
17733 17750
4739 30538
27043 49633
3555 45617
17770 17790
19743 51038
13789 14771
17800 17820
22 32270
9142 49261
8392 49073
34874 41464
39488 41130
17860 17880
24438 41891
6265 10441
17890 17910
29733 48552
17912 17930
5339 34027
17932 17950
17940 17960
17951 17970
17962 17980
17971 17990
17981 18000
17991 18010
18003 18020
18011 18030
18024 18040
4963 40017
18041 18060
18050 18071
18062 18080
18072 18090
20596 33711
18091 18110
30346 40116
22650 29692
18120 18140
11022 52066
18141 18160
18150 18170
18162 18180
20335 21835
18181 18200
15438 48257
18201 18220
5026 36907
27861 50998
38340 44749
18240 18260
18250 18270
18261 18281
18272 18290
39943 51421
18291 18310
784 10638
18311 18330
37561 46713
6595 17452
44600 51257
18350 18370
9194 23897
18372 18390
647 2708
7625 35323
18400 18420
18410 18430
25258 38337
18431 18450
18440 18460
18451 18470
18461 18480
18471 18490
18481 18500
44413 54495
18502 18520
18510 18530
18522 18540
18532 18550
11817 30051
1568 47719
25494 42620
18570 18590
18580 18600
18593 18610
29483 39141
18611 18630
13437 25119
18632 18650
18640 18660
18651 18670
18662 18680
52729 52944
39491 39986
1945 47866
18700 18721
4902 44069
18723 18740
18730 18750
4290 42304
18751 18770
18760 18780
18966 40095
13122 15229
4798 28501
18800 18820
31420 36800
18821 18840
18830 18850
18841 18860
18851 18871
18861 18880
18872 18890
18881 18900
18103 45991
18901 18920
1736 17822
30456 36590
29660 48175
5098 54170
9796 40674
18960 18980
18970 18990
46042 54415
18991 19010
32536 41658
19011 19030
5166 38023
19031 19050
15666 41609
19051 19070
19060 19080
12269 29231
242 3952
3421 15135
11386 15008
14298 26812
10719 33530
19130 19150
19140 19161
19151 19170
19163 19180
19171 19190
19182 19200
19191 19210
23518 28508
27523 50376
19220 19240
24811 31460
45117 47203
11431 22356
8485 32072
33062 51032
19280 19300
47218 47877
7984 43740
6992 29391
39707 53551
19330 19350
8298 46095
2902 33012
19360 19380
20429 23399
19382 19400
37700 44233
19401 19420
1322 33298
6065 49731
19430 19450
19440 19460
3351 33984
19461 19480
19470 19490
46254 46822
19491 19510
19500 19520
41838 48862
15291 51861
29960 36568
19540 19560
19550 19570
19562 19580
19572 19590
13198 14894
19591 19610
19600 19620
3393 36049
42262 44428
8534 22865
19640 19660
29488 41662
19663 19680
19670 19690
19682 19700
23249 25676
587 5354
19710 19730
26679 42575
12567 42256
11878 51277
11126 52068
2945 33618
6853 21572
22606 44802
12427 22708
19800 19820
2011 3606
19821 19840
10160 50435
6348 34886
13225 29625
15827 27309
19870 19890
19880 19900
21337 52122
19901 19920
19910 19930
14247 35528
19931 19950
19940 19960
19951 19970
19962 19980
10657 22410
19981 20000
19990 20010
13378 34176
20013 20030
20020 20040
20031 20050
20041 20060
19996 49945
1002 40145
14581 47037
19622 48783
12008 42646
20100 20120
20110 20130
8147 47804
20132 20150
20140 20160
20151 20170
20161 20180
25495 53076
20181 20200
13539 27291
308 44027
20210 20230
7553 24183
20231 20250
20240 20260
11267 51586
20261 20280
10060 36825
15228 54347
3532 48249
20300 20320
20310 20330
20321 20340
20332 20350
20341 20360
20352 20370
20361 20380
20371 20390
20381 20400
26064 49390
20401 20420
20410 20430
20421 20440
1185 28881
10027 46938
20450 20470
15318 35106
31318 48858
20480 20500
20490 20510
10522 17275
20511 20530
30687 38081
20531 20550
3065 52318
20551 20570
18448 29439
20571 20590
20580 20600
10352 36569
23102 38869
20610 20630
40400 52232
9342 12914
9170 47448
20650 20670
20660 20680
17723 26271
11856 30574
20690 20710
35501 40573
20711 20730
20720 20740
20731 20750
20741 20760
4979 32395
20762 20780
805 1168
10045 20301
26072 40235
398 7196
20810 20830
14526 25870
20835 20850
20840 20860
23653 33614
8199 45476
20870 20890
11889 36667
1732 50466
43439 49398
20910 20930
20920 20940
20931 20950
40020 44979
879 44941
14052 17727
131 19095
20980 21000
31428 42168
21001 21020
21010 21030
21022 21040
21031 21050
21043 21060
21052 21070
25453 42167
21071 21090
21080 21100
15792 21948
21101 21120
1392 7699
33203 51333
29880 51508
21140 21160
11294 37771
23046 44844
21170 21190
21180 21200
21191 21210
25917 52840
4814 49904
24898 34112
21230 21250
21240 21260
21251 21270
26264 34919
21271 21290
21280 21300
21291 21310
26533 52758
96 11417
21320 21340
10391 51670
23613 51193
24413 42914
21383 23849
40160 42323
21380 21400
21390 21410
4754 7926
882 50673
21420 21440
21430 21450
21441 21460
37170 39371
2659 7539
21470 21490
9357 14287
44444 46236
11308 32446
21510 21530
21520 21540
21531 21550
21541 21560
21552 21570
21561 21580
29566 51396
27323 32426
5687 41343
21600 21620
21610 21630
21621 21640
21631 21650
1309 6131
44093 45015
668 14823
21670 21690
21680 21700
33069 36398
2989 4685
28505 37958
49243 50542
21730 21750
40962 51817
21751 21770
21760 21780
21771 21790
21781 21800
10127 12289
21801 21820
14555 46094
15518 21401
10672 11093
3124 26246
29036 33545
21860 21880
24250 30194
24319 36068
8927 24872
21900 21920
46022 53678
21921 21940
21930 21950
21943 21960
5966 23844
14931 30507
21970 21990
25541 40915
27271 43881
22000 22020
9266 16108
22021 22040
22030 22050
1154 24017
29748 34235
22060 22080
27570 32758
35890 37042
22090 22110
21545 31619
49502 50976
1991 46615
22130 22150
14935 29267
22152 22170
7373 29097
1603 23511
22180 22200
22190 22210
22201 22220
22211 22230
42301 52116
22231 22252
16148 32878
22251 22270
1862 49291
22271 22290
22280 22300
5447 23672
11528 29130
22310 22330
39643 48250
8403 47888
22340 22360
22350 22370
22361 22380
22371 22390
24220 52108
22391 22412
22400 22420
22414 22430
22421 22440
22431 22452
22442 22460
22453 22470
32044 32821
23239 35739
22480 22500
34413 38119
22501 22520
22510 22530
22521 22540
15773 51865
22542 22560
8126 13297
20619 27451
545 30099
6539 30090
14273 35148
207 32850
4528 27328
22620 22640
22630 22651
22641 22660
16672 51059
22662 22680
22671 22690
22681 22700
28734 52020
22701 22720
32242 37297
33788 54327
39153 50985
12409 26911
22750 22770
12838 31813
29499 50328
22780 22800
22790 22810
22801 22820
10368 54119
15347 49978
34128 37838
27876 29893
22850 22870
18772 26569
17114 30859
836 9707
26556 35678
2446 8817
22910 22930
6887 17543
22934 22950
22940 22960
22951 22970
22961 22980
22971 22990
22981 23000
12337 25236
23001 23020
8877 24211
23021 23042
23030 23050
11945 24869
25514 46185
23060 23080
40251 49405
23081 23100
4095 44119
29899 54348
23110 23130
23120 23140
23131 23150
6657 48646
6492 39519
23160 23180
23170 23190
6713 33685
23192 23210
23200 23220
10217 10223
29230 53105
7024 32294
32578 47024
23250 23270
23260 23280
23271 23290
7222 45178
8013 46868
30331 52154
11705 12254
11350 51918
21015 40874
23340 23360
23350 23370
7830 21317
40955 51658
37882 38554
9619 25981
7414 35317
23410 23430
23420 23440
23431 23450
23441 23460
23451 23470
23461 23480
23471 23490
23481 23500
9358 53691
34183 46374
23510 23530
18154 19678
23531 23550
23540 23560
49214 51824
23562 23580
29384 54403
23581 23600
23590 23610
5125 39777
32564 46428
23620 23640
23630 23650
23643 23660
3387 31550
23662 23680
23670 23690
17197 49693
25377 33620
23700 23720
23710 23730
12198 44727
7518 15009
23740 23760
13672 36260
11668 53899
48814 51430
23780 23800
28733 50215
23801 23820
23810 23830
23821 23840
39542 46997
2183 31741
23850 23870
23860 23880
3597 9225
23881 23900
23890 23910
2271 50236
23912 23930
23920 23940
30441 48166
5913 43882
12233 39139
23960 23980
23970 23990
7845 34233
34894 37345
24000 24020
24010 24032
18286 50711
24031 24050
24040 24060
12478 12882
24064 24080
24070 24090
24081 24100
5893 53639
6904 33904
7153 30994
36027 36522
24130 24152
24140 24160
2658 23633
24161 24180
3287 17947
24182 24200
24190 24210
24201 24221
24212 24230
20141 42367
24231 24251
44593 48701
24252 24270
24260 24280
1765 15279
24281 24300
24290 24310
24301 24320
24311 24330
24322 24340
39461 52253
7728 9059
45603 50723
24360 24380
24370 24390
24381 24400
14481 42021
15742 23009
20969 26490
24420 24440
6464 27264
24442 24460
8016 49563
7552 25517
24470 24490
20895 51769
26114 26269
11065 40981
28168 32190
37168 41963
24530 24550
3723 22547
24551 24570
3284 33625
24571 24590
312 33918
24592 24610
24602 24620
24611 24630
46494 52014
24631 24650
24640 24660
37885 46379
30345 42131
24670 24690
8042 37156
20788 29563
31293 39179
25914 36902
45939 50218
24525 37564
8528 22796
43306 46528
24760 24780
2695 22511
24781 24800
24178 50764
16212 37743
24810 24830
24821 24840
50046 52361
24842 24860
17529 29590
24861 24880
5341 35614
24882 24900
22600 23559
25290 51663
24910 24930
10445 19181
21672 49650
24940 24960
24950 24970
24964 24980
24971 24990
24982 25000
15199 29614
25002 25020
1697 3596
25023 25040
25030 25050
25041 25060
45633 52451
265 48150
25070 25090
25080 25101
26409 38954
25103 25120
25110 25130
25121 25140
25132 25150
25141 25160
5576 31513
25161 25180
25171 25190
25181 25200
5344 29557
25202 25220
32083 38194
25221 25240
25230 25250
25242 25260
34370 36527
24224 50311
6188 11300
25280 25300
27200 27642
24649 49720
25310 25330
15004 53773
25331 25350
25340 25360
25351 25370
53096 53481
25373 25390
162 42368
25392 25410
31983 35776
25413 25430
2015 34410
10501 28802
46914 52586
25450 25470
3522 10674
3631 40330
25480 25500
904 49106
9951 10707
25510 25530
13855 50983
25533 25550
25540 25560
12703 13975
10107 28747
6174 28513
25580 25600
25590 25610
25601 25620
25612 25630
25621 25640
27210 32597
25642 25660
25651 25670
25661 25680
18706 45108
4637 48245
1530 5689
25385 34296
25710 25730
25720 25740
25732 25750
25742 25760
27294 38145
15898 36313
25770 25790
14626 53186
37203 40225
4784 53631
25810 25830
25820 25840
25831 25850
25844 25861
25851 25871
16826 21165
12047 12146
52527 53564
3231 49112
28983 40690
25910 25930
25920 25940
8005 48843
47982 49808
25950 25970
4513 8526
25971 25990
35343 41120
25991 26010
11166 34974
