138
5
226
181
77
1
185
275
2
288
132
253
129
160
133
10
89
124
187
92
45
169
101
248
25
146
244
98
8
29
30
52
15
240
219
7
271
42
261
246
239
160
78
227
245
244
229
76
136
259
220
3
35
179
214
106
258
160
224
153
260
38
216
75
236
263
171
33
20
85
232
191
25
127
78
19
23
241
209
146
295
112
11
181
83
233
209
234
162
72
104
199
172
35
79
216
287
291
126
240
106
31
194
81
172
21
209
192
170
203
189
174
58
170
244
159
86
53
2
34
76
141
61
3
210
196
43
196
236
162
5
194
296
253
93
20
70
251
262
112
295
21
150
167
128
192
212
142
219
29
266
155
151
137
27
296
18
