132
196
59
278
251
70
170
131
51
116
134
12
66
243
51
47
202
275
59
240
154
36
233
53
196
3
123
179
182
74
67
170
264
229
195
78
120
253
134
166
2
54
226
233
21
191
40
163
242
142
35
188
5
89
286
132
126
172
18
50
32
191
269
240
280
211
87
200
14
174
81
170
273
78
75
71
287
198
9
256
40
55
258
67
241
264
25
224
161
284
36
138
23
46
140
66
235
239
207
192
245
140
11
119
60
91
279
167
5
19
257
54
218
87
14
232
234
181
186
7
151
160
146
13
225
210
170
96
173
261
54
219
128
161
124
287
92
276
121
67
144
