533
125
334
497
470
605
303
190
115
206
1416
1174
1088
920
1064
975
326
1192
82
552
1405
246
958
940
659
1393
1362
237
301
19
441
501
913
1196
1377
704
848
985
170
1135
773
929
953
97
1079
743
1034
657
571
1333
194
47
858
66
1349
737
899
165
828
704
9
832
1401
795
1020
399
1382
339
39
841
1151
544
986
1287
616
394
477
1117
1301
429
658
4
812
74
953
387
430
1227
4
72
462
808
1396
1024
1207
504
1397
265
156
1277
268
779
652
289
57
63
922
962
717
498
137
576
572
967
1411
343
914
878
125
225
931
1357
634
767
1363
1185
1357
349
1368
810
502
713
1420
333
130
217
1255
1376
773
1095
1057
1070
925
1296
1322
23
1125
824
696
511
356
835
1228
788
192
150
1154
868
13
655
691
62
733
698
1095
91
8
1233
1413
59
1081
757
192
978
386
98
64
913
586
1076
963
1067
438
306
1286
44
738
1109
399
924
640
1242
1303
412
772
1309
618
1215
668
1169
844
859
1043
724
1185
880
1172
1244
477
1399
992
886
537
1245
682
205
548
394
43
876
287
1038
121
1167
221
1199
1237
1395
97
1237
1345
138
61
916
941
788
385
626
903
1420
897
87
1079
625
837
217
725
25
2
315
612
1172
408
1088
808
61
695
755
1296
285
77
35
1152
1150
1161
672
1061
37
183
76
1226
409
466
205
1378
191
946
184
689
1225
880
1362
1241
1328
1031
932
461
1359
899
145
1113
490
414
598
1082
431
886
384
884
707
402
1280
922
883
1207
748
563
1079
694
84
1139
418
433
1364
842
1025
923
603
1061
919
828
601
529
1088
951
850
839
513
915
326
707
1211
614
1227
1158
641
877
1021
1131
289
143
1311
951
327
741
736
283
1048
522
117
1107
307
436
848
1020
252
999
131
340
711
1288
988
349
1379
912
821
780
89
990
671
54
63
1370
188
816
440
955
334
473
1398
1010
628
482
1204
1169
968
777
510
305
1133
1367
1029
264
1317
1219
264
1092
560
805
111
448
112
1089
855
453
1413
787
567
707
394
616
1427
990
358
201
291
1088
714
389
402
95
1094
20
82
909
1191
682
1188
802
976
335
1397
1406
912
163
87
1423
258
735
706
1211
1037
1246
349
375
553
144
1121
387
885
1143
1297
69
526
918
146
93
257
1015
226
736
1216
1070
330
1257
411
1201
18
1362
1048
597
984
600
198
519
107
468
738
1064
1426
471
8
767
192
1034
719
386
151
154
988
345
473
646
1331
1305
1006
821
350
10
512
1386
368
829
1202
1007
321
75
103
485
103
963
618
916
510
524
432
973
326
865
592
1389
153
1127
459
481
200
1098
568
877
713
1120
1190
1066
1410
1297
112
13
137
468
939
177
1214
712
1187
589
1130
869
826
680
332
1065
1159
1368
770
169
529
292
670
363
855
553
542
1412
114
307
186
880
832
498
1228
41
456
635
1119
490
865
141
152
1383
469
399
124
108
823
571
1201
620
1043
571
5
15
1226
851
1174
285
1079
971
55
806
12
81
593
125
617
405
114
724
1168
630
264
353
1257
962
660
946
1025
628
1060
1265
99
1373
1023
518
1232
958
107
1416
1089
1128
477
1155
282
415
654
606
1285
501
81
269
1049
1023
145
932
1033
684
513
591
98
766
737
1056
31
580
817
525
28
1051
97
795
757
703
961
894
567
1241
330
390
527
76
1111
1226
428
1233
843
867
1190
1299
124
326
153
1348
1415
566
465
934
142
384
562
1381
1402
207
416
81
136
154
490
1239
190
695
849
749
