6702
3620
530
4177
2358
1801
3779
6710
4183
4599
6457
389
3200
4827
7111
5823
7618
459
1947
4494
3025
4772
2370
7485
4556
3803
3633
106
6922
7618
264
2413
5898
5761
4989
4821
7816
2396
5101
4486
7567
6129
2660
505
7496
1630
4396
2590
2649
2435
5237
1696
4576
50
7647
5484
3477
6456
3120
2953
3680
4157
3796
2773
2702
5542
468
4355
3657
3895
5160
7647
7335
7374
665
3329
6540
1569
1317
1430
7161
4220
2582
7502
1715
2034
7744
5852
6562
7007
1842
414
6942
4431
4654
5733
2486
595
2144
5126
7706
1303
2709
6927
3281
2793
5064
1165
2267
3991
6590
7341
490
6176
3749
3962
1096
3985
7387
6534
199
3063
1419
4992
62
854
1079
5011
1176
5822
3591
7340
3871
3617
5824
5556
2030
7320
1909
5327
4156
3913
6087
1572
5062
3343
1003
3817
6337
4636
6596
2766
6540
4361
3956
872
6138
3327
1419
6946
1541
5401
5833
2910
1030
1894
7577
6858
2248
846
933
2178
7009
582
5536
6977
3655
5287
1475
6701
7010
6871
1621
4769
4121
1286
1704
5689
1268
3715
3414
5697
5865
1293
1285
6641
4361
423
3570
2655
2888
3483
5626
549
5893
1274
2733
6283
1753
1793
2881
2770
4221
1857
3925
1468
5525
3705
6610
5300
4771
970
2502
144
2473
6292
2392
5764
5165
2118
5624
2046
7786
1814
4227
4622
707
621
5551
1812
425
898
1187
3373
4675
1963
6504
4510
2948
463
4749
3377
3749
700
7473
6774
1384
344
2667
7489
114
6816
6253
1991
6503
5520
112
6300
4643
6328
2963
2627
1290
1122
3335
6173
3719
1690
150
360
4108
4019
6972
1638
2908
362
4376
4513
520
7002
6802
3959
1187
5745
4568
6905
4429
6548
2377
6044
1531
5934
1718
6035
3253
1033
6784
1968
4756
3064
2813
6788
4381
1596
2700
2190
5821
3462
5348
2131
1698
2387
372
1782
7757
3634
4163
5388
3874
7751
1817
640
7228
4998
3824
1796
6001
7563
6637
1946
2996
7099
109
6016
7587
6672
385
7281
3023
7777
3523
4234
2346
1888
1233
5368
6267
986
5511
7467
3170
3883
6774
3200
5024
3798
1008
1862
7482
4405
2044
5696
4277
5760
6936
1510
5936
7610
7618
4451
1688
5755
7678
6428
7359
4631
4021
2003
5469
2915
7646
5200
1538
5521
4669
811
3389
1295
5567
2984
938
2011
375
2603
3590
5228
6031
2144
1715
4033
2940
5974
4041
2907
4300
3005
5130
740
6132
5316
5557
2459
1135
363
4760
5516
1611
1685
7219
4071
7616
268
2212
3872
457
6845
1163
4356
1795
2923
2472
3641
2292
1459
1236
6026
7665
2518
2743
4841
1103
6481
5899
3157
2832
3365
5207
263
6800
3927
6175
3253
7342
7465
4520
5859
7598
1787
5791
632
401
4917
1772
7019
7112
3018
206
43
3829
4739
957
5779
4940
5296
3547
2125
5711
2754
839
4987
959
7096
1724
6694
7754
2737
3206
2577
6556
3984
5914
4518
848
430
304
3968
4847
5958
5146
4794
7533
6031
1224
654
2699
4290
3911
7011
3660
9
773
3017
2947
1527
5356
4831
548
7095
1363
6702
3747
2829
152
5741
2873
4923
6086
258
7662
1006
3136
693
1805
319
5904
6321
4232
26
2335
2609
4263
5822
1731
3439
4989
6932
3137
2041
4268
5778
3496
1661
2770
7073
5219
7820
6669
2377
5088
4297
2053
745
5677
533
4578
5866
4861
6288
309
3208
3586
1239
5099
3554
1033
4127
7578
5164
2811
1383
7308
7632
3860
4578
126
2438
7537
6124
2264
2482
1689
749
3222
3174
3528
6724
2776
1835
4932
3475
5258
6065
5141
1246
547
1244
7118
4611
714
2436
6194
964
6420
7750
5859
7223
6279
7341
1525
7447
4512
4142
183
2737
3470
1445
357
5778
6012
3166
5066
5798
5793
6405
615
3468
1276
4827
2454
233
4492
5308
774
1367
7527
3202
2973
2252
6786
5835
707
2531
3159
7086
7700
483
502
4935
5891
6809
130
368
4383
7575
3569
4218
6620
6433
6168
136
2033
1462
4955
928
2898
3180
6614
1371
6805
3699
6866
2511
6756
1125
4218
3305
1079
6488
1762
2518
5149
6732
2705
1930
1356
6345
5660
692
926
3501
5441
6017
899
4037
7647
6494
4780
5065
6098
3951
5163
5115
7794
6720
3350
6635
1421
7187
775
60
2320
7209
3078
1925
2821
5488
4274
2757
3737
2269
6747
5413
4931
1195
7261
4381
2867
6058
3308
4035
7166
2097
3746
567
5504
7171
7819
7035
2429
4080
2330
1633
2779
4094
6045
5811
7342
7773
4028
4186
593
4099
3137
5535
3496
1568
2250
7501
403
3272
4786
1274
3700
3349
3201
3081
6255
6753
7087
4747
1069
7402
3228
6694
5508
5973
951
1965
2367
4330
7226
5575
6828
6709
475
4103
3806
2172
5659
4080
7683
1310
748
2230
1435
957
7679
4649
4164
4878
7241
4489
4750
1124
7444
5357
6233
7353
2717
1088
2551
235
4622
7526
4843
5448
6871
543
804
6479
3450
6702
5356
4847
2646
7582
6610
2454
6740
218
85
6490
1217
4492
731
3132
6298
2562
6618
4141
7263
3275
6681
5573
4721
2146
4489
2390
4990
3648
742
2025
164
3396
4969
76
3520
7184
1630
5102
637
905
668
5871
3071
6994
7506
2207
6534
7040
5516
3152
1748
3951
1052
1876
1316
5704
3438
7475
530
11
1166
4743
1025
4807
3539
4456
1663
3412
6096
99
6670
2821
7494
224
4538
950
1106
6561
538
5814
3979
6912
3434
3621
868
7463
1081
3529
4595
2453
877
3056
308
6441
2279
6793
2238
3869
3148
7372
487
2409
4991
6478
6053
6771
3297
7397
6632
2411
4210
2631
2834
4946
3515
2179
1228
129
2414
4143
2234
5344
3506
4260
1533
5462
2637
2065
6771
3509
5522
478
4026
2428
6634
7726
1808
1986
6595
3187
1805
2503
2161
7738
6858
4709
313
4473
173
5364
246
6868
2118
7800
2142
5331
5181
5201
7268
1339
3747
1664
3451
2049
7582
5704
2323
4677
7098
7541
2521
2663
4731
3088
4436
1971
2379
2274
4515
4824
4784
6500
1657
7186
2424
7618
5942
7627
4609
1891
1637
3069
6640
6125
6740
1428
4769
2463
4783
2801
6062
2098
1563
3911
808
5120
5466
3979
1974
1838
3506
5297
3901
2656
6369
6321
4109
4628
6338
7818
7524
5233
4381
1471
7641
7107
2719
5499
7483
3053
1170
3207
2821
5073
5351
1341
6317
6444
4282
558
702
2495
7561
3401
6114
6126
3966
7297
545
7582
593
807
6515
194
3867
6376
6701
4590
2716
2188
1612
7445
1385
800
2719
6012
4878
4624
341
7043
1066
6115
5314
3084
2439
503
1275
7825
827
5435
1713
1891
1287
1962
5826
1822
1472
5930
3996
5608
3464
7215
6164
1616
884
307
2259
2726
4176
6614
2852
960
5977
5156
2607
7749
1037
7537
17
951
5316
5629
6245
278
2192
1931
261
4898
1326
779
4478
4220
1742
4439
1355
7408
7367
4880
7801
3582
1103
7006
723
2728
370
4435
3911
783
2732
4070
3027
2761
993
1360
3195
2129
2920
1303
3544
6397
5638
3671
6538
2667
2461
1644
6920
4559
3960
1578
763
1292
1754
2996
5688
4734
4762
5053
1906
3399
1441
4738
6066
1576
1366
368
5444
4557
3515
6947
3544
2176
7143
7396
7217
3194
5664
4900
5582
1269
2898
5045
7604
3593
1623
5822
5838
7371
5987
6131
6896
7098
2546
421
4413
6051
1698
3207
6504
4666
5940
6490
5321
6945
3853
3001
210
4978
7264
6602
566
393
6337
1120
6170
6202
7646
441
2830
4979
6581
2288
2701
1912
1432
6671
7209
2119
4403
3754
2602
5997
3137
2722
6047
5047
749
2286
7060
1093
1336
3273
2719
5961
3673
2557
7615
461
4146
2347
5062
2764
2459
1825
3700
4815
1484
4529
3163
5927
2138
7718
4933
5428
6525
1012
314
1985
5782
5166
704
30
658
479
2280
4711
7002
2985
6471
4494
2733
6070
1960
5084
5160
6602
2996
2895
61
7275
6173
7029
3914
7014
1421
3070
6944
1441
4277
3961
1760
6115
3894
2107
3399
7164
3681
1919
6662
1476
2746
4306
5848
5423
7729
7497
617
7435
802
7464
2631
6459
6446
4327
1773
471
4837
6773
6124
890
3676
7744
2354
5209
4623
3628
6580
6984
3457
482
3645
4545
7591
7022
2979
4149
7220
1688
3780
6741
5147
7529
7024
7246
5463
3491
2343
5128
5572
2121
6501
6645
7212
6911
76
1289
1862
5808
5815
1775
4502
1027
6238
6474
3298
4582
108
1035
6732
1429
7481
734
5512
4791
116
1074
3803
5822
6973
5890
2485
658
6965
6355
5022
457
2146
7688
2095
2222
3128
5831
7385
2444
1614
4436
3613
7152
2362
989
5257
7554
896
3092
934
5781
3951
7727
3486
1940
4592
1612
5819
6154
7290
7101
4936
7437
5123
6851
5727
5819
4513
3089
6363
7475
2366
1251
7523
5625
6526
5151
5749
6091
1111
3268
1945
5819
6615
1100
725
6118
4611
4429
5145
3570
3511
3998
7544
3228
3674
5493
6361
6393
3256
6561
2925
2561
2248
27
2526
4399
3922
6115
2451
5891
427
2626
3265
1685
3512
3456
3956
4384
115
5395
1013
1095
909
1600
4560
4896
1458
2954
2046
989
4951
4118
2646
5249
3708
6583
759
189
6534
2508
6517
4496
5004
3163
5822
7255
5685
6391
4727
5909
1528
1827
3975
2029
4385
484
3279
426
3202
6875
3325
249
4443
5885
2002
7763
7434
4801
4743
7743
2472
4781
7530
3953
1762
7111
5311
1258
2845
578
7717
3935
1833
1037
719
5278
2095
4486
651
2315
2992
5739
1527
791
2917
1054
5448
7219
6438
5249
1832
3752
6613
6936
5177
5413
3524
6818
715
3376
2267
3298
7080
2862
3740
7089
2714
2394
5089
2142
549
4127
2872
5726
4275
5689
1641
7380
5629
2024
6250
1541
7497
3670
3010
7601
4891
5112
4352
6680
6554
6371
4731
5560
5933
2969
3559
7358
3717
5196
6318
2998
3544
4861
2294
1313
6821
3126
5385
7690
246
1309
6785
5598
567
3794
970
6807
2518
5956
2485
985
6303
5689
2079
7491
592
2549
455
7056
5555
6242
101
7319
3991
1756
6696
3595
5786
71
6842
5545
2055
6082
1979
3220
3311
4728
3697
4722
4992
5819
1378
7548
6411
6724
2050
1457
5329
7785
3084
2240
347
1053
4207
3596
6974
3121
3539
7140
1834
5565
1723
2640
1821
7317
2097
4124
4865
2061
4678
461
4404
2099
5825
6210
4786
3071
6732
3025
6065
4806
2275
3605
2955
4832
6428
3198
3645
3172
4158
5457
7477
2606
3829
6210
4472
6042
524
3237
3041
3392
6868
3000
520
4080
228
2699
1481
3145
397
6754
4126
6937
5546
4556
2837
1218
979
808
5869
1775
1266
2281
6113
2200
578
7258
2315
6988
1694
4378
4137
1191
5996
6006
363
1872
1769
4572
265
3272
7258
6817
5513
364
3509
2642
2529
4471
3035
743
7437
72
1622
5522
6921
767
4669
1700
1512
5939
7197
7422
931
5653
4326
621
3633
3203
5597
6954
5332
7108
1614
4116
3533
2179
6905
6152
4052
1445
3058
7448
2339
7267
2995
6287
4667
5148
6621
6815
5429
4117
5693
5298
3209
6707
98
2645
4323
3854
6253
3403
233
7220
5209
313
1076
339
4941
624
6419
2057
6587
92
3748
7702
6543
6733
4464
5775
1885
4771
4385
2823
2314
3955
3520
4872
7599
1554
1300
5367
6014
314
3177
2208
3792
5382
5649
3832
5591
4956
4667
53
1390
3931
5626
6119
1117
4071
3837
6644
7674
2672
2259
7772
814
3950
2050
6030
4487
5839
6584
3322
5279
7627
5556
4188
2390
2318
1000
1942
7101
1762
2402
5574
1671
836
19
3974
3862
1810
123
2492
2110
3665
3297
5430
912
2327
3337
4973
1288
6902
7662
3065
6798
6946
3915
6
3227
4293
758
492
6752
7345
1822
5640
2041
1231
2777
4122
7785
7198
2313
6639
1840
1519
2225
2877
3827
4456
5918
7581
1720
1091
5645
2859
2316
5989
5435
583
5013
2456
1548
7696
1226
7686
1393
7193
5411
3032
7501
7222
294
549
6755
7385
6969
4951
6098
1656
108
2649
5983
7018
6925
4775
2066
483
2402
6573
5400
2047
4502
2887
2677
1823
249
5826
2260
7752
7155
3202
5331
3556
1686
209
7282
3975
7010
4010
7747
1572
4517
7659
4372
6440
4827
5867
6477
2856
2793
3605
4597
4556
5452
6091
3654
4635
6175
382
2402
1902
6378
6524
2060
7528
1257
6888
711
4614
1766
3982
6740
5566
3956
5096
7455
4351
1546
1043
5198
1634
1968
5427
4538
4062
3900
185
1286
4288
7640
7770
3745
826
3292
5163
5589
2493
639
5304
934
1058
6269
5089
214
1084
2576
3453
6308
4144
986
3092
6999
4416
5188
972
5422
6169
5658
2514
4101
3468
396
6943
7052
6423
2448
1089
3808
5969
5572
2957
5955
4171
6186
1197
4870
874
59
5469
4822
6401
6007
203
5238
3688
7504
7112
6935
3774
5668
5358
3923
1574
2876
6903
37
15
1914
3859
2957
2991
4542
4267
2964
2778
6667
4007
6797
2556
6058
5441
2999
6063
6100
3820
3662
5824
5057
3983
6114
1098
790
5957
791
1715
937
5804
6002
4550
1994
7292
1684
3148
3004
2544
3172
933
5763
6752
4347
1388
6176
3830
522
2760
6700
1595
5636
6383
1755
555
6586
7345
7293
1878
6404
4821
2978
4608
1609
4781
7185
5697
3036
1067
4509
4437
6579
6814
3080
2043
4568
3081
2646
2809
1392
3444
7820
3299
7772
5871
5361
6165
1562
1405
6331
7617
7790
1863
1300
1293
2887
322
677
1523
2168
212
1944
4353
364
2108
2217
2938
1722
447
1877
6980
3257
2181
7469
2268
924
1435
3682
7391
4228
2482
7063
657
642
2825
6398
580
7490
6644
4720
3732
7294
4272
1204
6004
2057
6877
5540
6120
3550
143
162
2183
7712
3764
5634
2827
3093
7204
411
1120
1513
7717
2929
3092
3194
1846
4737
1524
7522
3806
131
6019
4793
4339
7010
4590
814
5333
5255
1293
4451
6670
7222
5404
1790
3785
6120
811
5167
5555
1540
6763
3410
3397
1973
488
3881
3348
6977
1837
2897
4273
662
5874
5581
1755
1881
6458
3504
4438
1538
5800
4878
7661
7033
3813
2450
5871
7363
82
3642
2535
5334
6844
3737
6503
6738
6522
4007
2874
3180
4916
333
7487
6261
789
7445
1673
6568
4261
3121
6453
6348
2993
1498
1226
1473
6748
2307
5598
4556
2866
1579
5072
5145
3345
3724
2539
1414
4158
5160
3805
3045
7589
441
3122
3890
6909
4421
2924
3227
3624
3184
2673
5847
3219
3492
7618
6384
6817
4743
3674
5626
1527
5098
7356
2570
7108
1006
1482
23
6030
7220
3277
112
164
2644
2030
7661
753
962
3433
3432
3408
2435
7352
3811
422
4943
5574
6890
1548
7682
3374
3173
1523
832
6143
7023
4172
6859
4454
5458
2462
5583
1737
3789
7397
2907
6044
227
5819
3548
5892
3319
2951
5521
3162
3534
5660
4634
5191
616
6474
4647
4211
1276
6809
6438
5097
7590
3845
371
1124
5574
3907
5830
6626
4640
5039
5916
4225
6625
963
7014
7670
7440
144
432
4481
2844
7487
4868
1329
7792
3149
811
463
120
4065
7140
7240
4403
5028
7694
3564
4911
5110
6323
4114
6658
800
3528
159
743
7460
2014
1972
1890
5158
3383
6050
7317
5098
1075
5762
3419
2942
3403
676
2177
337
1553
7634
6588
2144
2809
547
4571
7406
3014
5885
3428
7022
6082
495
2838
3996
7111
2093
3147
7626
3850
4086
1592
6324
974
2464
5291
786
6454
2264
7351
1798
3983
3206
4710
7174
1834
4898
6169
3595
3942
2660
5261
386
6119
6356
6124
5681
236
6114
6116
6415
4749
4748
4885
1023
5228
2472
6662
3716
2559
5994
4425
256
7118
7194
7555
3167
5925
2133
1002
2245
573
7739
310
237
5357
4433
5704
669
2002
2840
3532
5198
4708
122
5346
4601
5093
2945
6587
4112
1222
44
2725
220
6545
4944
3937
5210
5138
5861
882
1653
1729
5014
5477
4954
7084
2884
6993
1976
5823
6102
2614
5499
1933
7578
3545
686
3521
3851
6670
1896
2302
3621
2819
1590
6265
2205
4106
4138
288
6693
165
5880
915
3110
2071
844
6080
6856
6809
6506
1963
1533
1410
6124
798
5780
3439
6292
949
7395
3220
1144
2649
2661
3761
5249
686
7202
3943
7159
4933
6512
1354
6112
3481
2063
4542
1365
1336
2903
6651
2459
2386
5919
327
2968
4230
5892
1564
5638
4957
3159
3108
6353
711
2385
2756
7777
7065
959
6079
2552
670
2453
4778
5604
5925
56
2949
1374
1766
4891
4008
1999
67
5509
7559
3719
2484
7216
3035
7799
3772
603
2506
408
6557
6465
6935
6030
4656
3160
2614
3871
3048
6578
1335
707
648
1514
2369
4401
1887
2413
5509
337
1384
5303
536
2651
4975
6295
5665
46
6058
3743
5581
4742
5426
1276
918
6478
7519
7180
6454
3076
5232
2413
1850
5741
3894
7210
5464
2153
2188
2829
6737
5126
7293
7789
5951
7412
5555
4626
6913
2909
494
6902
4032
2491
5912
6238
2896
4816
3965
1050
4271
3286
6904
6238
5398
7252
683
2962
7715
5576
1110
4743
4979
845
6479
5736
4335
5464
3638
7351
318
3330
5686
5409
1121
6260
4061
684
4062
188
4605
5479
776
6975
2136
1814
6295
4751
4599
2587
2313
833
5765
6293
5240
4792
7708
5452
6155
3755
1955
3568
7687
1992
161
3266
7513
1423
1603
1060
2230
4436
2810
5735
2938
6389
7603
5867
1281
4240
475
3616
5629
7463
4890
1430
6396
5367
6983
7616
901
1943
7240
4702
4319
834
4667
1436
3244
6
1571
4781
6308
5852
5040
4065
4954
2917
1709
6099
3235
7667
112
1011
2459
4487
2996
2717
3620
3264
161
1068
6341
1022
4250
4227
6475
1524
4548
7122
238
899
5004
825
5180
2058
1064
5825
2054
3939
7296
5257
5145
6830
6826
5078
4579
2888
643
7156
2031
3129
3024
3812
3669
5045
1698
1375
1125
307
333
6461
1574
5797
6794
2375
7041
6280
2028
103
466
3685
4751
7107
563
1005
4406
7794
2579
644
7770
2182
1124
3295
940
688
6602
7731
2390
6899
7465
5741
6117
472
1448
4609
4935
4938
4438
2194
3546
4263
3165
562
3657
1764
4704
2507
7543
3236
35
6380
7688
2787
2678
1979
7215
4614
5665
7520
2272
4671
3917
6017
7174
2870
293
6873
3939
4800
1111
2622
4542
1060
39
2984
54
3189
7346
6162
5213
5007
7827
1107
1412
4303
121
1710
5520
5128
5858
6244
1097
1403
2161
6989
3626
3323
7554
4497
5755
313
1350
3746
6426
7353
1425
891
1113
3595
7291
4430
191
7569
6482
6060
6317
4136
463
4876
1198
5887
7567
6387
166
2948
2552
1097
4358
5736
2819
1252
7129
1892
6148
6503
7720
224
138
6554
6038
1597
1668
4837
1913
5306
3494
4231
216
6671
6792
2125
2921
2786
2590
6005
6617
1598
3001
1944
7738
3730
5577
5437
565
3563
3921
4638
6611
7256
7432
3958
4681
7389
1782
4803
2495
1344
5350
2890
4113
986
3994
5831
7163
2379
4600
5079
3891
7081
1388
2610
7487
1031
1996
4477
5574
975
1669
5844
3077
6989
4981
835
7568
3177
4340
2920
721
7461
6324
6774
5105
6459
5510
4990
5740
4272
7217
2040
7340
6872
3530
2376
6548
480
2501
5644
7484
4117
402
5014
337
7577
4550
6935
120
5073
4483
28
2297
521
5708
2921
2997
1603
5289
3501
1851
7052
1653
6584
5361
5609
1065
3598
7773
4509
723
7408
939
3744
3494
3742
4344
4972
631
2453
7546
1719
122
5095
1099
1056
459
271
7273
5444
4444
778
2790
4546
3688
962
860
4214
4967
7308
7186
3100
2588
3555
4341
2023
3750
4400
128
4252
5514
1188
717
7404
3742
908
6771
2668
2914
7249
1273
2233
1149
5266
5597
1288
6243
4769
2984
710
2545
6163
6668
7497
3227
2738
276
4817
1387
6434
1435
4928
3491
1395
2601
972
7254
2223
1969
5609
6179
6406
6377
6488
7605
2429
5694
5921
3574
7517
2068
3058
3710
937
6767
206
605
1874
598
7243
3429
434
5956
631
3409
1462
3690
6818
6504
4922
3113
5559
2694
7067
1378
4368
3684
473
2363
217
6467
1510
1407
3183
4094
861
4874
3458
3941
3101
4696
2770
5865
516
3091
10
1702
638
4278
1841
7430
4572
2579
5363
6844
5464
7379
7109
24
581
7385
2050
2604
3697
7181
3019
4152
3110
4563
6324
6073
5691
6745
2876
6024
5779
494
6538
5940
3960
2908
2849
5502
6173
6216
1943
1251
4101
5011
4595
6032
570
4864
1281
7091
5701
1797
3124
2626
4039
4643
3699
2747
3914
3207
2370
3474
1847
4499
889
2604
4755
487
2707
2226
7116
6154
6375
59
4300
3523
2198
5505
2291
5359
688
4929
3867
6612
4861
2887
6252
456
2775
4697
7801
1784
4992
2393
1590
1155
6674
870
3765
7797
4805
6417
6230
7174
2853
1596
7132
5433
4718
630
2592
5606
6978
2829
7512
766
631
6156
5967
7428
6962
4115
7184
3433
2224
3922
4595
6173
4938
3085
2805
3425
6743
85
1469
5115
4397
7388
5462
103
5521
1386
7334
5313
4171
1601
2862
1109
3471
4829
2290
3813
1024
1009
6151
657
2683
2219
6199
6527
7659
3822
931
7442
3218
7499
5319
3689
6692
6895
5280
5133
3562
2556
5994
1538
842
1165
3377
3546
4857
3261
2402
191
2810
7785
5170
7771
1602
6927
7645
5206
4108
467
4297
429
827
1718
4688
5528
2401
6332
3572
4073
5891
4471
238
4990
2056
602
1414
4795
3929
3963
7662
2187
2726
4027
6565
6757
6007
151
1031
3061
5734
3973
401
65
5760
7244
4537
4482
548
4126
6919
3164
5703
6257
5378
4971
4026
156
7806
6597
30
1294
6323
6013
3340
6554
7712
2177
4050
6225
545
6518
430
447
1076
7129
5437
1774
3907
3462
2772
2868
4361
3156
5901
4518
3270
5238
3472
5481
545
7000
4738
7446
6670
1041
215
3480
7337
6551
3506
5139
1128
936
3493
2859
1610
4952
7456
6312
2251
2213
3951
5949
1133
4346
3070
1476
3379
2565
4745
1796
1631
4861
3773
6311
7524
2580
2318
833
2790
713
4193
3551
4663
2513
2304
1779
832
5646
3180
5573
6599
2312
729
6048
7633
7789
898
5641
4937
6271
1639
5725
6277
2676
7420
3226
2340
701
3312
6320
3292
6808
239
6409
7698
1590
5476
1242
5352
1644
5884
2805
7286
5101
4871
4977
4772
3096
3764
2566
6543
6133
6922
4083
4265
5155
1560
3380
1325
5564
5753
2753
2101
1407
4574
790
5539
7368
6201
146
444
5601
6576
7277
1582
4978
6025
3538
2100
1941
7678
4498
5196
7341
2897
4631
4899
3701
7747
5587
6114
2128
7104
7759
2403
1329
620
22
5976
2567
2858
5416
2446
7792
4526
1204
2445
3748
5944
1133
5203
2896
4771
6919
825
1017
1740
2546
4020
3492
391
7173
7732
4848
1117
6768
1687
4318
5918
480
2150
2794
2190
6279
7470
7151
3050
2716
2059
5420
2464
4945
4560
2430
1322
2451
414
1611
2273
4509
5736
5894
7737
1422
5936
866
5957
1943
353
6827
7289
6259
235
6996
7589
7092
4557
2148
3631
6222
5769
5744
127
4947
2940
5700
1406
300
4651
1623
471
6633
6960
6949
4583
4116
4693
7783
5588
7503
7223
5334
4435
4275
6454
1277
331
1471
1783
2035
7102
6734
5957
4645
2304
1985
5842
2716
576
608
6842
4257
5069
2104
6182
7378
4187
2318
7139
6064
1499
6785
7069
6991
6673
508
2643
2473
5993
7785
6127
770
4551
4623
6045
283
5727
5707
4138
2470
4035
4095
2553
2718
3621
6525
6936
1641
5581
796
2514
2540
6700
1207
6986
1311
925
5419
5725
3974
5598
3492
666
5093
5931
4284
2187
3100
3662
5048
1164
1543
1479
4256
7183
5518
6879
2383
373
350
6143
2646
2153
2125
2342
7311
7351
771
4775
5362
2747
2448
5007
4201
5607
2508
462
3071
2975
1322
6708
6369
