7854
6934
4212
1312
4830
882
7291
3252
1286
651
4978
4458
5658
1311
635
2737
2910
1358
356
5303
3304
7188
6154
5801
4126
1908
814
7407
4968
7018
6059
1982
1820
2936
7931
1626
3884
7603
5056
387
7222
3708
574
1890
1422
6798
7840
4096
5668
4360
1275
6000
7891
4388
2138
2400
5618
6802
7962
7297
7175
3711
4229
6122
4048
6689
7216
5337
2312
5953
4355
6571
7157
1408
6062
1964
7367
372
3161
6804
2074
3375
3436
4180
4717
6603
4909
502
2506
4590
4436
649
4065
905
4555
2432
4697
7363
2275
718
3593
5953
4292
757
6582
7046
3535
1474
5235
1084
5651
7215
1437
5208
4419
104
5929
2181
2020
7662
6851
2426
180
915
4581
777
6457
6490
5255
1490
5999
7149
628
722
2505
7093
4456
7649
6476
6240
4517
5302
763
7297
5013
3341
4608
565
6329
4474
2990
6226
6116
3660
1315
6824
2634
6533
7471
3808
2772
2250
1168
531
2950
1799
3781
7781
648
7208
4590
7853
4026
1357
4782
1375
3407
4807
4955
2086
3911
3504
577
5923
4551
5466
7180
5536
7400
7111
5512
4761
3552
3173
3917
7667
6056
5206
4381
1064
2203
3872
7299
1756
3023
4490
7261
6600
4692
4380
3973
73
2426
5215
7411
6066
3074
3374
2358
5333
5488
6992
1685
2723
202
5069
6340
6097
5112
4958
2751
6775
1412
4147
7917
4372
596
7749
7036
1438
2212
713
1850
7164
4379
4046
2024
278
6259
3710
4886
6518
4626
7561
7868
1649
2645
3164
102
1686
2044
2352
1824
1174
4713
7510
1171
2445
6844
6079
808
1945
5002
3462
718
2754
6637
403
5690
7412
5891
7469
1210
7046
6915
1189
5954
7741
7068
4235
4900
2027
5430
6220
420
4819
1876
3591
2962
2938
6519
6220
4291
6881
7299
6541
1695
6837
4732
5931
6834
4052
6090
7726
3295
4938
1252
7135
4237
7344
3622
5927
5237
5639
4573
5132
4749
6557
4224
1600
3985
1795
1827
5401
6398
4064
1465
6795
5256
5311
2658
2039
2449
6155
665
5106
7206
2265
3343
1052
5200
7764
1306
5738
429
3250
6999
3228
4974
3371
3470
7498
5903
5314
1265
6785
1900
2398
5512
3945
3444
1534
6412
5230
2085
1484
4130
1441
4201
3257
5397
1804
3663
1039
367
1176
2421
3525
6957
3781
2387
4057
3752
4257
472
6360
7486
3620
4914
2067
7806
3943
3300
659
6647
7429
171
4728
5000
6130
266
2798
5589
1556
5997
2238
1542
934
5297
3115
3806
5755
3811
7944
2365
7797
1209
4633
1205
7351
6163
6278
2613
5346
2353
4088
7405
3419
5296
6542
2440
7682
143
352
5144
2631
6527
313
5620
2352
2284
7247
2810
662
7290
5572
4572
2217
4928
328
2984
4562
6134
4848
4508
2482
7487
5448
4555
1534
2238
4172
4434
6110
1662
346
834
1560
6007
6094
3455
173
5271
3075
579
278
695
3783
4693
3005
6140
7988
5791
294
5150
1647
2530
456
2802
415
6024
584
82
352
3485
3545
2791
2581
2226
3731
1483
7548
3407
2212
7745
4585
2647
3748
1819
1200
388
4183
2362
6743
6729
4899
7806
7555
7194
6751
5101
9
3136
2868
3437
2980
3329
6688
4961
4439
7113
5799
4954
7498
2989
5732
5057
7570
1201
7115
4445
7935
114
5747
199
4829
6580
3786
691
181
2286
6502
2341
3824
3866
1716
2563
4127
4531
2622
1350
4902
7577
7629
98
5593
6264
797
3176
3487
6028
1216
7170
851
2823
1715
4660
1884
2311
5834
7828
3520
101
3327
4721
3699
4895
4411
3188
1119
6546
6750
258
757
5087
84
4286
6714
2624
3622
335
6382
3576
5334
7128
2956
1899
7631
7310
5716
300
2683
6350
465
6831
5089
3035
2141
48
2390
1580
4393
4945
526
1016
6340
2061
2220
952
3458
888
3464
2933
3414
5719
4143
287
5261
3740
3971
2095
2080
2631
5610
4937
1597
4230
5173
7179
5828
6987
5770
4822
1475
7837
7186
6069
3453
3513
1786
1515
5284
1381
6217
1916
4874
7172
6486
5995
6332
127
73
3841
4232
675
4237
3886
2023
7787
472
5645
6715
3625
7098
1460
2276
3809
5833
6124
1974
5506
2945
6116
7300
1685
4934
4742
348
1591
3732
2175
5797
6930
3705
5803
2135
329
4518
5570
7238
3439
2548
1430
4080
4648
4771
7788
6004
6255
5750
7861
607
5672
7419
61
4906
3142
6289
5147
3792
1517
1902
7251
2234
6417
6815
3308
2511
4657
1266
1207
4244
6071
5310
2486
3266
3798
7339
1731
7064
6431
2287
1809
7376
2822
4996
893
2786
1498
5573
6656
3546
3676
5562
6352
7668
5445
4479
7752
7206
5068
6074
1803
960
6507
534
4350
1831
5594
1519
3788
4821
5328
1869
7178
1499
618
3300
5788
2085
1671
7948
136
445
7099
3273
1446
4796
803
3414
2062
1353
3751
3890
638
6184
2219
4503
59
3215
1893
7844
4151
287
4483
3878
7636
4946
674
6929
6959
749
169
3890
4059
6316
4016
1700
2989
2686
281
6637
1446
7503
956
894
2820
3405
1041
7504
7621
2937
2351
4076
5593
4365
994
1433
500
6756
7699
3394
5735
4193
5050
1491
1255
5990
3840
3503
3581
2703
6776
7852
1517
1414
5141
6968
3414
7089
91
3172
5109
1864
6902
7998
19
2411
455
7578
697
5925
6044
4338
7076
4030
2533
1130
4411
4092
7455
2395
6323
5729
5801
7077
1732
2372
229
7661
5090
1512
1289
2935
5498
2408
1113
1584
7376
5941
4789
6563
4658
6399
5727
705
4437
3397
5807
2148
162
491
428
3868
5922
1201
2864
5492
1157
5814
7075
3451
843
3173
7462
686
7173
4785
7700
656
164
2633
1120
4537
7287
626
336
2379
4901
3939
2663
3631
3265
2611
2891
3127
5084
4046
4597
1926
4687
2835
4924
5898
3823
7588
1018
7227
7490
5508
5482
213
1373
1770
1592
2674
1813
7342
6871
3829
7996
7428
1340
31
5963
5518
438
6728
3622
7377
3955
1857
813
5856
2705
6493
6484
3814
366
4854
5063
7418
7922
795
6841
1537
7505
4825
3693
7209
1471
1494
5974
7699
593
5003
2136
4968
113
5802
7228
2795
182
1010
4949
5770
6782
4742
4427
2807
545
5867
917
1555
6154
1620
6887
7197
3490
5355
5552
2048
6584
2393
3886
966
4947
2250
7082
2132
258
3386
2787
12
201
954
3692
2182
4110
6474
2506
5165
6942
1274
7477
1408
1753
4913
5552
760
1223
4195
2190
2432
7201
6714
3239
5997
1611
5271
7458
6965
3896
485
3056
5844
6515
4520
1269
1490
4456
796
2758
5558
1704
4865
358
842
4391
2364
6907
6658
4929
4172
7402
1449
3926
4094
7058
3771
7761
5309
6066
1981
2360
3598
6441
2142
4142
3058
7866
388
7827
5579
3206
7586
1580
404
3185
3409
4978
1340
5211
7451
5601
6847
4080
3260
3085
2756
3940
3980
3574
3124
3493
7006
748
4027
7388
2897
7034
6059
4237
739
6729
5287
599
7175
1413
3265
4763
2134
1387
5560
5193
2971
5516
654
6041
6997
6733
1167
291
7013
827
7423
340
5056
5858
3028
7926
5130
4876
586
7483
12
6205
6864
4194
5672
3203
2586
6489
1042
5939
1646
672
3446
3464
5312
7382
3285
4388
7635
2178
1478
6093
2693
2435
7196
2495
6963
7831
4734
6519
4328
5404
1322
580
1992
6781
640
2465
476
1240
5651
4677
1454
3811
5507
3783
1346
6109
5329
7153
2452
5806
5793
1663
2411
118
2491
505
6710
5252
1624
1317
6291
1702
2090
4707
1091
2855
4527
1981
2637
7231
5398
2072
3703
1498
6893
4914
98
758
3128
2579
6354
6785
5735
1801
2903
5496
7324
3915
2752
4344
559
7341
1976
2396
7781
1703
5182
1382
4928
952
5580
3335
4910
643
6316
7935
6880
6156
2001
1424
4501
5638
7037
1987
2658
928
2191
4606
3882
5796
3500
2091
1216
1269
4307
7594
2070
3936
2481
3848
1999
4567
6504
6727
7127
224
3835
6878
6965
2536
5504
1717
6877
7983
1056
7122
2787
5027
5627
2062
6414
4734
7564
5780
1257
5907
1996
5798
6010
3894
62
7965
4290
3464
7510
3301
7807
6935
2080
4615
5288
3555
6892
214
2670
6570
5904
5273
4762
4527
2713
3836
1977
7443
4081
1043
3119
4700
4125
1312
2688
6628
1019
207
5209
7997
1723
7438
6181
1127
7102
703
4088
4285
462
4070
348
3762
7334
3492
3413
1117
607
2148
7545
1621
2961
7811
5858
6176
4674
2237
4718
2242
3486
683
5208
1069
1518
1771
3469
5347
3967
6418
2370
1788
5887
65
5576
3985
7863
5275
6175
6597
805
1950
3476
4545
5738
2038
4979
1973
6032
4072
4636
5039
2636
6830
2002
3342
7672
1665
2307
1251
3996
7566
3043
3273
4590
7455
5908
6643
3514
5073
1688
1492
969
1819
1049
7589
5107
3511
2938
4161
3171
313
4267
1984
5765
2408
4177
3141
2435
6299
6987
3715
639
5802
1199
4998
2522
7533
7175
4189
2603
1419
365
7218
2238
1116
5475
3416
4678
5872
4739
936
60
6676
7684
3918
6733
5489
7580
742
7547
1724
3779
3943
7475
3589
6899
380
4634
6842
689
3163
3249
1967
2632
5894
3673
5497
6304
2494
4972
5937
6577
3418
3564
4836
2742
7051
2921
7178
5487
1695
3394
4906
2149
3322
690
6785
7716
5510
5399
5315
2021
3463
1066
5111
7361
1212
970
6620
4018
3320
963
914
5160
996
3240
5721
5489
4640
243
4493
168
3782
74
90
6377
4099
7771
7390
4315
7539
4568
1681
5276
3468
4992
5328
7569
1568
2918
1236
397
2752
2497
1657
2604
700
6715
1731
233
5274
4634
1982
3791
4270
3152
764
1375
3897
1386
2506
4893
209
323
7889
4629
728
2931
4337
1856
2145
3904
4361
475
5136
6092
297
6584
5617
1211
3371
6884
1287
5467
5423
6211
7223
407
2966
1495
4234
2817
4653
1250
4889
2827
6473
6454
4904
506
7676
260
4420
3138
2687
704
7905
5584
4162
6238
6333
5422
1279
745
1125
3483
2953
2793
7066
1649
3811
3460
4099
2588
1992
4192
4324
7425
6698
6825
6867
7492
95
179
3848
7739
6395
2658
6911
4668
7939
3190
7388
2808
7253
4581
7015
1908
5261
1970
3769
6809
5679
4075
4479
1793
7057
6110
5442
5669
3063
3661
3403
502
3387
3048
2401
7637
2527
3403
5089
7935
985
5413
950
2307
5501
4571
6240
3136
7389
3514
6811
3834
6465
7813
2683
6417
5745
4968
657
6008
4410
1103
5975
7560
5106
3760
4637
312
1117
5061
4628
7685
2550
6670
3234
4797
3170
3917
3307
7597
6588
7435
1864
5011
123
5084
7292
5825
3908
875
5543
2557
3744
7050
2365
1930
6053
381
1416
7849
2269
638
1760
5426
1898
2840
2865
4578
4088
4710
4275
4180
973
3694
6551
2906
7469
4142
1185
1101
6027
7856
1232
6956
237
7766
6301
6731
2078
6935
1976
109
11
630
6291
2054
4413
7172
7797
1946
6366
6715
2082
1919
7881
1601
5281
4325
6666
5250
3122
6508
6280
3160
7229
69
4694
1043
3829
404
2056
7952
2147
6702
1374
5345
5313
6084
7434
7186
997
7285
1001
6503
7698
7305
7541
3881
5601
7391
4091
7600
2466
7626
7722
7977
6671
4287
4863
5311
1824
5273
4727
7024
1583
51
1311
2162
4800
254
6889
1047
2950
3498
877
7377
650
4116
6863
3743
1759
3514
2125
4899
5587
340
7250
4565
4129
879
3461
124
6781
3365
7431
1305
6030
7583
5249
4046
127
4006
1343
3855
5088
1264
5183
3509
7646
7571
619
1138
7195
3796
1517
6508
2352
1624
3875
4681
2424
4240
1862
4433
4056
539
1949
474
6583
6922
5270
7929
2923
216
6652
2472
2529
6404
5111
3482
2767
1280
6091
5817
1673
1746
1054
5901
5495
1059
2439
4488
5306
5537
3313
3807
7697
3268
6609
2798
4493
2171
4984
5099
3653
5144
5999
433
5276
5825
2632
4645
6404
2178
3117
649
7431
2269
5619
2481
5981
6278
7017
480
1287
4384
6844
7183
6933
148
6622
2785
7504
681
2050
89
5280
5159
4777
5690
5559
4970
6633
7905
6636
7512
6690
4179
5893
1980
7698
7102
2388
3923
7037
163
6351
7011
4660
5016
1278
212
7531
5332
2820
7740
6257
684
2110
791
6385
320
4499
282
5675
4936
4787
2841
2777
3399
7399
3980
7507
2403
7454
7418
1067
5384
4827
1030
724
7539
3852
7336
4008
674
1607
2994
6727
7467
6720
4108
7382
3079
7712
7184
5976
7774
4419
2889
2088
7840
2312
4548
4700
7707
5148
1556
7892
2292
152
6072
7961
4598
1261
5382
3556
7898
4766
575
3473
2259
3592
3686
2752
4726
614
2465
5820
793
7211
5331
1529
7151
4192
4334
7631
2031
4995
1818
5004
3135
1969
895
5545
5142
7145
5294
477
4399
3898
7443
3087
3339
1053
1742
4439
275
7779
5389
6670
3021
1862
2561
6798
4521
647
1677
1960
5417
3638
5246
6476
6712
547
541
2508
2625
2329
6068
7212
3283
6304
6212
5577
1949
325
2489
5037
6402
4495
5396
1905
604
7937
4060
2654
7825
1777
4676
7991
742
5256
848
5244
941
4536
7487
7090
629
6920
1591
2460
2828
6426
3405
6032
7389
1831
6381
942
1456
2591
1220
5787
122
5399
5862
7960
4703
7936
1642
6328
6639
4841
7451
7626
5753
6026
5
6722
5513
7287
183
4230
2526
4983
7217
6113
5371
1876
421
5765
3756
6397
1651
897
4678
7941
6403
3984
205
311
2610
420
1803
851
3686
2503
7692
4890
6862
6467
3833
6264
3776
1898
7440
5120
2631
2183
5848
1058
275
238
3371
7540
3912
4176
2848
7288
2431
3445
2859
7437
6876
6172
2039
2378
1598
3979
4967
534
791
4669
5228
4920
7792
7743
909
6206
62
5902
4097
382
1758
2766
1478
2488
259
3098
5717
2416
6829
471
1591
4395
482
7043
2156
3150
7131
7629
1982
4699
5182
3007
1137
4312
965
6970
4108
7968
7433
5687
7003
7683
1145
4942
2963
6963
7926
2061
6520
4298
6914
815
2150
5030
5291
2823
3232
2217
4675
5516
3458
5085
1903
6012
1801
1439
6528
7302
6358
4895
6933
2961
4661
3476
1532
6295
7167
6938
3899
7872
969
7671
3592
7016
3531
1300
2357
6010
4919
3234
3217
3827
4719
7650
4665
7349
1248
1239
152
4942
6682
4977
5557
587
4475
4126
1669
4218
1151
3972
7866
409
6667
7923
5064
75
1617
4647
7293
2833
6048
3961
7853
7842
4937
3784
7406
2821
4283
4744
467
1579
4495
7069
3686
1382
3490
7734
4009
7727
6735
3357
7028
5722
4386
4749
144
3522
2829
591
3693
6148
1366
2702
4808
1406
838
3421
3848
6353
7116
234
6829
1804
4128
228
6991
4492
2786
1573
2971
2261
3506
5654
3596
7635
1657
3665
5314
7581
4785
7117
1163
4732
4636
347
5226
3875
4278
7067
7484
1672
7850
4711
5634
4548
1707
7635
7415
1638
1835
5158
4991
1571
922
7311
5101
4796
1798
5105
1755
4591
1365
741
7958
356
6934
125
7600
7945
2371
946
6762
1622
3570
4575
3278
5050
260
3714
5891
7903
57
3940
752
3676
1493
2456
5859
7097
526
7181
2598
5172
6284
2688
1979
993
2043
5231
2883
5604
3285
1719
2136
5032
5393
1371
4749
1901
306
7225
1308
1254
2237
5586
6501
7066
15
4908
5689
6357
5488
7714
379
4866
1484
2174
945
7147
5600
5063
90
819
5204
1164
3199
2800
6733
5236
5185
2513
6972
7118
967
1895
4264
5393
5288
5207
5639
3447
2207
4577
2102
1290
7115
237
2491
5975
6180
5382
273
4252
3034
6811
5490
3382
179
3730
593
6272
6835
1102
853
7256
7258
1584
7976
1132
5461
5381
2571
6780
2916
826
7990
7637
5953
215
1075
2892
6941
821
3717
4724
6612
3868
6333
2124
7758
2365
4655
2026
1437
4699
5291
7432
3565
1341
5291
6828
2501
6785
7582
12
7412
7680
390
5396
3850
5625
4143
6692
1373
3588
7427
4537
2542
6301
27
5608
1231
7170
1188
111
19
5303
6333
6254
471
7715
6857
3257
4076
4880
1831
853
7238
6201
5843
7163
6123
4273
3619
3573
3302
3244
4204
130
5143
7047
5302
1868
3168
2532
5857
4065
1026
4081
6579
5197
2366
1047
6799
5290
1625
5666
5912
70
2547
6491
7747
4403
4327
2535
7103
7838
4510
2697
3300
3714
2973
664
7031
6111
7399
1695
6728
7260
4780
391
4377
3208
3713
2667
5780
938
7856
401
2460
4900
5249
1885
6306
2814
5896
6112
3286
1270
6277
2121
3392
3416
4280
6208
4756
5352
5255
7609
4637
6391
2846
6380
5512
4958
7749
4705
7856
7902
7215
1422
2851
4900
5737
7526
4542
3421
4908
7630
5026
362
6176
2654
303
3942
3895
4593
1813
6555
613
6176
1988
4377
5353
3278
2010
5350
2666
7806
5186
2115
3381
6088
951
6494
7536
840
5099
177
1295
1857
1075
5605
4652
4214
6621
6347
474
917
5695
4450
2456
3466
6702
4099
6381
4691
3623
4200
3178
4818
2316
3462
5401
7588
1108
2560
6765
3680
4455
7704
2475
6839
4423
6982
3652
2536
1013
29
6158
5841
1034
7656
2524
6488
7310
7899
3498
7402
242
1233
5146
3216
1974
6641
3373
1848
6328
6256
428
382
2899
7695
5518
2084
3893
5849
6024
7303
229
2806
5784
5451
724
2998
5054
6322
313
1237
6021
3650
5273
7464
1200
1957
7265
1226
4832
6127
6031
5404
2373
3974
137
7
7930
3876
1692
3663
7815
3829
4610
5535
6520
3784
1415
2510
6949
1137
2610
4769
3140
6496
493
7483
2325
3922
6169
4812
4370
4303
204
1914
6572
5955
6831
1163
4966
3953
4723
6913
126
6995
7707
5695
1110
7371
878
4604
4472
5095
3094
5367
3963
2664
1218
4785
7151
2779
685
1417
3031
2291
4952
1590
3466
5062
5375
4273
6663
4017
1769
7191
6406
6593
1872
935
2755
5810
7001
6345
317
5383
5156
1395
6934
5646
3306
3421
3218
414
7215
1025
1365
292
1821
5435
5583
2608
1637
3285
839
5563
1974
7697
1302
456
415
5469
945
1100
2961
5531
5262
6423
1468
5504
1978
4649
6240
2966
2719
7314
2295
3389
5386
758
2085
7338
845
6908
1051
6288
1640
7235
7244
6022
6951
2377
3735
1003
7766
5086
1857
127
1975
5442
1820
7095
328
1202
2227
4327
2003
2953
13
1653
2267
295
7966
7430
7130
6352
6788
7357
6227
649
3192
5160
905
5052
3714
206
5682
1590
7998
3377
1590
2192
3622
2358
6017
4012
5585
144
444
2989
3270
3674
2298
7810
7508
7881
801
7810
7329
7295
882
7420
4183
4123
7455
3637
5447
1884
1013
7389
1258
2082
2801
4840
6022
3805
1285
630
7325
7251
2076
1758
3810
7181
7311
7484
5053
5193
6624
2767
2242
3190
1665
4019
5271
7452
4361
3938
7806
7603
3373
7356
2502
1134
1421
4897
3488
395
7186
5744
5866
402
2199
4099
7797
4551
5500
846
7086
4353
5551
1453
729
5071
3426
3399
7635
6285
6031
5791
1289
1186
1900
4862
470
3133
6049
7528
4247
5430
2904
3773
7516
3779
3707
7069
7227
5663
6913
1309
2313
1252
267
6982
4033
2155
1106
3330
5347
2532
274
1976
5715
1364
659
4120
5083
7778
2128
2579
544
2890
3721
6394
848
5624
3269
754
2308
3894
932
1436
455
5828
25
1799
1275
1598
5446
2763
5138
4751
5677
6477
4753
5695
1564
5549
6026
1367
5395
5789
3497
5360
3899
4710
6947
968
3891
3504
6975
5556
6538
5455
6342
700
2163
6456
5614
3640
3987
5722
4634
1261
5396
126
41
3328
5750
4889
2269
7850
1444
4870
904
3524
494
3860
817
1837
1505
4209
1571
3354
1917
6297
6324
1690
4345
2202
7158
4541
1198
226
5895
2706
1592
3161
6863
729
2810
5561
603
6721
1136
3658
261
4296
4466
7259
4324
4623
913
7738
2057
4105
4749
2973
1605
6940
15
4033
1211
2613
7597
1126
2238
7322
6156
7094
2075
5233
7363
4673
1055
6455
4690
3174
3993
4723
5370
4118
4864
3453
2244
3645
6904
6099
1277
7640
6630
5889
6966
470
2534
3371
4074
7208
7054
5236
580
7343
2432
3152
7311
1646
2475
1725
5353
1942
5143
7946
1220
2895
5747
1805
1731
6474
412
7372
6068
2873
5511
4386
5932
761
5978
6954
5505
5020
4190
5721
6031
7176
3098
2271
2273
4101
2358
7443
1974
6027
4255
7101
785
772
6523
1430
2562
7027
6607
7844
7083
5318
4480
4484
7477
1296
4824
5145
5387
3796
6465
6226
3313
2914
2740
5342
6295
6166
2901
1343
5706
5806
7498
7361
6565
281
1093
892
1525
4338
3389
1492
1752
5102
3765
7371
6570
1085
7684
3473
6550
5154
625
124
7992
2613
1799
1231
6632
3125
164
6898
3791
3896
5037
5135
456
853
4351
3964
2725
3339
7894
2642
7433
6049
4457
4709
830
7498
737
3360
474
1182
1286
4305
2823
3725
2725
3251
2337
2091
6450
93
4034
933
2631
2625
1991
1551
3795
440
4336
1752
1495
1329
4826
4977
6498
5756
6899
2616
4515
407
7791
6999
4136
3541
6083
3267
5961
6015
6224
3299
3264
1252
5811
3385
6774
2195
1629
6704
3695
1228
2771
1708
295
6765
3735
5303
5700
1339
125
7231
5662
4977
5045
7526
2839
1883
6415
1851
4451
1738
7062
1968
1880
4976
4526
2215
4106
4481
2548
3002
7041
2658
787
4618
343
411
53
212
6244
7395
6770
6054
920
6958
3042
3603
7618
1420
239
3545
7038
6158
6425
2836
400
2692
4045
7827
5911
6677
5442
123
5664
4682
2717
5137
6024
7061
6669
214
7512
4827
878
3526
6524
3650
1112
3020
6251
971
830
7604
178
4201
1142
1390
1575
5274
4321
3096
4166
4685
1432
7043
5782
6427
3116
4632
7815
2430
4199
6719
4165
1027
3188
2027
7239
2979
4070
7564
5533
2835
1890
3733
5106
632
372
6705
2211
7308
680
6336
6381
2989
487
3994
282
6488
6911
6239
4742
3737
1777
2745
2849
3625
707
6836
4146
6193
4290
3924
6621
4055
1554
5753
4029
5084
6773
6417
3672
732
7022
867
360
7308
6969
575
4776
2298
3258
6316
6824
1066
1085
5312
6130
6084
5155
767
3232
2333
6938
6420
6095
6079
6979
4903
816
3675
2535
3348
2357
2767
3122
5314
6869
5455
152
7110
441
5437
4043
4104
7575
609
6157
2802
6796
3547
6412
7272
823
2894
1022
7010
3397
7131
983
6379
7359
4019
3522
3421
704
5653
1821
3527
3031
146
1094
3607
429
6990
6866
7887
6202
4819
6492
3554
5574
1987
7886
2330
5156
770
5456
5117
3941
6658
4117
5497
2282
4339
4655
5252
566
5888
2888
3702
4046
7716
2230
7385
4499
222
174
5093
1225
3013
1634
4278
5974
7688
7857
2208
1321
3597
1935
4768
3877
5586
6861
1351
3436
6858
4676
5366
6761
5195
1101
6120
6734
4984
6980
4277
1449
1267
2874
1194
7610
5793
3369
3467
3
132
638
7942
7577
3653
3472
273
2265
1735
7217
6614
5430
2698
107
5137
4974
2873
3775
3582
373
7405
7296
2024
7040
2011
6575
899
1277
7978
376
544
4832
3731
1599
6757
2544
6645
1694
2910
6375
6811
5551
7250
1172
832
1357
5838
742
868
4191
6949
6976
3565
3082
4995
7912
1693
5071
4869
3412
5070
3932
40
3222
1034
3951
3567
7081
7822
5350
2545
1000
6136
451
59
5920
4435
7602
3014
846
3077
134
2894
2313
6614
7383
7264
7854
1128
2161
7521
7157
4898
4386
631
2221
1688
4493
3690
2472
2765
192
740
5436
5553
7239
5532
3768
1209
5742
6559
1877
5159
2777
738
7493
6834
6383
6825
905
299
1289
3612
3052
5719
2782
2714
7142
7016
5579
6644
7558
4438
4464
3241
6519
3837
521
6534
7697
5184
899
7532
7277
2594
4137
819
6331
2662
5279
6688
4668
3150
4277
5238
