280
217
89
2
27
108
229
155
263
67
217
159
177
72
245
150
265
27
193
76
77
20
155
50
20
6
216
251
274
19
208
40
59
119
97
56
162
88
210
168
52
252
3
36
266
9
245
184
204
138
25
233
160
120
65
77
122
133
248
276
142
30
23
132
179
291
92
167
93
147
170
221
40
208
56
47
38
194
226
176
15
257
234
88
253
87
262
221
219
98
295
176
184
31
17
99
297
63
1
278
274
21
197
148
167
29
74
227
137
71
140
7
214
272
281
95
245
261
283
285
274
179
24
87
24
28
219
254
213
59
49
72
285
240
265
291
272
275
18
234
2
214
26
145
96
75
128
270
60
37
109
46
147
137
39
