6999
6905
5629
77
3574
6037
3020
6019
3410
193
4384
4718
1210
6327
4607
609
3226
4820
7480
1258
7286
7852
3876
7591
7372
6775
5968
2632
6172
5974
1104
3450
3471
2506
6100
318
3281
163
2779
1382
7563
6925
6306
2698
246
3841
6725
534
5863
2163
6686
7958
7175
6516
4980
7333
1084
2268
4349
73
933
5726
3300
7286
7215
8000
5712
3826
5684
7144
2449
4415
3387
2469
3675
6176
5718
5633
6059
2658
3577
7405
3306
7782
7253
6075
1908
7069
2619
2332
5393
1948
7728
2158
236
2465
5367
7523
240
1329
3498
4841
4740
3147
1866
4028
6533
1257
2154
4844
2992
5355
3433
3739
7842
5794
2551
7032
185
6005
7545
5198
4939
554
6989
2676
1670
326
2129
2950
1166
2150
7950
7697
5466
2988
1912
761
474
3925
2535
6089
2021
539
4760
1322
3459
61
34
3113
7709
6245
4291
5463
105
4879
5572
3172
2595
3001
329
4523
1515
5802
1232
3042
6116
6385
5730
6676
3809
3990
602
3572
2415
6537
924
2786
5000
320
4812
3700
3118
1442
4447
7534
5244
588
6979
3890
1991
5589
2325
5223
6817
4133
2114
1480
5152
4716
767
7105
1446
5055
165
2838
6733
7026
5327
2183
603
5728
917
5352
1942
174
4588
1041
637
7126
6670
4067
6629
6046
6012
4439
5901
89
6793
1170
1696
4622
4032
1434
6474
5682
2281
7620
4482
6160
3854
4962
364
2830
748
4990
6290
4664
7341
6691
982
7945
7673
6154
4425
6671
3198
6659
2491
6724
3022
3361
4079
5297
933
2905
4743
3686
4367
2763
3020
4723
622
14
5225
7158
3491
4330
6585
7185
1355
6164
6031
2736
613
6834
1707
6923
3588
5341
5857
3167
6892
3193
6261
595
5090
5371
1169
230
2167
7038
2136
806
762
7604
2540
2618
2503
2022
6105
1756
7642
7548
1515
3446
6112
4248
1963
5461
854
7217
3919
209
4627
2797
2557
6477
4451
5939
3383
4359
1821
5028
4862
2078
4371
5852
4963
3748
821
7852
4395
1413
2094
1806
5632
6794
4428
4525
2062
7718
4392
7995
7300
3381
5681
7130
7171
975
1472
3828
5885
3324
3723
3874
7096
4673
724
3926
6776
5861
6601
788
2686
2483
6324
7731
1802
4655
6700
7981
2960
1700
7708
6248
4726
6646
4513
7404
7524
7923
446
341
5387
2924
5440
1879
247
4273
6541
6312
2572
3397
2269
3093
4168
925
6230
7562
767
120
3135
2708
2592
833
2419
3877
4776
3048
1083
944
1016
7349
5599
6747
4347
6659
956
346
7821
6739
7837
598
5129
3241
1797
1871
2986
6613
5220
3200
6366
5527
1775
6436
6248
7334
1528
7160
4026
299
6209
6875
2957
7044
3124
3625
5762
3109
5426
6857
2887
627
4707
4914
6867
1900
6379
3246
5208
993
4695
5527
6771
435
6918
6921
7700
1619
5101
6907
6643
3358
3091
203
4374
4970
7825
5429
532
4613
7599
1260
7415
1571
6617
3063
981
5025
5273
6699
3496
6438
5142
581
5278
6490
2042
7499
1841
3830
883
4063
3079
6001
7146
6464
7948
7508
1029
2254
5349
1901
5798
4458
7847
3594
3976
3086
3968
7239
353
5651
1761
4083
5578
2621
975
2399
3849
3025
5180
1896
2290
5353
2109
6150
1371
4850
949
7905
4885
2472
7669
1877
6687
7217
594
4632
1553
1047
1909
1512
6143
4346
3631
5400
6101
1132
1088
6549
5904
2108
6607
1089
968
6558
6858
4230
10
7323
4276
7173
3058
2039
7699
6313
6487
5787
6143
4126
1000
3808
6952
5311
7496
3258
7600
2679
6761
5175
5862
260
1529
4150
6239
7939
3954
3316
4359
2451
7374
2070
1566
4854
7936
2581
6167
524
6968
3345
4749
6064
1779
4546
7549
6362
3895
24
2005
970
508
2406
6206
4995
504
6609
5545
1024
6085
2562
2817
7082
5303
7715
7111
6347
2610
1136
1735
6864
199
6219
5238
6012
6427
4788
6182
6361
2585
5990
5083
1106
2212
7508
561
3049
4877
633
2795
2055
6554
3523
348
1898
7621
6240
2046
1967
2283
6784
6332
291
7723
4248
2071
3968
4971
7621
2090
650
3635
3339
5715
7266
1946
1913
1598
2612
7671
3867
5196
1891
2394
5103
5002
149
4538
652
2690
2363
3805
5282
2251
5761
672
5236
6040
5969
1279
7955
5197
981
3773
3084
820
7579
4442
1862
7552
6120
4773
3133
4807
6563
739
4930
5698
2310
5785
5395
7559
1996
1596
7621
3749
312
6338
1345
6052
4876
228
3994
2813
7449
7734
7887
7340
6714
7987
911
348
4537
4721
7336
1057
7017
2773
7714
5582
307
983
6323
2914
7589
1903
5861
5317
537
4943
864
154
5729
3626
441
2353
2799
6928
6723
1434
1560
6355
3769
5088
949
32
3063
2892
6703
1320
5642
1710
7131
540
2742
5233
1260
7205
1499
1219
5884
5166
7719
4660
2658
1992
1026
2185
6373
7551
7062
6063
6789
6427
2538
3369
6074
7816
5149
2430
6084
764
5345
7397
3078
5047
5444
181
7359
1666
4777
6723
1446
2422
3906
4216
3922
7160
1769
7408
4299
5268
7624
1107
3887
7357
3107
3641
6080
3848
5820
796
7503
5528
495
3307
264
4706
2123
4290
6869
685
2661
7743
3766
2716
7934
4609
5405
7791
2394
7366
4130
4947
4418
7300
3959
3871
3929
4987
5188
3112
6484
3233
2901
3367
265
6727
4568
784
6158
3806
4882
3214
2670
2739
3448
1618
4964
4615
1231
6547
761
3806
795
1782
5623
401
7293
2538
1419
2979
743
551
1818
7263
4813
5864
7469
7667
4091
1239
7069
4348
4091
7769
7774
4117
2478
4654
6251
5165
2876
4992
6277
2192
5427
4219
5960
7738
6785
6377
6251
6298
804
6178
4981
7440
5044
4393
213
3691
4672
3491
1108
7687
1259
6979
3410
4483
3139
1862
6584
5890
7449
389
48
1692
6150
1730
1423
7574
4583
3669
5692
4646
4239
1839
342
204
6678
3483
4596
23
391
7086
6827
4482
380
69
2816
5331
1022
3320
6457
2478
1449
6425
7675
3880
267
3751
283
7688
1887
3749
6296
1847
1748
6473
5308
3629
6961
5279
4867
7790
5356
935
6619
7020
5460
2134
2912
6843
3911
1310
5006
4805
6749
4716
2703
2717
1854
6032
7199
965
5257
5448
1019
3983
2236
7212
7283
4197
5671
4989
6248
6055
4969
591
2222
6529
2011
5435
851
302
4198
7264
183
2045
442
6834
4417
1871
783
3237
3026
5683
564
4626
2711
7420
4405
3321
313
5127
3785
1641
3072
6443
7969
6455
4780
1997
2722
895
5916
1980
5348
164
3519
2518
1256
7921
4811
7896
5386
3804
6162
7478
6064
7420
2997
6834
6114
5553
2094
7882
5675
1842
4626
3186
1187
6520
7438
6387
7232
1818
1450
3817
5993
19
2929
4630
4698
7076
7598
5270
2722
6301
4824
7397
6566
4680
6161
7629
659
6522
1066
7007
5612
1900
6367
5003
3076
1508
3335
7641
7631
7902
3766
1571
1612
1183
4443
386
7834
3385
1559
2761
4552
7798
3246
5836
2390
1098
6773
7616
6574
3249
163
5953
4676
5937
6491
44
5325
7233
1589
3143
6076
7593
4042
4387
3841
2671
4768
224
6753
560
1983
6911
2202
4214
836
2469
3774
1212
7257
3028
6601
7490
3883
354
7220
5239
5049
1488
5965
6427
2388
3129
654
4998
7650
2367
7509
2481
1359
687
2614
888
411
3603
4296
1548
6441
6564
7699
4026
4625
6559
5207
4608
3519
3796
567
6545
3111
6825
2071
5117
3893
7133
356
7427
219
7823
4240
5195
3711
6976
7797
1570
3650
2514
7462
1776
2513
6685
2510
1785
586
6000
4728
5148
7323
3379
1140
5431
5507
1681
4458
1203
4437
5527
1753
6208
2709
3172
6838
3018
2202
2986
2666
68
2390
1440
1640
1987
2018
7694
7319
1810
70
902
6163
7239
1161
2547
2512
5005
4090
4948
6064
2936
7775
2929
2710
2185
1615
3397
4345
2790
5245
1374
6451
4111
3579
6379
7838
2798
3569
4901
685
351
4233
3718
3027
7584
6713
3101
3399
2130
4609
4893
4205
6639
3446
5595
3758
6796
2446
6991
4559
2967
2334
3039
6202
2405
615
2666
6238
2496
97
3998
5458
7797
6180
6590
7945
5041
5339
4378
6725
4476
377
4090
5164
4344
2830
2611
3317
7662
2561
536
5130
7096
6221
940
4869
3881
1158
6486
4776
818
4122
1935
1792
3501
5016
813
4526
4746
1910
6674
1973
3084
5917
2184
102
5630
4516
4516
5468
2428
4556
2355
1114
1550
3224
7228
2717
6620
6431
5201
528
78
2659
7135
7755
520
480
7881
6496
5624
4533
6693
6278
6433
7112
3825
1936
2262
816
7893
1858
2615
5873
2299
715
1920
7690
5324
6485
7332
2685
7376
131
7193
5556
6213
3229
2061
615
7388
2465
5417
4537
1723
2390
734
4496
6763
6895
6225
2464
3350
6547
757
375
4278
6387
3658
1634
5368
1317
4543
2882
3580
7676
7638
5844
1400
6395
4690
3074
3749
6016
3932
6363
6057
3692
4044
6879
1985
5853
4427
641
1333
2430
2656
150
6039
3527
879
1181
5466
1055
1319
2429
3332
92
4607
2094
2235
3073
7063
1454
5026
3024
4047
3899
5694
6302
4299
7922
1760
480
3199
4296
1014
5787
943
211
1656
7125
5137
4246
1775
4178
5262
439
6047
2826
3633
3443
4847
1337
1568
3556
178
3239
5886
6239
2354
5646
4680
5481
2185
4482
4675
3697
3662
1707
332
5016
3816
6167
7182
2391
890
3849
3621
2507
1140
813
177
7978
2329
6945
3073
5304
4774
1800
289
5972
6973
3172
3201
642
960
638
1680
1856
842
2248
3430
6543
2657
541
4559
3804
3081
6945
924
5703
4748
5670
5467
4740
1797
6347
3205
3668
3568
6478
2210
4808
5928
7712
3361
1184
3735
5282
4708
1144
4356
3878
7999
7579
902
7525
1507
4729
5804
5524
6647
269
1171
6088
2305
6712
2358
7742
139
6814
1705
5045
1453
7980
3103
3702
504
3207
161
1514
7428
2238
1745
140
5079
4650
7807
1039
983
1914
2512
3940
7181
4636
2021
518
1217
1620
5025
5675
1589
730
1821
5649
2615
2646
4140
372
5154
3577
5199
6760
6223
3632
3657
351
2860
326
1676
6831
4022
5121
7393
2067
4446
3580
7404
4414
7489
6327
6804
6228
6164
6274
1141
3576
6493
4663
5596
6628
2929
7887
3450
4778
4110
6989
5376
5472
4299
1940
2609
3243
5229
5284
7617
241
7848
7421
5665
4382
100
3502
1876
6943
5930
4870
3110
4762
1881
5405
4504
6085
1023
5678
906
3150
5208
246
3685
3773
230
6476
3837
3299
3496
1090
7111
2256
7435
1197
3497
769
4296
4451
2860
1018
7123
6812
1698
6293
7750
7955
7884
4472
7425
282
7607
3398
4874
875
2319
7666
6967
1244
6437
1319
2062
2581
3037
1007
662
1777
595
172
2171
3626
3107
35
2368
6229
54
6487
5022
3149
1132
6573
6677
1161
2825
5920
2272
4176
6691
3968
2163
7223
4094
7485
4645
3410
6729
2808
6557
4230
4019
99
100
305
5557
3931
6178
3110
3491
4605
1163
2384
4282
7961
7341
7284
4738
7252
4480
3962
7063
1105
1579
7755
7713
3964
6563
3063
218
924
3401
2824
7050
7634
2413
3660
517
599
237
989
5826
5766
3785
7321
1831
2456
7220
1946
3249
2352
1736
5913
2144
737
5486
4910
1873
5510
3384
3402
2962
4828
4928
5550
7576
6075
1034
2197
1160
7745
5245
5800
6893
4523
581
6099
6343
447
4865
6498
4997
5600
1234
3501
170
6102
5177
1671
5652
1460
1903
4050
3153
2442
3964
4463
6880
5237
1441
223
6717
7442
4081
7931
5240
5328
3853
5549
932
5156
6086
1024
4713
766
6636
1263
6588
7455
5762
2608
5234
7256
7979
5685
5147
2228
2130
2367
3979
7542
7991
2583
5665
3809
2143
7076
3095
7831
5120
1141
5603
2948
54
1346
7685
5535
6146
6238
6261
891
917
5001
3592
5853
374
6432
3715
4252
6048
7895
6801
813
1912
5940
4830
7187
6877
264
7494
1907
6450
7991
7289
7196
7667
5531
5873
330
7502
6614
6338
7664
1314
7112
3436
3939
410
6986
4644
2398
3428
3388
3573
4676
6763
2521
6074
4379
2861
6358
6351
6625
7752
5579
7548
4570
3128
4095
5005
1350
1875
2500
2352
2416
7384
6937
6043
3698
3439
5119
577
3619
7256
5396
1889
4730
5021
7066
2722
2926
7097
5889
7793
6281
6269
3324
5275
1212
5114
384
1042
4578
7534
3389
611
6178
2518
1523
769
1489
4066
2161
5172
4729
3437
5954
2258
2918
7972
7578
6569
1704
2486
5920
7595
4415
2516
3010
4298
6252
3959
7216
2318
2599
4484
3669
4409
1168
2635
5791
1684
317
5744
3480
3721
1406
7381
4729
5191
236
1818
4219
814
1249
7466
2472
1984
4796
2618
3453
6763
721
5150
5910
892
584
1148
132
5897
6562
4721
4625
5570
2985
6186
5460
3785
2627
440
1216
6663
3711
5822
2732
236
2806
1465
4764
4330
7517
4311
213
1445
5162
7760
4833
2799
1227
3250
212
3380
2295
6750
36
4952
1399
5821
5890
7920
5285
6254
4131
1961
359
4166
4475
1792
4284
6816
4649
201
761
1171
2851
6733
1947
4876
6672
7486
4663
872
6905
3598
2144
905
7526
5108
4007
1604
4837
1238
1396
5298
666
3740
3023
7214
5977
3296
679
1693
3541
238
5340
7751
6512
2923
18
7297
844
5681
1710
5104
1780
2835
2216
3545
1269
3827
5019
7832
639
3402
4422
2134
3301
4927
7890
1832
3053
7676
6287
3623
464
6794
7813
6251
3404
5490
5517
6928
5324
1878
622
5115
6234
3466
5557
7907
7402
4499
787
5717
3962
6676
4653
5467
1799
5191
6810
3488
178
3207
6640
6592
2846
7056
3689
7324
4395
2918
553
1187
1765
6476
1282
5080
6
5944
6652
7906
2706
207
5540
7945
2825
7678
310
353
3016
2909
7450
4344
2425
5182
6954
5495
6140
6396
2553
4792
3146
5953
6915
5627
3553
688
5367
4668
5855
1345
4015
5965
1941
368
4251
7914
4514
1038
1557
7209
3146
891
4418
122
1051
112
3928
3756
2649
5858
4100
2142
2389
2193
1912
3871
3307
6405
6535
7797
4141
7129
2029
3771
945
6176
742
3296
2425
6220
74
4517
1583
7294
4922
6833
4765
5903
7265
4129
7768
871
4559
819
1890
5593
3250
6594
6775
1088
5856
3272
3501
5228
4925
6916
6606
2563
1283
1803
2717
4128
7166
1813
1725
5165
973
7290
1487
4661
3430
4694
7760
3770
4827
7682
2256
6628
630
1547
6422
252
4682
156
1709
6213
2099
2668
3564
7963
2481
3553
6990
1166
1032
5570
2398
1329
335
3665
5541
3657
6954
2536
5551
3598
1753
1912
5421
5878
5946
5284
4181
7604
6052
199
2663
4982
5971
6097
7296
2469
1334
2591
4653
3473
3077
3915
4689
4686
997
3334
4465
7381
5670
3939
4359
7997
6652
1578
6287
318
1957
1690
5016
7651
5298
2058
6291
5745
3445
2652
2216
1813
4098
6311
5518
4887
4354
5165
8000
2903
5148
1437
364
7501
6580
3505
7994
874
2705
3225
4338
3455
1381
5128
2062
7238
3492
6739
7516
739
7738
3585
2723
3672
6089
5636
7795
7507
1184
3687
569
4607
2507
5205
4770
1422
3071
455
7230
3800
920
2945
6524
3289
6552
2320
4227
929
5532
2281
1651
5484
2221
3348
3143
2424
2292
2574
1533
5651
1002
6699
6875
2056
4269
6430
7982
6463
3489
1160
1120
5611
4811
5215
4200
3746
537
6421
2353
4543
6773
6480
5476
7645
216
6839
651
3594
4731
660
3747
7299
5333
2750
5213
4427
1018
583
3016
6300
2777
5346
3687
2134
467
7239
588
2318
1387
1520
7007
1476
7088
5507
7916
3325
6861
7588
3389
7279
2853
542
1158
1938
3858
6796
604
5454
2704
4222
7689
7808
549
3212
1271
2572
1083
4915
6611
3126
1513
5548
4590
5967
771
1251
7635
4062
4069
5638
3018
585
7583
4647
2492
5322
3905
7563
5361
6651
6436
207
3311
3610
5983
4413
6883
5230
4892
4037
3264
146
2069
2125
3495
5374
3559
1037
6772
1618
3363
910
5402
5422
2351
7749
3814
363
5357
5102
1902
5131
4713
200
3548
5835
3238
737
2890
7240
4328
2969
6016
92
5539
648
4964
4455
7669
4564
424
7697
3262
3204
6885
3297
4863
4894
2468
981
3651
7506
5463
715
2598
2446
3236
1430
4552
6011
6021
5742
1101
6032
452
2297
2526
4748
6312
4349
6328
1085
1567
3553
7281
6229
6790
3633
3376
3871
4782
4854
861
3829
625
4399
5375
6562
6550
2182
117
4150
4899
1772
4711
6650
7719
7057
1864
1946
2694
1715
2272
7309
2446
2448
539
4625
7240
2000
6749
6740
1379
1732
7078
1846
479
7403
3296
774
3466
3550
4291
4918
2108
4893
6251
4895
2028
2919
2010
2455
2520
5696
6471
4889
707
6275
5252
6961
1177
3608
5893
2323
7241
1201
2257
5190
4312
6943
4830
771
4356
2071
6594
4791
5625
460
456
433
64
3338
7726
3437
7428
90
7848
1371
1359
7393
4623
6006
2401
5735
1048
5496
3178
5926
4735
7760
4297
7707
618
5394
3943
6208
4820
2968
203
2196
3708
1506
5735
3641
2616
687
4893
3990
144
7620
2493
4158
1006
6467
3817
6446
7632
292
3492
1543
3693
2006
7320
2521
1533
4206
3642
4311
3642
3749
1753
3455
4782
705
6670
1707
6100
6952
2629
1613
6238
4202
2999
42
3843
3747
5120
1940
7488
5988
7450
4928
6276
7600
5637
7113
3345
6428
6363
6949
1975
1448
2304
4795
7533
4366
577
1924
1841
2715
329
3240
2795
5855
6942
7073
3153
820
1050
3000
4752
5859
7634
1028
6884
3004
6312
7113
6257
1556
476
756
4066
708
7340
7155
7774
5868
68
5295
1314
7115
739
2115
3812
7514
1685
3175
12
5789
7519
6973
295
3531
4918
3865
6082
1866
536
5048
828
3278
6229
2665
4217
4670
6238
863
6777
2521
4145
5381
449
423
6652
1219
3421
2825
5340
4377
5463
3609
2239
2565
4126
6508
6026
2710
341
2295
6761
7927
6370
5713
7671
4154
989
5698
7701
739
6906
6176
5051
5899
598
2866
3432
3703
3968
4529
5820
6517
4181
1254
2993
3040
1560
4377
7129
257
379
4195
5438
1934
5347
1608
3983
629
7373
7390
2257
6680
2437
7707
2074
408
7298
3877
2692
301
364
435
4478
5882
618
521
4030
4695
6355
5513
3012
1684
7959
1114
6821
7266
5394
7154
6653
5157
3252
118
2739
4048
5528
6447
349
1593
2765
3730
6404
7609
6264
4858
4032
1605
3691
3364
7523
4067
2333
983
5922
6472
842
4861
129
3300
713
2576
2157
872
2709
951
6646
5262
2890
6317
435
1721
6530
1479
6793
1803
7664
124
50
2786
7590
6349
6638
4960
6013
4021
4426
2730
3635
413
695
5979
6888
2145
914
1745
2258
1322
2846
3500
1696
6888
308
7183
4688
293
5206
4543
4453
1483
6408
2711
4322
370
6624
4642
5563
6307
3334
3863
7054
3507
1174
3960
5993
6709
1928
6668
6242
4073
1531
7300
4849
5497
4194
120
1618
2875
3446
4366
7209
482
4695
395
7757
96
3381
3646
596
931
192
6445
494
2938
935
6275
4248
5285
7212
4522
2066
7472
4221
7010
6904
4673
7068
1110
4422
7905
6152
1448
2275
3947
5079
4288
6265
6877
1638
5436
6389
6519
5598
7188
5439
2964
1140
6755
905
2097
1552
5786
201
3301
6024
3483
2484
3342
7289
6776
6050
5294
4698
4559
6903
3492
2049
900
1029
5183
2848
3231
2731
3336
7137
6030
5681
5414
7941
1537
5237
3090
5827
1549
5687
3284
869
1374
6587
7949
252
3339
4115
6772
5333
34
6092
2967
1386
7016
5737
6759
2218
5841
2110
1706
7614
1466
7897
2041
719
6184
6359
2787
1067
2006
6454
91
4626
6747
1932
5205
5579
1759
6472
6232
3367
2892
5370
5053
1925
7480
879
3463
366
3865
2626
7765
3900
5339
5562
5209
4860
5084
5431
4205
2248
6010
4254
5838
7994
7009
932
2743
4010
7663
6387
7128
1539
2853
4299
5623
2167
6462
6200
3973
4046
2791
5437
3312
1635
4889
7546
515
5858
699
6473
962
2240
867
5276
6545
2320
5391
7080
3752
592
3168
4838
6889
6207
1900
2449
5649
1247
194
2093
666
7193
2253
1252
600
4051
1353
7056
4976
2846
3729
7175
924
1119
3085
1073
4602
7100
4474
7080
3741
4173
3577
7091
3208
724
5734
1769
7208
2697
1346
1249
3302
7829
6113
77
1572
2698
440
6872
1292
1621
1913
1592
4207
2611
5923
6258
4499
1940
3724
1058
7611
1345
5767
314
5535
3257
6475
2613
5094
993
4793
5428
5135
5980
3926
3551
1509
6289
5014
7933
6394
2825
5919
5391
7411
1630
760
2594
5159
3595
4259
5488
4649
1589
6092
2867
5146
253
1877
4598
7603
1611
5572
2770
137
2090
2883
7179
7280
1374
3996
4085
648
6165
4584
2430
3396
4946
4527
7413
3478
3724
6514
5478
1722
1680
7273
4284
3454
3079
3538
2999
5814
3751
1123
2807
2787
5715
2681
3459
1823
3179
5668
1424
4402
6895
146
2973
2080
504
2050
2432
2861
2617
3458
3058
5946
2702
6281
2670
1870
3422
1840
465
5697
4816
743
3314
270
2000
2424
5361
1797
173
1659
7773
5424
6621
4267
6052
1589
3449
6146
7788
468
4492
2869
885
5116
3410
3162
4571
6788
4920
7158
3787
4149
7300
6192
4161
1290
2957
7632
3246
5318
5006
807
1550
5059
6091
4717
1467
3169
8
2956
5669
548
3157
5181
5190
470
5643
4352
2576
6491
5765
7493
5840
3296
3927
4143
4023
1212
2906
6623
6563
58
4859
6703
593
3294
5573
3580
3091
5900
3666
155
2560
4851
561
2500
5393
152
5818
7876
5612
2348
15
6629
7809
6889
785
3458
939
7014
2585
5230
5635
2240
5198
2398
2094
7018
2661
3328
5477
5819
809
1808
4338
7386
1406
4605
5501
3566
597
1478
7514
5868
5290
2500
946
5619
7067
4567
1630
3232
6903
1372
3458
5874
4476
6681
871
5011
2969
1555
6167
1888
7188
287
6692
7743
7024
6863
472
7639
1320
3870
3291
2409
4503
4019
101
2204
840
677
2326
3480
7547
2123
3354
1718
1159
2103
6003
5057
3721
7477
2074
1289
6933
3345
6764
6968
6825
2977
1400
4595
450
540
1662
4258
460
4756
5904
6554
3017
2118
5382
4023
4851
3730
4005
3784
7149
7977
5267
3044
5331
4526
3568
20
2277
1004
7762
789
3226
5019
3935
7384
7790
1270
7349
5470
6937
6782
1208
7385
5575
1790
416
5140
1249
3574
6399
3037
2079
5860
883
4360
4955
968
825
5015
5035
4824
2702
190
6736
2253
6718
6169
4031
2872
4713
5508
2105
5536
2178
163
6104
3887
4762
7307
4822
2601
5826
4193
4264
6847
4238
7040
6527
3395
2863
7022
1056
1563
3280
6132
4982
38
3807
1078
6020
4813
5848
5620
4095
2725
5380
5506
3284
3032
2539
2059
2006
4269
6335
245
4927
6170
3684
6336
1024
772
3158
7702
3818
3533
7330
5308
7549
556
5633
1705
6637
1800
2172
6972
4659
3144
2696
1439
462
1064
7167
3738
6810
1899
72
5027
3980
5516
4635
3800
390
917
7116
3899
7221
1492
4333
1295
5695
1625
7506
7285
2104
4157
3289
5256
2569
599
79
3512
7178
3329
5285
1322
7248
3264
3304
2556
4958
156
2614
2925
3685
7779
191
896
3686
3881
7690
5750
6950
7258
6883
2430
821
4689
489
2333
6314
7513
6870
2493
2224
5983
4014
6028
4689
5261
26
1111
2065
2769
2623
3986
12
2001
3684
6457
2547
4252
4041
553
2819
4271
2345
2367
1120
1088
6696
4642
5203
3959
5914
3988
833
1442
1008
7188
937
4811
3508
1930
