2974
681
6487
7050
1525
6450
5570
1335
7816
6861
4713
3836
995
74
5742
3297
4305
4193
568
1300
7613
4145
3547
4299
1185
2174
5227
4663
2176
7181
702
6944
6527
5902
4503
5996
1700
3021
1278
7239
3394
318
6259
928
5610
1318
936
3108
1517
1886
4133
4846
740
6495
5928
7590
7196
7795
2909
5090
3568
6410
5782
7280
5325
4799
7435
227
3207
6967
1189
5714
3495
5590
2966
1664
556
6006
203
140
4234
5267
3203
4733
4408
641
5473
1120
1148
2908
4756
5455
135
4035
7702
4993
1166
477
608
6357
7401
5105
504
1576
1635
563
7078
1184
7600
3258
7151
7584
3124
6720
1750
4325
5296
2116
5020
4469
2660
1891
1206
7392
5601
3512
6949
2471
3932
6080
3118
5870
6956
3131
4369
171
5412
1835
6655
4927
6151
6424
5305
3582
6638
1568
1831
5889
3221
3859
7106
3209
6160
4680
2841
3005
3600
1564
1066
3242
1279
5800
3939
1191
5132
4132
3991
5225
7889
6259
1724
4778
743
6527
4893
1200
4574
6398
3951
1939
5533
6047
7402
3244
2525
1881
6933
7776
5125
122
6761
3050
2382
4647
7464
6268
43
4946
3780
6918
3372
6830
1127
84
5741
5542
6307
3726
4934
5035
3927
3079
6843
3796
352
6396
5237
4958
3524
262
5458
406
6453
7121
1824
4203
6909
4409
3220
7504
6064
2442
301
4705
2842
5686
4078
7812
3888
6360
2439
7538
4303
5666
6388
649
7489
2518
4619
4544
917
445
5714
7912
3340
5264
1473
4948
1769
5585
7159
2635
2362
182
916
1362
4
4676
3735
6989
6019
3188
4256
144
7867
5472
2576
2098
3990
781
1846
2826
4103
6865
3511
2270
2211
894
4407
3259
4203
4382
6727
3441
2171
6522
2802
6413
1687
6558
4555
4193
2685
5581
3168
2030
3523
6992
818
7334
1197
4242
3887
4505
3149
1385
817
4420
3651
269
460
6031
1044
6550
4371
3254
5021
3236
2284
6705
3400
5378
926
391
7497
918
403
926
3636
5821
1746
3171
4429
6229
6616
1334
6604
1101
687
7461
2751
6511
7432
3511
4597
5140
3134
319
7365
5927
5151
2593
7174
3021
5670
4307
6664
4206
3746
6672
7323
2380
3887
5471
2769
2397
7664
7238
1420
6568
6078
7249
5450
2009
5144
5735
2276
7555
1452
2392
1997
7174
5169
693
3682
1909
4398
3624
6644
1774
4489
6612
3168
7883
1051
2371
4397
5942
5339
4939
4477
1761
266
6270
2905
7558
791
5159
4598
4989
4777
1551
5565
4302
7111
3474
113
1608
2692
5009
2877
4583
6808
4284
2180
1586
5765
2975
5328
5675
4071
5300
6971
6951
4117
731
1844
7022
3278
4267
7275
3517
4831
2130
3815
1486
3556
6710
6503
7585
7425
3142
3344
6306
4436
5096
6934
6567
6326
1665
2996
7740
1355
3078
6410
6749
4024
1262
5995
474
5973
7330
2716
499
5576
7131
4984
3374
3504
2727
7266
7504
858
4921
6527
935
4980
4650
611
2919
7366
6453
7152
6346
4297
4104
2113
38
6700
3790
1893
3133
1931
2110
274
6130
6164
3079
7252
7317
3113
6063
2395
6736
7869
965
200
7544
7015
1427
2187
2867
4229
1455
2408
4997
2228
2733
4211
7189
2947
2934
6803
6000
5068
3358
883
6245
3372
2668
1274
6750
5890
7870
7008
1682
4023
5258
6865
5516
4976
3181
4286
4894
5608
3330
6093
4393
7486
5637
5946
5238
908
717
105
2853
6658
7082
7849
7713
3291
801
1013
7608
5530
5559
5355
4724
4107
2822
5625
6563
6260
6449
3478
6085
2853
4867
3796
442
7354
1983
3328
1373
4156
5804
4112
1060
7458
3342
6360
7107
6268
6303
1241
4722
4930
5812
7466
6101
6566
5841
4566
7250
6838
4434
7282
7033
7305
5392
824
7272
4428
3389
5792
1005
215
3074
805
4229
4089
1495
4315
3336
6339
2169
2882
2256
5037
6116
5025
99
2608
2511
1763
7245
7759
4491
2152
7502
4131
6229
4913
4054
7192
5154
7716
3623
2066
5610
639
1417
2096
4099
6764
6529
3036
4596
7258
266
5028
7696
4383
2496
317
2319
6433
2669
5927
5500
4531
1860
5151
1308
5227
3856
1864
4241
3614
4868
696
1736
2665
2566
6781
1338
5977
3282
4004
7405
18
1961
3806
6345
7626
3265
7658
2600
2319
3356
5924
24
6141
765
7843
109
559
1569
3586
4361
3197
6103
4341
6324
2289
5449
4379
49
2902
180
5261
7751
4032
5190
3004
2584
4853
5841
1843
3245
2419
2179
2158
3477
3566
7886
5439
5842
2267
7017
7526
3048
598
4976
5528
5474
7891
577
4016
1804
2327
1706
7650
4029
917
1988
1350
5135
6834
6725
3328
1698
6551
1553
5299
6193
2379
26
4983
7539
1286
2790
5754
1571
990
3565
6292
5933
7133
7187
3001
6539
7782
6197
6857
5113
2343
5536
6979
2207
107
6439
5642
4823
2467
5484
5652
3574
6183
1583
5929
512
1527
5028
2971
5575
7099
2057
6199
1540
6694
1701
772
6233
2372
3212
544
5047
1241
3390
904
4742
1418
6657
7586
3540
6630
5946
3700
1681
4134
2748
1188
2859
1696
5771
5636
7696
992
7753
4239
57
1501
3590
1931
634
810
5725
3622
5165
3461
238
4951
4759
7245
1386
1769
5453
834
4437
7442
6835
7765
793
6203
7271
1772
6657
4861
3198
2363
1634
3639
6024
3498
2304
3713
6829
5312
4489
1083
5863
2336
2715
7082
5738
3326
7781
4150
1493
5325
2296
2995
1007
1410
6496
19
2023
6588
1219
3193
3317
4920
6646
5515
3074
1426
5609
2411
577
2094
3068
7634
1161
2550
5761
7057
4058
3153
2498
7062
2842
5535
947
4684
5895
7792
1797
927
3717
2817
544
2392
5095
4142
7051
3339
7396
1057
3865
230
6712
3553
6414
3912
2560
3319
4441
138
1298
7732
5649
7403
5841
3435
3913
4400
5040
633
4841
6300
3551
3901
7663
33
4721
3200
7633
7382
6996
549
7894
4108
7103
7001
2888
5013
1381
5967
1099
18
7044
6332
2866
4548
4097
6726
5744
583
2723
4859
396
7354
6978
6591
416
2525
3659
7106
2273
5417
5657
2118
4877
6878
3848
1228
1255
1008
3163
6326
4452
3757
2791
22
7885
466
6680
2860
6446
2278
1753
5701
3303
621
1687
5804
2168
2481
5292
1678
7795
1736
5462
1238
4437
232
6381
4401
126
6823
7683
352
7333
112
4543
3582
144
5031
3964
5977
4406
3900
1337
2264
7383
5985
1259
6361
5411
5920
5360
6205
5999
7113
7100
2337
4515
877
7
2286
1875
2751
2080
3181
5110
4982
5423
7683
4731
5837
6170
4664
2722
2414
3102
1297
3784
769
85
2285
5471
6794
7209
5348
4616
407
849
555
4601
5863
1320
6880
2034
5355
1327
2913
6102
1324
1731
6764
5198
1796
4126
6799
5897
5862
7432
3654
3765
5181
7906
2653
7287
7328
6013
6067
101
2562
5350
7703
7426
3307
7672
4062
1932
3252
7325
5556
5585
7163
6668
1424
3995
5454
2824
2045
6621
7756
6380
4566
3621
3448
3643
5941
685
2002
7259
7167
4199
4266
349
2552
3129
1713
5245
3096
3387
5332
1870
3184
3507
5655
5290
4483
5396
7077
1562
4299
6972
3398
4314
6949
4168
1238
398
5468
2979
2862
5121
4406
1309
4063
350
210
4466
6392
1763
7577
3970
3305
3540
4538
6302
5619
3837
1693
7548
2194
2638
7081
4453
24
2466
2499
2089
7736
380
7094
893
2597
2480
5983
7624
4299
2537
6840
5647
7005
3280
1477
885
2903
7685
2428
868
6097
7759
4663
977
1598
4739
352
6994
2902
3978
1035
3493
4541
3315
7010
344
4436
2417
2021
6104
5998
7216
7699
7170
3679
3810
2125
7241
5754
2705
7498
1577
7837
5521
2648
7089
2339
7864
1592
3563
3070
5067
5777
6394
5968
6091
6090
1369
3242
1785
6541
4990
5189
320
3892
3226
2298
6483
6411
4214
4692
3675
7420
5715
3012
5903
5486
3930
2717
2426
5283
5520
6019
914
1409
1391
4034
3839
1544
4100
1355
6051
1041
3433
7330
965
3079
4335
4332
5323
6207
6863
5553
4802
2409
1931
7666
2899
2444
6091
3451
6525
2908
7046
3972
5489
2522
776
2808
4836
4552
2906
6921
7340
4894
1902
3226
6131
4341
5397
2251
5983
1890
5914
4640
6823
3132
968
234
3009
5702
4660
6237
2518
1257
2192
5513
5706
6031
4937
143
3687
4179
7024
1956
7902
3731
6480
2522
4747
7568
7905
1257
5759
6612
4
4295
4935
2224
378
757
6673
6151
1923
3018
625
6141
256
1579
6256
4281
6979
4271
3163
4546
3301
6045
4037
4394
1597
5683
4267
4923
3339
1473
3316
5706
169
1090
7854
5690
1773
5553
807
574
634
1675
3781
1984
1766
7562
1162
6788
2765
2508
299
4323
5382
6150
7645
4168
5789
196
3959
5215
3756
1940
5059
2152
6567
4129
7869
5717
6845
5600
5370
827
4079
731
6130
6612
2759
7337
7348
2548
1854
2108
3529
7236
2606
3407
1623
4887
7147
1643
2037
3697
2687
485
2902
3272
7555
1600
6643
833
7610
6676
2854
6182
5348
2967
3030
7479
6432
2839
3831
5166
1346
6350
700
3099
4283
2434
6985
7189
7610
6213
3461
7046
2457
37
7184
2964
3677
7782
4559
3627
4970
276
3214
3829
4618
1679
4062
2208
1551
6227
3570
3153
989
3919
5069
1735
4932
6005
321
1358
1652
540
3481
3760
5455
5299
1398
1235
994
2466
7252
1812
3365
4767
5449
3973
5623
1633
6995
3046
800
5889
3360
3954
3187
924
4136
3181
3390
546
2819
7751
3203
7551
4321
2797
2316
482
1031
4366
4798
2206
6245
4130
2254
4068
652
6365
98
7679
468
6715
5286
4326
2986
6107
615
6081
258
4862
5781
5117
5422
6978
2407
7275
7874
5039
7145
498
1739
1228
6088
385
1184
1554
3805
4973
4721
2002
4849
552
2579
804
3056
7587
4621
4066
7232
7138
6705
3014
1865
1365
890
1788
2366
2487
1807
2094
3365
6112
4472
7241
1439
4971
6864
6202
2313
1225
743
966
5560
2090
4878
2083
4647
1370
3495
4245
3901
3450
376
6928
5512
219
1949
7467
6336
3709
7079
2742
6013
2256
1569
6617
4101
2688
2618
538
3592
4902
1224
7506
104
6028
739
956
2438
2196
894
2047
7303
3944
6841
57
2892
2298
1281
3058
5672
413
5315
4385
7041
605
889
6064
3755
987
1026
6718
4596
7058
4033
4279
48
3083
6110
380
6448
1416
2023
5681
4944
2601
3251
4527
5465
7421
7127
6166
2616
2716
555
6390
816
5876
4749
4717
3058
3501
4676
1006
6031
5058
326
4501
6843
7888
5320
703
142
880
995
7400
2018
5869
4240
3765
307
3856
5077
3388
1553
405
4590
6305
3036
6586
4818
1317
5849
2906
4905
5745
4461
4187
2640
6705
6013
4881
4942
2160
7600
5611
5829
254
4926
1689
2976
1938
6912
3657
3681
4360
6760
4890
502
1138
6026
2323
1841
478
3052
2712
6530
6588
5806
1943
4544
7165
4744
1894
1338
562
2271
7798
5081
7267
1976
5403
474
3611
2914
7658
7188
1754
6332
4846
3772
7074
4573
3043
6320
7196
5542
622
4702
4668
7363
5394
3151
5141
1287
5345
2210
942
531
4075
1935
3073
3142
17
2773
2232
7730
1116
6806
5796
3335
4872
7243
514
7771
6357
1299
6765
6339
4935
2426
6068
3497
6687
3657
7068
1342
322
2258
1308
7350
3515
5930
2611
2564
2101
5855
2487
4992
7397
2524
684
1583
2505
694
6701
730
5852
3409
7595
3573
6700
5052
4552
1600
5143
2854
855
7552
3500
4546
4261
2753
318
2670
4599
7355
935
5034
2899
5135
5227
1878
3232
3946
1804
5572
3996
1765
4579
7531
6199
7450
5497
2444
1868
7651
6694
1288
4700
4077
1752
1756
3589
7738
3451
6047
4491
5291
668
6367
247
7388
7868
7011
2756
5076
6040
5408
166
5615
3779
4428
1308
4348
7809
339
6449
7494
2630
1604
1220
425
5789
4498
853
5163
1822
1965
7048
7182
4270
2317
7632
3644
7593
7896
3624
1100
4589
5179
4928
2643
5901
3764
4455
1810
1437
5519
5041
4477
7733
2361
4387
6347
4078
6219
5428
1532
126
5409
1100
1040
3261
6079
6313
1382
6363
6091
7808
564
1366
7584
4199
1037
673
866
6300
1424
2258
203
5159
2912
4542
4731
5685
6888
2921
1910
5849
6392
4052
2247
7684
5535
5677
1876
3412
6875
7736
3533
1432
2259
5995
1341
843
2984
2761
4006
6388
2889
4461
5916
5822
1896
1784
1596
397
2657
1157
1806
4072
7256
6260
115
2791
3046
6708
488
4943
447
5477
2262
6708
3268
4304
7614
6901
6332
4947
7095
4354
276
7878
1973
3674
4965
6676
4902
6508
4802
4634
2066
857
6651
2185
2755
2011
1503
1795
1825
5199
552
134
3159
814
7266
4463
3963
5812
3720
5246
2285
1003
1831
672
1557
4217
1827
7224
3745
7400
5634
7327
3481
2729
6037
7020
3410
7795
2534
2738
183
6317
2122
3906
4358
3840
174
7535
7593
5817
2357
5582
4388
4129
3023
6034
531
669
5307
7611
4039
6895
3846
2306
7688
2982
6966
2828
7492
806
2810
2136
3796
5823
4275
5038
2948
2705
7246
2524
3140
5384
6280
122
4656
5352
3619
6124
2421
5376
4325
5115
1492
1852
6164
6171
7595
959
6824
6147
6233
2591
1244
457
6401
306
1007
2437
453
1814
223
3790
4518
5534
2874
1163
4148
3749
1136
3872
1747
6184
2444
4891
7493
3114
2905
521
7594
3314
1504
3108
1466
4219
3374
7252
3464
100
746
78
6928
2273
4290
7480
5895
7356
2010
4914
2295
7476
2804
3398
821
2889
1736
2730
594
5688
7643
2291
898
1536
7741
4048
7337
165
4367
6396
1010
4008
6607
2655
6916
2412
6009
377
183
1605
3513
2714
4621
7293
7082
6913
1385
5985
1200
1605
7120
4904
3504
5942
2325
866
6217
5046
6247
2411
1064
4454
7091
2968
6638
6651
7239
5735
3733
6303
4821
2200
6988
5361
6675
4026
1207
1998
4240
4363
592
6986
67
994
7398
3701
6421
4429
379
3973
3199
6380
4763
1898
3806
6327
359
2695
3236
4621
1975
4794
7687
7914
397
1879
2572
6148
3346
592
4669
6194
2348
3589
3865
2445
6714
23
1353
3478
5326
3598
6372
5384
8
475
5810
2069
2609
6993
379
202
4178
1420
7204
3956
5852
3239
2521
7872
2387
1983
2162
3229
6291
5894
4726
6916
2028
14
5033
3679
1719
2911
4892
2248
5801
5150
248
335
387
665
100
3778
6464
300
273
6435
1608
542
2755
4418
6628
4396
881
825
5346
3930
6226
1313
6134
4813
3469
3402
271
6180
3527
7368
5227
5713
4522
2659
571
4850
637
2024
4838
3485
5536
7367
4174
1126
385
4827
5084
7142
4830
6091
4649
1725
4331
6810
1534
1236
7591
4432
4825
6897
2224
6524
5155
836
1057
2854
7367
6937
3374
892
7629
5947
7680
5162
5925
4383
7066
7244
6488
4191
6061
3844
3728
6074
6557
3608
6303
3636
1769
215
3108
2500
6511
6837
1316
5591
6747
6751
555
387
6452
7555
3947
3888
7306
1130
6077
3103
1294
1840
7173
6235
2879
1887
6293
4406
7204
5233
7910
3906
4076
3263
1386
2032
1646
4686
2012
4518
4865
1251
1192
5126
329
3721
1076
7524
1648
3674
2021
1930
7447
7640
2048
7032
6154
3345
4013
1538
1676
6832
155
5742
1154
220
3720
6774
6230
6577
4058
4873
3326
4942
6453
7006
1492
7327
3119
3043
7390
517
7458
5382
7495
7525
4053
3069
6696
2748
6354
5925
4938
1791
2899
6429
5826
6030
1821
5174
3946
2770
3774
17
6531
5281
6895
7818
4418
4624
3198
1526
5606
1870
3242
3803
7859
2056
2816
3044
205
1218
2891
3204
6627
236
1900
5734
2465
7732
3151
6049
1611
4102
1138
6609
5492
480
4701
4950
6533
5395
6036
199
3341
3741
642
5897
4269
4869
1716
4315
6443
3000
3234
20
5074
6182
5787
5718
4849
5324
3068
2726
2233
4730
1124
5497
1795
5195
4128
95
7388
1886
5515
4048
4501
7670
7592
5761
7537
6025
1392
3453
4608
298
4530
31
6385
5921
7689
7476
7609
6921
6706
6244
4486
1154
7208
983
212
1727
956
6596
1974
4242
6010
1785
6251
3481
4504
800
2562
3673
2076
4812
2617
1267
5676
5448
6252
6400
4562
3319
2600
7594
7124
6171
3121
254
5302
445
3272
3631
5874
3622
3378
2326
575
5219
7068
6409
5310
4228
6712
3705
2118
6392
5823
4855
7469
2403
5355
7488
4138
7340
6260
2307
6914
6387
5026
2614
3936
1589
4087
4877
3924
4741
2717
463
3564
2295
4362
5437
6387
6852
6666
6859
4038
3616
3181
5882
6457
4175
101
2200
873
4065
5833
965
4061
3391
7378
6559
6210
3101
1795
7152
6940
5712
829
6941
2657
4327
2760
6016
346
682
121
4194
3624
585
6900
2243
4775
4365
7347
7662
4734
3096
2588
5419
2099
7371
1343
1825
5868
5893
872
2845
4298
6952
1390
7151
5089
2008
1407
5316
3197
2862
4424
1518
2069
5206
3815
5690
422
5426
4750
1943
625
2904
7729
264
6082
7487
4218
7232
4091
2699
3342
5481
649
4545
3362
5318
2065
827
4524
4787
2122
7202
2545
2710
5297
5410
4902
7407
6099
7391
7276
4696
5702
3883
3705
5112
564
7113
6860
7400
7112
2786
1035
2322
112
2176
1074
3133
4970
5885
223
4977
254
4662
7113
1932
5896
6919
5388
2640
232
5290
1894
7829
7386
5315
2129
5992
3218
2258
4045
5670
361
7068
7466
5309
3951
7918
5564
5955
1195
2078
253
5689
5733
4812
4376
3864
4384
862
2677
898
3844
356
2673
4027
5791
7845
4527
3375
2060
2824
2296
1256
5291
1733
2639
1306
4345
5294
1805
247
210
6207
28
5618
4878
7459
752
7080
2
6971
1596
5777
2703
1022
1347
5083
864
60
5596
6257
2487
5765
5286
3613
7317
6150
7169
4888
4987
7773
5951
5354
4466
1425
6994
2166
2531
1193
4824
5671
5889
6222
7159
5074
1483
5884
2242
5635
2008
3928
5139
3664
4176
601
580
7210
4623
1459
1429
5146
7552
568
1425
3395
462
7498
5217
1922
3014
5689
3281
455
731
7539
7821
1867
7631
5829
1135
3758
2007
7284
5542
7797
3592
7609
4756
4550
695
2912
6930
1867
1796
1081
106
3192
5224
686
7744
4687
4522
4635
5043
312
4056
5008
7830
6157
3581
2440
7719
6300
5254
4421
5335
4827
4169
2867
4118
5440
5789
6329
3842
1409
879
5915
3960
5688
3333
5334
5576
2723
2993
3567
4642
6143
5922
2090
4449
4405
3769
1935
582
5653
3979
4914
555
7399
7370
4190
4707
7246
787
4409
6980
5785
1379
7608
1079
7512
7795
4821
3653
2835
7327
7075
5731
6466
6207
31
1009
4375
772
2085
2480
5897
855
1004
237
7222
5903
3329
474
800
3584
6041
7911
2000
5211
6771
3182
5605
6553
1202
6048
2595
5228
1304
4550
5940
1611
5159
2872
4696
6143
3351
3821
2283
5754
4276
3060
6982
7462
6199
3214
5642
6767
7010
1275
6778
1763
2804
2717
3907
1785
2428
924
6745
5693
6399
4373
2309
1197
7663
3282
4511
3428
5119
5290
5514
7560
2768
5710
7154
7080
760
5489
7019
2718
1506
4876
6941
6475
4248
7514
1766
84
4577
283
5861
5667
5254
7153
1563
4788
3972
7416
61
851
7253
7392
5770
7152
4002
5425
4301
4243
4395
4288
6991
6581
6575
2176
4412
7808
5861
6242
3318
2586
7726
7159
3927
6607
7493
4516
7120
196
775
1557
3881
6924
4761
1902
1637
7220
1803
6945
4981
1459
6085
2933
4089
6680
7287
3973
4984
5551
6212
3783
1564
2572
2416
1413
2256
1594
163
6003
7642
2625
5234
770
4861
3799
219
6791
2798
1402
5323
134
1606
120
2514
226
3304
681
5934
7142
3303
1761
5673
494
2601
6913
1797
3617
5013
506
1105
7571
1512
4306
6592
2541
2673
7175
3427
5161
7099
3778
3211
4694
7054
2957
4791
3668
3597
7420
6828
90
2407
7387
2495
3195
6528
4324
5078
3728
7196
1361
2713
1811
3438
1655
4979
2934
146
5390
5991
15
1044
97
4994
3275
7338
6377
6999
7832
5835
6967
1018
715
4340
6619
985
4979
695
5404
984
2185
5458
3631
2223
3111
6114
3204
5310
5774
6697
5869
308
2478
1413
3638
6436
6319
2356
3747
3269
7128
2621
515
7062
7857
113
2170
1291
6692
5523
5645
3638
3624
627
7188
3720
7819
3575
2599
676
5201
1645
5020
3507
3636
4516
182
2791
4018
828
151
12
4558
2758
4457
7342
5278
5808
4930
7572
7684
7487
5742
1908
2706
7232
728
6447
3186
7694
2169
6755
427
2805
5277
1073
5789
6972
5146
4208
3636
6547
1863
7090
2168
2324
6272
1812
6005
957
99
6930
6865
576
2535
463
6877
1306
3510
6412
1458
6572
7577
2858
2520
184
7328
1685
2
2418
6152
3110
4344
7499
6723
6189
1959
6709
3259
7434
3110
6281
2249
1852
4822
2473
3974
2675
3413
3688
4845
5412
856
2300
6322
2355
1573
3314
2833
90
617
5428
7124
4142
1344
6419
3474
374
7607
5275
2762
3673
5290
2210
4942
4157
1306
6064
5530
7588
2202
1036
4651
1984
1891
7264
3549
899
4402
6134
1812
7173
2181
3716
3411
1610
4344
472
6696
7555
4503
2855
7394
6995
3645
1072
378
5554
4599
913
5923
7174
7699
240
6580
5920
1864
3439
4439
7884
3836
6288
7663
5139
4696
7488
7018
2255
4953
4147
1436
4316
2645
416
4095
7509
7644
4855
5234
5939
2511
7391
5859
396
1399
4898
3220
7174
261
3210
2560
1639
878
5946
18
1116
2076
5848
1297
6462
6870
7127
620
7875
1309
109
4817
6841
5506
3138
2777
3219
6235
2296
6215
5972
4523
7092
2943
1781
32
1920
6705
5650
874
7796
4904
4737
6087
7887
886
6915
7288
2959
2131
7532
1950
3789
3691
6604
767
2375
6329
4097
28
1070
1172
3725
3590
1385
5610
4859
6038
5114
7797
5273
7206
3514
2311
4253
4402
7745
3399
6665
5643
6953
568
5737
5710
5560
561
360
1457
1185
6908
1505
4922
3501
7789
4308
7612
5523
7430
4420
645
3174
5350
6332
1999
5859
7461
3507
4604
3574
6385
4060
4845
4994
1683
4148
3959
193
4868
5788
2004
6039
3891
4512
4905
2747
2578
5951
5793
3003
4468
2378
264
3349
2561
4767
2913
6168
4551
1279
1367
4133
6930
1870
7327
4581
2641
2716
4565
5714
1411
6778
4626
3864
1184
5196
2806
2639
988
5491
4689
1848
373
3677
5046
5705
3200
3965
6070
7037
1887
7681
5715
4198
1844
6495
258
2608
6410
6591
6291
439
6240
784
5868
5260
6533
3618
5381
2044
7651
1050
5675
7232
7518
3493
7914
4706
3674
164
6060
5763
5623
1066
7599
5772
4101
7559
554
2388
1245
543
6199
3777
467
4267
1665
7272
3495
1947
3823
1853
3242
6060
7561
6736
5962
4626
7453
5241
425
2070
6456
3431
3584
2892
1066
766
629
915
2600
3964
6361
6851
7023
5880
1084
1272
4475
5892
574
2622
5713
6598
3265
4708
7432
2314
5906
400
345
5131
5173
925
468
4488
2610
1052
7136
599
2703
4010
1637
416
7779
493
3105
6007
5929
1620
1963
3498
3527
5834
5726
4025
5817
31
6060
2780
3445
4475
2530
1457
1025
5994
6740
118
1233
6697
5166
3603
3266
3872
7132
463
5668
2906
3446
1694
159
7815
6705
556
4100
5259
6389
2142
2611
6405
5642
512
3974
1961
886
6380
1751
7615
7871
786
2716
1989
4944
2067
6031
1612
2022
7197
5774
1065
5424
4501
305
6174
5259
2893
3605
7075
3182
1065
1934
2149
5272
7354
4401
7238
2406
3836
4556
1769
1799
6247
7369
7010
681
7010
7104
7751
