89
223
223
201
94
96
144
34
19
93
229
296
292
280
200
22
291
45
30
54
147
297
275
242
139
79
299
240
282
269
261
137
29
194
256
132
93
163
114
216
230
56
118
296
34
66
236
185
155
166
108
40
150
243
294
239
170
115
256
253
212
65
32
149
251
78
173
109
15
116
300
122
193
230
236
49
164
14
17
10
248
294
241
173
261
229
32
39
126
79
57
24
220
116
61
25
31
66
199
131
176
197
90
82
213
203
39
22
33
72
175
17
273
235
72
222
37
260
160
299
254
266
184
250
95
27
217
47
291
30
269
170
88
243
269
69
292
236
231
220
289
243
122
281
132
222
264
139
222
