7452
220
2376
2361
3965
5187
2899
805
3455
4553
4581
4314
3005
2327
7997
2209
1903
3338
7409
1851
4451
72
3089
3146
3690
557
5876
7197
4406
6004
2801
3552
5923
3825
4599
2954
6670
7512
4374
1622
142
6861
4753
1545
3988
841
3662
4969
83
4451
3599
2967
2122
2509
5430
7303
3085
3616
2782
5381
6877
6303
1549
751
2912
1229
1314
7220
994
4153
1822
4855
4561
5997
4482
6848
4717
5616
7190
3559
85
2597
4723
2173
1927
1936
5346
2807
2087
3937
6891
6590
6251
2307
7940
1500
3467
4417
1733
7902
1259
4832
4176
1024
7340
2199
481
2684
6902
5739
7061
1742
5524
5424
7828
6185
5323
2334
6887
5529
5270
2444
1118
7664
5529
6034
448
3210
440
3030
1081
1716
311
711
7115
4791
4303
4397
4090
229
929
2159
2238
5240
4270
165
7602
5690
7779
7368
1703
7777
4943
3548
227
6432
5743
7929
2008
5050
2742
7663
5011
6010
4518
5479
5941
6003
614
3920
6930
598
7674
3348
7648
5608
1428
6515
3694
3570
7792
1639
3671
2640
1739
3691
2523
5812
5289
4335
443
2133
1824
2448
6824
5126
4208
7589
3675
7570
3062
4603
6413
1982
4412
2599
4128
1477
1768
7415
1993
1362
3610
7794
231
5549
2791
2107
1483
2514
2363
1409
2579
713
5634
5766
1927
574
6261
3981
1539
4303
1074
6474
4238
6629
2449
5988
6102
4337
4932
6525
1904
2279
1912
3726
7961
7143
3474
5332
6427
4066
2452
1738
4210
6438
5604
2519
2969
3176
7820
3672
1553
136
3520
2616
1084
6455
6656
5828
3216
873
6706
6962
964
4331
316
762
1099
2541
706
2673
6751
5873
4512
1717
6617
565
4629
3639
4330
6511
5545
4109
5460
5558
5275
21
1157
5236
2038
4025
1107
1940
1697
3066
5464
54
1596
7247
3645
7343
3278
7046
5842
1213
1672
5058
5829
6740
788
1904
108
6240
7508
6109
819
5672
1730
6401
3136
7446
5567
6599
3152
4702
1204
5082
1617
2701
7654
837
6082
5449
1727
6861
2439
4044
1775
6281
6736
223
3603
7182
5358
2982
2158
2162
6959
614
3531
7295
66
6268
5726
5862
6968
6844
7266
4381
7522
3327
4691
7730
7483
4204
5914
6382
2194
730
1590
2785
2563
1869
52
5401
6014
7112
2919
1415
75
6949
2534
6628
3127
6923
452
3350
4319
1137
1593
439
2051
1310
5306
4610
6057
1871
1898
3117
3378
4720
2397
6337
6114
6130
2863
5393
2699
3510
6286
3055
4358
2393
3424
7529
1141
7844
316
1895
3857
3
163
956
2394
770
7222
6549
5024
3358
6167
2865
7845
3818
5559
6897
3022
7173
4683
4671
3348
2231
6655
4177
1502
3
138
6799
4981
7465
7087
5695
4677
4001
1093
4979
1798
1877
1789
4127
7218
2365
1532
3521
4351
6181
6128
3334
4354
6186
4887
293
7601
1315
5691
1007
1081
1502
7823
4665
7447
2595
3734
2559
7328
4542
1578
204
6251
4600
3042
3482
3213
437
7688
2280
3885
1898
5172
5944
4378
3967
5299
3687
2123
2480
930
5580
918
5523
7013
2923
3781
5592
1573
669
4570
7023
6472
7953
1097
5084
3091
1733
2890
4429
242
6578
3570
2586
3206
5465
1931
5091
4436
3805
2778
6476
3348
5088
21
6431
408
4436
5981
4543
3475
2556
4014
83
1564
6761
5769
6202
1496
4932
3655
4339
7449
2798
7056
7331
4787
1537
6525
1154
6452
7634
698
2204
7842
3543
2773
4439
7193
6387
4660
387
1112
5945
4404
2275
6702
6927
5981
4357
7030
2407
6266
2080
3855
3142
7002
7571
3721
7628
587
669
3508
2173
7146
7919
1418
2820
3685
3836
2362
3146
5562
3768
1601
7381
7239
2198
1098
6470
2471
1637
3125
5019
6158
4646
6902
5618
473
6099
486
6049
6072
489
3839
5456
3318
2401
1210
683
5854
1484
7398
2171
4576
3950
2109
1352
6480
3678
2402
1855
6667
1520
534
1000
3803
1719
2699
5421
6234
7242
5165
1353
857
6266
3943
4272
1500
5547
428
3211
6684
3283
3706
1342
6928
6135
4251
5803
121
3337
5682
669
6066
2400
6911
562
5806
4743
3459
3095
888
7531
1244
1276
5085
6049
4937
6063
6767
4245
5145
2563
1880
2365
2179
1969
7059
5656
7438
496
4831
7883
3585
3594
6418
5355
5955
5668
4087
7363
1525
6702
6872
5802
1853
4535
3394
3879
7426
6739
2452
1316
3376
6382
6884
4817
7401
2825
158
5914
1530
7370
6702
1169
1376
2049
5555
1296
4401
2579
5514
1123
2284
5543
6123
1925
3568
7322
6460
7877
5500
2661
4562
4966
1733
2353
3350
982
718
3252
4945
560
7147
2996
2870
1591
3829
6181
3154
96
3314
6481
1895
6950
6060
5101
6639
3397
4581
823
5329
2710
2504
2593
3893
1029
7249
511
7025
3119
2075
3361
402
4845
2826
7386
6902
6944
1326
2174
452
1847
1527
5215
6017
1293
6392
2723
4878
7731
6910
2582
883
6087
3051
2925
6623
1529
799
7160
5144
341
1436
467
2706
87
5709
2871
1275
3466
4138
7519
3690
142
3652
6445
4229
66
6719
5376
5996
487
4437
2036
5612
3114
817
1830
7692
669
4285
6633
3611
1533
6654
1205
7986
4374
6159
6883
257
731
1811
5479
138
3854
1465
2502
2981
83
7237
2514
1462
789
7705
3871
7727
2473
1221
4918
6361
488
7490
2789
761
4708
3417
1423
2001
3276
2193
414
5183
6125
1440
3113
249
4566
1491
7561
503
748
6165
1456
7345
3300
3441
7886
3526
1636
4719
6191
5349
7130
4015
3158
157
3372
2903
5781
6315
5592
1167
3968
6041
2594
1006
3525
7885
4954
1949
3495
7832
5455
2184
7091
1447
1217
5335
867
3646
5044
1398
820
3501
5765
3976
842
1156
7557
7042
396
3092
2253
6720
497
5118
2532
5040
2282
3012
4856
5316
4096
6486
3652
2526
3232
709
555
189
4770
2026
5898
4551
1856
4683
662
3592
2358
6700
833
4
7570
1570
1819
1789
3241
7511
2172
454
2288
1921
5861
6223
7535
1071
1597
3959
2114
7775
3664
2465
7057
7729
5808
2504
1568
5729
3931
2536
2926
6725
2830
4243
1582
2448
619
1273
4159
5249
7005
940
6826
2271
7061
4013
7174
6988
6309
1427
5879
3365
7765
7487
4102
7257
2680
4790
1502
7101
7240
204
1906
7362
2108
6796
2904
6220
4750
6759
3476
6054
3009
4032
2018
7211
1633
2205
3060
6359
184
6274
3650
2779
534
4150
5509
5068
7547
967
1129
4627
3142
4812
6557
1664
2615
5407
258
5987
2743
1141
5675
5873
5038
6184
5425
4069
3313
7828
7431
3737
3860
7349
3626
2510
2785
4978
821
2857
561
2151
3136
6107
5824
1147
3565
6183
3739
1538
6687
7664
7959
5034
6165
3450
3777
88
7246
6046
2469
3896
286
7636
7590
1165
5866
1959
7875
2986
1196
5960
5523
4695
6748
5130
3031
6448
966
7387
6168
3061
4122
6791
1364
6438
728
2152
2190
3178
2289
727
2278
3263
4501
1269
6930
7398
6818
492
5255
783
3472
5734
5036
1786
2829
2537
1148
2537
6804
6857
5964
3113
2941
145
5103
672
1851
5392
3850
7395
382
7891
625
2353
4129
795
6161
505
1742
5948
2784
1955
2696
1662
3340
6873
1323
5711
1974
7873
600
2732
3867
699
5640
4586
2414
1667
2108
3221
6480
4776
4728
3670
2325
4588
2318
5538
3705
5571
1903
7363
5976
2320
3552
5778
655
1416
1973
2647
238
7074
5737
1751
7527
1110
7197
5588
1826
457
7739
6929
4549
7823
5975
1784
6136
6835
2831
7613
3898
1483
3109
3085
5116
7292
5877
7649
5284
5230
3588
4605
7584
278
2957
5220
4367
82
651
263
4011
1359
4906
1931
7984
3661
4495
1605
719
6551
5367
1623
3135
3072
338
6935
6203
7604
6549
6006
7386
7977
3121
6411
4881
5716
5078
7245
1312
7156
5208
2976
7957
2525
699
2997
2570
5844
4017
4407
7340
3303
118
1152
4625
5358
2184
225
2904
11
905
1451
7090
753
5905
5777
3834
6748
3435
894
5561
4389
2723
7182
2440
2007
7879
2029
6310
4108
1887
1381
978
3162
2452
1428
4778
7458
5367
7934
4001
6531
3223
5636
3221
872
4307
2364
5630
5247
5589
25
3711
4417
5268
1584
4954
2413
1087
341
7539
3557
50
6545
849
4346
1584
859
5635
6219
4659
183
6960
4070
4866
263
7624
6274
7989
6397
3281
776
1858
2398
2245
2519
2101
780
2627
4483
1920
6197
5127
7429
2635
1746
6519
4833
1803
1308
78
6944
6901
2461
4482
4264
3757
5839
6356
965
5090
5704
2815
2163
1682
2185
4446
6634
7971
2325
6911
1670
2636
4932
1081
826
347
842
7484
1122
5089
6235
2153
7051
1407
1837
95
7388
6590
4827
3878
4567
5709
4504
4399
335
6431
1705
1109
4600
5886
6624
1543
673
6991
1857
7382
1368
7890
5081
1131
2302
1007
6478
5804
4198
312
5915
7865
1767
5133
6362
1323
6774
5838
4504
4270
6351
723
7293
5663
2218
584
6163
2444
3522
7159
6349
2996
3147
5304
5888
3774
526
2056
4130
7237
2650
1175
903
6016
2419
283
2923
17
3366
4177
6462
5849
1045
3937
1025
3587
1840
3929
2599
7303
3610
4019
3017
5076
5287
7237
2799
6660
509
4073
4890
4227
1134
6427
2985
2675
3294
6899
1816
3511
65
4549
4571
350
5914
6894
569
1708
6740
731
7304
7705
3010
6213
3729
5110
4216
3106
1421
2287
3959
6780
6811
1073
834
5118
6823
4616
6901
1733
2801
5223
7532
5654
4825
682
6791
5491
6115
6715
339
6860
5566
3104
6688
5830
5295
5616
4119
6673
7663
470
3251
6619
1140
4025
5110
6734
5652
4507
617
5103
5192
2806
7520
4851
998
3242
6313
4619
4208
2703
4297
835
3470
394
4549
5630
6110
1420
5757
70
2627
7637
1462
5389
4424
910
3736
1271
7426
5182
1263
6147
3412
6459
7708
7595
4628
6574
6125
4449
1031
1376
7885
1393
5766
1989
1349
5663
1137
2985
7915
1392
7281
315
4151
172
1224
4266
3335
1665
7250
1589
4651
6609
7715
335
6719
4487
6397
5637
290
2108
4729
4297
852
4797
6656
7611
3256
4057
4150
7975
1957
744
6971
6272
2652
7098
6146
1528
2854
5894
7753
2492
5050
2747
443
496
512
493
5218
4710
5972
5234
5564
905
438
734
2118
2768
7213
7368
1299
7096
7099
2652
3271
2182
4624
1611
6785
7589
5884
884
4485
1000
3220
4175
7059
2582
2237
7753
1591
1304
6520
6179
5790
5870
3594
2630
6872
7350
2114
6817
717
7086
7955
4849
7140
1329
409
6274
1678
7712
5091
3710
2363
4624
7460
5233
4259
2273
6637
5175
7109
3146
1114
1799
7568
6123
3592
5218
5597
2808
260
2086
6916
2869
4165
3456
6681
5776
117
879
2574
4358
5600
6400
4624
7588
5061
582
6305
6273
868
4250
6274
5788
5560
5056
5471
1948
1656
7964
7391
3500
2470
3491
1104
1656
2384
7514
5792
4824
2058
7551
4248
4333
3395
7428
2846
1878
5896
3966
6657
2757
4339
2352
6572
6247
1866
3956
2004
5680
5292
2865
4237
5954
6514
2158
6066
44
4569
4174
5180
3452
54
912
2219
2279
2887
7002
5140
546
5321
1362
472
1957
3950
7518
7565
4687
4630
2777
2959
5941
6272
4567
4114
6527
3904
4610
7764
3627
3250
7882
1754
7884
4047
1474
2368
5550
4468
5999
4536
5053
7174
3887
3442
6184
1255
6404
597
3381
5193
3305
7960
2057
5746
1008
5804
5537
89
3150
5017
3726
1494
6134
5450
3022
518
380
2775
2277
5179
5599
408
6030
7540
6206
3712
7384
6013
2223
3128
2545
7345
3280
2107
2450
125
4375
1399
7638
4836
3540
6114
727
774
134
6340
546
5751
2268
6413
1694
2701
3860
1730
5323
6634
1681
814
6879
7372
1773
3715
5407
3021
6528
4296
7405
1330
6374
6984
3111
1751
6898
7003
529
6768
1963
3101
2438
3794
3521
3853
6638
7166
5375
6752
304
7515
5000
2789
4699
7653
5992
6509
794
1721
162
2963
4635
1966
6175
3641
3740
2983
2760
5203
6769
1613
4708
2056
1259
340
1784
5492
3519
631
3868
34
1699
2484
4188
2999
4478
5680
3413
4847
6673
7844
3381
1040
1633
4458
1322
7397
4432
3266
3840
3391
3243
1030
1638
3346
1626
3273
3485
4567
2927
3708
7689
6919
5295
1725
7004
1739
7230
5866
4796
6774
829
4226
2216
1693
7071
7204
7383
4670
3834
6222
5273
1946
7770
490
1652
7794
6050
2451
1829
797
5578
2477
6123
6222
6730
1801
3620
7988
4856
5484
1333
1182
4594
526
5414
4953
1720
2372
651
4681
2030
1804
5817
1144
7496
7865
1061
3419
1673
4486
4756
1377
3466
366
6885
3313
6008
2615
5109
5102
3410
1901
5174
1280
5909
4211
7790
4586
6175
4649
2793
7745
496
505
3238
5308
1181
2506
5267
5334
6111
7672
3891
472
4262
5608
6932
1472
7564
3574
2409
1410
6671
4810
2284
4526
5357
7850
4351
3226
7360
6924
575
6409
6545
3480
1402
6707
6410
5502
3575
2437
4316
1286
3583
1834
1317
5264
6737
1403
5402
1809
408
3631
506
3103
3610
6680
4896
3938
3052
2843
1677
532
5085
2867
1796
532
496
2790
945
1962
3074
1427
4786
7141
5782
6755
6135
2428
7672
6887
649
7883
4925
6579
1958
1787
4991
4779
2119
4325
786
5378
7943
5322
3324
6506
2799
1985
2599
4334
4842
3737
4614
1279
975
3193
2181
3763
1368
2919
5285
6382
614
5934
7114
4896
7408
6310
1832
1718
1108
1406
2767
4516
4465
5776
1833
4880
2861
3020
3026
1299
4628
7367
6862
4761
7512
1895
6231
5658
1599
697
6298
684
7204
1103
5932
4379
7256
1130
4812
2478
5746
4275
6712
5538
4266
3011
2354
7010
7451
2512
3735
1647
3031
4296
6239
7109
4428
6718
6581
2146
3811
4496
3583
873
5664
616
2955
3247
6949
6467
403
3362
2338
2680
1728
4036
5485
3717
2412
5256
3107
1166
1706
5480
5791
5013
5936
472
7924
4025
7054
876
3109
1254
170
2457
4192
6589
7119
2361
3423
4912
2401
5373
1361
507
6474
228
1865
6962
6570
4612
2822
1834
5974
5765
5215
7457
822
4366
3604
7640
133
3590
5711
6885
6402
6572
4894
4735
4418
7091
1751
3608
7377
6382
120
1797
5744
6011
7142
311
4202
910
5351
1617
7109
1476
7841
5885
5313
4576
5675
3384
2628
7426
1944
2028
3654
4435
7322
104
2435
4103
7694
2077
5627
7678
6351
3237
2863
607
5066
3004
226
1046
4703
4543
3889
5844
7154
5121
994
1572
4609
2626
6256
3289
4703
4899
2537
5798
102
3891
6898
2599
5526
2440
4694
1112
7514
2030
2811
3957
4468
776
7243
2987
7312
6014
7606
328
6003
6555
2484
960
6526
2057
980
2479
623
2037
1268
5171
1164
6059
3491
5398
6203
1405
4856
5604
4352
4018
6474
5525
2490
4109
3845
4620
3103
5458
7895
5400
542
1976
7084
2489
5678
7608
6467
3749
5737
65
4393
282
6383
1826
3354
1731
7121
3612
4265
1246
6015
420
5727
5384
3239
5257
124
7285
3062
427
1556
2465
2903
1774
4580
340
111
1116
5075
1051
5532
7574
5016
2489
7137
2855
2097
5900
5468
4432
7205
5230
2335
1947
5322
6676
303
2361
3435
1060
5577
5246
4209
3025
6150
2639
6240
3077
6394
5043
2332
2525
7019
3708
4968
7159
6887
3457
3335
7630
777
4565
3985
1316
6064
138
3747
6918
6798
6150
934
7086
5025
7929
2124
7677
5841
5776
5232
1203
6318
7164
5925
3868
5515
2056
5139
1864
4580
3562
2628
1270
3589
5803
6943
2734
3979
7766
3444
6605
2338
3349
6439
701
3073
6979
7035
2262
5091
6128
4475
3968
3313
4662
6525
1806
5059
5339
1694
3688
3103
1041
5737
1212
3328
791
906
1101
315
4327
952
1920
1282
7970
2369
1135
4664
5670
1238
5823
6464
5312
3146
7870
3145
6533
6728
1346
3373
6157
3662
2014
4478
6850
7620
2580
1024
5399
1477
4182
2498
3120
7464
2591
831
5311
7518
639
7214
6628
7855
6567
4153
6898
4066
455
4174
4872
4658
6437
3644
1518
7617
4753
4184
4994
7180
4701
755
6536
1189
4064
4245
5846
4977
2423
6597
636
2353
5450
2327
1079
7798
3194
2681
7543
1857
2955
6415
442
1529
7746
6354
4063
4376
3295
1593
1667
4685
2313
4761
4057
4149
4910
7873
4462
5263
5393
6928
1942
6548
290
7619
3292
356
4940
5540
4310
844
3425
5011
1784
432
7975
3484
2714
1090
1774
3976
6714
6638
1540
5282
4563
869
6055
1544
1039
2690
4074
265
3219
6400
6902
6069
3429
6421
4382
4696
1566
6872
4306
3009
6870
298
6701
2305
5515
3732
647
458
5306
2893
1890
7066
7080
4650
204
2628
4142
3440
4595
2082
6494
602
7136
3809
7189
2846
3540
3473
2228
7000
3564
2446
7857
1456
436
5061
6930
7002
7793
4109
5203
5894
7878
3559
3775
1202
5393
2333
3960
2594
819
7056
798
6769
3813
3221
7640
2239
2537
3194
1812
89
1243
6691
3912
7455
438
5436
3309
7311
1312
7240
2196
7375
2647
7224
7074
4129
4625
5354
3160
1504
6926
1754
4313
3192
7195
1317
6133
5025
1589
7565
1996
2422
3842
5925
1630
3045
4230
5821
1496
2973
3817
7800
2898
7428
3623
2724
2385
2876
6197
6658
6605
2983
6450
5696
4132
5326
3139
1363
4379
617
6763
2489
177
5017
6458
7843
5872
2828
2627
5614
6867
286
7459
6567
5709
1100
5586
74
572
6314
7302
2806
5358
5844
2106
6403
2867
448
4401
7421
7326
3131
3822
5323
3950
5452
3500
5307
3751
1989
830
2438
2971
5614
6533
1395
1524
4256
2745
373
4703
4774
6673
4948
5276
6138
2492
5594
1532
2887
5168
1818
7637
6559
4701
2303
3407
3832
4871
2232
2602
6301
3780
4364
3816
1455
7853
6337
6476
3832
6978
4899
4517
2439
383
5234
3988
940
1124
4540
1061
2511
2153
694
490
4984
7941
1660
7760
1518
1293
2326
3918
1991
6514
6262
7192
3695
2333
1297
2644
5842
4695
376
1896
6323
1512
2738
2589
6503
980
7746
5066
3149
2139
2105
5711
1027
7004
4775
3185
5946
4949
7195
3149
477
1095
6984
1296
6829
5670
3973
369
381
6791
4697
3202
6015
2176
3273
7918
5427
804
411
2803
1481
913
63
635
715
7163
5150
7500
5411
2610
3202
5695
1443
5882
4081
347
5314
5714
6372
1925
532
1105
278
7152
4137
5920
6262
6760
2133
5771
290
2196
3876
3342
4441
4620
3508
1591
1916
619
7377
2513
6855
1838
2723
7183
2686
3263
7836
6128
2532
5779
1522
1914
2151
5738
3601
1845
2315
401
6802
4696
3488
3230
3018
5328
670
3383
7666
5245
2482
995
5935
1629
3057
6687
6266
1124
437
330
4028
3059
2101
4579
1130
2894
7644
1066
148
420
2298
1842
7185
900
3079
6605
192
3001
5442
1479
5075
7348
2653
38
5492
1695
1063
6954
493
6933
724
1972
747
5902
998
5204
1032
2739
6323
167
1405
2861
1593
1272
7729
28
3859
7001
6916
2527
225
2476
1451
952
58
6817
4746
5222
5092
2562
1518
5842
4200
1794
7256
4303
2907
2379
4401
5331
3544
828
5661
5623
4140
7028
3603
5031
6763
1049
576
1686
4154
3840
6621
7955
1225
6878
697
1918
1437
6756
3824
2879
1294
3505
1486
6185
2539
1812
4779
1614
6221
4164
6405
1628
2251
4019
5293
1760
2642
7162
3694
4686
567
2570
7234
1015
4324
2721
1449
866
6706
836
6537
429
5271
3875
4824
193
3549
6603
5442
2287
698
2825
7884
468
7712
6152
1322
1079
1784
6809
7710
1199
7526
7883
4697
5620
890
3396
2697
5536
7526
4559
2655
1917
7639
5353
1092
6126
334
5232
1138
3582
2397
854
820
2522
2023
2896
975
7774
7226
5061
3813
3586
977
5719
4795
2681
1388
6388
4163
1498
3124
3563
7914
2605
7857
1464
5446
7351
6782
5887
4812
654
239
271
5338
4245
7994
244
7834
5274
7811
6734
222
6564
6172
1090
2790
6212
4255
3548
3856
235
710
7228
7352
3100
7115
7581
7381
3909
7908
514
1810
4273
5471
2571
6486
988
3871
7326
2026
6142
4654
2949
7986
1551
885
5429
5771
4390
3459
3134
5637
4749
5097
1473
4792
3179
3173
5802
2079
548
6916
4144
4457
4200
2763
4019
7784
7102
1892
5659
6708
4629
5432
6142
4638
4593
7572
7510
3099
3720
6779
7237
3318
734
5409
1661
4257
4275
5635
2721
2530
438
990
2071
2561
3178
4176
4615
5547
1425
3284
2971
6133
4260
5156
6124
1934
2010
7249
2635
3254
4594
7069
1875
1952
7296
5561
2763
2377
1633
6662
3931
5967
6293
3735
6892
1013
4178
3014
7803
2080
3825
4203
4543
1424
1110
3505
7560
7066
5338
7871
7331
1243
3462
2420
49
7589
2853
5515
1192
7036
988
5148
5615
6479
7026
2606
3021
4460
2290
1200
836
5015
1996
1522
5182
4165
5468
215
1632
6714
216
3742
7350
4543
2501
4193
4088
7157
5388
3958
3799
4996
6435
2794
783
1525
3222
2957
2138
7640
6148
121
3537
6813
4049
5375
6689
2225
164
6212
2607
6685
1750
2835
433
2770
7328
1057
1875
4670
7182
5645
5701
4939
6974
2641
1545
7892
7235
4196
7441
1879
1495
1154
6700
4403
275
5912
285
2299
5068
3325
7345
7030
1289
4192
115
5148
3478
7758
3276
6485
5205
7542
988
5987
3266
7314
1068
6710
2305
1502
4875
692
7810
7188
7356
7668
4873
7940
3867
6201
378
284
4999
1501
6359
6671
7042
7676
7566
1877
767
6079
6400
7071
7855
7560
1547
5048
2841
1024
4371
6913
5129
7680
2083
1440
2796
1254
4187
6096
1405
1380
4262
651
4354
2895
6604
751
2195
2624
392
6224
1545
2653
426
4877
5814
3242
4527
6050
5704
338
3994
7594
1014
4964
3700
1489
7365
2146
6290
6880
7207
1681
411
6241
747
6940
1570
2984
3183
6845
5828
2973
506
228
6691
3462
5231
5525
2102
1486
7228
7385
621
812
5210
7330
6886
7620
3661
3343
1450
6048
2727
4658
2474
7732
2176
2298
3294
7212
6640
1787
4552
4208
3564
7029
465
5993
5104
5605
7962
5168
7564
4202
1214
3829
7084
3619
6609
3708
1545
2848
1538
766
7203
2724
4197
4598
6087
3620
700
5379
7292
7029
6186
3000
862
7617
3539
131
5072
7674
6570
6426
5395
5905
4431
6011
3634
7948
689
4092
144
7198
2586
589
2328
5029
7961
2931
1756
2569
5943
1866
5992
6710
4107
1239
6324
1534
2106
2451
4714
7215
7388
2150
5587
1336
116
3014
5096
727
2787
2836
4739
3191
2674
5686
7313
4967
6712
6561
5133
5330
2591
1915
1038
890
1902
7492
598
6858
1095
6728
482
7171
4573
4522
6835
5666
5014
4838
4683
33
7481
5080
1455
6975
7323
3459
6979
6493
5160
3702
7381
4595
184
606
4267
965
595
2948
731
5384
7522
2133
6857
6670
6561
2217
4764
1433
2687
2339
921
7571
2613
2962
4831
6920
2067
7454
7497
4918
5023
3286
925
4834
1977
516
4716
4636
4351
6740
5945
898
6832
3583
6241
397
1207
6082
5657
1761
5295
5687
5318
1501
7594
3405
7738
109
5225
1148
415
1008
6167
5817
971
7020
2772
7488
7233
5959
3184
4810
4364
7033
1939
3613
7781
6946
1554
7356
666
7422
1370
7439
5768
6691
5371
1718
7703
4680
6352
4077
2080
72
7870
4112
7745
193
6231
2687
7679
2954
7280
2649
1683
738
1799
2885
3155
6309
4101
5008
2322
7194
6467
1705
7044
4833
3317
6411
7100
3424
3813
4544
739
6878
6335
4108
4963
6112
6305
224
5872
1794
3772
7070
7214
2658
2692
7636
1624
5435
6100
1202
4101
6900
7158
889
1620
190
3917
918
5791
795
3930
3725
6222
4315
6287
281
1357
5103
6092
1807
2045
897
3157
6934
3051
7497
7836
2115
6332
3148
6740
6959
4550
3031
6363
7393
520
334
5812
5519
663
265
2301
5398
6534
1866
5366
