902
106
1430
110
507
681
856
869
323
792
1138
275
955
165
1182
873
731
1240
727
464
506
645
1018
70
876
1232
821
608
478
1070
703
1154
1395
228
1127
301
1347
258
1414
394
954
126
680
545
478
519
60
813
792
233
1083
1165
995
1051
213
407
733
413
341
885
1235
1460
430
1273
261
1335
968
466
81
647
1421
1405
1140
1167
555
1275
253
490
383
1151
106
1204
109
922
1334
979
573
295
926
717
743
752
66
1340
43
313
884
547
950
1119
931
971
1226
281
615
1469
980
932
60
329
1436
1406
418
170
62
637
937
810
745
1135
830
846
977
687
214
848
859
51
69
545
1194
735
1247
1380
950
451
782
156
903
114
1000
1267
1189
457
729
662
579
379
160
978
462
1322
511
125
448
505
792
673
102
650
1428
603
571
258
780
373
989
1088
1244
561
1412
831
129
374
964
17
137
987
143
607
440
397
169
1213
853
320
1046
147
438
408
353
263
68
1044
881
554
512
1071
703
1083
1069
1189
967
291
1326
976
983
981
727
821
805
195
1043
1071
379
1114
351
99
1181
87
561
205
898
34
291
1053
478
559
918
1317
854
184
1168
1471
241
1138
1133
742
736
600
190
385
1209
761
846
812
114
916
1094
8
592
523
304
822
801
2
1191
1324
966
849
860
913
398
517
358
281
1163
1220
324
505
770
1387
280
1181
1442
1314
1275
1442
568
1457
225
993
1383
1302
1343
1301
324
215
70
1189
1449
839
269
1388
568
419
539
1045
317
335
213
253
1128
901
1054
451
123
1438
120
1317
1363
751
1456
1411
1351
124
28
1218
184
923
604
1296
932
237
702
834
1030
1257
944
1245
1412
113
745
1432
652
361
136
957
1069
1013
879
1099
748
1210
414
804
1253
132
1156
1343
369
931
889
796
1206
637
1072
1316
739
839
402
527
1304
481
1459
148
870
621
858
180
710
1437
599
1460
337
1385
1285
353
1479
1267
277
419
6
983
860
431
1059
1031
789
565
1408
253
113
1197
855
517
428
547
255
1441
10
26
1384
442
521
1241
101
133
315
1416
1276
857
1018
640
1033
975
359
656
599
944
758
1369
466
809
1375
1349
879
642
761
99
1420
896
434
675
907
694
900
156
1182
1424
627
350
325
1044
1334
714
842
238
1140
121
976
1230
1281
693
433
626
386
863
556
1213
870
1361
1464
1185
1308
495
1108
967
893
1430
349
506
1267
581
1143
198
165
442
216
478
1422
44
1285
107
822
1149
276
977
613
799
325
747
651
1473
1417
469
609
84
1430
57
679
1400
1318
982
1182
386
590
773
625
204
817
953
1021
508
934
1323
620
876
1283
694
69
1233
599
697
194
80
682
1000
175
1459
981
1157
192
721
623
128
1179
317
10
1143
14
779
764
1047
1258
595
642
1043
947
648
1027
803
300
561
586
92
952
985
246
637
928
531
1196
427
1236
432
969
408
1075
200
1382
153
1125
1200
1038
877
1322
1455
9
278
1208
1144
700
177
105
42
488
510
1143
579
794
598
363
789
472
253
1176
219
1267
934
1396
459
1008
1445
808
1289
1111
461
868
943
1327
448
526
701
920
1038
617
1119
778
1081
925
571
1468
456
247
1465
86
1184
1042
658
485
694
969
450
513
1384
471
676
763
787
583
557
852
412
663
527
1368
713
1360
599
552
229
1004
1166
1211
928
847
54
627
656
1413
915
205
1309
891
778
558
1017
418
707
497
1049
804
760
849
413
268
322
116
349
144
1198
39
885
1013
543
611
160
656
905
480
399
1250
208
301
385
1196
774
1412
450
549
125
1109
1133
1138
405
1283
503
1289
545
403
1098
1059
885
335
180
1351
872
495
1053
789
984
780
833
577
412
1107
1396
541
1103
350
430
802
1464
672
1262
1448
246
1478
328
82
1224
1192
1434
451
1133
871
1216
109
