298 299
129089939 270125797 797929861 471602987 961760172 851680851 391572290 862314366 270125797 204242068 391572290 270125797 295441413 153202148 129089939 153202148 204242068 295441413 391572290 270125797 204242068 471602987 270125797 883341961 280980536 471602987 153202148 129089939 862314366 295441413 883341961 851680851 391572290 129089939 391572290 797929861 851680851 883341961 129089939 871294165 204242068 270125797 295441413 835048540 871294165 36289939 797929861 668517512 862314366 851680851 871294165 391572290 883341961 280980536 460617783 471602987 668517512 280980536 529824893 471602987 961760172 529824893 883341961 871294165 295441413 153202148 961760172 668517512 835048540 961760172 460617783 471602987 883341961 295441413 295441413 129089939 460617783 871294165 471602987 460617783 391572290 797929861 991541492 460617783 204242068 153202148 991541492 961760172 204242068 883341961 862314366 129089939 204242068 129089939 883341961 204242068 991541492 391572290 270125797 871294165 471602987 529824893 851680851 460617783 797929861 460617783 129089939 797929861 129089939 871294165 835048540 961760172 862314366 129089939 280980536 471602987 862314366 529824893 270125797 862314366 295441413 36289939 883341961 295441413 883341961 851680851 153202148 295441413 36289939 871294165 204242068 851680851 391572290 991541492 883341961 295441413 129089939 36289939 668517512 862314366 797929861 529824893 391572290 36289939 460617783 280980536 280980536 280980536 883341961 280980536 153202148 851680851 871294165 391572290 529824893 797929861 871294165 862314366 961760172 835048540 797929861 471602987 280980536 883341961 991541492 851680851 153202148 460617783 36289939 529824893 862314366 835048540 204242068 270125797 391572290 851680851 391572290 204242068 883341961 797929861 280980536 851680851 36289939 471602987 991541492 529824893 851680851 668517512 851680851 862314366 797929861 991541492 129089939 391572290 153202148 129089939 835048540 835048540 153202148 529824893 862314366 835048540 129089939 797929861 471602987 851680851 153202148 862314366 961760172 862314366 862314366 668517512 883341961 153202148 295441413 961760172 204242068 391572290 668517512 871294165 668517512 270125797 295441413 668517512 862314366 471602987 471602987 797929861 668517512 270125797 871294165 991541492 36289939 471602987 204242068 295441413 460617783 797929861 883341961 961760172 471602987 270125797 835048540 668517512 471602987 280980536 471602987 835048540 36289939 851680851 471602987 36289939 835048540 529824893 204242068 471602987 280980536 295441413 280980536 851680851 991541492 153202148 129089939 153202148 280980536 153202148 295441413 668517512 295441413 295441413 391572290 129089939 668517512 961760172 851680851 668517512 295441413 280980536 883341961 991541492 391572290 280980536 36289939 153202148 961760172 851680851 871294165 797929861 991541492 991541492 153202148 295441413 36289939 883341961 797929861 991541492 851680851 295441413
2 208
2 220
2 221
2 104
1 76 36289939
1 107 153202148
1 93 153202148
2 204
1 76 280980536
2 190
1 169 991541492
2 56
1 53 471602987
2 29
1 81 270125797
2 48
2 90
2 222
1 66 529824893
2 8
1 153 129089939
1 132 961760172
1 257 529824893
1 52 204242068
1 196 153202148
2 77
1 18 280980536
1 57 835048540
1 256 961760172
2 35
1 167 797929861
2 1
1 296 835048540
1 14 851680851
1 165 280980536
2 56
1 58 204242068
2 178
1 176 129089939
2 6
1 3 797929861
2 46
2 221
1 23 153202148
1 57 204242068
1 112 991541492
1 175 529824893
2 178
1 65 204242068
2 42
1 191 270125797
2 69
1 256 129089939
2 183
1 285 529824893
2 46
1 6 883341961
2 73
1 95 295441413
2 15
1 112 129089939
2 205
2 246
2 36
1 150 129089939
2 164
1 89 153202148
1 175 871294165
1 99 991541492
2 295
1 87 295441413
2 143
2 186
2 205
1 108 391572290
2 32
2 247
2 234
1 4 460617783
2 192
1 270 129089939
2 125
1 188 391572290
1 79 862314366
2 59
2 181
1 178 851680851
2 258
2 83
2 17
1 49 871294165
2 117
1 213 391572290
2 198
1 165 529824893
2 161
1 174 991541492
2 10
1 103 270125797
2 237
1 75 280980536
2 168
1 110 851680851
2 43
1 92 391572290
2 250
1 32 460617783
2 173
1 252 851680851
2 72
1 257 460617783
1 111 460617783
1 1 797929861
2 216
1 81 153202148
1 32 529824893
1 120 529824893
2 206
1 236 961760172
2 28
1 159 835048540
2 257
1 7 270125797
2 152
1 15 883341961
2 87
1 133 153202148
2 114
1 179 204242068
1 223 991541492
1 42 280980536
2 209
1 157 270125797
2 28
1 164 529824893
2 139
1 293 391572290
2 209
1 95 471602987
2 204
1 111 797929861
1 238 471602987
1 283 991541492
2 234
1 52 883341961
2 108
1 142 797929861
2 225
1 11 391572290
2 134
1 242 835048540
1 8 529824893
1 247 460617783
2 152
1 107 471602987
2 219
1 78 460617783
2 241
2 245
2 197
1 65 204242068
1 225 460617783
1 199 153202148
2 188
1 183 391572290
1 273 36289939
2 237
2 141
1 247 280980536
2 49
1 214 471602987
2 97
1 169 129089939
2 151
1 134 961760172
2 233
1 157 270125797
2 10
1 177 991541492
2 295
1 229 460617783
2 61
1 31 883341961
2 31
1 43 391572290
2 181
1 231 797929861
2 190
1 251 270125797
2 257
1 138 270125797
2 19
1 84 961760172
2 172
1 101 471602987
2 187
1 56 991541492
2 243
1 169 797929861
2 170
2 143
2 146
1 248 851680851
2 253
1 171 280980536
2 51
1 86 961760172
2 166
1 188 851680851
2 185
1 66 36289939
2 166
1 169 153202148
2 115
1 60 883341961
2 3
2 64
2 97
1 85 871294165
2 155
1 97 862314366
2 179
2 75
2 13
1 119 797929861
2 13
2 140
2 23
1 283 883341961
2 94
1 226 391572290
2 24
1 32 460617783
2 280
1 85 668517512
2 38
1 214 129089939
2 154
1 213 862314366
2 183
1 181 295441413
2 249
1 88 851680851
2 233
2 251
2 224
1 51 835048540
2 22
1 156 204242068
2 192
1 230 961760172
2 101
1 23 36289939
1 242 529824893
1 48 153202148
2 30
1 77 529824893
2 241
1 143 153202148
1 289 36289939
1 34 529824893
1 62 668517512
1 6 991541492
2 90
1 229 153202148
2 56
1 74 668517512
1 219 153202148
1 233 668517512
2 85
1 203 871294165
2 274
1 163 471602987
2 202
1 61 36289939
2 29
1 168 835048540
2 91
1 164 153202148
1 130 668517512
1 69 129089939
2 43
1 253 862314366
1 23 871294165
1 234 529824893
2 206
1 222 280980536
2 149
1 244 961760172
2 98
1 277 295441413
2 13
1 120 460617783
2 57
2 14
2 181
1 2 529824893
2 129
1 142 797929861
