451
183
1078
519
1184
680
470
594
326
870
1089
535
375
360
637
1117
1012
85
898
268
978
410
1444
156
1365
1384
1045
780
318
780
1169
196
800
565
1208
1432
900
449
215
519
1477
67
52
214
569
1210
1401
108
523
344
692
264
335
580
16
484
1053
1147
171
1053
250
819
294
547
1046
1033
1466
1321
1006
521
1005
652
188
653
968
382
23
275
998
859
649
1253
376
38
807
102
784
854
845
326
1474
827
903
840
242
875
1094
558
649
913
756
690
1498
369
1496
502
69
555
1237
2
896
1011
1421
350
1216
97
1037
124
107
353
387
1337
1034
1454
1373
164
515
1270
1352
656
894
1044
1050
1103
370
174
743
180
1386
1181
29
294
1429
904
255
1232
217
1409
431
364
722
535
911
1046
172
811
1141
628
949
52
329
1316
864
958
411
1355
91
82
703
600
991
1300
1101
1252
415
1051
1248
1448
757
104
656
1181
1236
201
222
873
279
658
222
518
1390
617
500
1195
1253
63
1322
28
1412
70
1474
281
1456
359
1275
1029
1065
987
224
497
285
123
373
11
145
79
331
856
183
530
954
1448
717
560
1361
429
491
886
409
1495
543
876
1220
1001
549
474
564
562
497
1407
88
670
1187
990
191
1483
335
1193
176
64
1041
1321
924
595
1015
709
1429
938
1155
509
859
928
628
682
558
52
1309
918
1197
203
1089
31
678
1481
927
335
42
1278
930
528
719
828
861
1023
211
761
530
847
147
668
674
1055
885
1038
1133
1084
862
1487
1445
138
946
1134
1032
952
700
833
101
1277
724
195
29
740
542
228
620
670
1431
741
123
235
527
522
1092
362
1224
954
1133
347
1020
1030
470
1328
959
682
203
483
447
1100
1344
567
664
955
377
1257
228
664
76
1007
655
41
474
1158
160
705
207
770
1499
184
801
12
691
191
1336
816
1207
1035
1169
231
1085
1083
1198
583
694
781
308
323
1439
1471
978
726
499
737
298
817
236
260
1262
248
1112
124
1423
194
507
376
929
768
614
34
1079
115
1156
1307
52
1351
1139
241
1192
862
1366
1256
981
617
640
1030
1278
462
951
1384
316
19
1011
518
1500
1373
923
1182
966
1104
630
1459
1135
1350
226
1046
433
1485
165
842
1463
490
178
138
1193
1427
1009
802
648
480
1126
1327
1410
752
416
1380
395
974
830
664
1170
1460
1447
3
720
1093
552
1451
716
1335
407
444
892
488
1063
402
226
1160
838
1279
915
419
745
1091
568
1312
433
394
582
248
183
18
400
193
431
873
1237
557
1078
586
827
323
960
1162
11
799
1285
220
1043
45
416
656
797
1139
841
472
1356
722
856
122
59
170
1306
1306
1281
1383
549
224
212
99
1281
746
195
413
253
478
453
149
1401
1265
832
278
254
759
327
624
1329
526
1107
68
684
1089
263
886
275
867
258
1008
755
865
569
612
576
297
1087
52
163
306
1083
158
104
251
1246
516
1388
1368
822
522
113
1111
684
244
94
1185
553
600
45
359
56
1202
945
688
39
127
266
136
1394
840
10
699
838
1291
1267
439
827
1168
657
1321
232
454
61
583
51
486
770
481
255
322
1337
853
614
1168
548
351
998
1453
1284
1424
708
1335
1153
19
343
784
307
570
122
1468
693
1125
21
589
1326
446
17
190
62
799
1105
1207
820
75
1391
895
1121
572
1276
77
120
1345
793
676
610
245
1161
404
1461
681
668
725
1233
555
1358
713
933
42
1500
816
1162
1026
1205
593
135
943
1165
1305
290
516
183
338
964
1254
918
440
35
1475
607
745
1475
547
187
27
637
1207
247
494
874
31
990
1046
902
531
1210
4
453
32
1083
524
1140
743
648
1192
4
152
1347
40
1471
183
180
577
210
898
675
108
226
262
18
712
760
412
1445
1309
950
