287 296
165962371 280980536 860534043 230660733 991541492 652115770 991541492 860534043 419723890 128416107 230660733 716585479 652115770 835048540 835048540 621237361 128416107 165962371 471602987 991541492 129089939 652115770 230660733 621237361 621237361 652115770 716585479 204242068 883341961 797929861 165962371 652115770 621237361 961760172 961760172 835048540 862314366 883341961 128416107 652115770 991541492 280980536 471602987 471602987 862314366 129089939 204242068 128416107 10268623 961760172 961760172 860534043 10268623 129089939 230660733 129089939 165962371 204242068 497249056 961760172 10268623 883341961 860534043 991541492 883341961 716585479 165962371 961760172 716585479 497249056 961760172 10268623 797929861 961760172 204242068 165962371 961760172 419723890 883341961 471602987 860534043 280980536 471602987 716585479 165962371 991541492 10268623 128416107 230660733 883341961 204242068 716585479 991541492 860534043 128416107 991541492 991541492 621237361 165962371 165962371 835048540 471602987 652115770 128416107 280980536 716585479 621237361 797929861 652115770 883341961 991541492 230660733 128416107 204242068 883341961 129089939 835048540 797929861 230660733 961760172 835048540 471602987 497249056 883341961 10268623 165962371 471602987 419723890 10268623 716585479 165962371 652115770 230660733 860534043 835048540 862314366 797929861 797929861 128416107 621237361 128416107 797929861 230660733 991541492 860534043 230660733 860534043 621237361 129089939 991541492 280980536 230660733 165962371 883341961 991541492 621237361 497249056 716585479 716585479 10268623 652115770 497249056 128416107 652115770 797929861 419723890 129089939 652115770 991541492 991541492 230660733 961760172 165962371 280980536 280980536 497249056 204242068 883341961 204242068 797929861 128416107 961760172 10268623 10268623 797929861 621237361 10268623 835048540 835048540 129089939 991541492 280980536 716585479 10268623 961760172 716585479 860534043 961760172 835048540 883341961 797929861 10268623 471602987 716585479 862314366 165962371 129089939 621237361 129089939 230660733 230660733 621237361 862314366 129089939 883341961 230660733 128416107 797929861 991541492 165962371 991541492 165962371 129089939 280980536 835048540 419723890 230660733 883341961 652115770 230660733 497249056 204242068 797929861 165962371 230660733 797929861 497249056 961760172 165962371 128416107 797929861 621237361 419723890 10268623 797929861 961760172 497249056 165962371 128416107 862314366 797929861 10268623 280980536 621237361 835048540 230660733 862314366 230660733 129089939 835048540 621237361 280980536 621237361 230660733 497249056 128416107 860534043 621237361 883341961 716585479 860534043 419723890 280980536 497249056 835048540 204242068 991541492 165962371 230660733 991541492 204242068 204242068 883341961 204242068 129089939 497249056 797929861
2 157
2 218
1 58 961760172
1 243 991541492
2 206
2 150
1 138 280980536
2 35
1 130 991541492
2 114
1 280 419723890
1 102 835048540
1 198 991541492
2 12
1 76 129089939
1 216 230660733
1 57 961760172
2 162
1 221 165962371
1 226 280980536
1 61 10268623
2 85
1 19 165962371
2 78
1 155 497249056
2 176
1 191 129089939
2 194
1 83 862314366
2 248
1 245 883341961
1 184 230660733
2 124
2 67
2 1
2 36
1 258 280980536
2 93
1 76 280980536
2 220
1 29 497249056
2 90
1 223 883341961
2 254
1 242 883341961
2 149
2 257
1 274 497249056
1 83 165962371
2 100
1 97 862314366
2 236
1 162 716585479
2 61
1 22 10268623
2 43
1 162 230660733
1 178 165962371
1 267 419723890
2 106
1 156 991541492
2 196
1 10 204242068
2 179
1 240 419723890
2 28
1 140 883341961
2 229
1 220 128416107
2 172
2 136
2 233
1 245 835048540
2 284
1 108 652115770
2 128
1 220 10268623
2 35
1 251 961760172
2 70
1 149 835048540
2 132
1 190 991541492
2 49
1 50 471602987
2 153
1 99 128416107
2 37
1 283 621237361
2 250
1 56 961760172
2 95
1 71 497249056
2 180
1 130 419723890
2 214
2 32
2 115
1 83 165962371
2 265
1 14 797929861
2 116
1 122 230660733
2 73
1 233 860534043
2 72
1 236 652115770
2 171
1 222 991541492
2 243
1 95 165962371
2 70
1 157 716585479
1 250 961760172
1 287 280980536
1 278 230660733
1 37 991541492
2 44
1 273 862314366
1 250 716585479
1 176 652115770
1 253 471602987
1 186 883341961
1 121 10268623
1 150 652115770
2 236
1 37 280980536
2 17
1 250 860534043
1 40 419723890
1 109 419723890
2 95
1 24 961760172
2 21
1 186 129089939
1 116 128416107
1 284 716585479
2 118
2 5
2 110
1 179 497249056
2 169
1 106 128416107
2 245
1 138 230660733
2 152
1 247 862314366
2 36
1 44 862314366
2 202
2 66
2 119
1 174 280980536
2 229
1 241 862314366
2 64
1 104 860534043
2 89
1 85 621237361
2 23
1 44 204242068
1 146 230660733
2 276
2 277
1 198 230660733
2 15
1 6 991541492
2 129
1 275 10268623
1 79 10268623
1 46 10268623
2 57
1 77 652115770
2 191
1 266 862314366
2 153
1 149 991541492
2 60
1 63 10268623
2 47
1 158 280980536
2 115
2 195
1 165 128416107
1 183 497249056
2 99
1 239 204242068
1 104 862314366
2 271
2 268
1 65 716585479
2 219
1 137 862314366
2 21
1 211 204242068
2 70
2 48
2 1
1 221 862314366
2 155
2 75
2 266
1 78 471602987
2 90
1 113 128416107
2 199
1 195 280980536
2 30
1 249 862314366
2 154
1 52 652115770
1 109 991541492
1 29 129089939
2 179
2 125
2 9
1 43 497249056
2 234
1 49 860534043
2 198
2 149
2 132
1 48 621237361
2 63
1 208 991541492
2 275
1 197 835048540
2 60
2 153
2 147
2 162
2 194
1 69 128416107
2 249
1 137 621237361
2 266
1 48 497249056
1 100 419723890
1 95 471602987
1 183 961760172
1 28 716585479
2 157
1 41 419723890
2 204
1 6 835048540
2 79
1 216 497249056
1 273 961760172
1 63 991541492
2 137
1 269 128416107
2 13
1 75 165962371
2 16
1 194 230660733
2 202
1 125 883341961
2 104
1 198 497249056
2 255
1 184 961760172
2 176
1 66 128416107
2 37
1 235 621237361
2 236
1 113 883341961
2 183
1 222 961760172
2 178
1 130 165962371
2 250
1 34 961760172
2 43
1 89 652115770
2 77
1 128 471602987
2 128
1 190 204242068
2 277
1 32 10268623
1 108 991541492
1 257 621237361
2 264
1 277 128416107
2 96
1 195 497249056
1 144 860534043
1 214 165962371
2 50
1 149 471602987
2 190
1 198 471602987
2 274
1 260 165962371
1 25 797929861
