300 300
766916438 324019679 155817948 155817948 721765548 880877175 766916438 324019679 269122928 901192821 638432086 766916438 404043331 839296535 10502167 839296535 901192821 766916438 246398679 978809055 880877175 721765548 337799296 880877175 83465182 638432086 839296535 315201445 839296535 404043331 721765548 155817948 624278589 839296535 766916438 246398679 520253488 721765548 839296535 766916438 624278589 766916438 155817948 624278589 770779817 978809055 624278589 155817948 770779817 324019679 624278589 638432086 978809055 829778065 766916438 155817948 978809055 766916438 721765548 269122928 404043331 721765548 520253488 880877175 324019679 315201445 246398679 880877175 337799296 624278589 978809055 839296535 324019679 766916438 638432086 10502167 83465182 978809055 829778065 155817948 880877175 10502167 269122928 324019679 315201445 10502167 83465182 315201445 624278589 520253488 880877175 721765548 520253488 839296535 324019679 880877175 978809055 337799296 404043331 10502167 246398679 766916438 638432086 770779817 978809055 83465182 155817948 246398679 766916438 624278589 901192821 901192821 624278589 337799296 770779817 770779817 766916438 839296535 721765548 337799296 315201445 337799296 520253488 638432086 155817948 978809055 829778065 404043331 880877175 324019679 324019679 901192821 155817948 880877175 770779817 978809055 246398679 324019679 721765548 10502167 721765548 337799296 624278589 246398679 638432086 324019679 520253488 315201445 83465182 880877175 337799296 721765548 324019679 155817948 978809055 10502167 624278589 839296535 246398679 155817948 404043331 770779817 880877175 839296535 978809055 315201445 978809055 315201445 155817948 337799296 315201445 978809055 829778065 155817948 721765548 404043331 155817948 83465182 10502167 766916438 315201445 324019679 83465182 315201445 829778065 901192821 638432086 520253488 324019679 520253488 83465182 638432086 246398679 839296535 246398679 155817948 337799296 978809055 829778065 10502167 83465182 638432086 770779817 839296535 766916438 155817948 246398679 880877175 10502167 770779817 404043331 880877175 246398679 246398679 901192821 839296535 324019679 638432086 155817948 246398679 83465182 624278589 269122928 337799296 721765548 520253488 638432086 880877175 404043331 246398679 901192821 83465182 770779817 520253488 155817948 315201445 337799296 155817948 638432086 829778065 337799296 269122928 324019679 880877175 520253488 839296535 520253488 269122928 978809055 315201445 269122928 520253488 624278589 10502167 880877175 978809055 337799296 246398679 880877175 978809055 10502167 404043331 337799296 337799296 246398679 770779817 155817948 766916438 766916438 337799296 839296535 10502167 880877175 404043331 83465182 638432086 269122928 324019679 839296535 269122928 624278589 337799296 978809055 155817948 638432086 10502167 880877175 315201445 839296535 978809055 246398679 721765548 324019679 839296535 337799296 10502167 721765548 269122928 10502167 829778065
1 222 624278589
2 231
1 169 839296535
2 115
1 199 246398679
2 184
1 56 155817948
2 76
1 207 829778065
2 232
1 44 829778065
2 278
1 87 624278589
2 185
2 51
2 150
2 9
2 116
1 212 880877175
2 110
2 227
2 248
1 295 520253488
2 194
1 54 901192821
2 252
1 234 880877175
2 228
1 211 721765548
2 275
1 65 638432086
2 292
1 256 839296535
2 298
1 264 880877175
2 28
1 229 155817948
2 149
1 77 829778065
1 51 721765548
2 143
2 36
1 94 624278589
2 178
2 140
2 135
1 5 766916438
2 6
1 6 337799296
2 17
1 113 269122928
2 149
1 20 269122928
2 117
1 220 880877175
2 177
1 158 901192821
2 199
2 197
2 95
1 149 404043331
1 68 10502167
1 105 404043331
2 159
1 4 901192821
2 281
1 152 246398679
1 122 520253488
1 91 624278589
1 26 638432086
1 34 246398679
2 181
1 278 901192821
2 180
1 57 337799296
2 52
1 169 404043331
2 101
1 83 770779817
2 294
1 279 324019679
2 76
1 93 721765548
2 154
2 234
1 18 155817948
1 85 246398679
2 179
1 106 770779817
1 161 901192821
1 264 978809055
2 204
1 36 624278589
2 51
2 55
2 63
2 275
2 207
1 213 829778065
2 157
1 125 10502167
1 104 901192821
1 154 315201445
2 241
1 15 624278589
2 20
1 178 83465182
2 88
1 63 978809055
2 270
1 57 766916438
2 274
1 47 638432086
2 289
1 180 624278589
1 152 624278589
1 181 324019679
2 132
2 247
2 48
1 94 246398679
2 221
1 93 520253488
2 262
1 71 404043331
2 276
1 232 880877175
2 155
1 202 269122928
2 84
2 52
2 95
1 275 520253488
2 295
1 183 638432086
2 124
1 168 404043331
1 145 839296535
1 204 83465182
2 210
2 235
2 117
1 41 978809055
2 199
1 98 978809055
2 85
1 229 880877175
2 219
1 126 901192821
1 264 246398679
2 5
2 173
2 276
2 286
1 115 978809055
2 212
1 159 770779817
2 29
1 67 770779817
2 84
1 94 721765548
1 140 978809055
1 121 624278589
2 150
1 16 520253488
2 130
1 192 901192821
2 255
1 37 638432086
2 77
1 277 638432086
2 266
1 236 770779817
2 23
1 143 10502167
2 172
1 116 315201445
2 38
1 247 315201445
2 141
1 229 638432086
2 107
1 174 880877175
2 299
1 180 880877175
1 148 10502167
1 125 155817948
2 6
1 54 155817948
2 249
1 14 721765548
2 113
1 128 520253488
2 68
1 200 246398679
2 192
1 119 324019679
2 132
1 27 770779817
2 204
1 288 520253488
2 42
1 163 10502167
2 87
2 183
2 54
2 88
2 173
1 245 315201445
2 188
2 298
2 252
1 98 901192821
2 148
1 30 246398679
1 114 839296535
1 62 880877175
2 159
1 76 324019679
2 111
1 282 337799296
2 231
1 265 246398679
2 153
2 21
2 234
1 96 829778065
2 41
1 273 978809055
2 63
1 112 978809055
2 158
1 163 770779817
2 59
1 272 766916438
2 43
1 217 829778065
1 79 269122928
1 11 404043331
2 84
1 231 337799296
2 43
2 80
2 233
2 150
2 135
1 122 978809055
2 9
1 191 978809055
2 195
1 180 83465182
2 66
1 255 404043331
1 103 839296535
1 99 901192821
2 112
1 141 337799296
2 216
1 84 10502167
2 10
1 167 269122928
1 298 901192821
1 147 520253488
2 155
1 63 155817948
2 126
1 296 880877175
2 161
1 57 770779817
2 201
1 177 766916438
2 103
1 88 721765548
2 82
1 206 624278589
2 163
2 54
2 89
1 150 520253488
2 279
1 179 978809055
2 184
1 127 315201445
1 283 770779817
1 50 624278589
2 93
1 71 10502167
1 97 638432086
2 99
2 60
1 245 246398679
2 238
2 237
2 137
1 273 839296535
2 91
2 275
1 15 721765548
1 178 83465182
2 284
