5764
7434
2025
3887
4555
5244
532
3565
2485
209
6831
7217
1510
1141
5922
5384
2208
5822
3280
7340
439
6785
4985
4752
6144
5190
6386
557
1972
4719
3636
6841
4866
4028
6067
7284
378
328
339
4928
2276
6190
442
879
6671
1440
5381
2571
6155
209
556
6263
2411
6303
3705
6492
6015
2485
6123
5641
1689
419
1462
4336
6915
230
20
6541
4636
4225
2157
5018
632
6608
5791
2208
1631
244
7778
1982
2007
7369
5874
6453
711
3160
5536
6740
755
2221
999
5426
7692
2420
2172
6798
3736
7555
6166
6219
621
1412
4346
6186
2005
3716
6296
2477
4069
3112
7589
6704
2267
1482
4882
6863
4242
2053
2209
3312
3858
3000
7558
4154
4071
5524
4830
990
7878
6224
3622
4618
590
4538
1821
483
6071
6992
1959
42
3347
1147
6821
3625
855
4867
5789
4544
7484
7489
5147
1672
5965
7496
7704
6350
5484
4895
2973
1348
6882
6874
6787
719
983
6543
5898
1544
4888
2358
4940
33
6165
347
5324
2358
1710
5643
3977
5885
2171
3400
5680
1075
1577
7802
2781
6879
757
3677
6027
782
7361
6269
5173
3568
3021
3143
2753
6297
6156
7147
7694
5066
5932
1047
6646
4651
6417
1522
327
5666
7358
5111
5914
2574
3406
511
528
6058
1369
3128
2130
3578
5878
1637
2919
1545
515
4223
645
5884
3591
6954
3141
7826
2108
1523
6024
2882
6130
6031
1869
139
4823
7303
4778
3671
706
5042
4883
1154
5922
3121
4168
3453
7789
3827
7595
6269
4742
4955
1318
5502
2320
1117
6913
6107
663
4141
2427
6803
2065
4270
7177
4743
6110
4874
3279
7708
4239
4399
2012
2249
2914
1386
6787
2790
5031
1650
4140
1180
3608
1631
5170
3681
6694
3450
4914
6463
5085
659
1332
1905
4081
2287
3545
4665
1762
4662
5033
3100
366
5509
4465
812
1919
2474
3296
1934
4302
1040
5934
6781
1949
5272
5012
6726
7198
2394
1515
1390
5590
240
1531
3905
2451
3701
5507
2990
7
7630
6487
5733
6907
2489
3439
4333
270
2379
3609
4712
5000
559
1611
7530
43
3067
7064
114
1590
6681
4915
4978
7090
4705
5945
3317
121
5488
6570
369
1245
6194
2587
7484
3331
3323
7215
339
6913
7776
3357
7166
7375
866
2942
7745
2506
776
2747
2227
1361
4262
7473
6274
7265
1897
800
6274
3284
1321
4502
299
2183
6123
2459
7598
1744
922
392
2296
493
6438
4548
4689
6490
6654
2604
2562
1250
815
1337
391
3969
6735
5845
4449
3461
1628
6891
2749
1
5769
7811
1557
35
5065
5407
4781
1607
627
4042
1554
7859
3088
2158
5200
3475
2265
3986
7436
520
7292
6531
4616
4808
5983
690
2406
5951
1549
2476
2045
86
3146
801
3763
5191
4306
3116
6628
3458
4586
5722
2628
5832
3678
5700
414
957
7762
5013
4789
5405
7840
4165
6168
2629
5610
838
110
926
3607
7188
5622
4446
2498
4955
225
1630
629
6249
437
6332
1362
6960
592
4759
3953
5616
989
4951
4446
3625
5402
2750
1558
4357
4157
1919
1912
549
1844
3627
5557
6780
250
4854
2415
346
1754
6184
7696
7541
2274
3956
5889
6109
2541
38
4413
4940
7849
4304
5501
4202
7288
5239
3719
6797
6050
2885
2103
799
1708
5208
7670
6994
158
696
5946
2935
5977
5930
6466
4627
325
5272
2527
7231
623
272
955
6913
3925
980
2381
31
6521
6308
2365
5437
3565
2079
3713
7067
4272
6675
7131
2011
4507
4954
7667
2765
1229
3489
877
7133
2113
4872
6553
4142
3943
3059
643
7021
4163
2545
6541
3018
6175
4020
1397
7471
2586
2525
3610
2027
7894
7310
6985
7629
4262
1111
7882
3681
2906
4991
2219
3009
5263
3944
1781
309
2852
7292
4162
6974
7457
1667
1944
3146
498
5086
7517
4757
5358
2327
1700
1636
4045
2595
6370
1387
5961
1287
716
4202
1174
3814
765
6892
544
4098
3928
6715
277
6543
6566
6741
4026
4607
1618
6525
2178
2510
469
7618
3830
2423
3528
1140
6672
7400
4992
2885
4740
1921
7551
583
2167
6999
6014
5287
492
7573
2414
2391
2091
6965
1352
1922
2449
2721
3560
3494
7294
3698
7890
531
3479
2189
7721
4913
1259
5294
1471
5829
1271
792
3072
7455
5180
2399
4225
683
3972
7291
1463
6795
1404
5555
6919
5062
862
6940
1333
5834
7026
1116
6834
5380
328
6007
1780
969
6917
2680
5931
1539
1157
7575
4004
6287
4257
1347
815
1543
4548
6572
5723
2764
5130
4966
1849
4364
7890
3351
4634
6238
2149
6454
106
1096
3226
4199
1407
7884
6998
6555
2644
6237
6613
3472
5739
5298
6954
6798
5914
7562
527
4812
6838
3973
3992
3918
3306
4402
342
7242
7733
5899
7368
7584
1187
6876
5341
1678
3218
5057
3949
4797
6847
7319
3536
1419
2028
710
2127
5750
1897
4475
1592
2812
6303
5286
3681
1658
73
7012
6687
1137
7227
4407
3942
3651
7347
3333
345
2135
148
706
844
1072
735
3687
6993
420
394
4606
612
4348
6358
2311
4799
1976
535
6391
7443
4447
948
3047
2642
3072
5254
4872
151
4207
7135
6259
4486
4120
3914
5249
6339
1269
2602
2004
4668
4506
6046
5993
8
7543
6515
943
6923
84
4313
2635
3045
7857
4869
3833
3742
1198
1870
5588
3116
2467
4611
3037
4833
1419
3981
2813
6394
3078
5107
5738
7463
2516
4215
7415
5069
470
2489
6606
797
6235
3434
968
5110
2168
5188
1390
978
4143
4323
1484
3598
3358
1072
685
322
6896
2351
5989
4994
2036
391
3621
1567
11
5261
1320
3004
5027
7170
578
7090
2268
4456
1667
7747
2289
5890
7443
4899
620
5744
1579
7453
6358
2991
5121
268
6550
7248
4173
1146
1027
6249
3455
3380
3951
142
4483
3046
5748
6822
2433
124
3187
2006
1847
4550
1371
3968
3751
4334
1304
5165
7473
4730
5223
1137
7207
6794
4118
6016
7629
5620
2771
7281
4675
4249
2816
4430
828
2589
2234
2101
6037
7778
132
7251
7606
213
3109
5356
2888
5619
3290
2081
1729
6465
6214
7647
1809
4852
2533
3226
876
5703
3816
5933
441
4106
5651
1387
5444
4862
870
5400
6114
4767
2794
5574
7658
3003
6008
200
1406
3260
7334
575
5304
7787
1491
7647
1822
1891
1308
3603
4737
6199
5883
6121
3441
2682
3949
5486
6235
2878
5741
7256
1305
2858
2851
6701
5768
1249
4045
2356
1505
6198
760
3398
5654
6032
5905
6044
1007
4151
604
3652
2033
2910
5134
1725
7424
5718
461
6559
7244
4721
5770
6068
4499
1996
5385
3262
6692
1221
4809
7679
1313
7022
4088
4429
5419
3147
1729
6624
4900
3892
5394
6336
2853
6838
6552
7666
1021
6850
6839
4736
2783
4661
5682
5552
6304
5622
7749
4036
4473
4520
6663
3288
2893
6507
1649
7802
56
1352
3147
4537
3351
7584
5445
5316
3953
5273
4499
2256
830
400
5896
3220
6263
7203
692
5735
319
7400
6460
740
1037
3603
1666
5490
1052
2767
3783
5777
1418
3813
5064
5093
5289
1673
1405
5691
754
3758
249
658
6890
3269
2933
6371
6488
5212
5877
5281
3969
1750
1960
7791
616
5789
2852
7086
6977
1956
3833
4100
3865
3779
3347
5508
6336
5740
6907
3238
1546
2378
1031
2035
1207
7776
2162
9
1826
6204
5927
1632
3209
3623
6014
1687
5471
7840
4546
3782
4304
3337
5574
2805
437
360
2642
7724
5750
2497
3258
7187
661
4541
1234
180
5798
3869
6873
2260
5485
7603
7535
3785
5997
2693
3096
310
2393
6793
6228
5113
3464
1252
189
4338
4335
6488
5521
472
775
3931
4435
3405
5741
516
7034
6612
1028
3981
4408
523
2956
4498
3069
3109
4839
212
6527
6904
2358
3690
5791
7526
1789
166
2498
1819
5056
5111
6795
7318
3883
1691
1039
3151
1187
4617
88
7680
601
6485
3631
1261
2035
3903
2641
462
5346
3497
2126
6714
2302
644
4715
2819
1387
409
1235
5434
1544
2234
5700
948
7713
4030
250
6116
348
5784
2952
6048
294
6732
7541
644
665
4029
4081
7512
4199
2973
6454
5813
5896
5263
3972
792
5518
4403
1626
7880
3138
2596
7425
2409
3175
6623
3665
3492
6173
4081
6357
3592
965
7077
5492
6933
1433
119
4956
5437
2283
4593
2164
5020
814
4438
3087
6276
726
4385
150
3992
4212
83
5516
1091
1632
4816
3213
2698
7358
2984
3949
5428
5255
7463
6916
3972
7630
7285
2851
1578
3412
5054
5030
3961
6746
904
1606
5684
7855
846
3689
4431
5201
6982
5879
2254
7176
5900
6082
3095
3767
6426
2261
6338
5556
2785
3596
7806
458
7051
2624
3486
5425
3262
1226
4684
1955
7169
7765
1180
1930
3146
2854
1268
7543
85
5808
1107
3278
645
413
4703
4428
1404
5193
1504
3652
6871
613
968
1655
6938
3007
7856
556
2368
4543
6428
4033
7094
6688
5360
1419
6598
3222
7688
2414
2762
6249
1769
960
3235
671
4698
4945
7278
5296
6194
2727
6447
6339
2323
3604
7783
5322
2090
1116
3923
3045
5635
4220
6718
6868
4599
5326
3095
3959
1863
3824
4149
7115
5096
3527
908
105
3235
1761
6341
3642
2132
5009
5126
431
5914
4495
1769
3552
4861
6883
6158
1078
5704
3568
7081
3204
30
5710
1967
3131
5220
3694
3514
6842
1909
6291
4866
3567
3600
7614
986
6868
1384
1711
5128
2651
1927
844
4973
4445
1714
5434
431
4876
3840
5501
2439
115
926
3501
2860
7817
6360
3372
3781
1708
7281
1506
6035
4659
1778
1185
3866
2106
7271
4386
2771
7300
363
2866
7025
1163
7043
6793
3527
1121
7324
3709
4008
7350
1939
1472
7768
7256
7172
4168
2895
2216
2698
6784
4734
2135
7352
5178
7881
6305
3827
4678
7208
5590
6956
3371
6043
3880
1224
5335
7710
2316
5833
1118
3048
6404
1195
326
5187
640
1541
4572
2284
3508
6474
7625
6941
7056
3090
4744
6198
1879
7085
7195
2877
4330
4112
7059
1270
3786
2348
4361
7899
5341
6593
1744
6915
7740
5966
6659
6625
519
7306
4942
1451
1156
4394
5674
3294
7303
2372
7286
5629
6036
1293
5389
5881
4435
2513
3376
1707
6495
4280
7179
4721
3167
2160
4661
1137
7357
6744
1845
3707
668
7149
3371
1467
3900
6992
2873
2884
585
2669
168
1950
3959
7047
3052
1279
6655
3651
3061
7469
6983
4384
689
3525
7409
6596
2687
888
3048
922
4613
1461
6406
1580
1081
5497
2055
1946
2819
4762
122
6482
1559
2135
5169
292
272
3811
6178
597
2318
779
2244
6525
5881
4988
6971
1471
5577
6751
6963
3849
7312
158
7209
7076
1541
2245
2088
2345
1132
445
7828
687
2280
5661
7164
2197
4142
5176
5100
2383
7807
1866
555
6640
7046
609
639
6395
3879
958
6860
3232
3682
6250
5477
1364
6251
5607
4832
1669
2451
5089
4553
2177
468
5154
7136
4895
2137
7103
5727
5911
1196
213
18
5876
2378
2188
6644
6493
3267
1082
7564
1188
339
5780
5915
3882
1997
6716
120
5307
2909
4037
5580
1137
579
480
5265
7297
5089
6356
487
284
4009
4589
5133
4782
5803
5913
1745
5487
1905
4251
4050
6320
7107
6499
2543
1058
86
5153
1556
3971
1743
4439
5723
1545
2618
4482
1788
6390
4709
3849
6292
146
3383
799
6586
1658
1055
6746
1924
7613
5899
6992
1660
6499
7067
1522
6274
3035
6789
305
3488
2743
6981
6813
2119
7554
3193
7224
7132
4923
1361
6074
6399
7103
4327
482
2368
5549
4035
7374
4094
2278
4706
5784
1780
1599
3118
914
4738
6362
4368
7585
3259
6544
1098
3987
5691
6759
3553
1931
3043
4018
1591
7045
2951
4289
1136
183
6269
1985
7309
4468
877
3579
2421
6613
1031
7185
1260
455
1923
4684
1492
774
7190
3434
7377
6101
964
110
6116
4057
7672
6614
12
584
5065
1650
6179
6081
5295
6991
2116
795
1823
4444
1316
5232
36
1039
3330
1206
1676
5968
6492
7471
7861
3120
3419
3669
4850
668
6476
4712
312
5377
5776
5150
1750
2756
1868
6638
689
6175
7136
1871
3815
6723
7629
4549
6886
4576
6492
6444
1354
1052
6374
5612
4442
7265
5309
2893
7769
3928
2476
4566
2239
6189
2146
7723
6993
5302
7584
5646
1986
6289
6382
3068
7617
293
958
3378
7565
4256
5173
961
7214
719
4671
6123
6956
1247
4247
141
5813
4404
4660
4918
3164
7373
7855
1593
7103
2476
5832
401
3152
5697
1016
5731
2568
101
5225
5974
3706
1313
7057
29
3574
7739
6518
5094
6363
2347
4798
589
1884
6755
3485
3547
5570
7528
3495
6818
749
947
865
7769
2483
381
2219
1978
7439
708
5665
3297
3313
6324
3489
5888
3252
2028
4019
257
4308
969
5063
3287
2162
7241
2809
5290
3300
779
6771
6867
5256
7056
6312
147
4748
6210
4495
5784
1300
1404
6759
2459
7426
6866
2256
6142
7193
8
545
2626
6934
5865
958
5652
4384
2392
525
5112
2301
3462
3728
6611
7806
5056
388
2277
1917
6147
4488
2103
3665
2102
2856
3253
4526
2570
4813
6533
7602
2863
5616
5232
7216
4410
2500
1485
1717
1488
256
1090
1468
2770
4070
3652
579
2308
5664
2525
1291
6557
2879
2706
843
7506
1011
1906
2614
3818
2026
3487
4929
5040
7689
2296
2353
4144
3065
2047
6322
3340
4047
4381
943
7123
1298
1530
5779
2461
2243
2943
6042
1977
7560
6098
7111
6063
3174
7384
3686
7096
240
4786
2717
6786
6884
6774
6680
2324
2645
4889
7575
2890
4127
5648
138
5789
5029
7349
5810
4900
1972
4458
50
816
2290
6382
6818
3264
806
4001
818
6520
2061
828
5853
2306
1868
7776
124
2013
1575
6106
2633
2313
7609
4227
3571
1282
4776
7710
5535
5007
3033
402
3904
4119
4452
6233
3074
7338
969
2423
4292
1147
7217
662
1662
7576
6778
4216
2931
7564
2578
7645
6691
7249
6996
7110
5744
5724
4546
4152
2955
7344
2153
6599
2424
6732
4249
6064
3819
1619
4382
5494
4276
926
1249
1955
1529
6600
6935
1928
654
2666
5415
5558
5086
530
2421
2819
5500
5065
2000
4858
4344
4624
3123
1269
6847
628
4816
855
7457
1075
7517
1973
2537
536
5093
4928
435
2794
3887
2031
5939
7471
682
4307
7113
4035
4030
3548
953
3297
613
4521
1985
6986
6454
4051
2193
2773
3076
298
987
6445
5899
99
2867
611
4541
2545
7004
4860
3595
6896
4853
7359
6836
3182
627
2418
5222
313
7430
3670
3582
2019
4084
4101
3608
7387
6525
3113
1678
4876
6383
3560
5134
3618
5841
3218
1251
4969
902
4226
1142
6771
3765
2182
4692
6806
5162
2590
6463
1705
1986
1341
2042
5679
5497
5703
3247
1075
3721
5206
1207
514
4671
7868
476
5262
65
2168
1607
7322
5630
4493
5825
1339
6390
3059
1393
4861
1832
1548
4536
829
823
1539
2763
5118
5284
788
611
2398
2477
5821
573
1608
1214
4622
2069
6001
62
1281
7856
5858
3846
7040
1958
6707
5369
846
2504
4642
2434
3696
2668
4521
4608
4688
1851
225
6461
947
7228
2311
6018
7441
158
7635
1391
3723
7599
3442
4557
1842
118
2497
5494
5892
3715
6362
6412
4248
401
7366
4460
6163
4807
3774
6995
4357
178
3423
114
7101
3454
4301
6858
6865
6519
6646
726
3773
1338
4909
1075
285
3542
572
7597
5028
4533
875
1218
3006
4980
1413
4016
2858
3951
5123
2219
4043
3968
1828
7192
2735
3603
6847
3638
5999
733
143
66
3316
5740
6778
7276
783
2970
2557
425
5746
5783
4340
5397
1772
2026
166
743
7308
7865
5642
3056
5537
1789
1123
5710
5383
5874
3910
2569
5875
5606
2860
4029
3308
1073
4624
6742
4936
1183
5058
5021
3501
6749
7852
5483
7661
7586
6287
3698
2791
3122
6538
2170
5245
7012
6264
3662
1958
1197
5327
6794
7600
1884
3670
4129
1893
2726
5736
749
700
4840
7778
2268
3082
2442
861
4900
4940
5973
7884
1434
7872
1831
6850
4666
6837
3277
6925
2080
4704
2154
449
86
5171
6589
5088
1140
2322
5256
2426
5881
3175
5487
2731
4482
6133
154
4745
6735
3246
4178
527
2085
1109
142
2949
6864
6524
4164
6422
5693
6312
4683
5982
5413
4770
2669
1600
1805
5758
3241
7687
25
5820
1813
5155
1287
5690
5514
3462
1621
2428
2971
549
6419
115
7681
1619
4123
841
1766
1796
3864
7652
6017
6299
26
6198
6246
4679
7851
17
2903
1407
4860
717
2936
2706
6675
5387
6260
1511
124
7711
6367
4436
1663
4099
2525
4683
6633
542
4895
5607
1391
6232
913
3524
2278
541
1472
7556
6756
7173
5004
4770
6022
462
3354
1626
1786
802
4394
674
2419
6648
1659
5221
6361
3633
5548
7389
5685
4658
1042
7820
3640
504
7515
4597
6314
1846
6403
2880
4043
7046
2045
3470
6001
1996
7439
4653
2105
1805
7679
476
6765
3499
2363
7300
5877
181
1649
2782
5406
4735
7284
4400
257
6967
4213
1480
6853
6308
4524
376
5975
6452
4907
4552
3519
6798
6178
6153
781
1375
2781
1022
7613
4956
4623
6537
4281
1742
4479
3850
5569
2427
2161
1522
6361
190
2070
573
31
4745
7283
5613
3135
1697
357
2829
5566
7649
6367
1938
1784
1087
2759
7129
1086
5832
4957
3554
1008
1091
2858
1522
4960
2679
4921
3651
5120
1966
418
2735
3304
2252
4260
6350
496
4701
4284
7209
7256
7013
187
3146
5430
1808
5911
1544
7018
4586
3879
4364
1737
7045
841
1498
2334
1035
5117
6794
4172
6121
3648
1140
7607
1236
2514
6204
2819
826
4744
4720
3627
4985
4531
7690
7690
450
2699
2425
37
7584
5674
5410
6969
3810
225
3261
6962
1779
2348
3811
4870
6355
4627
7714
4166
3485
3216
6206
7212
3697
6148
4126
7766
6498
6523
6653
1477
4499
1509
1172
3337
3583
5626
7054
4781
4175
3359
5637
698
4351
3085
6531
2616
3373
139
3877
4682
500
6963
7501
105
858
2535
3674
130
2585
4856
1193
7343
6783
4444
3469
1934
7577
266
5381
4390
6163
5476
1461
1570
6934
5708
3931
6974
2859
4233
5086
4045
3190
298
6908
5969
1619
1445
6739
1664
4043
1173
4940
4713
209
1881
4544
3478
1244
1279
7196
6303
3813
3199
2117
2117
3182
6218
390
4402
3474
3096
865
868
4080
6313
6622
3275
2598
2251
2682
4055
56
1830
4643
7280
4937
1840
4490
6765
5785
1607
3921
5764
2398
2724
3204
7200
5555
1381
4511
5458
4306
6670
3535
4610
4808
5167
6156
6057
564
1558
1153
1430
6197
7257
4159
4469
650
4210
1501
5486
7640
3719
147
1240
2759
6054
5355
5887
399
2846
5900
4904
3446
3066
4667
6914
1023
1110
2114
2641
3963
7855
2103
57
2548
5129
1733
1680
7381
2450
6439
4897
1613
956
1065
1839
7743
4753
5347
5131
4614
5080
2317
4408
5174
5884
1522
3201
6643
2785
2270
7726
2684
7544
3097
5876
5848
4488
287
2620
2796
1350
4084
2176
538
6449
4194
1244
902
3470
591
4952
5287
1193
3881
5376
6792
6772
7194
4505
3543
1925
5398
4226
5691
6131
5489
3623
2840
1997
5047
923
562
7330
393
250
5699
3557
6871
4756
5812
5355
2896
1768
1356
3466
3828
4931
4275
6354
2660
3246
462
826
5457
3002
6800
5896
4218
6924
7338
6896
1874
1100
4393
3921
2355
4275
3278
1742
2967
4463
2739
4586
6347
1137
2845
2834
5322
1400
5603
1367
6839
1392
4793
6435
6545
3855
4441
6205
4441
2826
3859
5051
4881
3947
286
5443
5518
1609
2598
7355
892
291
5706
4979
1179
3978
4411
6964
6951
7582
3596
3768
3582
7756
1147
4033
5018
2182
4030
6234
841
2000
2455
1145
5597
4807
7640
6887
5886
4397
1925
5804
7044
623
1504
1321
6952
1108
5503
262
1198
3991
4714
2147
6586
7440
6281
2282
1449
2751
7380
3848
1058
4455
4700
4555
2699
1478
3622
6646
2829
4044
6442
6937
7098
7673
5805
5214
447
1714
4922
3377
7524
1267
3254
2111
5234
5308
7846
5122
631
6815
2738
3881
4192
1392
450
2981
1536
572
469
5166
536
5937
892
5199
1182
5047
1703
7858
5551
1362
4148
3544
7745
5522
4073
3354
4024
515
2076
5834
3648
6481
2928
7753
2822
6144
568
6085
6329
3789
7494
3725
3707
3538
2166
3007
7777
985
7784
5063
6141
2992
7086
1661
2690
4695
5976
286
2204
5804
7844
6249
798
1558
6201
3455
3832
4794
6689
682
6718
4610
964
5392
1957
3484
4583
5163
696
2179
3856
2887
5261
4534
6274
2504
2380
6320
4879
3641
3583
132
2584
3088
4577
66
3842
6261
582
6889
5866
4282
7371
5609
6837
6749
3614
370
1357
775
2327
6367
4264
1276
5800
5708
3864
6991
2816
6571
2616
908
4087
5627
6861
7772
5306
5094
5833
4554
4236
2690
2947
3383
6734
5653
5466
3356
7052
4373
1516
4282
4528
7495
2744
1394
5510
6060
4712
7120
7369
4754
6864
872
3633
6896
5148
2497
2666
5377
5410
975
2554
859
221
1862
7006
456
604
6749
2794
1063
934
1247
7429
5540
6684
4884
2861
5936
5497
4657
4373
5494
2819
3081
1787
2678
1014
1874
7729
4030
6409
3882
695
1305
4002
146
5198
1175
4735
373
5455
2148
3039
3558
2394
2878
1429
6113
983
6611
3329
7025
204
2278
3736
6726
7528
4292
1969
5305
6766
5019
3082
4888
1075
7659
7804
2662
1236
7793
5358
7699
3418
845
6308
1313
5565
896
6044
1502
617
7640
5985
2222
4129
4971
1162
863
2202
7102
4445
1048
3426
3816
5117
7394
7231
5808
3745
7804
4143
5425
7210
4517
6228
798
2259
2240
1295
4422
6940
2218
6766
34
3287
431
6087
4010
6030
1462
7051
5280
4599
3170
1192
3757
3476
256
3671
4143
5985
7502
3908
4063
915
7856
47
6025
760
6704
1161
4171
6919
566
5485
4132
1790
4281
5399
4310
3909
1348
1745
6539
2237
5805
7120
1629
1233
4187
3470
296
1327
7361
7169
441
3133
4806
6638
2514
5065
7586
4605
3058
827
3435
3346
2755
408
6399
6143
4161
7199
4377
6209
7320
3037
4056
787
3620
7662
2074
4632
6643
5091
3586
231
1157
4168
6575
6904
1016
3616
4109
4737
1297
2230
2139
3011
3444
6323
122
7674
795
6013
6734
4513
2177
4443
1821
4519
4105
5861
2177
4642
2246
5382
374
5922
1927
272
4730
2540
2199
7071
4646
5856
2651
1882
7192
2623
7570
3856
836
6022
6850
5526
474
6624
199
3156
920
597
4671
1439
7819
1939
12
4483
1198
165
5254
4417
5144
1400
678
972
10
3830
7835
6111
230
3471
779
2830
5570
7429
5724
2501
1887
3373
7754
7467
3903
3876
6501
7082
817
2820
7303
4834
289
3507
1179
7586
2821
6729
4921
6828
1283
5586
5533
4336
7721
6054
3191
3028
5027
4263
5675
1312
6553
7215
4940
1314
6033
6501
433
2874
495
5238
1109
7658
6329
3877
6681
2916
2575
2389
4598
4064
5060
7792
6918
1638
2704
2801
5602
7686
3004
123
3044
3575
5844
3180
5659
6636
2239
5378
2078
2980
543
2202
219
1014
7501
3459
5074
7869
4136
1339
4406
6007
1025
7101
6856
4753
1592
4013
4919
3983
6472
7320
2889
127
5237
6960
1301
7395
6874
1093
6864
5427
3369
1430
4228
5909
3968
846
2583
2031
7901
392
6349
4146
3165
5984
3835
4735
5507
775
5020
3264
4608
5729
7064
2456
6837
2225
3908
5260
2768
4803
7688
4080
7782
6832
7713
2598
7781
7260
972
5566
4636
5178
7323
