300 289
364626430 883341961 961760172 835048540 322632976 246322655 797929861 835048540 883341961 862314366 969810259 471602987 436793154 792295097 246322655 204242068 41882783 991541492 835048540 364626430 862314366 136294925 969810259 436793154 436793154 972930074 136294925 41882783 364626430 969810259 797929861 41882783 471602987 280980536 41882783 972930074 883341961 969810259 436793154 136294925 129089939 961760172 792295097 972930074 991541492 136294925 41882783 129089939 797929861 280980536 862314366 129089939 862314366 792295097 969810259 280980536 211912966 792295097 961760172 471602987 835048540 862314366 792295097 211912966 129089939 436793154 862314366 969810259 136294925 436793154 835048540 969810259 41882783 322632976 883341961 792295097 883341961 280980536 436793154 322632976 211912966 129089939 436793154 246322655 862314366 436793154 792295097 835048540 41882783 961760172 792295097 246322655 322632976 991541492 364626430 280980536 969810259 364626430 883341961 797929861 471602987 835048540 280980536 204242068 972930074 471602987 862314366 797929861 792295097 204242068 792295097 883341961 471602987 961760172 364626430 364626430 991541492 280980536 41882783 364626430 322632976 835048540 364626430 792295097 322632976 129089939 41882783 364626430 322632976 204242068 862314366 136294925 246322655 471602987 211912966 364626430 862314366 280980536 835048540 322632976 883341961 972930074 797929861 972930074 246322655 471602987 969810259 471602987 136294925 280980536 211912966 883341961 322632976 211912966 322632976 211912966 136294925 797929861 862314366 364626430 280980536 969810259 991541492 972930074 364626430 322632976 211912966 883341961 797929861 322632976 991541492 969810259 280980536 862314366 364626430 364626430 835048540 972930074 883341961 246322655 969810259 211912966 471602987 129089939 136294925 991541492 322632976 246322655 797929861 797929861 322632976 41882783 961760172 364626430 969810259 835048540 471602987 961760172 322632976 862314366 961760172 41882783 969810259 280980536 835048540 883341961 862314366 969810259 322632976 835048540 136294925 792295097 364626430 129089939 991541492 972930074 797929861 835048540 991541492 797929861 961760172 204242068 969810259 322632976 797929861 862314366 246322655 322632976 883341961 972930074 835048540 835048540 204242068 246322655 204242068 136294925 136294925 436793154 436793154 835048540 969810259 972930074 136294925 862314366 835048540 471602987 797929861 797929861 972930074 364626430 280980536 883341961 436793154 246322655 991541492 204242068 961760172 883341961 136294925 972930074 211912966 436793154 129089939 246322655 364626430 211912966 129089939 436793154 364626430 322632976 129089939 280980536 883341961 280980536 797929861 471602987 883341961 41882783 792295097 797929861 961760172 322632976 961760172 211912966 136294925 204242068 211912966 436793154 436793154 211912966 364626430 862314366 211912966 204242068 204242068 322632976 471602987 792295097 471602987 280980536
2 251
2 131
2 131
2 71
1 2 129089939
2 5
1 257 204242068
2 74
1 168 471602987
2 83
1 261 961760172
1 274 204242068
1 19 136294925
2 185
1 216 883341961
1 26 204242068
1 224 961760172
2 126
1 96 129089939
1 36 797929861
1 120 436793154
2 251
1 260 322632976
2 159
1 2 211912966
2 171
1 232 835048540
2 45
1 119 280980536
1 158 211912966
1 220 969810259
2 223
1 251 136294925
2 280
1 34 322632976
2 267
1 248 835048540
2 18
1 9 991541492
2 130
1 99 471602987
2 132
2 295
2 120
2 186
2 195
2 179
1 63 991541492
1 19 129089939
2 24
2 227
2 219
1 208 792295097
2 141
1 117 322632976
2 105
1 61 364626430
2 68
1 298 129089939
2 261
1 113 129089939
2 213
1 247 246322655
2 40
2 108
2 193
1 216 280980536
2 128
1 102 280980536
2 138
1 176 471602987
2 60
1 96 211912966
2 170
1 242 862314366
1 233 41882783
2 231
2 137
1 39 969810259
1 168 204242068
1 78 883341961
2 295
1 156 322632976
2 209
1 32 835048540
2 171
1 283 322632976
2 185
1 288 471602987
1 90 972930074
1 144 436793154
2 182
1 223 969810259
2 242
1 204 280980536
2 111
2 239
2 134
2 140
2 259
2 83
2 112
2 94
2 37
1 93 436793154
2 183
1 19 972930074
1 154 961760172
2 228
2 193
1 47 364626430
2 59
1 214 41882783
2 210
1 251 211912966
2 284
1 249 792295097
2 185
1 228 246322655
2 93
1 30 436793154
2 273
1 188 883341961
2 234
1 116 797929861
2 299
1 247 961760172
2 187
1 174 991541492
2 65
1 119 41882783
2 283
1 267 436793154
2 255
1 90 797929861
2 95
1 55 862314366
1 291 862314366
1 241 797929861
2 116
1 209 129089939
2 137
1 131 969810259
1 159 364626430
2 291
2 257
1 39 792295097
2 148
1 48 211912966
2 52
1 108 246322655
2 113
1 246 41882783
2 214
1 48 211912966
2 206
1 79 129089939
2 163
2 77
2 299
1 178 436793154
2 198
1 87 129089939
1 204 246322655
1 63 436793154
2 62
1 235 136294925
2 132
1 89 883341961
2 243
1 207 972930074
2 98
1 166 471602987
2 180
1 80 991541492
2 57
1 20 436793154
1 210 471602987
2 271
1 167 246322655
1 185 862314366
2 248
1 10 972930074
1 288 246322655
1 79 862314366
2 296
1 202 364626430
1 11 969810259
1 195 972930074
1 295 436793154
1 251 969810259
2 266
1 296 797929861
2 27
1 7 862314366
2 157
2 6
2 275
2 265
2 58
2 225
2 173
1 54 280980536
2 50
1 243 972930074
2 232
1 98 280980536
2 32
1 130 364626430
2 26
1 40 961760172
2 271
1 26 280980536
2 236
1 291 364626430
2 227
1 215 991541492
2 58
1 227 322632976
2 113
1 243 883341961
2 162
2 75
2 228
1 12 204242068
2 62
1 12 41882783
2 285
2 221
1 59 835048540
1 225 471602987
2 106
1 53 797929861
2 219
1 275 280980536
2 42
1 272 136294925
2 23
1 180 246322655
2 212
1 92 471602987
2 273
1 124 792295097
2 74
1 19 991541492
2 46
1 297 883341961
2 248
1 168 883341961
2 294
1 22 41882783
2 45
1 62 41882783
1 42 862314366
1 32 961760172
2 132
2 72
2 225
2 161
2 188
1 148 862314366
2 72
1 37 129089939
2 133
1 243 41882783
2 80
1 26 797929861
1 245 883341961
1 182 862314366
2 78
1 146 322632976
2 242
1 169 246322655
2 55
1 266 862314366
2 18
1 95 471602987
2 188
2 136
2 44
1 208 797929861
2 269
1 156 969810259
2 107
2 11
2 66
1 89 129089939
2 85
1 225 204242068
