296 300
797929861 961760172 797929861 185236567 336369923 861720683 280980536 129089939 945774243 797929861 336369923 129089939 742520592 862314366 336369923 280980536 835048540 797929861 204242068 954761414 861720683 835048540 883341961 742520592 129089939 742520592 336369923 861720683 742520592 835048540 280980536 204242068 90020315 883341961 961760172 185236567 991541492 991541492 391242261 835048540 90020315 861720683 280980536 814017452 835048540 742520592 954761414 129089939 129089939 991541492 861720683 280980536 185236567 471602987 954761414 185236567 280980536 90212804 90020315 814017452 742520592 204242068 954761414 391242261 204242068 129089939 814017452 835048540 883341961 835048540 862314366 835048540 185236567 280980536 185236567 185236567 954761414 797929861 797929861 945774243 280980536 280980536 90020315 961760172 90212804 991541492 280980536 391242261 797929861 954761414 883341961 185236567 280980536 862314366 991541492 945774243 204242068 204242068 835048540 204242068 742520592 185236567 862314366 861720683 185236567 862314366 797929861 954761414 961760172 204242068 471602987 862314366 129089939 954761414 861720683 814017452 90020315 835048540 129089939 861720683 991541492 280980536 961760172 861720683 280980536 991541492 391242261 471602987 945774243 185236567 814017452 862314366 742520592 742520592 129089939 90212804 90212804 742520592 129089939 185236567 336369923 336369923 90020315 991541492 961760172 954761414 835048540 991541492 90212804 797929861 90212804 90212804 129089939 814017452 797929861 961760172 742520592 835048540 471602987 835048540 471602987 90212804 391242261 742520592 471602987 961760172 391242261 280980536 945774243 391242261 471602987 204242068 814017452 280980536 336369923 90212804 129089939 204242068 861720683 280980536 471602987 336369923 391242261 961760172 835048540 129089939 945774243 945774243 391242261 185236567 835048540 961760172 814017452 835048540 991541492 861720683 797929861 945774243 991541492 861720683 336369923 945774243 336369923 954761414 129089939 861720683 861720683 391242261 862314366 954761414 90212804 742520592 391242261 742520592 129089939 861720683 991541492 861720683 471602987 991541492 336369923 742520592 391242261 185236567 129089939 861720683 185236567 814017452 961760172 991541492 861720683 742520592 961760172 862314366 861720683 961760172 185236567 883341961 862314366 861720683 129089939 835048540 835048540 883341961 797929861 862314366 204242068 280980536 954761414 862314366 835048540 742520592 742520592 90020315 961760172 742520592 336369923 129089939 90020315 742520592 129089939 391242261 90020315 391242261 991541492 797929861 391242261 280980536 204242068 280980536 90212804 961760172 961760172 185236567 954761414 961760172 883341961 742520592 991541492 861720683 814017452 991541492 945774243 185236567 129089939 90212804 861720683 391242261 797929861 862314366 742520592 835048540 991541492 861720683 391242261 90020315
2 134
2 117
1 282 883341961
2 209
2 68
2 52
1 73 204242068
2 33
1 198 862314366
2 118
1 23 961760172
2 236
1 258 391242261
2 41
2 148
2 26
2 77
2 219
1 246 961760172
2 150
1 83 797929861
2 46
1 83 185236567
1 187 185236567
2 58
2 248
1 86 961760172
1 190 814017452
2 159
2 147
1 185 280980536
1 208 280980536
1 72 336369923
2 270
1 9 883341961
2 75
1 78 129089939
2 60
1 182 835048540
2 175
1 89 90212804
2 20
1 65 961760172
2 25
1 190 945774243
2 222
1 124 90020315
2 190
1 201 185236567
2 15
2 259
1 270 280980536
1 169 862314366
2 66
1 131 336369923
2 78
1 157 961760172
2 102
1 19 185236567
2 137
1 121 862314366
2 80
1 133 129089939
2 94
1 102 742520592
2 254
1 290 862314366
2 166
1 77 961760172
2 241
2 35
2 283
1 221 90212804
2 282
2 107
2 31
1 180 90212804
2 209
1 89 861720683
2 202
1 168 129089939
2 190
2 239
2 269
1 183 742520592
2 46
1 206 90212804
2 2
1 259 862314366
2 106
1 76 391242261
2 59
2 135
2 45
1 258 129089939
2 287
1 205 961760172
2 39
1 260 961760172
2 23
1 153 336369923
2 197
1 177 883341961
2 234
1 154 129089939
2 3
1 163 954761414
2 65
2 168
2 106
1 1 883341961
2 7
1 54 185236567
2 282
1 54 742520592
1 238 185236567
2 86
2 17
1 64 391242261
2 119
1 83 862314366
2 206
1 12 954761414
2 122
1 57 391242261
2 177
1 219 861720683
1 209 797929861
1 4 991541492
2 51
1 14 742520592
2 8
1 254 954761414
2 24
1 282 961760172
2 81
2 206
2 286
1 9 185236567
1 98 336369923
1 286 90020315
2 20
1 145 185236567
2 280
1 146 862314366
2 253
1 284 129089939
2 279
1 195 742520592
2 189
1 55 961760172
2 85
2 158
2 122
1 56 814017452
1 48 336369923
1 193 954761414
2 244
1 60 797929861
2 280
1 285 204242068
2 277
1 197 129089939
2 289
1 176 814017452
2 16
1 5 90212804
2 57
2 196
2 30
1 201 129089939
2 168
1 38 204242068
2 81
2 103
2 126
1 34 185236567
2 217
2 171
1 158 391242261
1 268 861720683
2 190
1 156 280980536
2 57
1 79 90020315
2 119
1 41 862314366
2 51
1 112 797929861
2 82
1 189 742520592
2 281
1 268 90020315
2 206
1 228 961760172
2 235
1 287 185236567
2 6
1 291 391242261
2 116
1 42 991541492
2 207
1 186 954761414
2 251
1 70 471602987
2 17
1 2 961760172
2 227
1 109 129089939
2 67
1 285 204242068
2 47
2 60
2 122
2 105
2 59
1 162 961760172
1 275 814017452
1 158 336369923
2 139
1 109 991541492
2 31
1 279 185236567
2 134
1 58 204242068
2 287
1 193 883341961
2 79
1 239 991541492
2 240
1 104 835048540
2 51
1 234 90020315
2 284
2 28
2 96
1 54 835048540
2 155
1 14 862314366
2 124
1 95 90212804
2 6
1 188 185236567
2 293
1 122 797929861
1 127 835048540
1 95 991541492
2 249
1 288 185236567
1 232 280980536
1 245 814017452
1 203 797929861
1 38 961760172
2 248
1 170 961760172
2 206
1 8 814017452
1 177 954761414
1 240 280980536
2 110
2 249
2 123
1 27 814017452
1 77 961760172
1 55 945774243
2 167
1 261 185236567
2 265
1 101 90212804
2 206
1 151 204242068
2 10
1 177 742520592
2 67
2 181
2 251
1 200 90212804
2 294
1 190 185236567
1 44 835048540
2 183
2 103
1 196 185236567
2 113
1 124 945774243
1 10 954761414
1 177 954761414
2 170
1 205 391242261
2 107
1 82 814017452
2 3
1 109 862314366
2 102
1 109 883341961
2 78
1 211 391242261
1 162 883341961
2 293
2 180
