239
253
174
132
192
237
139
228
167
261
69
227
127
114
12
138
55
210
1
173
58
67
199
6
1
262
13
151
90
187
270
199
122
167
151
214
158
155
293
267
160
89
108
287
52
234
206
192
51
140
139
96
225
61
146
283
224
12
139
218
95
17
280
11
176
280
197
151
113
244
287
218
175
153
154
206
115
135
192
248
285
36
6
46
201
274
260
83
242
138
107
206
224
210
167
113
79
211
248
219
290
218
79
182
247
286
162
55
76
91
90
236
27
12
256
296
258
115
116
7
6
71
175
138
292
143
92
152
263
287
172
285
206
232
234
113
223
268
114
93
54
209
100
5
