657
1290
313
793
1260
861
667
830
782
470
1450
517
238
383
80
501
1403
333
1207
1159
263
568
914
96
480
870
7
815
115
316
1279
1429
747
879
395
226
1243
1238
806
32
1089
559
745
776
179
1137
1365
468
222
1280
138
643
295
189
453
320
154
1358
1073
406
546
1157
1330
1427
1003
920
811
489
224
875
25
1030
297
1398
337
10
1433
1470
1428
447
1069
766
1322
1496
961
1067
272
1149
737
1105
1003
1053
545
180
1122
1132
643
983
1381
1084
1071
1145
463
10
1490
111
1159
19
213
375
61
613
280
761
308
1090
411
1312
121
1479
1457
1366
627
1262
1171
664
312
986
246
259
912
379
147
276
1143
1368
17
282
1449
339
220
418
927
489
52
424
569
929
1022
798
1231
1493
68
1210
696
1419
35
1096
439
534
905
441
926
838
1246
1359
71
161
758
1243
1087
1268
207
43
498
145
1273
350
996
237
1200
1454
161
6
1408
1317
626
428
693
1114
1167
1088
914
1217
1305
224
1063
1140
207
258
570
1237
1331
917
1216
830
1495
793
214
164
1329
1043
740
481
1487
1168
1187
775
1363
132
1063
129
962
781
1092
1425
1308
951
1081
1080
987
551
14
524
1375
1031
262
1171
610
529
1067
1468
1213
502
767
450
478
246
251
324
238
1384
926
198
228
52
468
514
1264
1025
701
1420
1251
826
620
1459
255
56
1375
917
522
653
70
924
1137
965
685
307
434
337
733
185
803
466
1093
1414
1016
1208
843
1324
39
184
388
24
1489
581
584
569
1226
17
107
1402
255
1060
1094
1295
1308
330
1361
186
32
470
364
267
426
1188
767
433
1289
30
482
220
1071
63
253
788
721
1429
1160
981
828
1032
1188
809
467
956
1113
1322
840
965
442
947
1154
988
1218
810
1057
199
18
1377
743
671
983
1324
93
960
1432
644
244
326
1014
1138
1325
972
1102
1295
233
83
930
944
1049
1084
566
49
627
219
1362
380
554
881
495
1371
418
1044
1038
607
1089
1329
1383
417
812
805
173
1047
474
1159
1234
1247
760
451
580
107
1062
1116
1450
99
672
481
77
866
39
1202
1412
1172
1080
998
949
1068
896
605
774
126
883
422
918
1305
1222
1457
802
46
1176
591
729
320
543
1152
59
78
398
1478
1008
952
984
162
1096
828
490
871
923
540
1500
503
725
877
1162
1255
397
987
1442
1093
769
1235
927
843
77
796
173
737
954
486
398
997
789
1357
265
1489
645
1005
328
268
433
677
519
79
1390
644
871
1010
1224
106
1149
317
448
265
490
1259
1105
1101
687
899
1090
550
339
81
1362
600
1261
679
825
1265
834
1038
352
624
24
297
1274
1465
608
958
343
1379
393
772
1050
1023
152
1015
741
813
268
1423
975
474
1201
770
1163
272
228
1450
765
1140
1134
1055
1153
629
913
514
1194
1285
1225
1080
869
434
1479
291
1108
196
913
940
544
538
715
458
1172
1110
824
1253
196
569
49
147
521
1306
1240
948
1168
963
153
663
291
1373
1466
526
575
2
1077
214
669
994
890
1208
1143
1467
1002
598
1153
920
886
524
923
244
536
25
1257
811
275
1258
628
968
546
502
161
312
924
164
634
534
35
1233
1299
1388
788
1356
1326
1100
1153
526
1338
1230
1452
948
634
894
796
511
883
870
234
1137
885
154
1033
8
48
470
431
282
808
1252
328
206
1360
982
861
770
755
441
948
1273
1219
1251
1217
1458
1134
1382
1037
113
270
27
809
484
276
1329
558
1147
764
898
1169
344
135
22
1194
878
82
660
1071
1025
1231
817
822
842
1043
1020
1389
796
975
1485
1173
74
1429
1368
480
155
1012
265
604
750
361
1019
299
1148
1206
1424
1294
1190
430
649
653
1452
939
661
570
942
1109
179
370
1310
835
575
1402
549
1055
104
410
269
1017
215
1008
419
752
166
890
1459
612
1132
1328
