2955 4192
216 639
639 1387
1387 216
216 2383
2383 2654
2654 216
216 2210
2210 2605
2605 216
216 2742
2742 2655
2655 2940
2940 593
593 552
552 510
510 1057
1057 965
965 1780
1780 837
837 2254
2254 1892
1892 2545
2545 2401
2401 1750
1750 321
321 2050
2050 1086
1086 528
528 1701
1701 538
538 2704
2704 1369
1369 2043
2043 2563
2563 818
818 2243
2243 1018
1018 1721
1721 316
316 1626
1626 65
65 840
840 1916
1916 1716
1716 1775
1775 72
72 2314
2314 1496
1496 1315
1315 2472
2472 306
306 2760
2760 1936
1936 2917
2917 1519
1519 2658
2658 2269
2269 1859
1859 197
197 1137
1137 456
456 2311
2311 1363
1363 2480
2480 1689
1689 2947
2947 2527
2527 1143
1143 2352
2352 1262
1262 1067
1067 2700
2700 2569
2569 2262
2262 2717
2717 1712
1712 1890
1890 1095
1095 266
266 1921
1921 2664
2664 97
97 2811
2811 2544
2544 745
745 2794
2794 2836
2836 393
393 417
417 2196
2196 1707
1707 2549
2549 1408
1408 507
507 2550
2550 648
648 277
277 611
611 2831
2831 1857
1857 1879
1879 2105
2105 1800
1800 1241
1241 2557
2557 514
514 2246
2246 2272
2272 2845
2845 845
845 2522
2522 575
575 2861
2861 998
998 2103
2103 2933
2933 1381
1381 1038
1038 2414
2414 822
822 533
533 1909
1909 846
846 1515
1515 1476
1476 394
394 484
484 2783
2783 539
539 2759
2759 396
396 2928
2928 1288
1288 1474
1474 2033
2033 2695
2695 1233
1233 2821
2821 2514
2514 2784
2784 123
123 216
1018 2940
2658 2243
1018 2933
2269 1476
2933 2545
2695 528
2272 2928
1018 846
2831 2742
2821 1626
538 417
2917 2033
2845 97
1716 840
2861 2352
2831 528
1626 2928
1859 266
845 1241
2717 2664
822 2783
2845 2717
1262 2196
1626 837
2704 2105
2272 2103
2717 1408
417 2103
745 123
1626 1095
2861 965
1689 514
2655 514
539 1921
2947 840
552 648
1519 1496
1057 1288
2933 316
2269 2759
2836 1057
1408 1038
2836 2033
216 396
2314 1315
321 1890
533 2272
2043 65
1921 2105
2811 552
1800 2246
1137 965
2550 396
2655 1067
2545 1712
1381 2401
2105 321
1241 316
1018 1800
1707 1936
2759 2717
507 97
316 1879
2811 1936
2794 2831
2836 1916
1476 123
2760 2742
2401 1721
266 2831
1067 2103
1712 2811
2947 396
1262 1369
1626 2246
216 2545
197 484
2821 1369
2246 2196
1879 2549
1474 1909
575 2845
484 266
1916 2243
417 2557
1381 2569
2563 1057
2050 552
2269 1892
2314 1288
2917 1381
2414 1018
2794 1707
1233 2480
1775 266
538 507
539 818
703 1638
1638 61
61 703
703 1734
1734 956
956 703
703 2823
2823 2895
2895 703
703 1179
1179 1790
1790 802
802 1531
1531 1566
1566 2618
2618 1172
1172 847
847 2884
2884 704
704 2757
2757 506
506 910
910 2512
2512 1552
1552 694
694 1176
1176 1026
1026 617
617 1349
1349 176
176 571
571 2834
2834 937
937 750
750 618
618 2283
2283 2852
2852 599
599 1023
1023 1562
1562 1153
1153 2428
2428 1388
1388 2249
2249 2631
2631 2494
2494 1182
1182 2071
2071 476
476 2371
2371 2822
2822 2282
2282 738
738 2874
2874 1759
1759 601
601 164
164 2079
2079 758
758 2250
2250 786
786 2813
2813 2077
2077 1294
1294 2894
2894 1702
1702 2519
2519 74
74 700
700 2152
2152 2321
2321 346
346 1099
1099 1785
1785 1106
1106 161
161 831
831 610
610 174
174 163
163 675
675 812
812 2789
2789 1184
1184 1692
1692 2596
2596 2232
2232 2233
2233 1832
1832 952
952 149
149 2005
2005 986
986 285
285 537
537 1007
1007 2230
2230 2763
2763 1445
1445 170
170 1040
1040 2846
2846 1623
1623 2781
2781 1472
1472 2015
2015 1669
1669 1098
1098 1873
1873 711
711 416
416 259
259 1171
1171 1512
1512 1843
1843 1937
1937 1802
1802 1925
1925 803
803 744
744 1146
1146 2853
2853 1748
1748 62
62 1155
1155 2067
2067 1499
1499 723
723 347
347 1547
1547 1571
1571 2607
2607 2063
2063 2022
2022 667
667 1109
1109 582
582 225
225 598
598 2399
2399 1733
1733 2074
2074 146
146 87
87 2405
2405 2066
2066 703
2834 910
2283 2077
174 1937
2079 2250
1785 571
62 1802
62 786
1176 610
346 163
1571 1748
2022 2079
1702 161
2282 1937
1512 2077
1832 2512
601 1785
2519 2781
703 1531
1445 2071
986 2233
937 2846
1748 738
1571 1802
1184 571
2074 598
2067 617
758 1925
164 1669
703 1790
2282 1623
617 700
1873 506
847 711
146 476
2250 2071
2066 1026
2005 738
1153 62
2067 1026
723 2852
2249 2022
2494 2519
1179 617
149 786
2371 1843
2321 2813
1937 675
1562 617
723 2763
346 2618
711 1937
1153 723
1623 2631
1566 2846
618 2230
2399 2152
704 2405
1106 2232
812 2074
170 2596
2834 1733
2015 1388
675 62
847 750
164 2067
2399 1182
700 1349
2846 2250
599 937
1388 704
786 704
537 2077
2519 744
1153 2321
2512 347
2852 537
506 1552
2399 476
617 2631
2405 2789
2371 2015
2874 2321
2250 694
2834 2596
599 738
2230 1759
2022 476
2853 1802
2399 2232
1153 1179
2494 700
601 2846
1562 146
1566 149
711 2079
170 176
2618 74
163 1785
786 1623
2079 2071
1937 1026
2178 1021
1021 2770
2770 2178
2178 2806
2806 2593
2593 2178
2178 443
443 2115
2115 2178
2178 99
99 875
875 972
972 2818
2818 1918
1918 1613
1613 1595
1595 1092
1092 2313
2313 1490
1490 1271
1271 1564
1564 1812
1812 844
844 1628
1628 2217
2217 335
335 2124
2124 1201
1201 663
663 1255
1255 634
634 1423
1423 281
281 881
881 1289
1289 2316
2316 2248
2248 1424
1424 2682
2682 2577
2577 950
950 555
555 1224
1224 462
462 2728
2728 1194
1194 1660
1660 2478
2478 1953
1953 2580
2580 68
68 1747
1747 623
623 1728
1728 2201
2201 1163
1163 1981
1981 2727
2727 1001
1001 498
498 689
689 218
218 2467
2467 1156
1156 1500
1500 1061
1061 790
790 1413
1413 2382
2382 1441
1441 2211
2211 529
529 1958
1958 2498
2498 2679
2679 1093
1093 2743
2743 661
661 1959
1959 2748
2748 1957
1957 2198
2198 1880
1880 1416
1416 2724
2724 2415
2415 2594
2594 1216
1216 2475
2475 2699
2699 1276
1276 1008
1008 1827
1827 642
642 1658
1658 1278
1278 1831
1831 2774
2774 1863
1863 133
133 1806
1806 2088
2088 1944
1944 1352
1352 509
509 2808
2808 1895
1895 1991
1991 2155
2155 1091
1091 1425
1425 809
809 953
953 1240
1240 1774
1774 2881
2881 2304
2304 756
756 1742
1742 124
124 541
541 1642
1642 2612
2612 172
172 2746
2746 2040
2040 2476
2476 2372
2372 1532
1532 1625
1625 970
970 2479
2479 2178
2577 1425
1895 1271
756 1289
1628 875
2479 1216
1425 623
2580 1728
1008 1957
1255 2372
335 1959
124 1216
2475 2124
1953 2372
1240 2040
555 218
642 790
1061 1201
1642 623
1806 2577
1880 1271
1831 1564
2124 281
642 335
281 1895
950 1156
1812 2316
498 2612
2498 2727
2743 689
462 2699
2467 634
1061 2748
1093 2818
1255 1416
1061 1613
1224 1642
1532 2580
2040 1423
844 1959
1500 2743
1352 1831
953 133
2679 1008
634 1628
1156 2679
2382 2475
218 1564
1958 1352
281 1658
2724 1424
2201 335
809 218
2467 541
2155 1532
1863 1413
1774 1806
133 1092
972 2577
1991 2580
1061 950
2594 2211
1224 1093
1744 150
150 401
401 1744
1744 1064
1064 2710
2710 1744
1744 153
153 2799
2799 1744
531 682
682 1049
1049 531
531 767
767 193
193 531
2687 939
939 2670
2670 2687
2687 2734
2734 2080
2080 2687
2687 1924
1924 2714
2714 2687
638 2586
2586 315
315 638
692 42
42 1215
1215 692
1003 647
647 328
328 1003
1003 701
701 2615
2615 1003
1003 860
860 2061
2061 1003
1006 536
536 1995
1995 1006
1006 2463
2463 409
409 1006
1006 275
275 1382
1382 1006
1789 1048
1048 2660
2660 1789
1789 527
527 2942
2942 1789
1070 606
606 368
368 1070
1070 2182
2182 460
460 1070
1070 788
788 2378
2378 1070
1070 1541
1541 2016
2016 1070
1578 2887
2887 2461
2461 1578
1578 483
483 487
487 1578
1578 918
918 384
384 1578
1578 2768
2768 1084
1084 1578
432 2508
2508 1581
1581 432
2145 422
422 677
677 2145
2145 2084
2084 1407
1407 2145
1025 2921
2921 1480
1480 1025
1025 688
688 2736
2736 1025
1025 2523
2523 1488
1488 1025
2554 1577
1577 554
554 2554
2554 1557
1557 1342
1342 2554
2567 931
931 1079
1079 2567
2567 467
467 2420
2420 2567
2567 905
905 1386
1386 2567
2567 1161
1161 608
608 2567
1475 1444
1444 2520
2520 1475
764 913
913 1850
1850 764
764 2106
2106 2647
2647 764
764 1776
1776 2744
2744 764
434 2716
2716 1907
1907 434
434 2433
2433 1569
1569 434
434 1823
1823 1078
1078 434
2098 2346
2346 1851
1851 2098
2098 223
223 2174
2174 2098
2098 2697
2697 1436
1436 2098
2098 2896
2896 1127
1127 2098
1384 1417
1417 2753
2753 1384
1656 1439
1439 482
482 1656
448 2089
2089 2387
2387 448
448 2297
2297 2351
2351 448
448 2534
2534 715
715 448
448 2185
2185 1129
1129 448
2565 2927
2927 243
243 2565
2565 590
590 659
659 2565
2565 233
233 2929
2929 2565
1621 2329
2329 2440
2440 1621
1621 979
979 1563
1563 1621
1621 1495
1495 560
560 1621
2745 1536
1536 2374
2374 2745
2745 257
257 1396
1396 2745
2745 2614
2614 227
227 2745
2667 21
21 2146
2146 2667
2667 1139
1139 1401
1401 2667
2667 1461
1461 48
48 2667
1641 883
883 1976
1976 1641
1641 1963
1963 314
314 1641
1641 171
171 2622
2622 1641
1641 566
566 873
873 1641
2369 1796
1796 294
294 2369
1881 637
637 1285
1285 1881
1881 2455
2455 159
159 1881
1881 707
707 1380
1380 1881
2397 1126
1126 125
125 2397
2397 1014
1014 2277
2277 2397
2397 2779
2779 1817
1817 2397
2330 908
908 800
800 2330
2330 674
674 1686
1686 2330
1308 858
858 1248
1248 1308
1308 2531
2531 505
505 1308
338 2251
2251 1676
1676 338
338 1218
1218 2012
2012 338
338 978
978 1865
1865 338
338 1821
1821 670
670 338
940 2765
2765 2706
2706 940
2892 1651
1651 1411
1411 2892
1901 1993
1993 2930
2930 1901
1901 920
920 658
658 1901
2223 2375
2375 2416
2416 2223
1147 2183
2183 1150
1150 1147
1147 2738
2738 2552
2552 1147
1518 1374
1374 2357
2357 1518
1518 1871
1871 741
741 1518
1518 517
517 2505
2505 1518
1637 549
549 2599
2599 1637
1637 753
753 379
379 1637
1637 1763
1763 1253
1253 1637
333 2939
2939 1594
1594 333
333 2536
2536 605
605 333
333 2636
2636 2651
2651 333
333 254
254 34
34 333
94 1644
1644 2877
2877 94
938 465
465 783
783 938
107 1926
1926 2309
2309 107
107 2406
2406 1984
1984 107
2212 95
95 1186
1186 2212
2737 1861
1861 1251
1251 2737
500 2815
2815 2532
2532 500
500 1597
1597 2188
2188 500
500 2731
2731 1404
1404 500
1046 2500
2500 2600
2600 1046
1046 2235
2235 1560
1560 1046
841 941
941 816
816 841
841 1614
1614 2865
2865 841
841 573
573 1502
1502 841
1433 2582
2582 1946
1946 1433
1433 1160
1160 2288
2288 1433
231 2837
2837 1513
1513 231
231 893
893 244
244 231
231 1522
1522 2073
2073 231
2553 1977
1977 2597
2597 2553
2553 1298
1298 2756
2756 2553
426 1954
1954 903
903 426
1350 2165
2165 727
727 1350
1735 1263
1263 1033
1033 1735
1591 2509
2509 419
419 1591
982 475
475 480
480 982
982 1783
1783 1157
1157 982
982 2164
2164 1979
1979 982
1426 1080
1080 683
683 1426
1426 595
595 2801
2801 1426
1426 156
156 2462
2462 1426
2086 1332
1332 1075
1075 2086
936 2335
2335 739
739 936
418 574
574 248
248 418
418 377
377 909
909 418
1360 1402
1402 2875
2875 1360
2337 511
511 690
690 2337
2337 553
553 1383
1383 2337
2337 2639
2639 951
951 2337
1300 2354
2354 1736
1736 1300
169 217
217 1174
1174 169
949 2147
2147 22
22 949
949 624
624 2943
2943 949
949 1650
1650 2839
2839 949
949 1694
1694 1609
1609 949
680 876
876 1043
1043 680
680 304
304 2307
2307 680
680 681
681 2516
2516 680
680 544
544 255
255 680
1602 1385
1385 1605
1605 1602
1602 2539
2539 391
391 1602
2925 1902
1902 2566
2566 2925
131 106
106 1037
1037 131
131 410
410 2501
2501 131
131 799
799 455
455 131
2172 56
56 1250
1250 2172
1664 1149
1149 60
60 1664
1664 1766
1766 2053
2053 1664
1664 274
274 2611
2611 1664
1931 2778
2778 55
55 1931
1931 1301
1301 2762
2762 1931
1931 1533
1533 899
899 1931
143 1029
1029 695
695 143
143 2800
2800 2239
2239 143
2031 489
489 200
200 2031
2031 138
138 2194
2194 2031
492 730
730 446
446 492
1888 75
75 1893
1893 1888
1677 651
651 2365
2365 1677
1677 2703
2703 340
340 1677
2332 2245
2245 2719
2719 2332
2101 1933
1933 195
195 2101
2101 2367
2367 1431
1431 2101
1068 594
594 118
118 1068
1068 2689
2689 981
981 1068
2166 1853
1853 2127
2127 2166
1316 1051
1051 2229
2229 1316
1885 2732
2732 1537
1537 1885
258 751
751 371
371 258
1540 1399
1399 614
614 1540
1540 728
728 755
755 1540
2590 2560
2560 2418
2418 2590
2590 139
139 2838
2838 2590
1326 592
592 570
570 1326
1326 2161
2161 2336
2336 1326
1326 103
103 1152
1152 1326
1913 2866
2866 1713
1713 1913
1913 1914
1914 1527
1527 1913
1913 2678
2678 1570
1570 1913
2030 1107
1107 2932
2932 2030
2030 2410
2410 2170
2170 2030
2030 1983
1983 968
968 2030
2030 1340
1340 2359
2359 2030
888 2525
2525 763
763 888
2924 1743
1743 1782
1782 2924
2924 1299
1299 1550
1550 2924
2924 2926
2926 1992
1992 2924
2924 2130
2130 2741
2741 2924
2009 1103
1103 2772
2772 2009
1005 1833
1833 2078
2078 1005
1005 25
25 2515
2515 1005
1005 1376
1376 2769
2769 1005
1005 1296
1296 1314
1314 1005
2872 441
441 817
817 2872
1195 1683
1683 1151
1151 1195
1344 907
907 1135
1135 1344
1344 80
80 1028
1028 1344
1344 1328
1328 205
205 1344
2028 1062
1062 345
345 2028
37 1882
1882 1919
1919 37
229 373
373 2379
2379 229
229 2228
2228 864
864 229
229 1862
1862 1072
1072 229
1710 1275
1275 1138
1138 1710
719 232
232 303
303 719
719 2142
2142 850
850 719
719 597
597 212
212 719
239 2412
2412 1272
1272 239
2908 387
387 130
130 2908
2908 2199
2199 2708
2708 2908
220 1546
1546 414
414 220
220 1052
1052 1935
1935 220
220 1465
1465 2889
2889 220
220 2176
2176 54
54 220
1573 390
390 399
399 1573
1573 1421
1421 93
93 1573
1573 1311
1311 469
469 1573
1280 1761
1761 1451
1451 1280
1280 1994
1994 1430
1430 1280
1280 264
264 2227
2227 1280
2025 1101
1101 1690
1690 2025
2025 1427
1427 2499
2499 2025
2025 2483
2483 2788
2788 2025
2634 1180
1180 1455
1455 2634
1798 2564
2564 1310
1310 1798
1798 942
942 720
720 1798
828 182
182 1345
1345 828
828 2937
2937 82
82 828
828 136
136 2204
2204 828
167 1553
1553 916
916 167
167 1071
1071 2854
2854 167
167 872
872 1655
1655 167
504 240
240 288
288 504
2893 230
230 160
160 2893
2893 1627
1627 2310
2310 2893
2465 2648
2648 2449
2449 2465
2465 1819
1819 2046
2046 2465
842 2537
2537 1764
1764 842
2486 534
534 679
679 2486
2526 848
848 2709
2709 2526
2526 2454
2454 2236
2236 2526
2561 2457
2457 2451
2451 2561
2561 2951
2951 813
813 2561
2561 491
491 1838
1838 2561
1102 878
878 3
3 1102
1102 2065
2065 1210
1210 1102
1066 1281
1281 870
870 1066
1066 305
305 1543
1543 1066
1629 380
380 1982
1982 1629
1629 515
515 1246
1246 1629
2177 2650
2650 1085
1085 2177
2177 1535
1535 644
644 2177
2177 1807
1807 2450
2450 2177
2177 1608
1608 867
867 2177
1877 12
12 1320
1320 1877
1877 2119
2119 1647
1647 1877
1877 1347
1347 64
64 1877
1877 1124
1124 2008
2008 1877
1225 1331
1331 525
525 1225
1225 1645
1645 1074
1074 1225
2213 1379
1379 1287
1287 2213
2213 77
77 1284
1284 2213
2007 115
115 102
102 2007
2007 26
26 2671
2671 2007
2007 488
488 2915
2915 2007
2007 1967
1967 2253
2253 2007
1412 1544
1544 895
895 1412
1123 2692
2692 2777
2777 1123
1123 984
984 1971
1971 1123
1221 547
547 1950
1950 1221
2712 933
933 1829
1829 2712
2712 73
73 2876
2876 2712
2712 2470
2470 117
117 2712
1144 2528
2528 2809
2809 1144
1144 1486
1486 2209
2209 1144
1144 1852
1852 871
871 1144
2202 2606
2606 2439
2439 2202
201 1034
1034 1927
1927 201
201 2090
2090 2338
2338 201
201 1446
1446 2306
2306 201
201 2630
2630 2609
2609 201
1454 67
67 1004
1004 1454
291 1631
1631 1754
1754 291
291 1165
1165 245
245 291
291 781
781 650
650 291
2000 1223
1223 819
819 2000
2000 1414
1414 237
237 2000
2000 587
587 2901
2901 2000
404 749
749 2558
2558 404
404 2795
2795 1273
1273 404
404 520
520 2825
2825 404
2087 1073
1073 2047
2047 2087
2087 2319
2319 1670
1670 2087
2087 30
30 568
568 2087
684 2252
2252 307
307 684
684 1697
1697 2364
2364 684
684 2713
2713 1313
1313 684
2803 1341
1341 309
309 2803
2803 296
296 114
114 2803
1974 1069
1069 631
631 1974
1974 2083
2083 1791
1791 1974
1974 2051
2051 43
43 1974
317 1696
1696 1478
1478 317
317 2409
2409 2366
2366 317
2157 1835
1835 250
250 2157
2157 2705
2705 1192
1192 2157
2157 1354
1354 962
962 2157
2157 1142
1142 1437
1437 2157
2112 1781
1781 2910
2910 2112
2112 1542
1542 807
807 2112
2112 1356
1356 122
122 2112
312 2885
2885 2844
2844 312
312 685
685 722
722 312
312 1620
1620 2502
2502 312
312 1377
1377 2642
2642 312
2419 1429
1429 1141
1141 2419
2419 31
31 2739
2739 2419
2419 262
262 2603
2603 2419
2447 1601
1601 2056
2056 2447
2447 1460
1460 1896
1896 2447
2447 1409
1409 2621
2621 2447
2447 2683
2683 673
673 2447
20 388
388 1002
1002 20
20 1118
1118 2388
2388 20
628 2556
2556 1063
1063 628
628 2171
2171 358
358 628
628 1293
1293 2331
2331 628
628 2882
2882 147
147 628
2733 1898
1898 2436
2436 2733
736 1588
1588 1727
1727 736
736 530
530 874
874 736
1035 977
977 740
740 1035
1035 627
627 1771
1771 1035
1035 1722
1722 2945
2945 1035
1820 2521
2521 1202
1202 1820
1820 1442
1442 607
607 1820
2118 2438
2438 1739
1739 2118
2118 1088
1088 733
733 2118
725 339
339 585
585 725
725 522
522 2295
2295 725
366 1934
1934 1615
1615 366
366 2524
2524 436
436 366
366 2752
2752 1307
1307 366
366 1257
1257 1206
1206 366
187 1183
1183 2256
2256 187
128 2907
2907 154
154 128
128 1222
1222 994
994 128
128 2019
2019 367
367 128
1108 1145
1145 646
646 1108
1108 1980
1980 49
49 1108
1108 1282
1282 1847
1847 1108
1108 51
51 1793
1793 1108
919 1211
1211 175
175 919
919 1858
1858 976
976 919
919 1362
1362 1209
1209 919
2802 1688
1688 1283
1283 2802
2802 249
249 2104
2104 2802
2802 2625
2625 1357
1357 2802
2802 2038
2038 395
395 2802
921 1491
1491 461
461 921
921 2034
2034 459
459 921
1583 2487
2487 2092
2092 1583
1583 1373
1373 1592
1592 1583
2356 1520
1520 2530
2530 2356
1487 1955
1955 1633
1633 1487
411 924
924 501
501 411
411 181
181 1120
1120 411
411 295
295 702
702 411
269 353
353 1422
1422 269
269 572
572 2175
2175 269
324 2468
2468 877
877 324
324 196
196 109
109 324
324 1778
1778 640
640 324
1177 2906
2906 2122
2122 1177
2661 734
734 1355
1355 2661
1438 2135
2135 1986
1986 1438
1438 1612
1612 838
838 1438
1438 1585
1585 57
57 1438
148 1458
1458 1011
1011 148
148 1889
1889 1390
1390 148
2284 1415
1415 1565
1565 2284
2284 2361
2361 2780
2780 2284
832 1756
1756 1661
1661 832
832 1020
1020 518
518 832
832 686
686 892
892 832
1198 41
41 1136
1136 1198
1083 567
567 1197
1197 1083
2120 1792
1792 1772
1772 2120
2120 2816
2816 503
503 2120
698 654
654 1634
1634 698
698 1319
1319 2507
2507 698
698 435
435 801
801 698
698 2400
2400 2317
2317 698
825 261
261 2543
2543 825
825 1027
1027 1290
1290 825
1190 359
359 1942
1942 1190
1860 1684
1684 556
556 1860
1860 1830
1830 2312
2312 1860
1860 2121
2121 2766
2766 1860
1256 973
973 1245
1245 1256
96 2013
2013 1462
1462 96
96 752
752 1131
1131 96
96 78
78 2810
2810 96
96 438
438 1603
1603 96
2377 8
8 1693
1693 2377
2377 804
804 1477
1477 2377
2377 1268
1268 1329
1329 2377
2163 946
946 1758
1758 2163
1579 2048
2048 2626
2626 1579
38 2305
2305 772
772 38
1528 1718
1718 185
185 1528
1528 1897
1897 1391
1391 1528
2797 1906
1906 780
780 2797
427 59
59 1047
1047 427
427 2646
2646 2197
2197 427
427 2913
2913 787
787 427
427 1607
1607 1199
1199 427
2017 2075
2075 1822
1822 2017
2657 1128
1128 494
494 2657
2657 2637
2637 2247
2247 2657
177 2583
2583 1706
1706 177
412 512
512 2446
2446 412
412 2097
2097 1169
1169 412
412 327
327 768
768 412
412 2324
2324 746
746 412
954 1378
1378 1509
1509 954
954 2430
2430 478
478 954
954 1410
1410 241
241 954
2533 2173
2173 2919
2919 2533
2533 2200
2200 81
81 2533
2495 2886
2886 2749
2749 2495
2136 39
39 1450
1450 2136
797 88
88 2
2 797
797 206
206 2427
2427 797
2370 2931
2931 1749
1749 2370
532 827
827 2325
2325 532
532 1343
1343 451
451 532
532 2616
2616 1917
1917 532
869 1813
1813 1312
1312 869
2453 2444
2444 1453
1453 2453
2453 1214
1214 85
85 2453
1394 1589
1589 2023
2023 1394
1394 1939
1939 2417
2417 1394
1394 2702
2702 666
666 1394
1361 2673
2673 579
579 1361
1361 2696
2696 2308
2308 1361
1361 1616
1616 89
89 1361
1361 2341
2341 2946
2946 1361
1100 1231
1231 2358
2358 1100
19 2404
2404 596
596 19
19 1521
1521 811
811 19
2281 470
470 2954
2954 2281
2281 2159
2159 2258
2258 2281
2441 589
589 2376
2376 2441
2441 641
641 2935
2935 2441
2441 765
765 833
833 2441
2191 868
868 862
862 2191
2191 1920
1920 890
890 2191
2191 1952
1952 449
449 2191
1498 1121
1121 1717
1717 1498
1498 2355
2355 2156
2156 1498
1498 2039
2039 1856
1856 1498
2830 2276
2276 2216
2216 2830
2830 2323
2323 545
545 2830
2830 861
861 1493
1493 2830
2830 1680
1680 1261
1261 2830
1503 2222
2222 298
298 1503
1503 343
343 2225
2225 1503
915 203
203 2542
2542 915
915 1828
1828 2665
2665 915
915 1039
1039 2492
2492 915
856 2011
2011 127
127 856
856 2231
2231 318
318 856
2266 2059
2059 2128
2128 2266
2266 293
293 1164
1164 2266
1511 330
330 2624
2624 1511
90 1104
1104 2652
2652 90
90 2610
2610 2529
2529 90
2613 1673
1673 357
357 2613
2613 2116
2116 773
773 2613
2613 365
365 769
769 2613
301 2381
2381 1922
1922 301
622 1538
1538 2819
2819 622
273 381
381 603
603 273
273 1346
1346 2627
2627 273
1504 1708
1708 726
726 1504
1449 397
397 775
775 1449
1449 2490
2490 1810
1810 1449
383 2411
2411 1883
1883 383
383 2608
2608 2540
2540 383
101 53
53 2425
2425 101
101 2518
2518 2345
2345 101
2899 2270
2270 523
523 2899
815 283
283 731
731 815
815 696
696 2278
2278 815
714 2572
2572 1611
1611 714
714 1973
1973 1065
1065 714
2052 2862
2862 1606
1606 2052
2100 382
382 1809
1809 2100
2100 421
421 2431
2431 2100
2100 71
71 1089
1089 2100
2100 2302
2302 2812
2812 2100
665 2207
2207 219
219 665
665 66
66 1624
1624 665
665 1854
1854 884
884 665
665 2268
2268 2641
2641 665
2842 829
829 1646
1646 2842
2842 361
361 2045
2045 2842
662 945
945 2918
2918 662
1339 280
280 1630
1630 1339
2234 2004
2004 777
777 2234
2464 1372
1372 1247
1247 2464
2464 1258
1258 1405
1405 2464
2464 761
761 1987
1987 2464
2464 192
192 853
853 2464
1724 2909
2909 1723
1723 1724
1724 1010
1010 386
386 1724
2828 251
251 602
602 2828
2828 1784
1784 1175
1175 2828
2828 1015
1015 1219
1219 2828
2255 771
771 1714
1714 2255
2863 997
997 1096
1096 2863
2833 2663
2663 1600
1600 2833
2833 2715
2715 2591
2591 2833
2833 852
852 2635
2635 2833
289 13
13 1855
1855 289
2841 392
392 2395
2395 2841
2841 863
863 928
928 2841
1610 2726
2726 2785
2785 1610
1610 1022
1022 1567
1567 1610
1324 1389
1389 1466
1466 1324
1324 2912
2912 28
28 1324
743 2117
2117 901
901 743
743 279
279 226
226 743
743 1596
1596 2578
2578 743
1534 2767
2767 747
747 1534
1534 1090
1090 121
121 1534
2902 1940
1940 24
24 2902
2902 1306
1306 2426
2426 2902
2442 1162
1162 299
299 2442
2442 2701
2701 450
450 2442
2442 1864
1864 1636
1636 2442
2551 86
86 1572
1572 2551
784 2471
2471 1158
1158 784
2493 2334
2334 586
586 2493
313 2891
2891 1395
1395 313
313 971
971 319
319 313
313 961
961 1269
1269 313
1447 2656
2656 211
211 1447
1788 1908
1908 1525
1525 1788
1788 2402
2402 626
626 1788
1788 776
776 2347
2347 1788
1788 569
569 1915
1915 1788
2469 885
885 378
378 2469
2469 1737
1737 808
808 2469
2469 2497
2497 2547
2547 2469
354 453
453 2645
2645 354
354 1229
1229 1279
1279 354
1539 356
356 481
481 1539
1539 1554
1554 2870
2870 1539
1539 2322
2322 2730
2730 1539
270 112
112 2672
2672 270
1911 2720
2720 2070
2070 1911
1911 1464
1464 7
7 1911
1510 668
668 1185
1185 1510
1510 2936
2936 1619
1619 1510
1510 2644
2644 1481
1481 1510
1510 1398
1398 1322
1322 1510
1507 2064
2064 2850
2850 1507
2677 2649
2649 1899
1899 2677
1770 471
471 2326
2326 1770
2432 2721
2721 1463
1463 2432
834 1797
1797 2298
2298 834
834 1371
1371 135
135 834
834 2328
2328 2506
2506 834
834 213
213 1846
1846 834
2403 2333
2333 1193
1193 2403
1665 857
857 91
91 1665
1119 1652
1652 859
859 1119
1119 2290
2290 1059
1059 1119
2592 1484
1484 1330
1330 2592
2592 2259
2259 2604
2604 2592
2226 927
927 372
372 2226
4 2459
2459 1687
1687 4
4 2869
2869 757
757 4
496 2793
2793 1699
1699 496
1672 2026
2026 1418
1418 1672
1672 1082
1082 664
664 1672
958 1662
1662 1731
1731 958
2787 2798
2798 1260
1260 2787
2787 355
355 2343
2343 2787
1849 1428
1428 2131
2131 1849
1849 1786
1786 458
458 1849
1032 805
805 1105
1105 1032
1032 2113
2113 2755
2755 1032
1032 1045
1045 1765
1765 1032
896 1459
1459 1643
1643 896
896 2289
2289 2001
2001 896
896 2407
2407 2018
2018 896
1292 1188
1188 331
331 1292
108 2911
2911 352
352 108
108 2384
2384 2589
2589 108
1367 183
183 1923
1923 1367
1367 2353
2353 1961
1961 1367
1440 2002
2002 209
209 1440
676 742
742 911
911 676
676 748
748 2091
2091 676
2035 1170
1170 1586
1586 2035
2035 754
754 990
990 2035
2035 774
774 6
6 2035
348 1304
1304 1886
1886 348
2579 2848
2848 2072
2072 2579
2238 932
932 1167
1167 2238
2680 693
693 1212
1212 2680
2680 955
955 1968
1968 2680
2680 821
821 1200
1200 2680
2680 2267
2267 2363
2363 2680
1087 2598
2598 194
194 1087
2224 1584
1584 2771
2771 2224
2224 2237
2237 439
439 2224
519 2189
2189 2807
2807 519
2473 2260
2260 1674
1674 2473
2473 2725
2725 2640
2640 2473
84 362
362 914
914 84
84 2158
2158 113
113 84
84 1019
1019 563
563 84
84 2773
2773 1286
1286 84
2855 142
142 2081
2081 2855
2855 1752
1752 1213
1213 2855
2855 820
820 2588
2588 2855
1678 969
969 724
724 1678
1678 930
930 1970
1970 1678
1678 657
657 2162
2162 1678
957 2279
2279 1818
1818 957
11 58
58 2503
2503 11
479 2482
2482 2373
2373 479
479 178
178 210
210 479
1738 2274
2274 1505
1505 1738
1738 562
562 898
898 1738
1738 2826
2826 2094
2094 1738
843 2151
2151 620
620 843
843 2484
2484 433
433 843
843 2491
2491 402
402 843
1239 2681
2681 550
550 1239
1239 1559
1559 186
186 1239
1239 1834
1834 110
110 1239
247 2408
2408 526
526 247
247 2060
2060 398
398 247
1964 2049
2049 271
271 1964
1964 836
836 2190
2190 1964
1964 2148
2148 1837
1837 1964
1964 1159
1159 5
5 1964
2133 2244
2244 168
168 2133
2133 1639
1639 98
98 2133
1582 792
792 322
322 1582
1582 2014
2014 184
184 1582
1582 1649
1649 2293
2293 1582
2761 1235
1235 671
671 2761
2761 332
332 278
278 2761
2761 1321
1321 785
785 2761
616 2535
2535 2193
2193 616
616 2448
2448 204
204 616
616 929
929 16
16 616
616 1234
1234 1482
1482 616
145 2286
2286 934
934 145
145 1265
1265 2735
2735 145
221 580
580 198
198 221
221 360
360 2632
2632 221
1024 1657
1657 2095
2095 1024
1024 473
473 1779
1779 1024
2423 320
320 2041
2041 2423
1 1305
1305 779
779 1
1 1323
1323 2292
2292 1
1 630
630 256
256 1
1 1140
1140 1932
1932 1
2575 1297
1297 2804
2804 2575
2575 1483
1483 2541
2541 2575
2575 2424
2424 2619
2619 2575
2575 2129
2129 1903
1903 2575
1947 1115
1115 2669
2669 1947
1947 1122
1122 2662
2662 1947
1947 2587
2587 431
431 1947
415 2489
2489 2380
2380 415
854 406
406 2180
2180 854
854 2192
2192 1726
1726 854
854 2698
2698 2481
2481 854
854 2722
2722 2315
2315 854
988 1181
1181 2792
2792 988
988 2858
2858 2584
2584 988
2690 1237
1237 2303
2303 2690
2690 2140
2140 922
922 2690
199 308
308 1337
1337 199
782 709
709 2693
2693 782
782 238
238 166
166 782
782 1803
1803 2849
2849 782
2096 189
189 2856
2856 2096
2096 565
565 778
778 2096
1653 2814
2814 1753
1753 1653
1653 2179
2179 300
300 1653
708 486
486 2386
2386 708
708 2296
2296 887
887 708
1725 660
660 1393
1393 1725
2099 2674
2674 9
9 2099
1719 564
564 2824
2824 1719
1719 966
966 2581
2581 1719
413 794
794 830
830 413
413 1053
1053 1207
1207 413
413 1848
1848 1189
1189 413
1117 806
806 2711
2711 1117
983 2264
2264 424
424 983
983 104
104 45
45 983
983 1990
1990 1811
1811 983
983 2694
2694 2676
2676 983
497 705
705 2859
2859 497
497 2941
2941 1358
1358 497
497 1989
1989 789
789 497
2538 162
162 2340
2340 2538
2538 2006
2006 2923
2923 2538
2538 1938
1938 762
762 2538
2538 1432
1432 760
760 2538
699 2069
2069 2873
2873 699
699 2840
2840 1266
1266 699
699 1081
1081 925
925 699
2691 263
263 454
454 2691
2691 140
140 1471
1471 2691
2691 2138
2138 584
584 2691
1905 1191
1191 1948
1948 1905
1905 1238
1238 1220
1220 1905
1905 894
894 2360
2360 1905
1905 737
737 540
540 1905
105 1017
1017 2903
2903 105
105 2868
2868 1364
1364 105
2864 521
521 2422
2422 2864
814 1226
1226 944
944 814
814 2300
2300 2020
2020 814
814 964
964 1400
1400 814
1795 1956
1956 1867
1867 1795
1795 1715
1715 2042
2042 1795
1795 1635
1635 1397
1397 1795
1795 1365
1365 50
50 1795
1530 1435
1435 1929
1929 1530
1530 1703
1703 995
995 1530
1530 2880
2880 2348
2348 1530
1530 716
716 116
116 1530
1904 1370
1370 385
385 1904
1904 120
120 437
437 1904
1904 2555
2555 2883
2883 1904
290 1801
1801 1826
1826 290
2805 464
464 477
477 2805
2805 717
717 1836
1836 2805
2805 1130
1130 866
866 2805
2805 407
407 1751
1751 2805
2154 759
759 2287
2287 2154
2154 10
10 1318
1318 2154
2154 1632
1632 222
222 2154
2110 2857
2857 1762
1762 2110
2110 1529
1529 2934
2934 2110
2110 1705
1705 2221
2221 2110
1076 1366
1366 2093
2093 1076
1076 403
403 1485
1485 1076
1076 311
311 52
52 1076
76 1334
1334 1077
1077 76
76 2257
2257 2054
2054 76
2021 284
284 578
578 2021
2021 1755
1755 706
706 2021
2602 1353
1353 389
389 2602
2602 793
793 1097
1097 2602
2602 1558
1558 1236
1236 2602
2602 1309
1309 1508
1508 2602
542 2562
2562 165
165 542
542 1230
1230 619
619 542
1604 2215
2215 2485
2485 1604
1604 2747
2747 710
710 1604
1604 1654
1654 2144
2144 1604
1604 891
891 370
370 1604
444 2186
2186 1767
1767 444
444 635
635 137
137 444
1695 1951
1951 2867
2867 1695
1695 351
351 429
429 1695
1695 1599
1599 1844
1844 1695
2879 1204
1204 2904
2904 2879
2879 1840
1840 1814
1814 2879
2879 1845
1845 2273
2273 2879
69 92
92 612
612 69
69 2143
2143 1113
1113 69
69 2396
2396 1351
1351 69
70 721
721 1962
1962 70
70 144
144 1568
1568 70
70 191
191 989
989 70
2633 33
33 2187
2187 2633
1208 1228
1228 442
442 1208
252 535
535 1691
1691 252
252 1116
1116 267
267 252
36 1805
1805 613
613 36
36 1375
1375 791
791 36
36 1044
1044 643
643 36
36 2167
2167 2684
2684 36
1031 889
889 996
996 1031
1031 2195
2195 687
687 1031
1031 1041
1041 2242
2242 1031
1031 672
672 2510
2510 1031
234 1825
1825 583
583 234
234 2750
2750 2559
2559 234
234 246
246 1166
1166 234
1419 349
349 1277
1277 1419
1058 1590
1590 543
543 1058
2280 1700
1700 452
452 2280
2740 2832
2832 32
32 2740
2740 224
224 1348
1348 2740
855 2108
2108 906
906 855
855 849
849 2241
2241 855
855 729
729 2638
2638 855
615 1872
1872 632
632 615
2435 2897
2897 323
323 2435
2435 2775
2775 2368
2368 2435
2435 2548
2548 1325
1325 2435
2435 1125
1125 1244
1244 2435
2707 425
425 2205
2205 2707
2220 2511
2511 1479
1479 2220
1640 2686
2686 111
111 1640
1640 1945
1945 2914
2914 1640
2393 1056
1056 2688
2688 2393
2393 1112
1112 1110
1110 2393
2393 2628
2628 967
967 2393
2393 636
636 1884
1884 2393
548 1516
1516 1470
1470 548
1148 276
276 2003
2003 1148
1148 2570
2570 207
207 1148
1148 2150
2150 1252
1252 1148
1148 310
310 1574
1574 1148
2817 2952
2952 2291
2291 2817
2817 430
430 2398
2398 2817
1196 2390
2390 882
882 1196
1196 576
576 152
152 1196
1196 2206
2206 1757
1757 1196
1196 472
472 1576
1576 1196
1545 1524
1524 865
865 1545
2362 40
40 1746
1746 2362
1741 405
405 2574
2574 1741
1878 839
839 1866
1866 1878
1336 2573
2573 824
824 1336
1336 1732
1732 2024
2024 1336
2595 1618
1618 2617
2617 2595
1259 1303
1303 2349
2349 1259
1259 474
474 337
337 1259
880 1392
1392 2776
2776 880
880 2623
2623 2466
2466 880
2082 975
975 1054
1054 2082
2082 1930
1930 1494
1494 2082
2082 1227
1227 2218
2218 2082
1000 369
369 1816
1816 1000
1000 1900
1900 334
334 1000
1000 2477
2477 795
795 1000
1000 423
423 1675
1675 1000
1875 2585
2585 1468
1468 1875
1875 132
132 1876
1876 1875
1875 1232
1232 1777
1777 1875
993 235
235 27
27 993
993 2263
2263 44
44 993
993 2107
2107 1787
1787 993
993 485
485 1941
1941 993
376 1972
1972 2898
2898 376
1975 513
513 1132
1132 1975
1975 2169
2169 2890
2890 1975
2953 15
15 2126
2126 2953
2953 468
468 900
900 2953
2953 1891
1891 600
600 2953
242 2786
2786 633
633 242
242 2109
2109 2643
2643 242
242 770
770 1949
1949 242
242 656
656 1894
1894 242
1497 2076
2076 445
445 1497
1497 2068
2068 718
718 1497
2568 2916
2916 2452
2452 2568
2568 923
923 1217
1217 2568
2668 420
420 766
766 2668
2668 2754
2754 1960
1960 2668
1030 732
732 2905
2905 1030
1030 1302
1302 2062
2062 1030
1030 546
546 2350
2350 1030
1030 1270
1270 2950
2950 1030
2285 948
948 798
798 2285
2285 2208
2208 1943
1943 2285
1912 653
653 1114
1114 1912
1912 490
490 1036
1036 1912
1912 2114
2114 1698
1698 1912
228 2860
2860 297
297 228
228 1729
1729 516
516 228
228 1985
1985 947
947 228
228 2496
2496 341
341 228
1448 2434
2434 2488
2488 1448
2601 1506
1506 2271
2271 2601
2718 1745
1745 697
697 2718
302 1841
1841 2790
2790 302
302 2214
2214 2181
2181 302
302 35
35 2139
2139 302
272 2132
2132 47
47 272
272 678
678 1824
1824 272
272 1420
1420 2010
2010 272
735 823
823 173
173 735
735 1317
1317 2301
2301 735
735 208
208 126
126 735
2392 2029
2029 1443
1443 2392
1205 265
265 1133
1133 1205
1205 713
713 100
100 1205
236 1517
1517 551
551 236
236 1622
1622 1720
1720 236
236 499
499 1523
1523 236
2391 1291
1291 926
926 2391
2391 493
493 943
943 2391
2391 2032
2032 1452
1452 2391
502 1295
1295 1094
1094 502
502 2829
2829 2036
2036 502
502 1050
1050 577
577 502
2134 1671
1671 2027
2027 2134
2134 2513
2513 2666
2666 2134
2134 1403
1403 581
581 2134
2134 1178
1178 1254
1254 2134
179 63
63 2458
2458 179
1769 985
985 1434
1434 1769
1769 1274
1274 1868
1868 1769
18 558
558 2421
2421 18
18 129
129 1016
1016 18
588 1368
1368 2920
2920 588
1548 1526
1526 1203
1203 1548
1548 974
974 2219
2219 1548
1548 2413
2413 2339
2339 1548
1617 561
561 2044
2044 1617
1617 1580
1580 669
669 1617
1617 2085
2085 2948
2948 1617
902 2203
2203 2474
2474 902
466 1730
1730 2153
2153 466
466 2900
2900 2878
2878 466
2571 1338
1338 1243
1243 2571
2571 2389
2389 495
495 2571
2571 1997
1997 2125
2125 2571
202 987
987 151
151 202
2058 188
188 2827
2827 2058
2058 1009
1009 2782
2782 2058
2058 1264
1264 325
325 2058
2160 2445
2445 991
991 2160
2922 374
374 2791
2791 2922
1869 655
655 1549
1549 1869
2675 980
980 1709
1709 2675
2675 2385
2385 2327
2327 2675
2675 1555
1555 2576
2576 2675
2149 180
180 428
428 2149
2149 364
364 1815
1815 2149
2149 1799
1799 2168
2168 2149
879 463
463 1042
1042 879
879 1740
1740 960
960 879
1794 1467
1467 1668
1668 1794
292 1187
1187 935
935 292
2894 2550
133 1531
150 2593
1551 1744
682 1551
2670 682
315 1924
2847 2586
42 2847
1003 692
1335 328
2437 1335
363 2437
2037 363
2463 2037
29 275
17 29
2443 17
1682 2443
2660 1682
1966 1789
1541 1966
487 368
2508 483
1168 432
1154 1168
1013 1154
422 1013
2736 2084
2554 1488
2567 1342
2520 467
1663 1444
913 1663
508 1776
1667 508
350 1667
2433 350
223 1078
1384 2174
1439 1384
447 482
2089 447
233 2351
1621 233
2745 1495
2667 2374
171 1401
1796 1641
1380 2369
1126 1881
674 125
1248 1686
670 1308
326 2012
2765 326
917 2706
2892 917
920 1651
2416 920
2552 2416
1374 1150
549 1374
34 753
1644 1594
938 2877
107 783
1186 2406
1861 2212
375 1861
1404 375
1560 1404
573 2600
2582 841
231 1946
1977 2073
903 2553
1350 903
796 727
557 796
1033 557
419 1263
982 419
1659 1157
2801 1659
1111 1426
1332 1111
2335 1075
909 936
2460 377
1360 2460
2337 2875
155 951
1406 155
1300 1406
2659 2354
217 2659
2839 169
851 2147
544 851
1385 544
2925 1385
712 1902
2501 712
2172 2501
1766 2172
899 1149
1575 2778
1760 1575
695 1760
2031 1029
492 200
1888 446
2703 1888
2938 340
2719 2938
625 2332
1431 625
2689 2101
2166 981
2229 2127
1537 1316
258 1537
614 371
2418 728
103 139
1570 1152
2410 1570
2525 1107
2130 763
1012 2130
1103 1012
457 1103
2751 457
25 2751
441 2078
1195 441
205 1151
79 1344
1062 79
37 345
864 1882
1710 2228
597 1138
1272 212
2908 2412
54 2908
2342 2176
609 2342
93 609
1280 1573
2483 1430
1455 1101
2949 1180
720 2949
2937 1798
1071 828
240 1553
160 240
2648 1627
1501 1819
691 1501
1764 691
1242 2537
534 1242
848 2486
2240 2454
2561 2240
1996 491
2504 1996
1210 2504
870 878
2123 870
1246 2123
1807 515
1124 1535
1225 2119
1379 1074
102 2213
895 488
2692 1544
1950 2777
117 1950
2057 1829
2528 2057
2439 2528
2630 2202
1267 1446
1454 1267
1754 67
1414 245
520 819
2087 520
2364 2047
2803 1697
1974 114
1711 2083
2366 1711
1437 1478
649 1437
904 649
2112 904
1377 122
262 2502
2137 262
959 2137
1896 959
388 2056
1768 1118
2882 1768
2318 628
2955 2318
2733 2955
736 2436
46 874
2945 46
2521 627
1088 1202
2764 2438
585 2764
1257 725
1183 1257
253 2256
268 253
2620 268
2907 2620
1847 2019
1211 49
1283 1209
921 2802
214 461
2092 214
2356 1592
1487 2530
2294 1633
411 2294
269 924
324 2175
1177 196
734 1177
1438 734
148 1585
1565 1390
1473 2284
1648 1473
686 1648
1136 892
1083 1136
2055 1197
2120 2055
2400 2816
1290 2507
1333 825
1190 1333
1860 359
2320 1684
440 2320
1514 440
1245 1514
2810 973
1681 438
1489 1681
1477 1489
1804 1329
2163 1804
1579 1758
772 1579
1718 2305
2797 1528
1199 780
2017 59
2247 1822
1706 494
1556 177
412 1556
241 746
2173 954
141 2200
2495 141
524 2886
2136 524
206 2136
2370 2
827 2370
1312 532
2444 1813
2702 2453
2673 666
604 579
999 604
1231 999
134 2358
2299 134
2404 2299
2159 1521
2935 2281
2653 833
1920 2653
2039 1920
2276 2355
298 2276
2542 1503
856 2665
2128 127
2624 293
1457 2537
90 2310
1593 131
769 2764
1922 427
1538 800
2275 2913
603 141
1988 489
1504 1893
1704 102
1810 2252
2411 2531
101 719
2899 268
2278 1402
1587 1183
1611 1538
992 440
1606 410
2302 1300
1060 17
219 871
2842 2159
287 1541
2918 1198
280 1202
777 395
853 2659
1724 992
282 2137
602 1992
897 1768
1714 253
1096 1557
1327 2404
2663 2504
289 1557
928 1231
621 523
1022 1242
28 2137
400 2270
2117 1789
747 1221
1940 553
2701 171
2551 2613
2471 525
2334 13
1249 1372
971 2130
886 2524
408 79
645 2606
211 2275
2261 465
1055 2440
776 1046
2871 959
378 1686
2944 586
354 1454
2322 371
2672 2191
2070 2819
2644 201
158 214
2064 2
1899 1180
471 524
1999 2276
2432 1871
2517 268
2456 2738
1371 2439
2333 2294
286 2165
91 1681
859 2127
2604 2951
2226 1251
1666 2660
2869 1335
2793 2191
1672 410
1731 303
2343 1999
1928 2692
1428 1357
1105 2092
2001 2345
1870 2665
331 2275
190 984
352 86
2353 597
2835 1893
2002 2122
676 1055
119 2299
1170 1473
2344 734
1886 1663
2848 1999
1167 2310
2758 1511
1200 1583
2729 1856
194 1966
439 604
14 1756
2807 2171
2473 46
2685 2197
1286 280
1134 414
820 1168
1970 14
2279 1630
58 755
479 269
2274 2240
2491 2809
1834 2739
2408 270
1159 1475
2133 1121
1582 1111
559 274
215 2520
278 1253
1482 524
1265 1134
198 518
1779 2604
1874 2057
2041 1406
2292 2758
2424 1950
1115 2439
415 2064
2698 1919
988 917
2690 1060
1337 1573
2693 1316
778 1605
342 1587
2814 1100
486 2756
1725 2692
2141 589
2099 86
2824 796
794 917
2796 2751
1117 1012
1990 1117
1358 489
162 2518
2265 1629
2873 155
2138 139
737 590
1969 1405
652 1174
1773 800
1364 2554
521 1287
1226 1551
1956 2949
716 2101
2555 79
290 2758
1130 1635
83 851
1598 897
1359 1249
222 2487
2221 2276
2851 2228
2093 2279
2257 2000
706 1804
2102 1102
1685 1501
1508 350
2429 1770
1173 625
165 286
1887 733
370 976
2186 2119
2184 378
2867 159
835 887
1845 2296
1679 2910
1113 973
23 441
721 1263
2187 524
442 2889
1116 58
1044 2425
996 239
2750 2287
349 1154
1590 1154
1700 148
224 1022
344 1501
826 2744
1910 2832
2241 1134
632 2386
2897 1335
2820 1743
2205 20
2220 2459
912 457
1640 999
1492 2751
1056 2521
1516 1804
1148 415
2952 2336
1757 1266
1524 958
40 137
1741 652
1878 752
2111 1075
2546 940
810 1600
1842 437
824 359
1808 1640
2617 344
474 190
880 1770
1494 1473
260 1760
369 2751
1777 2788
1787 22
336 1473
2898 1822
1975 1842
600 1160
1894 1068
2068 1931
2916 1213
420 911
732 136
2208 339
1698 355
2860 375
1448 2209
2601 79
1456 241
697 1899
2181 83
2132 1200
329 1027
1317 1986
2392 1563
100 2851
2394 2465
1469 2504
236 65
943 2525
577 2877
581 337
2458 42
1274 264
558 2502
1998 344
588 2847
629 2331
2843 1738
157 1503
1978 2095
2219 2529
669 783
2203 128
2878 1450
2888 1390
2125 1773
1561 2055
151 1762
2782 157
963 2048
991 609
2922 290
1869 1648
2723 685
1965 2520
1709 2567
1839 1685
2149 1097
879 1772
1668 2061
292 14
591 290
2629 1770
