2945 4099
1849 1337
1337 169
169 1849
1849 1074
1074 736
736 1849
1849 812
812 1854
1854 1849
1849 1659
1659 1799
1799 1271
1271 351
351 265
265 2619
2619 1021
1021 862
862 1317
1317 1951
1951 1816
1816 1353
1353 706
706 2486
2486 1776
1776 2693
2693 258
258 252
252 2030
2030 1524
1524 490
490 2372
2372 267
267 418
418 2488
2488 947
947 317
317 1424
1424 1265
1265 2020
2020 1468
1468 2419
2419 1463
1463 180
180 1430
1430 1738
1738 384
384 276
276 2496
2496 1143
1143 1926
1926 310
310 774
774 76
76 2577
2577 1924
1924 319
319 1028
1028 640
640 859
859 2717
2717 645
645 627
627 1698
1698 1427
1427 2596
2596 2908
2908 293
293 2549
2549 2337
2337 2436
2436 2504
2504 2759
2759 1971
1971 517
517 2753
2753 1935
1935 2310
2310 1602
1602 1390
1390 2426
2426 81
81 1703
1703 1225
1225 2847
2847 2125
2125 1159
1159 2846
2846 92
92 614
614 1994
1994 1236
1236 1015
1015 2403
2403 946
946 2014
2014 2672
2672 2201
2201 1276
1276 489
489 1273
1273 2433
2433 1376
1376 2228
2228 1735
1735 284
284 1553
1553 58
58 2418
2418 1616
1616 855
855 207
207 2519
2519 1891
1891 1189
1189 2253
2253 246
246 2702
2702 1244
1244 1719
1719 2275
2275 546
546 1944
1944 2572
2572 2322
2322 318
318 2035
2035 171
171 795
795 2742
2742 2245
2245 2698
2698 1845
1845 2928
2928 1831
1831 1315
1315 1209
1209 1160
1160 453
453 322
322 2925
2925 2835
2835 2306
2306 2139
2139 1849
265 2572
2717 322
1424 2759
627 2753
1143 946
2504 489
2030 489
2014 2035
453 947
2693 453
258 2035
1926 322
517 2014
2847 207
1735 2847
2519 1616
1735 1831
81 322
2322 1209
1143 1935
1160 2504
1015 180
1160 1994
1353 2322
1427 1944
1424 2572
1189 322
706 1719
1799 1390
207 2125
1427 258
453 706
1271 2020
2020 2253
1015 322
1735 1719
640 1353
2702 2928
2014 1021
2753 2759
946 1845
2030 418
2504 2742
180 2672
317 2426
319 1159
2030 1602
1468 2201
2419 1143
1935 546
246 1951
1616 1971
2310 1376
1971 58
614 1799
1189 171
2488 284
855 76
2572 1951
1994 2014
453 2275
265 2322
546 2139
276 706
2426 2549
2549 2672
2835 1265
1926 1463
774 2835
1159 453
2418 1831
2847 2572
267 1273
1189 1845
2717 1159
1236 1849
946 81
627 1143
645 317
2245 258
276 2436
2672 1924
310 317
246 2228
276 1971
276 418
1799 2139
1951 1273
1468 614
1143 489
211 2725
2725 1344
1344 211
211 2320
2320 2318
2318 211
211 750
750 960
960 211
211 1325
1325 981
981 2296
2296 739
739 2269
2269 2128
2128 1438
1438 278
278 1762
1762 2377
2377 729
729 2814
2814 330
330 1433
1433 547
547 949
949 1050
1050 1749
1749 1278
1278 1743
1743 2688
2688 1929
1929 2169
2169 118
118 1286
1286 1386
1386 1877
1877 1382
1382 478
478 754
754 948
948 1606
1606 713
713 701
701 2563
2563 780
780 1246
1246 257
257 155
155 1469
1469 686
686 2285
2285 1975
1975 1425
1425 1730
1730 1196
1196 836
836 191
191 554
554 60
60 1964
1964 1803
1803 274
274 229
229 1103
1103 2844
2844 2926
2926 1349
1349 573
573 2772
2772 1494
1494 497
497 515
515 2212
2212 2666
2666 2476
2476 1534
1534 290
290 1119
1119 638
638 202
202 1685
1685 500
500 636
636 2154
2154 1496
1496 1370
1370 2283
2283 2713
2713 239
239 391
391 1904
1904 1591
1591 473
473 2655
2655 2737
2737 2044
2044 2250
2250 1060
1060 986
986 2229
2229 1889
1889 321
321 264
264 2401
2401 2059
2059 2455
2455 1258
1258 2881
2881 62
62 416
416 2415
2415 1011
1011 2343
2343 1900
1900 1031
1031 2236
2236 1306
1306 904
904 2160
2160 2409
2409 377
377 325
325 868
868 2350
2350 854
854 70
70 783
783 1775
1775 1925
1925 1718
1718 2625
2625 599
599 211
2296 2625
1469 1060
2160 330
2401 391
391 1050
377 2160
547 330
1050 2044
981 2154
473 1975
202 2401
836 2154
868 1382
1749 780
949 1718
325 1534
1803 2772
202 515
1749 554
729 636
278 1306
416 599
1591 1278
118 1762
701 2476
2229 2350
1386 949
2655 1591
2415 2269
2881 1119
868 2154
290 1425
1433 739
1286 949
1433 377
416 1031
515 1433
191 1494
2285 1425
713 780
547 1278
1803 780
321 2169
325 854
1877 473
1060 257
904 1246
1050 2655
1103 330
2476 1349
754 2285
377 497
554 1730
2655 981
1904 904
2409 257
473 1925
1438 1278
1889 2814
2829 2
2 1740
1740 2829
2829 1818
1818 2467
2467 2829
2829 1778
1778 112
112 2829
2829 2564
2564 2450
2450 407
407 1728
1728 1739
1739 1369
1369 1566
1566 2754
2754 992
992 292
292 1462
1462 1365
1365 2023
2023 602
602 646
646 2016
2016 2317
2317 2540
2540 545
545 2464
2464 1673
1673 1068
1068 2684
2684 1693
1693 1947
1947 1556
1556 958
958 2453
2453 1526
1526 1497
1497 1295
1295 781
781 115
115 2043
2043 2140
2140 708
708 648
648 1670
1670 2063
2063 270
270 720
720 1653
1653 2069
2069 2856
2856 2185
2185 235
235 2134
2134 1112
1112 977
977 2252
2252 2816
2816 2214
2214 1129
1129 187
187 2791
2791 2383
2383 568
568 519
519 828
828 495
495 22
22 1113
1113 2429
2429 911
911 583
583 315
315 2910
2910 1650
1650 574
574 656
656 590
590 856
856 1883
1883 1282
1282 1783
1783 524
524 286
286 2757
2757 88
88 430
430 2653
2653 1392
1392 1897
1897 1173
1173 536
536 454
454 78
78 2220
2220 1963
1963 200
200 1907
1907 760
760 2537
2537 2909
2909 1973
1973 130
130 822
822 1914
1914 1903
1903 597
597 2334
2334 2293
2293 2915
2915 1162
1162 764
764 2767
2767 2545
2545 1419
1419 1918
1918 2668
2668 2339
2339 2851
2851 2235
2235 1742
1742 2452
2452 2142
2142 1345
1345 1412
1412 1473
1473 879
879 2207
2207 1428
1428 65
65 1297
1297 2278
2278 741
741 2907
2907 1672
1672 722
722 872
872 1261
1261 2829
977 1297
1462 1419
720 781
2220 1650
1728 1556
872 2856
1883 407
1670 2767
2069 286
1428 2453
292 1670
187 2383
1918 1728
2069 648
2757 2429
1566 200
1282 115
2252 1556
2757 574
856 454
1947 1282
545 2653
1173 2915
2429 2207
2668 1068
1771 1048
1048 1101
1101 1771
1771 1753
1753 1281
1281 1771
759 2838
2838 1565
1565 759
759 2636
2636 1699
1699 759
759 349
349 1057
1057 759
1510 1833
1833 1974
1974 1510
1138 2748
2748 843
843 1138
1138 221
221 593
593 1138
2557 955
955 2027
2027 2557
2557 555
555 919
919 2557
2557 227
227 2514
2514 2557
2287 1868
1868 1619
1619 2287
2287 1389
1389 2614
2614 2287
2287 2470
2470 2093
2093 2287
1811 113
113 2451
2451 1811
1811 565
565 48
48 1811
1811 132
132 2740
2740 1811
833 1529
1529 2744
2744 833
2404 2178
2178 2715
2715 2404
2404 456
456 1945
1945 2404
2404 1879
1879 402
402 2404
134 2209
2209 2678
2678 134
134 2648
2648 1630
1630 134
134 1226
1226 2758
2758 134
1410 1671
1671 2670
2670 1410
1410 1038
1038 206
206 1410
1410 1485
1485 2135
2135 1410
2780 212
212 2626
2626 2780
216 1544
1544 271
271 216
1086 2405
2405 1279
1279 1086
1958 989
989 851
851 1958
1958 2583
2583 1996
1996 1958
1958 2319
2319 43
43 1958
1958 1393
1393 1555
1555 1958
288 1611
1611 798
798 288
288 1658
1658 228
228 288
288 2184
2184 111
111 288
609 817
817 801
801 609
609 362
362 1761
1761 609
609 2735
2735 1539
1539 609
2701 2130
2130 307
307 2701
2701 1867
1867 1095
1095 2701
2701 905
905 792
792 2701
2592 389
389 2573
2573 2592
2592 2029
2029 1406
1406 2592
2592 2096
2096 2189
2189 2592
1754 2682
2682 36
36 1754
1754 2394
2394 109
109 1754
1754 2495
2495 2255
2255 1754
2147 479
479 540
540 2147
2147 2660
2660 1734
1734 2147
2147 580
580 2167
2167 2147
2147 2052
2052 2440
2440 2147
1202 393
393 1018
1018 1202
1202 2855
2855 403
403 1202
1202 1835
1835 127
127 1202
1202 1489
1489 2370
2370 1202
891 2091
2091 2466
2466 891
891 2795
2795 2232
2232 891
891 1155
1155 2280
2280 891
1940 1188
1188 694
694 1940
1940 815
815 52
52 1940
1920 2199
2199 2284
2284 1920
1920 748
748 1483
1483 1920
1920 2042
2042 1880
1880 1920
2480 1605
1605 821
821 2480
2480 1694
1694 96
96 2480
2480 1164
1164 1770
1770 2480
1023 2065
2065 2542
2542 1023
1949 1620
1620 1224
1224 1949
1949 976
976 390
390 1949
354 2805
2805 2051
2051 354
354 2711
2711 2525
2525 354
354 1338
1338 2728
2728 354
1726 2272
2272 1374
1374 1726
15 488
488 2358
2358 15
15 2246
2246 2878
2878 15
259 2677
2677 1568
1568 259
2260 34
34 624
624 2260
615 1682
1682 1853
1853 615
615 605
605 1020
1020 615
615 2084
2084 1814
1814 615
1851 2363
2363 1522
1522 1851
1851 727
727 2869
2869 1851
1851 2385
2385 1678
1678 1851
2273 1484
1484 1300
1300 2273
2273 1736
1736 107
107 2273
1505 2007
2007 849
849 1505
1505 542
542 136
136 1505
1505 1641
1641 2331
2331 1505
1505 1132
1132 671
671 1505
1507 2593
2593 1146
1146 1507
1507 2472
2472 1191
1191 1507
1507 925
925 717
717 1507
1313 170
170 791
791 1313
1313 309
309 2769
2769 1313
1313 1820
1820 1989
1989 1313
1313 1046
1046 1779
1779 1313
460 814
814 148
148 460
460 2312
2312 1472
1472 460
1959 1725
1725 2675
2675 1959
1959 1562
1562 320
320 1959
1587 2654
2654 1413
1413 1587
1587 2083
2083 1477
1477 1587
1587 122
122 409
409 1587
913 1319
1319 1037
1037 913
913 1680
1680 2570
2570 913
23 2649
2649 1036
1036 23
23 665
665 2837
2837 23
2940 1810
1810 1559
1559 2940
2940 262
262 1289
1289 2940
2940 2050
2050 2607
2607 2940
2940 1612
1612 1033
1033 2940
1049 2747
2747 582
582 1049
1049 802
802 2559
2559 1049
1049 2615
2615 2474
2474 1049
2792 289
289 1464
1464 2792
2792 2562
2562 208
208 2792
1299 469
469 758
758 1299
1299 1535
1535 2033
2033 1299
1299 541
541 2079
2079 1299
970 1651
1651 744
744 970
1706 2325
2325 870
870 1706
1706 796
796 2124
2124 1706
1706 1573
1573 1986
1986 1706
1706 852
852 1862
1862 1706
1861 179
179 2195
2195 1861
1861 35
35 2831
2831 1861
1277 2249
2249 874
874 1277
1277 443
443 937
937 1277
1277 2460
2460 1096
1096 1277
1576 2766
2766 659
659 1576
1576 2101
2101 2779
2779 1576
1576 433
433 174
174 1576
1576 2378
2378 883
883 1576
116 2781
2781 2374
2374 116
277 2244
2244 2595
2595 277
277 1210
1210 2579
2579 277
277 699
699 2854
2854 277
2834 338
338 2633
2633 2834
2834 1748
1748 950
950 2834
2834 1588
1588 2193
2193 2834
799 1493
1493 543
543 799
799 1870
1870 477
477 799
799 2231
2231 935
935 799
799 606
606 2028
2028 799
411 901
901 192
192 411
18 779
779 922
922 18
18 2045
2045 2380
2380 18
18 2204
2204 2328
2328 18
18 1931
1931 1902
1902 18
1201 973
973 1654
1654 1201
1201 2425
2425 848
848 1201
1201 2389
2389 1476
1476 1201
1201 1396
1396 2807
2807 1201
1181 41
41 2387
2387 1181
1181 2578
2578 2078
2078 1181
2119 2892
2892 1000
1000 2119
2119 1583
1583 1796
1796 2119
160 1012
1012 2198
2198 160
160 279
279 2945
2945 160
160 1827
1827 1182
1182 160
2090 1092
1092 230
230 2090
2090 771
771 2266
2266 2090
2090 2224
2224 1551
1551 2090
1007 2832
2832 1580
1580 1007
1007 594
594 1280
1280 1007
1007 2825
2825 69
69 1007
17 2022
2022 558
558 17
57 2590
2590 2539
2539 57
57 1751
1751 1453
1453 57
57 1223
1223 1512
1512 57
742 613
613 2904
2904 742
742 1447
1447 871
871 742
1757 435
435 399
399 1757
691 1014
1014 548
548 691
27 1807
1807 1564
1564 27
650 193
193 2431
2431 650
650 687
687 1655
1655 650
617 507
507 232
232 617
617 1230
1230 1149
1149 617
617 884
884 2036
2036 617
617 2203
2203 753
753 617
2211 2811
2811 1116
1116 2211
2211 1391
1391 2876
2876 2211
2211 1403
1403 1213
1213 2211
1245 1115
1115 533
533 1245
1245 2888
2888 2071
2071 1245
1245 826
826 1732
1732 1245
2694 619
619 2032
2032 2694
2694 535
535 1607
1607 2694
1404 2830
2830 1848
1848 1404
1404 102
102 172
172 1404
1404 32
32 1371
1371 1404
1328 835
835 223
223 1328
1328 1824
1824 900
900 1328
1328 654
654 2053
2053 1328
2386 2801
2801 1695
1695 2386
2386 869
869 1542
1542 2386
2386 2547
2547 323
323 2386
2386 2087
2087 1080
1080 2386
2111 1106
1106 996
996 2111
2111 133
133 2388
2388 2111
2111 1886
1886 943
943 2111
797 1465
1465 296
296 797
301 2875
2875 595
595 301
301 2889
2889 1192
1192 301
2553 2217
2217 436
436 2553
2553 1372
1372 2743
2743 2553
1590 386
386 2469
2469 1590
1590 725
725 662
662 1590
1859 674
674 839
839 1859
1859 1987
1987 1311
1311 1859
1859 1632
1632 1034
1034 1859
1557 1772
1772 669
669 1557
1557 1708
1708 1422
1422 1557
2852 2535
2535 1729
1729 2852
1892 1316
1316 2783
2783 1892
1892 1292
1292 2853
2853 1892
1892 895
895 1264
1264 1892
776 2323
2323 1407
1407 776
776 2865
2865 2843
2843 776
1183 1088
1088 425
425 1183
1183 89
89 218
218 1183
1183 2623
2623 1716
1716 1183
1521 475
475 999
999 1521
1521 610
610 2259
2259 1521
1241 688
688 1387
1387 1241
892 746
746 2652
2652 892
892 2482
2482 2192
2192 892
892 2605
2605 283
283 892
2824 1326
1326 2361
2361 2824
2824 897
897 2820
2820 2824
2824 2712
2712 1563
1563 2824
2824 2006
2006 2606
2606 2824
985 2845
2845 790
790 985
1789 831
831 1032
1032 1789
1789 1662
1662 20
20 1789
2305 2060
2060 1939
1939 2305
2305 587
587 899
899 2305
311 820
820 1515
1515 311
311 2827
2827 2566
2566 311
311 2515
2515 1367
1367 311
311 926
926 2286
2286 311
566 661
661 569
569 566
566 550
550 2471
2471 566
566 287
287 1045
1045 566
566 936
936 1416
1416 566
562 2882
2882 2923
2923 562
562 556
556 695
695 562
908 2138
2138 465
465 908
724 714
714 2706
2706 724
2039 1474
1474 2001
2001 2039
2039 623
623 710
710 2039
1679 633
633 367
367 1679
1679 1451
1451 1560
1560 1679
1679 1400
1400 2764
2764 1679
939 213
213 539
539 939
939 1061
1061 1107
1107 939
939 2031
2031 2692
2692 939
939 2507
2507 1596
1596 939
54 141
141 59
59 54
54 205
205 1844
1844 54
54 2149
2149 2151
2151 54
2456 818
818 1513
1513 2456
2456 1105
1105 2238
2238 2456
953 1458
1458 956
956 953
953 2258
2258 2108
2108 953
953 2061
2061 2911
2911 953
2734 356
356 1379
1379 2734
2734 337
337 1916
1916 2734
1009 2086
2086 2765
2765 1009
1009 1898
1898 1399
1399 1009
1009 2479
2479 1875
1875 1009
1009 2727
2727 380
380 1009
2920 2918
2918 810
810 2920
2920 1231
1231 2658
2658 2920
2920 143
143 185
185 2920
2920 447
447 42
42 2920
2106 1842
1842 1268
1268 2106
2106 146
146 2868
2868 2106
2106 1498
1498 2365
2365 2106
2299 765
765 513
513 2299
2299 707
707 898
898 2299
2848 1248
1248 1065
1065 2848
2848 1954
1954 2809
2809 2848
2848 2216
2216 2227
2227 2848
2120 664
664 498
498 2120
2298 142
142 704
704 2298
2298 2823
2823 2501
2501 2298
2298 2810
2810 2914
2914 2298
463 2315
2315 1470
1470 463
1643 1956
1956 2177
2177 1643
1643 2075
2075 2768
2768 1643
1643 789
789 2699
2699 1643
1643 2630
2630 749
749 1643
1423 348
348 1804
1804 1423
117 1536
1536 87
87 117
117 1946
1946 298
298 117
1720 2118
2118 1533
1533 1720
1310 131
131 1663
1663 1310
1310 2839
2839 2349
2349 1310
700 2264
2264 1727
1727 700
825 1350
1350 2697
2697 825
825 2941
2941 2862
2862 825
825 1228
1228 441
441 825
2647 2931
2931 195
195 2647
2647 12
12 1163
1163 2647
2647 2367
2367 1781
1781 2647
2647 114
114 2303
2303 2647
2680 1691
1691 2473
2473 2680
2680 1327
1327 1180
1180 2680
2680 1467
1467 1901
1901 2680
681 1254
1254 564
564 681
628 940
940 1100
1100 628
628 630
630 2719
2719 628
628 1866
1866 2932
2932 628
1460 2316
2316 124
124 1460
1460 1418
1418 2186
2186 1460
165 1332
1332 2336
2336 165
2741 4
4 1548
1548 2741
2741 476
476 629
629 2741
2741 1801
1801 784
784 2741
2741 1639
1639 1179
1179 2741
1843 1977
1977 907
907 1843
1843 10
10 434
434 1843
1843 703
703 2438
2438 1843
1618 1104
1104 1930
1930 1618
1618 2341
2341 838
838 1618
1618 1863
1863 1793
1793 1618
1618 1714
1714 1782
1782 1618
13 1567
1567 1525
1525 13
13 2493
2493 358
358 13
188 1895
1895 2346
2346 188
188 1503
1503 1787
1787 188
1436 625
625 984
984 1436
2644 2047
2047 2146
2146 2644
2644 2664
2664 2608
2608 2644
2489 1003
1003 2441
2441 2489
1865 942
942 2797
2797 1865
1865 2420
2420 733
733 1865
1865 1860
1860 2447
2447 1865
147 1970
1970 1858
1858 147
147 1509
1509 1967
1967 147
147 1645
1645 2276
2276 147
1200 153
153 971
971 1200
1200 578
578 2297
2297 1200
1200 2585
2585 1701
1701 1200
1593 2327
2327 786
786 1593
1593 2254
2254 438
438 1593
49 2505
2505 1006
1006 49
2905 182
182 858
858 2905
2164 2864
2864 2239
2239 2164
777 400
400 1051
1051 777
777 1013
1013 71
71 777
777 2114
2114 1600
1600 777
782 2066
2066 1024
1024 782
782 2690
2690 896
896 782
1909 2512
2512 197
197 1909
1909 1322
1322 224
224 1909
1909 1364
1364 345
345 1909
176 1062
1062 1004
1004 176
176 304
304 2145
2145 176
176 1199
1199 1133
1133 176
176 156
156 847
847 176
1227 2070
2070 1135
1135 1227
1227 1766
1766 2527
2527 1227
1227 734
734 987
987 1227
616 1329
1329 561
561 616
422 1114
1114 139
139 422
422 1076
1076 2610
2610 422
1094 1768
1768 2775
2775 1094
1094 857
857 751
751 1094
1094 299
299 28
28 1094
2522 951
951 2181
2181 2522
2522 1581
1581 120
120 2522
2522 2842
2842 2646
2646 2522
1621 2794
2794 738
738 1621
1145 2736
2736 459
459 1145
1145 2621
2621 1204
1204 1145
1145 431
431 1414
1414 1145
2215 2359
2359 1336
1336 2215
2215 2213
2213 641
641 2215
2215 626
626 2588
2588 2215
523 1700
1700 698
698 523
523 1839
1839 2289
2289 523
2622 421
421 2861
2861 2622
1208 2609
2609 357
357 1208
1208 945
945 2122
2122 1208
1208 534
534 525
525 1208
2024 2376
2376 1157
1157 2024
2024 2912
2912 2352
2352 2024
175 1724
1724 1397
1397 175
2307 225
225 1677
1677 2307
2307 2788
2788 45
45 2307
2307 563
563 1487
1487 2307
491 413
413 757
757 491
491 1056
1056 451
451 491
491 2218
2218 2357
2357 491
491 1284
1284 1890
1890 491
2513 1923
1923 2457
2457 2513
1578 2484
2484 245
245 1578
1578 1307
1307 974
974 1578
1456 1361
1361 1366
1366 1456
1777 1532
1532 2763
2763 1777
2497 1384
1384 683
683 2497
2497 1452
1452 1919
1919 2497
889 1575
1575 2689
2689 889
1147 1518
1518 455
455 1147
2819 929
929 426
426 2819
2819 1813
1813 860
860 2819
1091 2927
2927 716
716 1091
1710 979
979 2944
2944 1710
1710 480
480 2330
2330 1710
1710 2373
2373 2308
2308 1710
1508 1102
1102 2172
2172 1508
1508 918
918 1873
1873 1508
1508 256
256 1479
1479 1508
2094 1881
1881 33
33 2094
1285 1744
1744 1142
1142 1285
1285 302
302 1331
1331 1285
1285 2613
2613 1927
1927 1285
1721 2123
2123 1269
1269 1721
1721 2202
2202 352
352 1721
1721 657
657 457
457 1721
2903 1758
1758 696
696 2903
2903 1203
1203 1072
1072 2903
2903 1141
1141 2584
2584 2903
1301 1022
1022 598
598 1301
1301 2175
2175 740
740 1301
1301 1064
1064 612
612 1301
2863 2064
2064 140
140 2863
2863 2723
2723 1852
1852 2863
2924 144
144 673
673 2924
982 596
596 2265
2265 982
982 250
250 2628
2628 982
982 1869
1869 1876
1876 982
2534 620
620 853
853 2534
1501 364
364 1999
1999 1501
2886 101
101 1443
1443 2886
2886 21
21 2798
2798 2886
2886 2092
2092 1871
1871 2886
333 1993
1993 1041
1041 333
333 420
420 538
538 333
2158 530
530 864
864 2158
2158 1312
1312 2538
2538 2158
2158 2190
2190 1122
1122 2158
2158 339
339 1717
1717 2158
2506 2498
2498 340
340 2506
2506 484
484 2037
2037 2506
1247 678
678 482
482 1247
1247 361
361 2251
2251 1247
378 282
282 494
494 378
378 2153
2153 429
429 378
378 975
975 251
251 378
718 2248
2248 2354
2354 718
718 1207
1207 2530
2530 718
718 2901
2901 952
952 718
718 2155
2155 1408
1408 718
2329 1118
1118 1817
1817 2329
2329 1214
1214 2338
2338 2329
2329 1531
1531 2200
2200 2329
2353 823
823 1257
1257 2353
2671 705
705 2018
2018 2671
1008 2475
2475 2580
2580 1008
1008 991
991 621
621 1008
1008 47
47 1450
1450 1008
844 1448
1448 80
80 844
844 2679
2679 2449
2449 844
1638 840
840 164
164 1638
1638 2492
2492 2345
2345 1638
679 2683
2683 2641
2641 679
2867 2776
2776 363
363 2867
2867 1681
1681 888
888 2867
2867 834
834 2291
2291 2867
2364 31
31 68
68 2364
1309 1705
1705 1943
1943 1309
1309 1570
1570 787
787 1309
1360 1437
1437 516
516 1360
1360 1584
1584 222
222 1360
1360 98
98 663
663 1360
2295 470
470 405
405 2295
2295 567
567 1806
1806 2295
2295 1134
1134 1347
1347 2295
2295 1840
1840 2400
2400 2295
941 2080
2080 1109
1109 941
941 1594
1594 1178
1178 941
941 1158
1158 1990
1990 941
941 968
968 1622
1622 941
1093 560
560 272
272 1093
445 1750
1750 878
878 445
445 123
123 162
162 445
445 670
670 2461
2461 445
2011 731
731 2929
2929 2011
2011 2528
2528 2634
2634 2011
181 2180
2180 1234
1234 181
1972 129
129 158
158 1972
1972 177
177 702
702 1972
1972 2685
2685 785
785 1972
589 2771
2771 2444
2444 589
589 1256
1256 1819
1819 589
959 1058
1058 260
260 959
291 1647
1647 2445
2445 291
291 2268
2268 1675
1675 291
291 1692
1692 1368
1368 291
291 2000
2000 1707
1707 291
2416 178
178 528
528 2416
2416 1537
1537 1238
1238 2416
2416 2817
2817 1274
1274 2416
25 446
446 1184
1184 25
25 2392
2392 2112
2112 25
25 2872
2872 360
360 25
2073 163
163 1432
1432 2073
2073 472
472 832
832 2073
2073 2304
2304 474
474 2073
2502 2056
2056 2773
2773 2502
2340 2800
2800 2095
2095 2340
2340 622
622 481
481 2340
581 2582
2582 2485
2485 581
581 527
527 737
737 581
581 2560
2560 343
343 581
581 166
166 1812
1812 581
2434 1634
1634 1917
1917 2434
2434 906
906 1569
1569 2434
2857 2709
2709 1242
1242 2857
2857 2223
2223 2935
2935 2857
2541 1745
1745 1005
1005 2541
2541 1910
1910 667
667 2541
697 2290
2290 2446
2446 697
697 575
575 2038
2038 697
2034 1847
1847 2174
2174 2034
1912 1480
1480 867
867 1912
1912 2676
2676 295
295 1912
1912 957
957 1579
1579 1912
1912 2068
2068 2849
2849 1912
1090 768
768 658
658 1090
1342 313
313 2088
2088 1342
1342 2263
2263 2468
2468 1342
1704 1688
1688 1756
1756 1704
1704 994
994 263
263 1704
1704 150
150 886
886 1704
1704 499
499 1631
1631 1704
1363 997
997 2162
2162 1363
1363 2333
2333 1175
1175 1363
1363 1216
1216 747
747 1363
1363 2533
2533 2516
2516 1363
2720 1834
1834 2152
2152 2720
2720 424
424 876
876 2720
2720 1334
1334 374
374 2720
930 44
44 2569
2569 930
930 2739
2739 73
73 930
930 1752
1752 2752
2752 930
2859 1378
1378 2586
2586 2859
2859 1674
1674 1066
1066 2859
2906 105
105 2884
2884 2906
2906 2391
2391 1120
1120 2906
1144 2410
2410 1205
1205 1144
1144 778
778 511
511 1144
1905 816
816 1516
1516 1905
1905 253
253 1434
1434 1905
24 1934
1934 1323
1323 24
24 1222
1222 1262
1262 24
24 189
189 300
300 24
649 303
303 503
503 649
649 1574
1574 2550
2550 649
2347 2722
2722 237
237 2347
2494 882
882 2067
2067 2494
2494 161
161 2890
2890 2494
2313 1802
1802 933
933 2313
2309 1110
1110 585
585 2309
2309 1995
1995 397
397 2309
100 2669
2669 1019
1019 100
100 408
408 1398
1398 100
100 2282
2282 2219
2219 100
423 1626
1626 2411
2411 423
1511 2667
2667 552
552 1511
1511 2594
2594 370
370 1511
1125 2510
2510 1455
1455 1125
2850 2509
2509 1444
1444 2850
2850 2942
2942 2686
2686 2850
2850 67
67 1786
1786 2850
2850 544
544 1822
1822 2850
914 2054
2054 1429
1429 914
914 653
653 586
586 914
914 7
7 2787
2787 914
2808 1169
1169 1598
1598 2808
2808 2435
2435 2423
2423 2808
2808 346
346 660
660 2808
1747 1035
1035 56
56 1747
1747 693
693 1668
1668 1747
1988 1153
1153 1523
1523 1988
2417 2796
2796 2657
2657 2417
2417 769
769 2789
2789 2417
2417 1194
1194 866
866 2417
1454 2790
2790 214
214 1454
2397 600
600 385
385 2397
2397 2919
2919 2267
2267 2397
1520 485
485 1176
1176 1520
1520 1359
1359 483
483 1520
1520 995
995 1841
1841 1520
1308 2718
2718 2896
2896 1308
1308 521
521 2481
2481 1308
1308 2943
2943 1320
1320 1308
1308 1913
1913 1071
1071 1308
1815 2555
2555 961
961 1815
1815 1957
1957 800
800 1815
1815 711
711 305
305 1815
1486 2568
2568 2109
2109 1486
1486 2662
2662 1341
1341 1486
1486 1156
1156 1475
1475 1486
1486 184
184 761
761 1486
2558 1980
1980 1713
1713 2558
2558 183
183 909
909 2558
1250 1660
1660 2301
2301 1250
1250 1541
1541 2836
2836 1250
1250 1780
1780 86
86 1250
2240 145
145 97
97 2240
458 2551
2551 1186
1186 458
417 1233
1233 2524
2524 417
1490 2939
2939 1665
1665 1490
1527 2710
2710 2874
2874 1527
2543 1375
1375 2048
2048 2543
2543 526
526 1421
1421 2543
2543 965
965 2597
2597 2543
328 2714
2714 1272
1272 328
328 2900
2900 2627
2627 328
328 601
601 1083
1083 328
1649 2643
2643 167
167 1649
1187 2026
2026 1017
1017 1187
1187 1235
1235 2587
2587 1187
709 2439
2439 1111
1111 709
1492 1488
1488 990
990 1492
1492 807
807 1872
1872 1492
1492 285
285 406
406 1492
531 103
103 591
591 531
531 64
64 2261
2261 531
531 1343
1343 2705
2705 531
1906 2548
2548 2294
2294 1906
1608 1664
1664 138
138 1608
1608 1592
1592 2281
2281 1608
414 1837
1837 811
811 414
414 371
371 2144
2144 414
998 2756
2756 1078
1078 998
998 1305
1305 2933
2933 998
998 1585
1585 248
248 998
998 639
639 804
804 998
241 571
571 226
226 241
241 2508
2508 2206
2206 241
1166 2046
2046 881
881 1166
1166 2182
2182 2161
2161 1166
2806 2382
2382 921
921 2806
2806 1636
1636 680
680 2806
1983 236
236 841
841 1983
1983 1171
1171 1417
1417 1983
1983 2205
2205 1478
1478 1983
1461 643
643 830
830 1461
1457 887
887 2603
2603 1457
1457 608
608 392
392 1457
1457 964
964 890
890 1457
366 1027
1027 1215
1215 366
366 842
842 1491
1491 366
379 368
368 2384
2384 379
2887 2565
2565 2726
2726 2887
2887 2770
2770 308
308 2887
2650 398
398 2640
2640 2650
2650 584
584 1043
1043 2650
2650 1251
1251 2351
2351 2650
2650 902
902 2089
2089 2650
2921 1275
1275 763
763 2921
2921 238
238 603
603 2921
1773 2487
2487 2170
2170 1773
1624 1217
1217 1552
1552 1624
1624 1381
1381 2179
2179 1624
1624 1855
1855 332
332 1624
916 1185
1185 1769
1769 916
916 126
126 1121
1121 916
916 19
19 342
342 916
37 2617
2617 215
215 37
37 381
381 396
396 37
37 373
373 2127
2127 37
37 2381
2381 2571
2571 37
2171 410
410 1089
1089 2171
2171 2187
2187 1002
1002 2171
2279 1545
1545 917
917 2279
2279 2821
2821 1676
1676 2279
2279 682
682 1355
1355 2279
2279 1324
1324 1415
1415 2279
268 522
522 149
149 268
268 82
82 1657
1657 268
268 1856
1856 2841
2841 268
268 2575
2575 1979
1979 268
875 604
604 2237
2237 875
1266 2930
2930 1193
1193 1266
1266 1985
1985 512
512 1266
254 365
365 1690
1690 254
2428 766
766 1151
1151 2428
2428 55
55 1081
1081 2428
2428 2696
2696 9
9 2428
2105 1195
1195 2938
2938 2105
2105 1154
1154 1054
1054 2105
2105 1733
1733 1795
1795 2105
1547 1291
1291 505
505 1547
1547 2544
2544 2454
2454 1547
1547 2760
2760 2503
2503 1547
1547 1117
1117 275
275 1547
1042 1953
1953 266
266 1042
1042 570
570 209
209 1042
1042 2707
2707 1965
1965 1042
2243 2098
2098 452
452 2243
2243 2102
2102 962
962 2243
2243 2523
2523 2131
2131 2243
2755 395
395 2642
2642 2755
2755 2532
2532 336
336 2755
2755 775
775 326
326 2755
1082 38
38 2356
2356 1082
1174 1646
1646 1073
1073 1174
1174 966
966 1348
1348 1174
1174 16
16 1243
1243 1174
2589 1829
1829 915
915 2589
77 2902
2902 273
273 77
2511 1874
1874 2196
2196 2511
46 2554
2554 2072
2072 46
1283 306
306 1249
1249 1283
1283 1966
1966 1942
1942 1283
1283 1652
1652 672
672 1283
355 1825
1825 1696
1696 355
2761 1302
1302 1395
1395 2761
2761 1259
1259 244
244 2761
1495 2746
2746 1055
1055 1495
1495 412
412 2517
2517 1495
110 1981
1981 444
444 110
110 2673
2673 920
920 110
110 2103
2103 2611
2611 110
972 269
269 1823
1823 972
972 2019
2019 2369
2369 972
972 1449
1449 1232
1232 972
2150 53
53 1686
1686 2150
2536 668
668 689
689 2536
2536 1136
1136 199
199 2536
2536 344
344 1517
1517 2536
125 2129
2129 2762
2762 125
125 2700
2700 1915
1915 125
125 2210
2210 647
647 125
125 1253
1253 2620
2620 125
2004 1293
1293 1123
1123 2004
2004 938
938 2500
2500 2004
2004 83
83 1791
1791 2004
2004 2561
2561 1595
1595 2004
1239 588
588 923
923 1239
1239 806
806 2598
2598 1239
1893 1502
1502 1085
1085 1893
1893 2076
2076 1746
1746 1893
1075 2041
2041 611
611 1075
1075 1063
1063 1270
1270 1075
1075 635
635 1087
1087 1075
1075 846
846 2393
2393 1075
2651 1613
1613 2629
2629 2651
2651 1640
1640 2490
2490 2651
1252 1767
1767 2885
2885 1252
1252 2003
2003 2477
2477 1252
1938 1878
1878 204
204 1938
1938 1296
1296 2916
2916 1938
1938 1288
1288 607
607 1938
2396 1784
1784 1190
1190 2396
2396 2774
2774 2222
2222 2396
2396 1774
1774 2913
2913 2396
486 873
873 329
329 486
486 1788
1788 1998
1998 486
1554 2427
2427 3
3 1554
1554 2521
2521 579
579 1554
1554 2442
2442 1127
1127 1554
442 2917
2917 537
537 442
442 819
819 1099
1099 442
442 850
850 1340
1340 442
893 2784
2784 934
934 893
1666 518
518 312
312 1666
1666 1528
1528 2681
2681 1666
1666 203
203 1962
1962 1666
1666 2002
2002 1821
1821 1666
2815 1025
1025 2732
2732 2815
2815 2183
2183 1697
1697 2815
2815 2005
2005 1644
1644 2815
2815 1558
1558 341
341 2815
2883 1260
1260 2406
2406 2883
2616 1577
1577 2556
2556 2616
2616 467
467 502
502 2616
2616 2721
2721 1330
1330 2616
2616 1059
1059 51
51 2616
2015 461
461 723
723 2015
2015 2880
2880 2822
2822 2015
1172 2833
2833 234
234 1172
1172 1712
1712 247
247 1172
1339 2462
2462 642
642 1339
2840 2025
2025 644
644 2840
2840 2136
2136 2799
2799 2840
1079 651
651 2661
2661 1079
1079 375
375 281
281 1079
1079 1689
1689 1098
1098 1079
532 2012
2012 2751
2751 532
2021 1128
1128 1220
1220 2021
5 63
63 1459
1459 5
2137 2922
2922 2230
2230 2137
2137 2546
2546 404
404 2137
2137 1126
1126 2793
2793 2137
2137 2342
2342 506
506 2137
2432 2348
2348 2812
2812 2432
2432 1937
1937 94
94 2432
2432 1969
1969 894
894 2432
2432 666
666 2379
2379 2432
824 928
928 1530
1530 824
824 2860
2860 2288
2288 824
969 618
618 924
924 969
969 2421
2421 2335
2335 969
2639 504
504 2188
2188 2639
2818 1941
1941 2936
2936 2818
1597 1921
1921 194
194 1597
1597 1053
1053 2208
2208 1597
1597 1961
1961 1899
1899 1597
1597 793
793 1805
1805 1597
1896 91
91 2733
2733 1896
1896 788
788 2234
2234 1896
1731 1765
1765 2055
2055 1731
1731 1850
1850 2143
2143 1731
1731 29
29 2100
2100 1731
1731 450
450 1540
1540 1731
2009 1466
1466 2624
2624 2009
2009 201
201 2010
2010 2009
2009 462
462 157
157 2009
2009 1669
1669 732
732 2009
2731 1440
1440 721
721 2731
2731 1572
1572 2663
2663 2731
2731 2804
2804 1304
1304 2731
1040 387
387 863
863 1040
1040 1131
1131 2099
2099 1040
1040 637
637 1029
1029 1040
1052 2687
2687 557
557 1052
2344 1790
1790 520
520 2344
2344 1442
1442 1420
1420 2344
1723 1794
1794 2786
2786 1723
1723 2828
2828 2704
2704 1723
1723 1152
1152 2826
2826 1723
1723 2716
2716 1255
1255 1723
324 944
944 2897
2897 324
324 1637
1637 1
1 324
324 2870
2870 2458
2458 324
1543 1356
1356 2399
2399 1543
1543 466
466 493
493 1543
2165 1240
1240 2899
2899 2165
2165 1838
1838 2526
2526 2165
2165 1385
1385 2729
2729 2165
11 1864
1864 2576
2576 11
11 1016
1016 2148
2148 11
11 1715
1715 2414
2414 11
1197 1161
1161 1991
1991 1197
1197 1629
1629 1667
1667 1197
1197 2599
2599 1950
1950 1197
1197 1026
1026 2574
2574 1197
2390 2934
2934 1760
1760 2390
2390 1148
1148 2271
2271 2390
1984 2173
2173 1797
1797 1984
1984 75
75 1809
1809 1984
1984 2300
2300 2879
2879 1984
1984 2645
2645 1922
1922 1984
529 1982
1982 464
464 529
529 756
756 1582
1582 529
529 243
243 1992
1992 529
770 2398
2398 261
261 770
770 2156
2156 1599
1599 770
1911 2659
2659 690
690 1911
1911 1067
1067 1603
1603 1911
1911 2133
2133 2483
2483 1911
1763 128
128 2529
2529 1763
1763 576
576 106
106 1763
1763 2656
2656 2531
2531 1763
762 240
240 1514
1514 762
762 1170
1170 1294
1294 762
762 2782
2782 2866
2866 762
1538 2600
2600 40
40 1538
1124 1550
1550 1137
1137 1124
1124 84
84 440
440 1124
1124 1615
1615 196
196 1124
1124 334
334 1826
1826 1124
1298 2371
2371 2375
2375 1298
1298 1445
1445 1150
1150 1298
1298 1955
1955 1932
1932 1298
1830 382
382 1519
1519 1830
1830 685
685 988
988 1830
1830 1928
1928 2877
2877 1830
2567 2407
2407 1108
1108 2567
1832 2891
2891 1097
1097 1832
1887 1409
1409 2430
2430 1887
432 173
173 1968
1968 432
2277 359
359 2311
2311 2277
2277 1346
1346 2745
2745 2277
767 1287
1287 1402
1402 767
767 2074
2074 2894
2894 767
1976 2552
2552 2898
2898 1976
1976 1604
1604 1212
1212 1976
1722 1798
1798 1997
1997 1722
1722 198
198 159
159 1722
428 1314
1314 1499
1499 428
726 755
755 190
190 726
2520 1439
1439 2674
2674 2520
1571 1001
1001 1383
1383 1571
2448 1846
1846 2465
2465 2448
2448 1177
1177 655
655 2448
2448 927
927 1601
1601 2448
2724 2602
2602 14
14 2724
1139 1933
1933 1357
1357 1139
1139 510
510 752
752 1139
1431 1609
1609 2360
2360 1431
1431 335
335 877
877 1431
1431 316
316 437
437 1431
1687 1702
1702 829
829 1687
1687 2274
2274 2326
2326 1687
1687 2591
2591 2115
2115 1687
2437 1354
1354 376
376 2437
2437 383
383 978
978 2437
2117 1263
1263 2873
2873 2117
2116 2081
2081 210
210 2116
2116 1661
1661 745
745 2116
677 1229
1229 2221
2221 677
2332 353
353 1167
1167 2332
2332 2478
2478 231
231 2332
2332 1358
1358 327
327 2332
1549 249
249 983
983 1549
1549 1759
1759 496
496 1549
1549 2017
2017 912
912 1549
1549 1625
1625 1648
1648 1549
1741 2618
2618 1885
1885 1741
1741 885
885 2632
2632 1741
1741 993
993 1219
1219 1741
1741 631
631 1084
1084 1741
743 501
501 1884
1884 743
30 1586
1586 1481
1481 30
30 1165
1165 151
151 30
30 2366
2366 217
217 30
30 449
449 2194
2194 30
2518 2058
2058 1709
1709 2518
2518 730
730 2159
2159 2518
2518 2858
2858 2176
2176 2518
2191 2785
2785 2612
2612 2191
2191 297
297 2126
2126 2191
1318 1561
1561 2777
2777 1318
2749 2637
2637 439
439 2749
2749 2132
2132 2141
2141 2749
2749 471
471 2082
2082 2749
2324 1168
1168 1617
1617 2324
2324 487
487 845
845 2324
2324 1808
1808 1044
1044 2324
168 2157
2157 1218
1218 168
168 1352
1352 1426
1426 168
168 1589
1589 1978
1978 168
1069 1388
1388 1198
1198 1069
2813 712
712 2321
2321 2813
350 1504
1504 1351
1351 350
837 1237
1237 1908
1908 837
837 1888
1888 514
514 837
837 773
773 2730
2730 837
108 1627
1627 419
419 108
108 1948
1948 1405
1405 108
108 2778
2778 1221
1221 108
2695 2691
2691 2008
2008 2695
2695 1373
1373 280
280 2695
2695 1030
1030 910
910 2695
2695 509
509 2408
2408 2695
2895 137
137 553
553 2895
135 634
634 1800
1800 135
135 735
735 1633
1633 135
1425 1189
88 1494
1771 2829
1057 1771
1833 349
963 1833
843 963
955 593
1868 555
1811 2470
492 2740
2744 492
1945 833
1630 402
1039 2758
1671 1039
592 2135
2049 592
2780 2049
1544 2626
1711 271
372 1711
74 372
448 74
2405 448
851 2405
2262 1996
1611 2262
2631 2184
1761 2631
2130 1761
1406 905
36 2096
2355 2682
508 2355
2167 508
127 580
2280 2855
1188 2280
2199 694
96 1920
1764 1770
1023 1764
1949 2065
2525 390
1374 1338
2246 1374
259 2878
2260 259
615 624
1678 615
107 2385
2331 1484
2593 136
2368 925
2769 2368
559 1046
148 559
2675 814
1477 1725
1037 1413
23 1037
652 1036
2050 652
1380 1810
2168 1380
582 2168
2562 2474
2079 1464
1683 1299
744 1683
2057 744
809 2057
2124 809
794 2124
2195 794
2460 35
174 937
2374 2101
2579 2374
2834 2579
543 1748
192 2028
1931 192
848 2204
2078 1476
931 1181
1000 931
2945 2119
90 160
2224 90
594 230
17 594
1453 2022
2581 57
1290 2581
613 1290
435 1447
255 435
1684 255
1010 1684
691 1010
27 1014
1655 27
753 650
1403 617
1394 2811
533 1394
535 2071
32 535
1328 102
2087 2053
1886 323
1882 2388
296 1882
1206 1465
1192 1206
1372 1192
1590 2217
1632 662
121 1859
1422 121
2852 1557
394 2852
895 394
2843 1264
89 776
2803 2623
1521 2803
2085 1521
1387 2085
283 1387
2824 2652
2845 2712
1662 985
899 831
820 587
569 1367
2882 936
632 2923
1614 632
2138 1614
2706 908
1267 714
715 1267
1335 715
623 1335
1828 710
1451 1828
939 1679
2151 1596
1656 59
1857 1656
2238 1857
1458 818
2422 2911
2734 2422
2077 2734
2765 2077
185 2086
146 143
765 2106
2257 707
1954 2257
2120 1065
2107 664
2298 2107
1470 704
2177 463
1423 1956
294 1804
415 294
1411 415
298 1411
2118 298
2738 1720
1310 2738
1737 131
700 1737
2871 700
441 2871
2647 2862
1047 2367
2491 1047
1130 2491
2473 1130
681 1691
940 564
2316 2932
2336 124
476 1332
2438 476
2341 1843
2402 1793
358 2402
2665 1525
1895 2665
984 1787
2644 625
1003 2047
314 1003
66 314
2797 66
2802 1865
2362 2802
880 2362
1509 880
93 2276
971 93
2225 2585
2254 2225
1006 2327
2905 1006
2239 182
1051 2239
2066 2114
1909 2066
304 1364
1446 1062
1623 1446
2070 1623
813 2527
616 813
772 561
2610 772
299 1114
2181 299
2062 2646
1621 2062
2621 738
2703 2621
2588 2703
1839 2359
421 1839
2013 2622
2226 2013
525 2226
1157 357
175 2024
1487 1724
803 2307
1890 803
1923 757
427 2457
2484 427
1361 1307
2763 1366
1452 1532
1333 1919
1575 1333
72 2689
242 72
369 242
1518 369
827 1147
1813 827
716 929
2308 716
1873 2373
2094 918
684 2094
719 684
99 719
2613 99
1269 302
1203 2202
1952 1758
2175 1952
2723 612
144 2863
219 673
1876 219
853 982
980 853
364 980
1443 1501
538 1443
339 1993
2037 339
482 340
975 1247
1408 251
2329 2354
823 1118
2018 1257
119 2018
2242 119
2463 2242
621 2463
1377 621
2104 1377
80 2104
840 80
2641 164
903 2683
1321 903
363 1321
2364 2867
728 31
1628 47
1943 160
1584 2862
405 1423
1635 681
1158 1724
1093 2470
162 465
2929 2104
79 1772
1234 956
177 1711
2247 1919
2444 1744
85 2168
1058 282
331 880
1692 1267
2097 228
1238 1827
446 970
2073 1593
2773 1635
1435 2559
2750 1639
2800 880
692 93
737 2507
1471 612
967 2843
906 21
2857 2831
1936 2387
667 1411
1894 1122
2446 1058
1441 1347
1847 1350
1912 230
658 1422
313 1047
150 679
2333 197
876 1779
2197 2038
73 20
2163 782
1303 427
1066 99
105 90
932 1446
778 742
253 140
220 294
1262 448
2550 2709
2347 259
161 2456
1802 1371
397 1163
347 1014
2937 2491
1398 929
423 2542
1511 1130
1125 2875
1444 691
2635 370
586 66
1546 2463
233 1435
2435 2845
1035 1779
1988 423
866 2062
1454 99
385 1814
483 2049
1308 561
961 1135
1475 2064
468 2590
1713 2265
2301 1102
145 1489
2551 2431
417 447
1665 1536
6 2631
2874 2937
965 758
601 214
1792 880
1070 2865
1649 2738
2233 1455
2587 615
2439 2027
406 296
2395 369
591 1456
1906 1341
2499 1614
1960 1952
2281 1548
549 2463
2144 2226
639 2013
805 857
571 2694
881 1707
921 681
841 221
830 352
608 411
1215 2062
1642 1285
368 790
2770 362
398 2022
2921 2032
2604 1039
2170 93
152 2587
1624 1436
808 2862
19 2246
2571 2738
1002 2489
1482 2676
2292 2353
2459 1361
1545 1559
149 67
2893 1747
604 728
1985 2715
1690 624
2428 242
1195 1070
2454 2919
1042 592
2302 2615
2243 1411
2166 2422
326 2449
38 734
1243 1070
388 694
1829 1711
273 1623
1874 1035
2072 2710
1942 2022
355 2166
2113 2610
401 1065
954 1544
61 2402
1302 2374
2413 339
1055 2927
920 1484
2019 598
1686 2810
199 585
865 1727
2210 1680
2500 2077
588 1626
1085 2800
635 2225
104 1066
2241 1303
1640 195
1252 1631
1288 716
2396 787
873 1894
3 2622
537 150
26 2062
1506 1180
893 1518
312 967
1558 1371
1140 2006
2883 1153
861 1398
502 625
2880 778
247 123
1077 865
186 296
642 774
644 2113
281 1920
2751 1857
2021 2871
5 1817
2443 1331
50 347
1126 2097
1785 1825
2432 1960
2860 1737
2601 2489
2270 1819
2421 455
551 2034
2188 1939
1941 2797
1597 394
2234 2738
29 1980
2624 287
2663 1578
577 331
2099 1471
1052 104
1420 2852
1723 468
2870 921
1543 2050
1211 715
1385 803
1362 1662
2414 1329
2599 405
2390 1828
1809 2689
529 857
770 811
2133 2643
2531 174
1294 388
1538 1988
2638 2710
440 2136
39 965
2375 2302
2877 930
1108 593
1401 520
1097 2760
2430 320
676 1763
432 1804
1346 2295
2708 1253
154 563
2894 406
2552 674
1798 534
2110 93
428 2292
1836 2681
1755 858
726 1588
1439 2280
1001 399
2448 2811
2040 551
2724 72
1139 1423
2360 2168
572 1036
2115 2444
2121 2733
376 2150
1263 2893
2081 2398
8 1628
2221 2393
2332 61
1759 1039
2618 2104
1884 2056
675 341
1586 716
1610 2257
1709 2085
1500 462
297 824
2256 90
2777 549
2749 1992
845 1066
2157 1401
1198 508
712 1683
2314 1339
1351 149
2730 1967
1221 2233
95 2472
1030 2226
2895 470
2424 1884
1800 2723
2412 2871
