836499160487832
211676650578640
274441609492776
245686941915989
440668881015380
557988585686329
184689098106413
455092181996938
483760114123300
469629315891108
899295833318476
379003441562290
411212138361160
361894570647520
1042987697270548
300750908525639
260788663494877
981711039245055
322620169085215
370262580926804
519977633867194
525250849381894
1024335755485371
330616205856665
979763891074011
37573638339530
791515522154567
145143328522988
62382444075295
41634771628839
1073471230169529
955145233158441
154821462772931
239499894006177
694763381128410
367115573969138
341077758672534
986560753237170
501479265213639
307170693896142
422373660049766
128323929572871
968893497883894
773986445850284
7482138793676
324893121940069
402855422111221
490836479144888
853169600483831
368960386545783
569890871058240
406870655623109
882790077991425
509082921261214
215508065591409
28239598783293
701827882876741
165569325886159
413011405653157
928043560895245
923458702729967
555073110194649
104068748568785
673574240246488
668362037302681
528569992628181
316800148135326
141338702015227
1115075771521861
17139993142709
364685472898209
1066237652971245
425226471817180
541223469652132
418494286085028
550516225135212
979552093393013
5994706422709
511796745956039
514483691592537
205310083851868
965538520759629
418494286085028
374842982985635
504076259666103
424896010035280
227495166250936
523138836133172
195340062835542
541223469652132
557988585686329
438247978790904
999750697951576
915210548255577
853169600483831
550225516744224
967699346145079
444393726882180
526457194224626
402855422111221
540460873583696
340706809307771
416643507662238
323318279848256
887626805708659
335771765298740
56843383834478
372186699350019
951023307201962
561692964861294
360410714432459
955145233158441
320811468943429
119650191792753
469319942797098
389414332523683
405525988030287
356579947131286
433763874288718
510930741614286
1115075771521861
322620169085215
413011405653157
510612155343260
260788663494877
119908441654872
562092571332896
370946158173244
177015851239512
273085199828814
954242316113094
572752063951026
299820524839681
230577382983932
1117717276976357
319674207865433
308610786938457
294370044647684
546783360361206
913472364033879
401081037426333
887720517288091
604233943801945
389414332523683
293579576576123
169078730989335
968893497883894
487647893790480
604233943801945
1117136725430199
174413737187827
37573638339530
516703115714788
953306618869303
353644359038506
915038723558663
1117136725430199
42038619333284
249311909844275
484752110411535
204917431643843
312996443106525
920316240046027
544726232477345
348681382092739
370572733925970
179795206731600
945834368301109
561590988933182
942972584618569
293302280560518
28239598783293
894459432546608
1113160307488838
388492467383044
42038619333284
847234361005922
53750516444860
466443126894634
1107214396642815
320811468943429
295047818126616
104068748568785
888307757456695
324893121940069
560857652059896
109915109271744
1024335755485371
148455800104562
551714754952068
65953057873158
520330369240509
177015851239512
853169600483831
235628996227812
521049350112913
455855386687416
452954391712409
148219597374340
928043560895245
668362037302681
485219633680440
326026942602347
526457194224626
443447656787786
402002604192811
557988585686329
546985512809094
361894570647520
511364533384828
551714754952068
604233943801945
455154451503093
232659852096874
497748050349902
495386439656810
399343496450281
455092181996938
524646865835038
442814676773341
164024685974490
195340062835542
317257214311729
942972584618569
295887332617039
323911056743611
285114128513333
960218946232028
1086418050281043
277580207777325
407565853916151
560605452637696
892814613502459
377407621518615
150243504740542
399343496450281
377407621518615
878541305475763
167654524896823
501479265213639
364685472898209
469319942797098
355054689427226
257507390167636
324486993181811
45176439615375
487450356566107
655258622176380
973786766403883
235628996227812
548964973365800
1051715927491087
1101174255447168
469319942797098
295887332617039
698950902871346
