777699831912949
357969486185117
376062665054480
875615365843531
1083683606471392
500475023668294
830088290322799
854562087559340
6675718970405
699257444175468
293421515671028
215856649365924
507608217097368
408355263308072
791975200191459
830088290322799
140173546833752
392447684904704
769414811045757
703136477872235
981286543344866
1059823815136494
1033801977123148
349433871149148
577855597573835
262820852505882
310642123858806
1082791278759607
1046671116538686
692365878072604
100703172790686
491280620580440
1053751004844445
995227406588953
223733114528623
531981059323805
782301908827282
856072535933373
147802746254733
1083127098440516
115907864081779
275683367753284
453894487186447
190158505406541
228179480021369
1108176031825601
1102633945259634
735189664715070
2933708465069
536728523279510
769414811045757
1046671116538686
1121726585451691
375305591472614
680725984442720
107059560780785
626329753453126
1124638424595210
1105387126288429
683097487595745
401586662932899
900213398840422
198589653044325
888558840458490
1083127449012937
785402863099278
417696688673492
342335700634576
1026244404286022
849641221371997
182303033741451
420610654262368
897390297572590
1017798496399177
10986857554881
680725984442720
14257373385810
310642123858806
108362443859525
615738594185276
789091207487501
39121034797257
81240944347603
510984248160523
344054764440148
486453584999363
910181938148451
785402863099278
1118955016271050
785897047556739
182431070485181
493981176852967
801128212393807
830088290322799
683488094172399
277331680022113
216690254286713
426940276184648
204437593248817
783948238856961
966309515729578
831113048762082
17678990036791
182303033741451
598258270776161
10986857554881
206363689439524
99108824142603
268084168306315
1083683606471392
413437399159097
608120013916548
41302216001126
263771598530295
502351596960112
697354029601629
390974230907501
608120013916548
2933708465069
24386331994153
452793036165994
976141162166900
972330694006644
1015177863748038
460560061416862
410220408980939
424277466692792
584363680528508
1007076179233702
1083127449012937
544951884263741
883909059968299
452349450894930
359619413603131
364196046422519
741613128648653
727353953163406
859860876500976
673275344745530
115907864081779
243710508074570
408296808392257
147802746254733
857788808915432
950782937739598
302678063162697
995227406588953
966309515729578
99108824142603
2933708465069
627539396434344
1124638424595210
349796633024339
1026203893271261
1036140246432207
124749582214449
1026244404286022
602171381307614
741613128648653
787292487078771
1072451852515095
544951884263741
344054764440148
1083127449012937
463945381227955
45684466030338
208702480622177
310642123858806
820674804019963
1066882218453024
23609176893005
27165329030892
531723020456491
585124365177167
807134658568546
729211258361513
540994608279027
459893779387175
754642210473039
257128178735786
357969486185117
430805242276733
1013849611715091
364196046422519
683097487595745
319378181546859
450265684102964
983298132167456
830177250259639
788656573749316
414799308893207
1026488980677186
396256803310200
179993948045524
835210928839537
1090182969453707
58877969003804
937694743207370
6675718970405
148051490749425
155695050718103
355197320342334
670707125165696
531981059323805
491280620580440
9337679449280
782050382018208
458463888587602
76921684522567
785851508611039
352973047498379
430657795639459
359936827444331
241177923303016
540359037232150
412836316365872
608120013916548
602171381307614
155158713905342
93557792943944
806484187973635
466984512799818
335767385658826
699257444175468
1991634944880
486453584999363
866867619643007
502351596960112
859860876500976
393800818676536
405030331972383
593222474393530
830177250259639
1043152189039719
865192868986252
78264769974466
507608217097368
447607496418366
148051490749425
757877532076048
481305609423706
354998847229662
776395047439515
1118955016271050
754642210473039
1084601053022885
319378181546859
155111292769549
310642123858806
1076167503427932
995227406588953
1011141729719749
692066729816796
127792333625245
513493491743147
813477048923964
