192601900648644
219562572667491
265285286143401
200060526688316
294631990839905
21881648791014
190454204467476
1608526826185
12622160540587
234468329487149
14904204371217
154880847089939
16623756211229
270124984657438
174208490435909
11336121131540
279706332310703
207459119437989
123078304691356
203541423456091
267767739178166
34686632141879
12622160540587
5957685728953
30991446820759
1219282036260
64780343785027
250082387813730
436803078110181
9075837643728
210225299174707
211639191930605
517798309155410
9075837643728
207459119437989
4987179664480
207459119437989
61762608748045
216559248069052
326473156969157
63537960941601
179324187627569
531236657505443
9354956622398
181075071578034
431075783920338
539745214771792
221724286552489
149733975566792
2842733516083
13826149377773
225317438941225
278610193505531
3028581858204
74611611237467
250972309188380
126848821706502
294083823169310
9718281348596
279706332310703
173298558587841
218324879746704
192167162636139
1019341331745
6625306646627
233401323676053
216559248069052
294649155277934
726464051799799
9752197801753
234083829387845
190535110467669
219764379481313
5759902145052
228977120515359
22397546774580
70133863724211
1628511290608
109664083547363
259720758461968
451754686325967
268221064365820
164911717610521
3329347205242
3465333498863
184206067410008
164911717610521
46120381531185
10157304482410
21881339567294
556512062440747
155533925009879
442426355716287
23635086729227
250127961439051
229301534724968
25307605580773
223240194134119
7670680995927
21983583854202
4591808282306
177969024429687
28338109147338
122312434136106
212052256436386
84883331727305
15805067894731
250972309188380
16636705050114
1415736166191
215257496109070
355809623269139
234290539258970
26609055169296
1222341822272
260446953568211
175570948893109
62338772278430
232134989815447
16087310047346
376502284195253
14931831558288
5472765202942
5358003153259
339457337898513
466303910916620
33169352991887
96003387596
