749980586705480
317477115857663
878665923650659
920391572075518
145167396819619
252694323528795
184439009522491
439862615902272
333911092899629
69212704322230
371587903846770
1060749687177386
439862615902272
80879892406177
1017707627919395
23721372661372
297568171388732
390548153923164
693604487748761
749980586705480
119549277052724
47487627820688
813614128518822
829495984753326
843865963895478
631953106017154
323613759720283
602094107123401
36859755152571
212031472288015
353322300005646
611152576103494
130804718389455
200571835613143
376219237839241
109424895681520
376219237839241
112271432455884
150605787087672
27597842230246
218751629544198
628338221732441
26987112758674
258435301489526
422635267525817
236497904517628
928382999969057
270052167012620
626976827659266
269671966275915
1079088633844754
595281901834854
182922209602485
369629160526857
364207329119243
155224722382519
451839413239046
337299713074882
1043636055529615
506324345185
154266339056565
117284304873242
490820655168513
890586721298286
941913234812069
507472412517874
563155102018741
70131588203520
946361545833794
390548153923164
920391572075518
552670841833797
364207329119243
291418362169852
577184904044054
849502058843654
934731745605612
43397976503494
333911092899629
95759109774056
1060749687177386
776565018209183
53246754829015
439862615902272
581554852419794
404465730899534
252694323528795
110985622276199
1043636055529615
574771426859726
642651609971274
265195221516779
192576282202652
641325032749155
126189760448798
578259413183956
361694363181964
216958083383250
270052167012620
59639903758888
370391440918838
211799329155261
284900977942249
265100612525684
202966720746139
543876280595236
749980586705480
160286970035349
727857710321969
1067081144034819
200571835613143
555014302358863
573158959800029
371239332275581
362192215719010
770828864004323
746453555862521
320944001358985
5992183004659
200571835613143
593615644750043
599859864370285
535695657907417
293755489187639
329099727273098
366719801823188
318438492837620
682303119548748
