710288870298047
741729365877968
901182326071458
900918328825313
591862859929505
910230318122210
17133759904632
541045023077487
399959799986078
647024704357671
750965609685396
460539579479385
162589493607584
241983143802918
809848020852497
46890819811249
420535119893568
353067199050732
943123628713638
581423939664439
1021637664625577
432080690961326
864686091233776
29646759156121
209545694770269
303321512754228
1082283423344439
321248448076436
1093254053416875
973551835182690
612771200457674
1118092740777799
155705067806464
288306864162096
700612771255030
373062262604567
373494240583651
676345463668593
655573674823306
162589493607584
61177615751814
1038414362677465
558338988950535
281149081412156
171452982964935
1043139684416655
305153670887902
275157087217118
450758811568901
225947137282164
156719633132920
316715834424134
330773215707657
89950992564619
787469796424593
178274090742707
320717267175950
538114482610404
876620367847014
178658030671541
1817577025590
29646759156121
1028242800284948
562589146237511
