5
199
6 193
7 82
9 39
12 29
13 180
14 101
17 172
19 108
35 66
36 156
42 129
49 55
52 40
54 28
28 112
58 136
61 53
53 74
63 179
65 33
33 110
68 4
71 127
75 4
4 167
76 197
77 150
79 31
31 197
82 18
18 165
86 187
87 178
88 143
90 196
92 66
66 166
94 5
5 78
78 140
95 130
97 154
99 169
101 185
103 74
74 41
41 26
26 157
104 159
105 111
106 39
39 8
107 171
108 2
110 137
113 47
47 123
115 137
116 48
48 10
10 83
118 96
96 27
27 56
56 144
123 93
93 124
124 114
114 24
125 158
126 130
127 152
128 60
131 170
133 196
134 179
135 16
137 80
139 20
20 120
140 188
141 197
143 117
117 2
2 24
24 98
98 183
144 157
146 186
148 152
149 1
1 62
62 67
67 130
152 154
153 187
154 73
73 176
157 60
160 163
161 45
45 25
162 51
163 22
22 60
60 156
156 132
132 145
165 15
15 189
166 84
169 150
170 155
171 164
164 72
72 185
172 150
173 40
178 43
43 37
179 64
64 30
30 182
180 119
119 32
32 59
183 177
184 80
80 83
83 21
21 38
185 167
186 8
8 175
175 111
111 129
129 195
187 188
188 109
109 59
190 150
150 136
136 46
193 159
159 138
138 84
84 130
194 182
182 192
192 3
3 151
151 11
11 91
195 40
40 51
51 50
50 25
25 181
181 112
112 121
121 130
130 29
29 100
196 85
85 147
147 158
158 46
46 34
34 16
16 168
168 69
69 59
59 100
100 177
177 142
142 89
89 155
155 23
23 37
37 122
122 197
197 57
198 57
57 44
44 81
81 176
176 145
145 70
70 120
120 38
38 55
55 91
91 102
102 191
191 174
174 189
189 167
167 199
199
6 111
8 42
10 189
15 172
20 5
21 76
22 194
25 113
30 108
34 118
35 142
37 86
47 82
53 165
56 74
57 117
59 61
60 38
63 143
64 69
72 100
74 171
77 42
42 171
78 69
69 85
79 178
82 195
83 95
84 12
12 27
85 51
51 171
86 66
66 100
87 144
88 191
90 19
91 7
94 41
41 9
9 13
13 93
93 46
95 48
48 172
99 147
100 133
102 40
103 38
38 2
105 163
106 186
107 98
108 101
112 170
113 27
115 181
118 14
14 71
71 70
70 65
119 17
120 1
121 182
126 110
110 190
129 4
130 33
33 16
133 36
134 124
124 186
135 153
136 194
137 161
138 109
142 39
145 101
146 49
148 188
149 65
150 180
151 58
58 132
132 183
152 161
153 139
139 191
155 173
157 158
158 182
159 36
36 193
160 192
162 39
39 40
40 131
131 17
17 54
54 31
31 27
163 68
68 128
166 171
168 16
16 177
171 101
172 46
173 114
114 156
156 65
174 76
176 61
177 147
147 184
178 81
81 26
26 7
7 98
98 182
179 3
3 19
19 73
73 97
97 127
127 29
181 27
27 4
4 165
165 23
23 61
183 123
184 122
122 125
125 65
185 65
65 193
187 180
188 164
164 116
116 67
67 167
167 11
189 143
190 96
96 24
191 199
192 143
143 117
194 76
76 141
141 24
24 175
195 80
80 55
55 89
89 44
44 104
104 154
154 175
175 11
11 182
182 186
186 45
45 140
196 49
49 5
5 2
2 111
111 92
92 29
29 75
75 28
197 140
140 117
117 61
61 52
52 101
101 161
161 144
144 109
109 18
18 128
128 170
170 123
123 169
169 28
28 62
62 180
198 46
46 193
193 43
43 32
32 50
50 180
180 1
1 199
199
1 39
4 99
5 153
6 125
10 2
11 71
13 24
16 196
17 42
28 83
29 90
31 7
33 144
35 68
40 143
42 56
46 43
52 8
8 197
54 121
55 141
58 168
62 128
63 198
65 142
69 126
72 49
76 56
79 127
83 73
73 44
44 198
84 183
85 138
86 171
89 120
90 67
67 23
23 88
88 14
93 7
7 116
94 177
95 41
41 162
97 177
100 37
101 64
64 51
102 144
103 145
105 53
108 80
110 98
111 167
112 188
114 43
116 134
117 27
119 53
120 2
2 51
51 18
121 74
74 80
80 20
20 155
122 59
59 182
124 191
129 154
130 123
134 197
135 96
96 24
24 172
136 21
138 39
39 36
36 198
140 21
142 133
133 157
144 182
145 38
38 198
150 99
151 61
152 18
154 15
15 61
61 75
155 125
125 32
156 173
157 78
78 82
82 106
106 113
113 22
158 123
123 109
159 12
12 187
162 181
163 147
164 168
165 98
98 37
37 19
167 179
168 45
45 195
169 91
170 109
171 81
81 19
19 75
75 34
34 132
174 189
176 141
141 143
143 160
177 137
178 160
160 57
57 137
179 91
180 60
60 126
126 161
161 14
182 18
18 43
43 77
77 56
56 50
184 132
132 147
186 187
187 146
146 9
9 91
190 53
53 22
22 3
3 192
191 107
107 115
192 30
30 115
193 87
87 66
66 27
27 173
173 91
91 194
194 92
92 68
68 104
195 137
137 49
49 104
104 149
149 166
166 70
70 128
128 115
115 148
148 14
14 189
189 131
131 147
147 32
32 109
196 188
188 175
175 127
127 21
21 99
99 71
71 26
26 172
172 109
109 185
197 118
118 47
47 185
185 181
181 139
139 183
183 48
48 153
153 50
198 25
25 50
50 199
199
2 140
7 146
9 57
12 102
16 5
17 21
18 63
25 172
26 5
5 156
31 49
32 102
33 67
34 67
36 37
37 123
38 141
39 133
41 68
43 60
45 189
46 108
50 44
44 54
54 123
58 6
6 103
60 173
61 97
65 3
3 71
66 90
67 198
68 96
69 24
24 49
49 159
71 134
72 140
73 140
79 20
81 176
89 162
92 20
20 116
93 109
95 141
97 87
98 108
100 56
102 29
29 122
106 158
110 74
74 126
113 124
114 10
10 194
115 189
116 107
117 138
122 91
123 121
121 161
126 83
83 105
127 101
128 52
52 154
130 181
132 64
64 185
133 158
134 191
135 30
30 85
85 119
138 51
139 125
140 188
141 22
143 11
11 91
146 82
150 27
152 164
153 80
80 184
154 119
119 53
155 40
157 57
57 174
158 88
88 90
90 169
160 111
111 195
163 63
63 96
164 94
94 142
166 1
1 96
167 124
170 199
171 190
173 194
174 182
175 76
76 40
40 136
176 47
47 125
179 189
182 48
48 23
23 120
183 53
184 180
180 82
82 156
185 161
161 147
147 96
96 169
169 120
120 195
186 156
156 21
190 148
148 35
35 104
104 172
172 51
51 129
129 19
19 14
191 112
112 151
151 8
8 188
192 13
13 131
131 165
165 162
162 103
103 145
145 62
193 99
99 188
188 118
118 42
42 27
27 101
101 28
28 178
178 168
168 87
87 137
137 56
194 55
55 70
70 124
124 22
195 75
75 159
159 14
14 21
21 15
15 77
77 187
187 107
107 4
4 149
149 91
91 86
86 142
142 197
196 53
198 177
177 189
189 56
56 109
109 84
84 22
22 62
62 59
59 53
53 78
78 181
181 125
125 144
144 136
136 105
105 108
108 197
197 199
199
1 175
2 42
3 148
6 93
9 86
10 176
14 148
15 35
17 35
21 63
24 66
28 137
30 114
32 5
35 192
38 128
41 169
42 114
44 70
45 181
47 152
51 120
53 134
54 126
56 177
57 104
59 62
62 130
63 70
64 127
67 189
73 33
74 11
77 22
22 61
80 168
85 115
89 132
90 23
92 70
70 113
95 153
97 160
99 163
100 27
106 158
108 127
109 107
110 12
12 98
98 158
114 25
25 66
66 88
116 37
37 172
120 71
121 182
122 8
8 128
123 102
102 187
125 96
96 192
128 18
129 159
130 52
52 170
131 115
115 26
26 83
133 135
136 112
112 4
139 78
78 144
141 75
143 86
144 111
111 104
146 68
68 176
151 191
152 163
153 179
154 93
93 27
27 194
155 75
75 71
71 91
158 149
149 94
94 86
86 23
23 180
160 39
39 113
113 178
161 184
162 159
163 65
65 81
81 157
157 188
165 183
166 119
119 192
167 61
61 29
29 48
48 13
169 103
103 13
13 34
170 87
172 36
36 5
173 46
46 34
34 124
124 140
140 150
176 18
18 118
177 87
87 175
175 142
142 174
174 4
4 117
117 101
178 156
180 137
137 49
181 58
58 91
91 5
5 104
104 195
182 145
145 55
55 132
132 193
183 138
138 147
147 199
184 135
187 84
84 192
188 126
189 185
190 11
11 82
82 49
49 101
101 168
191 118
192 164
193 185
185 126
126 107
107 69
69 118
194 135
135 79
79 88
88 83
83 127
195 171
171 20
196 76
76 105
105 60
60 168
168 40
40 72
72 7
197 19
19 164
164 31
31 16
16 156
156 118
118 150
150 134
134 50
50 33
33 159
159 127
127 179
179 20
20 186
186 7
7 43
43 148
198 148
148 199
