5
1999
4 1262
6 1067
10 316
13 1983
14 610
15 945
18 192
22 532
24 688
29 385
30 1545
31 1061
37 1970
38 335
39 487
40 475
44 72
45 1468
47 470
49 873
50 1173
51 88
55 1366
56 1107
57 751
59 1340
60 636
63 1172
65 387
66 1286
69 681
70 489
75 1354
76 1958
77 910
78 1423
80 1696
81 328
83 1001
84 1471
88 1199
92 1791
93 575
96 1914
97 1997
99 1527
100 1533
101 1394
102 1805
103 16
16 536
104 1635
107 231
111 1814
113 154
114 998
115 67
116 34
118 1378
121 960
124 787
125 948
134 1953
138 1940
139 1128
140 236
141 1187
142 1282
146 1511
151 1466
154 758
156 994
164 1558
166 62
167 1215
168 732
172 119
119 662
173 198
174 2
176 622
177 12
178 1608
179 852
182 404
185 471
190 647
192 1246
198 290
199 812
200 1568
201 1274
202 252
206 223
207 132
132 165
214 1926
216 232
234 1412
237 1612
238 323
242 386
243 1572
244 1047
245 423
250 613
256 1510
257 1488
261 1723
263 368
264 1694
265 538
267 82
82 1555
268 1425
271 363
273 966
275 1923
278 516
279 697
282 226
226 1552
284 1990
286 175
288 1636
296 1693
301 1263
303 500
305 1924
309 722
311 128
128 413
314 1760
316 1499
317 529
318 733
320 1373
321 1893
323 1986
325 411
328 1875
330 459
331 589
340 1047
342 1393
346 937
349 1644
352 1154
357 315
360 1581
361 608
364 1934
367 1335
373 676
374 843
375 1312
381 1806
382 598
384 1163
385 1118
386 1082
391 1583
392 603
398 1749
401 458
403 759
411 1483
416 2
417 876
420 1186
425 1609
426 1049
427 300
300 1218
429 648
430 1291
432 1706
433 189
189 1532
435 1588
439 1027
446 213
213 613
448 108
108 931
452 1479
454 744
457 1441
458 1826
459 1253
461 724
465 1757
469 948
470 1099
472 332
332 1869
473 800
474 87
87 808
480 922
481 431
431 571
482 359
359 394
485 1250
487 532
489 490
490 611
491 569
494 1892
496 1144
497 897
498 967
500 450
501 43
43 1663
502 753
503 1530
504 1869
507 1148
508 552
509 791
510 1627
514 1728
517 855
518 916
519 1710
522 1174
523 1863
525 1566
528 408
529 1291
531 1173
534 9
537 1044
538 1672
540 1061
541 1439
544 155
546 1526
547 1577
549 130
130 193
551 1389
552 1869
553 1799
555 838
556 1171
560 675
561 1195
567 1496
573 1243
574 232
232 543
575 148
578 98
98 363
363 319
581 414
414 1492
582 150
583 1734
585 949
586 526
592 421
593 1438
595 281
596 126
126 1404
597 629
598 1837
600 1195
602 557
557 1760
605 1637
606 196
610 341
611 747
614 1385
616 1983
618 280
622 1822
627 968
631 1924
635 1755
636 149
638 1452
640 1652
642 1724
644 405
405 594
594 95
95 860
645 1964
647 72
649 825
650 380
653 958
654 1290
657 1703
658 791
663 722
664 1063
666 155
669 709
672 563
563 1817
677 668
680 1885
681 445
683 1166
684 687
686 1903
687 1920
690 1393
692 1291
693 1054
694 1100
697 1267
700 1180
703 276
705 1825
706 1549
709 732
715 33
719 1533
720 1785
721 1031
724 1624
726 1095
728 187
729 1210
730 33
731 1975
735 998
736 520
737 233
738 41
41 1842
740 1878
741 1139
742 1881
747 1430
748 1840
750 1949
752 1949
754 584
584 1750
755 1718
758 1353
759 5
760 711
761 734
762 368
368 36
763 847
764 289
289 347
347 1181
766 404
768 893
770 322
322 1619
771 1712
773 409
775 1103
784 1049
786 930
787 188
188 1205
791 1800
792 1323
793 1826
794 370
795 1546
798 471
471 868
800 843
801 21
805 161
806 1476
810 777
812 1245
813 1190
815 1994
830 341
837 1492
838 1086
840 225
225 451
451 710
710 977
842 1688
844 942
846 1897
847 493
493 607
607 1797
848 695
849 1465
852 1958
854 1956
855 1692
856 952
857 241
241 1095
858 1316
860 402
402 566
566 306
861 527
862 136
136 397
397 1561
864 601
865 1939
866 1153
870 1759
874 1369
880 476
881 1543
882 1627
886 8
890 228
891 1004
892 1685
895 833
898 1830
899 871
900 1162
903 1456
905 1970
910 1498
920 131
926 1811
928 1147
929 1805
930 333
931 875
933 372
372 535
934 194
194 1968
935 908
936 1909
937 1699
939 1944
941 1924
942 1974
944 1787
947 756
756 1930
949 1355
951 1568
954 620
620 656
955 1498
957 1063
959 159
960 978
962 1804
963 79
79 826
964 1536
966 1523
967 71
71 732
968 1999
973 1461
977 343
343 1850
979 698
698 558
558 751
980 1792
981 1415
983 1070
985 1026
986 708
708 1019
988 915
915 873
993 422
422 1204
994 1707
999 1652
1002 829
829 716
1003 699
699 1395
1007 1487
1008 1407
1010 1204
1011 410
1018 1536
1019 8
8 821
821 149
149 923
1021 589
1022 1735
1024 285
285 1921
1027 1751
1028 976
1029 918
918 1617
1030 68
1031 716
1033 1473
1034 1335
1039 378
1041 46
46 1857
1045 1131
1046 873
1048 1490
1049 1425
1050 816
816 839
1051 1375
1052 1475
1054 335
1055 811
1058 1866
1061 1371
1066 220
220 1414
1067 1769
1071 74
1073 932
932 1778
1075 533
533 53
1076 945
945 1998
1078 661
1079 1289
1080 940
1083 1517
1086 169
1089 1161
1090 1832
1094 1648
1098 1023
1099 1196
1101 1126
1102 1439
1104 536
1106 1860
1109 1970
1110 1625
1111 387
1113 1922
1114 1207
1118 1623
1120 388
388 1425
1121 1160
1122 1231
1128 536
536 1288
1130 229
229 682
1134 1295
1135 1467
1138 989
1139 1523
1144 1604
1147 424
1150 1227
1153 1841
1155 404
404 799
1156 1266
1157 1400
1161 779
779 413
1163 1277
1164 629
629 626
1165 1738
1171 150
1172 704
1174 1299
1175 716
1179 1966
1182 362
362 702
702 293
293 466
466 223
223 1847
1184 3
3 722
1188 447
1189 483
483 1836
1190 601
601 823
823 1391
1193 341
1203 1565
1205 1547
1206 1181
1207 366
1211 1559
1212 73
1213 1035
1214 1402
1216 619
1218 1649
1219 1741
1220 1201
1201 1594
1222 827
1223 350
1225 1665
1227 488
1229 1783
1230 1962
1232 406
1233 91
91 972
1234 832
1236 1627
1239 753
1240 302
302 1112
1112 716
716 148
148 660
660 608
1241 1701
1242 767
1243 879
879 1571
1244 444
444 885
1246 1025
1025 484
484 1491
1247 675
675 1859
1248 468
1250 1105
1251 248
1252 1289
1254 1259
1258 1181
1261 1237
1262 1518
1265 117
1267 727
727 1435
1268 203
203 665
1269 443
1270 608
1271 1057
1057 463
1272 110
110 1707
1273 1967
1274 1085
1279 908
908 682
1280 1842
1282 811
811 916
916 608
608 1800
1285 1991
1286 1169
1288 989
1289 20
20 390
1292 1774
1293 1333
1295 255
255 1900
1297 1266
1299 835
835 1266
1301 667
1302 535
535 633
1303 1895
1305 1062
1062 254
254 953
953 639
639 701
1308 1105
1105 222
1311 711
1312 1812
1318 1838
1319 1591
1323 587
1325 410
1327 1757
1334 1614
1336 921
1343 262
262 1202
1202 1827
1345 1658
1346 369
1347 1472
1348 35
1349 1966
1350 807
807 1503
1354 272
1355 1383
1356 1981
1358 863
863 922
922 249
1359 153
1361 438
1362 1894
1363 827
827 580
580 1133
1364 120
1365 1710
1368 1341
1369 28
28 1069
1374 562
1375 777
1377 1441
1378 418
418 1513
1380 1060
1060 850
850 1661
1381 1772
1382 1329
1329 449
1383 1981
1384 1833
1385 419
1386 1324
1324 258
1395 1594
1400 1995
1401 1471
1404 1136
1136 1929
1405 1573
1406 804
1407 780
1409 1714
1410 1016
1412 1183
1414 876
1416 219
1417 1598
1418 239
239 689
689 249
249 940
1419 1393
1393 52
52 1500
1421 1476
1423 1290
1290 251
1425 62
1428 818
818 1012
1012 1228
1228 1694
1429 612
1430 1737
1432 462
462 1537
1433 625
625 294
294 1209
1209 974
974 907
907 1740
1434 1253
1253 195
195 1321
1436 679
1439 1608
1440 393
1444 1870
1445 1231
1231 1695
1446 783
1447 1930
1448 1886
1449 1390
1390 1637
1450 445
445 609
609 1310
1310 144
144 1816
1451 1443
1443 476
476 883
1452 1591
1456 1332
1332 991
1457 1980
1458 884
884 1053
1053 1478
1460 723
1463 230
1466 94
1467 54
54 1397
1397 258
1468 212
1469 1398
1398 1275
1473 1195
1195 634
634 356
1476 306
1477 231
231 1836
1478 1743
1479 399
399 1370
1481 1915
1484 1070
1070 1396
1485 21
21 117
117 408
408 1622
1489 961
1495 1176
1176 170
170 171
171 1955
1496 1757
1497 1181
1181 780
780 181
1499 355
355 991
991 409
409 1573
1502 1056
1056 1839
1503 441
1504 1708
1505 1771
1507 1708
1510 336
336 1149
1149 315
1511 1037
1037 956
1512 350
350 1260
1513 181
181 1817
1514 1818
1515 1300
1300 475
475 1816
1516 468
468 287
287 987
1517 1391
1518 568
1521 209
1522 1166
1166 1671
1525 1794
1526 1928
1527 1827
1528 613
613 1284
1284 1628
1530 1490
1490 344
1532 443
443 765
1536 1758
1538 1237
1237 872
1540 1035
1035 1719
1542 1389
1543 568
1544 989
989 1740
1545 358
1547 826
826 843
843 281
1548 828
828 1064
1064 112
1549 215
1550 205
205 624
624 1577
1551 313
313 1103
1553 1908
1554 1557
1556 1649
1557 723
723 532
532 1100
1558 743
743 789
789 1081
1081 1886
1560 1353
1353 421
1562 1636
1563 1971
1564 1612
1566 291
291 1571
1568 1779
1569 1069
1069 1298
1298 1475
1475 1531
1570 819
819 1905
1573 1886
1574 209
209 978
1575 1259
1577 440
440 656
656 351
1579 885
1580 643
643 1215
1215 1438
1438 1420
1581 1966
1582 1123
1123 1842
1583 1480
1480 668
668 337
337 1180
1585 1454
1454 513
1586 1837
1587 904
904 505
1589 395
395 1017
1590 326
1593 1617
1594 292
292 246
1596 695
695 191
1597 48
48 841
1598 841
841 1159
1159 208
1602 971
971 1588
1588 996
996 1326
1326 1399
1399 1696
1604 889
1606 1097
1607 1971
1609 802
802 1578
1578 1815
1612 757
1613 1173
1173 1441
1615 1537
1619 1074
1074 604
1621 463
1624 143
143 1700
1625 495
1627 1126
1628 1459
1459 1082
1629 58
1631 1352
1352 1591
1591 565
1632 1533
1637 550
1638 1065
1639 1371
1640 1107
1641 253
253 196
1642 998
1643 1537
1537 707
1644 588
588 1541
1541 661
1646 990
990 1154
1154 599
599 511
511 1744
1647 1415
1648 820
1649 1757
1650 1739
1651 1370
1653 1508
1654 1868
1660 1278
1278 767
1661 1266
1662 477
1663 53
1664 85
85 911
1665 1740
1666 467
467 365
365 568
568 1829
1667 123
123 68
68 1388
1670 1117
1117 1455
1455 1314
1672 1523
1523 1335
1335 1559
1674 1645
1645 324
324 327
327 221
1675 1316
1316 1752
1680 1795
1681 1938
1682 1315
1315 516
516 875
875 1936
1683 1373
1373 1981
1684 1235
1235 774
1686 1656
1688 1808
1689 1636
1636 579
1690 1921
1691 1376
1692 1194
1693 122
122 615
615 641
641 1595
1595 191
191 1462
1462 1197
1694 1802
1695 1565
1565 651
1696 878
878 165
1697 1119
1698 1823
1699 1729
1700 197
197 1494
1494 460
460 1996
1701 1535
1702 1673
1673 1245
1705 1968
1706 1959
1707 987
987 1387
1387 1962
1708 808
1710 1453
1453 912
912 449
449 662
662 1820
1711 603
603 1415
1415 1296
1713 1137
1714 630
1715 370
370 1169
1716 150
150 1761
1717 1676
1720 145
145 896
896 1072
1072 572
572 521
1722 73
73 1838
1723 1043
1043 1313
1313 1331
1724 1965
1728 825
825 1238
1238 688
1729 1617
1617 269
269 61
61 1487
1487 42
1731 396
396 1552
1732 1370
1370 809
809 894
894 1703
1734 543
1736 1183
1183 554
554 1622
1622 1036
1036 564
1738 9
9 380
380 1927
1739 591
591 423
423 1809
1740 893
1741 1091
1743 371
1744 745
745 1096
1746 1314
1747 1260
1260 421
1748 1330
1330 1107
1107 1836
1749 1669
1750 1620
1752 753
753 1441
1753 725
725 1756
1754 1790
1755 147
147 1922
1758 671
671 869
869 757
757 1998
1759 1834
1763 34
1765 1671
1766 334
1767 1911
1769 479
479 221
221 569
569 1659
1659 133
133 1975
1770 845
1771 1539
1773 1077
1077 648
648 1901
1774 893
1776 619
1777 832
832 1896
1778 1256
1256 1367
1367 379
379 453
453 339
339 1091
1779 1685
1781 577
1782 1426
1426 1849
1784 785
785 1600
1785 390
390 1719
1786 1408
1408 310
310 1199
1199 1599
1599 1506
1506 400
400 1914
1787 783
783 387
387 1322
1322 158
158 707
707 746
746 1187
1789 344
344 1959
1790 734
1791 739
1792 1392
1795 1145
1145 1894
1796 378
1797 1737
1737 590
590 513
513 1948
1798 833
1799 839
839 1955
1800 749
749 617
617 1948
1801 251
251 1669
1802 236
1803 1930
1804 732
732 1655
1655 1608
1608 437
437 163
163 1204
1204 1835
1805 1687
1687 873
873 230
1806 1634
1634 345
345 1933
1807 105
105 62
62 1970
1808 1016
1016 389
389 1885
1809 1119
1119 1501
1501 335
335 260
260 1320
1320 236
1811 576
576 688
688 1259
1259 1831
1812 661
661 7
7 258
1815 1849
1817 682
1819 976
1820 307
307 1932
1823 1245
1824 604
604 876
1827 796
796 714
1828 1635
1635 1508
1508 1837
1829 1970
1832 212
212 1657
1657 621
621 961
961 777
777 1160
1835 252
1837 1263
1263 1152
1839 436
436 25
25 1005
1005 938
1840 1874
1841 412
1842 478
478 450
450 550
550 1372
1372 1985
1843 1603
1603 247
247 1351
1844 1859
1845 1249
1847 383
383 1813
1848 348
348 184
184 1431
1431 765
765 940
1849 1379
1850 1167
1167 1498
1498 978
978 1721
1721 1685
1685 1552
1552 797
1851 1935
1852 1872
1853 1483
1855 1633
1633 917
917 579
1856 211
211 72
1859 1087
1860 804
1861 998
998 1340
1865 969
1866 853
853 419
419 950
950 1170
1170 19
19 1872
1867 1294
1868 901
901 208
1869 1287
1287 1911
1871 280
1872 859
1873 157
1874 222
222 542
542 175
175 1830
1876 252
252 1208
1208 1519
1519 159
1877 283
283 270
270 112
1878 160
160 667
667 778
778 26
26 1342
1342 867
867 1194
1194 619
619 326
1879 1281
1281 696
1880 1932
1881 36
36 659
659 1198
1198 814
1882 1100
1883 1092
1884 233
1885 1277
1277 1127
1127 1788
1788 1875
1887 678
1888 1491
1491 1148
1890 1160
1160 1388
1388 927
927 1486
1486 438
438 1764
1764 58
58 215
1891 790
1892 186
186 718
1893 924
924 571
571 1169
1169 235
235 984
984 520
1895 1306
1306 1658
1658 579
579 992
992 969
969 820
820 1317
1317 64
64 1376
1376 1472
1472 1592
1592 589
1897 1630
1630 711
1899 1947
1900 1913
1902 845
845 129
129 1191
1191 1858
1858 1985
1905 1103
1906 1793
1793 187
1907 1605
1605 1442
1442 53
53 774
774 224
224 1186
1186 89
89 1818
1818 42
42 679
679 1014
1014 678
678 410
410 1529
1908 378
378 477
477 769
1909 1719
1719 559
559 393
1913 1339
1339 1210
1210 157
157 1464
1464 530
530 1546
1546 1652
1652 1131
1131 1561
1561 274
274 1745
1745 441
441 628
628 1116
1914 334
1916 527
527 351
1917 86
86 1040
1040 919
1918 5
5 1894
1894 1814
1814 424
424 421
421 1338
1338 290
290 1192
1192 673
673 885
885 204
204 94
94 152
152 280
280 1712
1712 872
872 1328
1328 868
868 1529
1529 1989
1919 428
428 1730
1730 782
782 131
131 655
655 34
1920 112
112 32
1921 506
506 1571
1571 1137
1137 1266
1266 1903
1903 266
266 1059
1059 27
27 1822
1822 393
1923 329
329 946
946 308
308 1221
1924 1100
1100 33
33 499
1925 1257
1257 1940
1926 1772
1772 1821
1821 1088
1088 1087
1087 612
612 512
512 1162
1162 804
804 1972
1927 277
1928 1180
1180 1535
1535 814
1929 1726
1726 1576
1576 1813
1813 1863
1930 312
312 713
713 180
1932 1936
1933 1013
1013 888
888 23
1935 902
902 1042
1042 17
17 914
1937 1044
1044 925
1938 1614
1614 814
1940 1116
1116 1309
1309 772
772 153
153 1669
1669 1331
1331 492
492 1831
1831 1148
1148 1068
1068 897
897 665
665 1896
1896 1017
1017 1952
1941 914
914 651
651 831
831 1911
1911 1026
1942 1152
1152 1221
1221 1394
1394 1482
1482 1084
1943 1103
1103 889
889 1337
1337 1427
1427 1775
1775 32
1944 1276
1945 434
434 1344
1344 1296
1296 1889
1889 1534
1534 630
630 1679
1679 712
712 394
394 722
1946 1500
1500 351
351 1994
1947 1091
1091 1132
1132 1020
1020 227
227 169
1948 1725
1725 338
338 1904
1950 871
1951 369
369 463
463 297
297 259
1952 718
1953 23
23 1794
1794 696
696 1143
1143 548
548 1276
1954 366
366 718
718 353
353 1168
1168 1197
1197 377
377 277
277 1677
1677 376
376 1023
1955 1092
1092 32
1956 240
240 298
298 1093
1093 180
180 127
127 909
909 407
407 1626
1626 1032
1032 306
306 1601
1601 246
246 851
851 183
1957 1676
1676 972
972 1321
1321 236
236 72
72 1857
1857 1780
1780 135
135 456
456 1825
1958 1862
1862 295
295 1004
1959 637
637 982
1960 1470
1470 1572
1572 911
911 1291
1291 1922
1922 1756
1756 524
524 1836
1962 995
1964 1158
1158 415
1965 691
691 161
161 1402
1402 646
646 74
1966 341
341 109
1967 210
210 183
1968 1140
1140 545
545 193
193 1115
1115 589
589 1441
1441 1351
1351 228
228 1611
1611 1424
1424 814
814 1825
1825 1618
1618 1976
1969 674
674 539
539 921
1970 67
67 1990
1972 1761
1761 1709
1709 632
632 187
187 744
744 1854
1854 876
1973 1616
1616 1461
1461 1389
1389 1993
1974 790
790 1096
1096 1703
1703 1623
1623 137
137 982
982 1314
1314 1422
1422 334
334 562
562 876
876 248
248 1939
1939 877
877 333
333 1004
1976 299
299 1915
1915 1226
1226 871
1977 995
995 1178
1978 1129
1129 1559
1559 1567
1567 464
464 1333
1333 1678
1979 976
976 1141
1981 1097
1097 1413
1413 155
155 817
817 1898
1898 919
919 526
526 1357
1357 499
1982 887
887 1936
1936 1555
1983 1610
1984 623
623 521
1985 883
883 447
447 711
711 997
997 704
704 319
319 11
11 833
833 35
1986 106
106 1875
1875 259
259 676
676 1620
1620 521
521 652
652 925
925 219
219 1810
1810 1283
1283 1768
1768 1065
1065 32
32 488
1988 233
1989 1360
1360 1009
1990 1255
1255 913
913 120
120 1783
1783 1910
1910 938
938 1846
1846 1833
1833 1912
1912 788
788 1085
1085 281
281 2
2 315
315 1838
1838 952
952 948
948 169
169 1471
1471 776
776 276
276 505
505 1751
1751 1125
1125 767
767 822
822 893
893 1742
1742 739
739 1023
1023 1126
1126 871
871 734
734 1492
1492 393
393 183
183 1015
1015 1141
1141 1133
1133 215
215 769
769 543
1991 803
803 781
781 1084
1084 722
722 1411
1411 633
633 515
1992 859
859 1178
1178 1886
1886 1520
1993 965
965 564
564 1971
1994 751
751 1435
1995 1904
1904 1671
1671 159
159 1864
1864 371
371 217
217 1366
1366 499
499 940
940 1
1 488
488 1276
1276 1493
1493 797
797 1307
1307 1264
1264 1379
1379 1095
1095 1870
1870 165
165 1371
1371 1520
1520 1124
1124 1047
1047 1963
1963 1727
1727 1004
1004 733
733 1474
1474 1196
1196 1901
1901 587
587 1437
1437 923
923 1735
1735 1834
1834 1294
1294 1245
1245 1949
1949 836
836 1656
1656 412
412 1200
1200 1340
1340 1146
1146 1524
1524 1610
1610 162
162 1826
1826 1001
1996 1435
1435 354
354 685
685 356
356 1341
1341 943
943 1931
1931 74
74 570
570 109
109 12
12 230
230 1668
1668 1760
1760 208
208 233
233 1999
1997 921
921 258
258 565
565 577
577 442
442 415
415 543
543 1009
1009 1584
1584 1142
1142 1600
1600 1980
1980 1304
1304 196
196 626
1998 1987
1987 626
626 1038
1038 34
34 1391
1391 799
799 1420
1420 1082
1082 304
304 970
970 1488
1488 1217
1217 1555
1555 1187
1187 717
717 958
958 1026
1026 956
956 824
824 1509
1509 1465
1465 670
670 1001
1001 35
35 1704
1704 520
520 1403
1403 1063
1063 1836
1836 1006
1006 1678
1678 272
272 1757
1757 1830
1830 1224
1224 455
455 1961
1961 975
975 486
486 1863
1863 495
495 1718
1718 1539
1539 515
515 834
834 701
701 1483
1483 1392
1392 358
358 1275
1275 1971
1971 1816
1816 90
90 714
714 906
906 326
326 1934
1934 1762
1762 1533
1533 1108
1108 1000
1000 413
413 1249
1249 1733
1733 808
808 218
218 1396
1396 406
406 1531
1531 1177
1177 1185
1185 1151
1151 682
682 1975
1975 1999
1999
1 551
2 182
3 758
4 550
7 1413
9 1896
13 688
16 1802
17 348
18 1592
21 1811
22 790
23 1467
27 1875
35 448
36 94
37 773
40 1226
45 1623
49 528
50 1976
54 1669
56 1267
59 1219
61 25
25 1859
63 345
64 1629
67 477
69 1572
72 134
73 1861
74 1074
80 1163
81 356
87 1203
90 211
92 46
95 740
99 546
101 88
88 1589
106 390
109 859
110 11
11 813
113 1823
115 778
117 1566
123 506
124 1016
126 1374
128 1342
130 370
131 1850
133 1987
134 183
136 1336
138 1401
139 418
140 118
143 1029
146 556
150 1350
151 161
152 161
158 1522
164 695
168 1587
172 1108
173 108
174 785
177 417
182 618
184 545
189 305
191 103
103 1171
194 996
197 413
200 1985
202 1924
207 783
208 379
209 970
211 844
213 1106
215 632
217 1547
218 1485
222 1037
223 434
226 431
227 1692
230 1556
233 1965
234 1788
236 982
237 831
240 112
244 590
249 1477
252 732
253 1197
255 1411
256 476
257 982
260 1161
268 1332
269 1227
273 118
118 1145
277 719
280 30
282 356
284 1371
285 20
289 1299
290 1248
294 530
295 848
296 1606
298 1420
301 1473
302 1029
303 258
305 1430
307 1812
311 525
313 127
314 1385
316 1150
318 1847
325 1872
328 86
86 1447
331 1838
334 112
112 1337
341 493
342 766
348 592
356 1263
359 996
360 1772
362 1775
363 1050
364 1848
368 1922
369 96
371 1583
372 525
375 711
386 1848
387 471
394 1534
396 287
287 220
220 1109
401 180
404 992
408 1584
411 1043
413 858
414 1039
416 629
417 1493
419 1479
421 591
424 914
425 1862
428 561
429 1789
430 1065
431 723
434 1537
435 1693
442 1084
447 1422
448 1789
451 1047
455 1231
458 1014
461 1163
462 938
463 1351
464 1735
469 699
471 1557
473 672
478 114
114 1766
481 684
483 142
486 1798
488 353
496 1983
502 874
503 1005
505 1140
507 1188
508 104
104 700
509 1298
511 1971
512 504
518 866
519 1950
523 526
525 865
529 122
122 1292
530 76
531 528
533 210
534 171
537 1500
540 1959
541 608
542 1078
546 1152
548 212
554 1616
556 1084
557 1743
558 82
560 591
561 1338
562 675
566 97
97 345
569 366
366 1859
572 515
574 649
576 1132
578 1048
581 1151
585 144
586 1288
593 957
594 267
597 1695
598 1557
599 1936
600 1459
601 878
602 395
603 1031
607 989
609 1209
614 1822
617 497
621 1980
622 1018
623 1883
624 1314
627 1351
629 1479
631 1067
632 1144
633 1293
635 1857
636 1707
637 308
641 304
642 545
545 996
643 1098
645 1300
647 480
648 808
656 1088
661 1469
665 261
261 1989
680 263
681 350
350 193
683 1463
685 1371
687 1858
688 514
514 402
402 427
689 1563
690 1864
691 1336
696 1795
700 467
467 148
701 1725
707 1262
708 920
709 702
714 1252
718 979
722 936
723 1459
724 159
725 1967
726 812
727 1703
734 1375
735 1970
737 344
738 1451
741 810
743 652
652 1337
744 676
747 468
749 1337
751 1164
752 1370
754 491
491 121
121 275
756 433
433 904
757 1595
758 721
760 1300
761 204
762 1622
763 43
43 1854
764 1264
765 1354
768 1214
769 155
155 564
774 715
780 1668
781 1881
782 908
784 176
795 235
235 1094
802 1038
803 1244
804 1742
805 1012
806 1166
807 729
810 1925
812 180
180 293
293 62
814 1845
815 1742
816 185
185 1821
817 1767
820 137
822 971
823 400
400 1198
825 1513
827 1358
828 1083
829 1159
830 1105
832 479
479 108
108 399
833 1359
834 672
672 1770
836 1127
838 1465
841 183
844 460
460 1334
845 719
847 187
187 684
684 278
278 1921
848 199
199 181
849 859
850 1156
853 351
351 1450
854 1902
857 699
699 1711
858 904
859 1834
860 358
358 1177
862 972
864 449
449 501
865 196
196 874
866 163
868 515
515 1347
869 1200
870 649
872 676
876 418
880 1961
883 1896
885 1599
887 1644
888 673
673 1460
891 1131
892 384
384 332
332 1436
893 247
247 1913
894 1211
895 826
896 47
900 1891
902 1627
903 60
60 948
910 1104
912 405
405 692
917 1692
918 1490
920 1222
923 51
929 1651
933 1724
935 1580
938 1636
940 697
941 959
943 1707
947 1605
948 1969
949 276
276 354
951 176
176 336
952 886
955 977
956 1466
957 1221
959 51
51 1892
961 1044
962 142
964 267
967 465
968 1047
969 745
745 1801
970 1778
972 1848
973 639
639 976
976 1938
978 472
981 1503
983 998
984 163
985 395
987 1430
988 1051
990 1581
991 886
886 1570
997 1815
999 1250
1000 1749
1001 1557
1007 927
927 391
391 98
98 668
1008 831
1011 1867
1013 272
1016 266
266 953
953 954
954 169
1017 1172
1019 153
153 167
1020 1159
1021 165
165 179
1024 1295
1025 239
1026 466
466 446
1030 76
1031 1491
1033 582
582 852
852 24
24 1427
1035 1044
1036 839
839 1478
1037 440
440 270
1039 1512
1042 1959
1044 292
1045 1433
1048 46
1049 1488
1050 693
693 1490
1055 493
1056 1083
1061 604
1062 1498
1065 994
994 309
1066 808
1067 526
526 644
644 116
1069 861
1070 522
1071 1283
1072 1606
1073 1919
1074 1141
1075 1115
1077 584
584 1732
1078 29
1079 1428
1080 264
264 94
94 730
730 840
1083 338
1084 516
1086 1126
1089 297
1095 203
1096 489
1097 1529
1098 506
1101 1985
1108 1381
1109 698
698 1157
1110 1129
1112 497
1116 1933
1118 904
1119 304
304 628
628 71
71 1123
1121 1992
1123 1411
1124 1297
1126 1163
1136 321
321 1051
1137 326
1139 706
1140 1416
1143 376
376 53
1146 1715
1147 1852
1153 905
1156 1444
1160 127
127 890
890 1299
1163 221
1165 1807
1166 1141
1167 1926
1168 818
1174 651
1175 1171
1171 192
1176 1957
1178 1583
1180 1292
1181 1211
1183 75
1187 1512
1188 925
1193 835
1194 415
1196 1776
1197 1608
1199 1995
1200 427
427 1675
1201 1235
1204 326
326 1038
1205 898
898 1477
1206 1487
1207 1709
1208 1951
1211 571
1212 1853
1216 1480
1217 755
1221 1534
1223 377
1224 1436
1225 1149
1226 1476
1227 1172
1229 547
547 195
1230 589
589 1804
1232 245
245 856
1233 1673
1235 1978
1236 1348
1237 1273
1242 322
322 1099
1243 1580
1245 1614
1246 1678
1249 663
1254 32
32 1318
1256 1010
1257 1964
1258 671
671 246
246 590
590 317
317 445
1262 1979
1264 1611
1265 1468
1266 801
801 1897
1268 510
1270 1679
1271 843
1274 1553
1275 1696
1276 1855
1277 721
1280 274
1281 563
1283 1645
1285 1093
1286 1404
1287 1755
1289 309
1291 1806
1292 789
789 1864
1294 1504
1296 1889
1297 713
713 310
1299 1596
1301 308
308 1860
1302 349
349 1192
1304 1792
1305 1682
1306 797
797 1853
1308 1793
1314 1597
1315 1228
1228 720
1316 1051
1318 1498
1322 611
611 1737
1323 1023
1023 274
274 1486
1325 1516
1333 205
205 169
1336 1342
1338 1290
1341 1854
1342 1881
1345 1588
1349 1059
1350 1616
1352 418
1354 1307
1307 963
1355 1836
1358 1252
1252 517
1360 476
1365 1405
1369 1003
1370 786
1372 1376
1374 1014
1014 528
528 1588
1377 1259
1378 1303
1380 1331
1381 1051
1384 397
397 420
1386 702
1387 851
1390 1816
1391 335
335 772
772 1825
1392 1668
1393 465
465 1585
1395 824
824 884
884 1576
1396 897
1400 1261
1401 619
619 377
1402 1250
1404 1260
1406 1687
1407 911
911 1509
1408 144
144 1988
1412 20
1413 1125
1125 1825
1414 385
1415 1731
1417 41
1418 1920
1419 373
373 1818
1420 739
1421 1934
1422 192
192 14
14 459
459 1703
1425 1106
1426 1219
1219 1284
1284 319
1427 1398
1429 477
1430 592
1435 170
170 669
1436 843
1437 559
559 1202
1202 439
1439 658
658 1628
1441 1851
1443 141
141 535
535 664
664 382
1444 826
826 906
906 212
1446 1495
1450 867
1451 1150
1150 588
1454 1290
1290 916
916 1347
1455 68
68 1362
1456 1366
1366 1476
1459 232
232 1517
1461 856
856 1222
1222 775
775 352
1462 1695
1463 1988
1465 1367
1367 395
395 1094
1094 385
385 1604
1469 1344
1344 851
851 1902
1470 1263
1263 663
663 1267
1267 378
1471 1288
1288 1253
1253 798
1474 10
1476 135
135 1038
1038 339
1479 1295
1481 1741
1482 83
1483 1184
1484 1152
1490 1141
1491 1132
1132 937
937 620
1493 446
446 1895
1498 231
231 323
1499 380
380 412
1500 229
229 195
1502 219
1503 904
904 422
422 712
712 1770
1506 1898
1507 1059
1509 608
608 1159
1159 783
783 1173
1511 1925
1512 1111
1514 1856
1515 1625
1518 1696
1519 1129
1129 1700
1522 1830
1523 1815
1525 1273
1273 1170
1170 1405
1405 524
524 996
996 1440
1526 1388
1528 1093
1532 34
1534 1938
1536 907
1538 706
706 719
1539 1547
1540 484
1542 181
1543 454
454 320
320 379
1544 1629
1546 950
950 1510
1510 842
842 161
161 12
1547 907
1550 30
30 48
48 1501
1553 38
38 543
543 1595
1557 291
1558 1004
1004 330
1559 378
378 224
1564 26
1565 309
1570 6
6 863
1571 877
877 398
398 20
20 389
1573 1910
1576 1745
1579 78
78 1595
1580 855
855 1968
1585 925
925 1210
1588 1423
1589 374
1591 312
1593 29
29 1362
1595 655
655 1480
1480 650
650 1672
1597 1716
1600 484
484 1801
1601 881
1602 1120
1120 995
1603 1177
1177 343
1605 1599
1606 1958
1608 777
1609 1379
1611 1820
1612 1309
1309 1438
1438 453
1615 1965
1618 1562
1619 678
678 1064
1064 536
536 1090
1090 323
1620 1867
1622 1447
1447 456
1624 1321
1625 1295
1626 327
327 225
225 1497
1497 1239
1239 1169
1169 1375
1375 592
1629 821
821 1364
1630 333
333 513
1631 214
214 1517
1517 1343
1343 800
1632 1594
1594 1255
1255 694
694 668
1633 1649
1634 552
552 1508
1635 344
344 1105
1105 238
1636 1941
1639 1870
1640 1574
1642 157
1645 82
1647 1416
1650 1577
1577 324
324 258
258 1043
1043 239
239 1278
1278 946
946 606
606 1714
1652 1944
1654 1840
1656 1410
1410 1332
1657 1128
1128 1508
1659 452
452 1423
1660 1718
1663 776
776 1783
1664 819
819 1685
1667 682
1670 1661
1671 786
786 1298
1298 1582
1582 1142
1672 846
846 1569
1569 281
1673 297
297 770
770 1811
1674 1531
1531 1186
1186 270
270 1092
1675 1651
1676 1759
1677 715
715 309
309 1713
1678 931
931 407
1680 549
1683 453
1684 800
800 809
809 336
336 897
897 361
1686 1688
1687 175
1688 41
1690 1610
1692 1029
1693 1332
1694 799
1695 389
389 1330
1330 979
1696 319
319 1398
1697 1494
1494 1394
1699 1792
1702 1815
1704 977
977 551
1707 1335
1335 1060
1709 1173
1173 188
1710 198
1712 1331
1713 1332
1332 787
1715 1655
1716 720
720 93
93 91
1718 1210
1210 1754
1720 1376
1376 1047
1721 565
565 198
198 1093
1093 1319
1722 1587
1587 1203
1725 1775
1727 1616
1730 1628
1731 162
1734 1598
1598 361
1735 390
390 1006
1006 766
1740 1346
1346 10
10 1770
1742 423
1743 28
28 1583
1744 31
31 1617
1617 432
1745 674
674 616
616 1994
1747 1100
1750 924
924 415
415 367
367 1472
1751 1046
1753 203
1754 908
908 406
1755 42
1756 171
171 1179
1179 347
347 1241
1758 1780
1759 1326
1761 210
210 612
1763 149
149 1492
1492 1873
1764 1449
1449 794
1765 1604
1604 1982
1766 499
1767 1394
1394 1997
1769 55
55 1487
1487 787
787 1535
1771 1057
1057 679
679 474
1772 1907
1774 272
1776 1293
1777 1383
1383 993
993 889
889 843
843 474
1778 873
873 219
219 1586
1779 587
587 1162
1162 755
1780 1022
1022 861
1783 1467
1467 243
1784 271
1785 352
352 630
630 279
1786 412
1787 1329
1329 1131
1131 1705
1705 34
34 612
612 1321
1321 861
861 1513
1513 1114
1114 125
1788 1586
1586 1706
1706 1027
1789 909
909 1501
1501 156
156 992
1790 1913
1791 1478
1478 1944
1792 771
771 1561
1793 399
399 1339
1794 62
62 992
1795 1059
1059 928
928 998
1796 1607
1607 1561
1561 555
555 254
254 1590
1797 1574
1798 945
945 1046
1800 1231
1231 1398
1398 1978
1801 1327
1802 926
926 646
646 1247
1247 1903
1803 1530
1804 1819
1805 989
989 1834
1806 272
272 835
835 520
520 1087
1087 1190
1190 1234
1807 1311
1311 188
188 1845
1808 1496
1810 998
998 516
1811 759
1813 480
480 620
1816 1936
1817 1520
1520 1934
1818 1411
1411 618
618 1388
1388 418
418 1799
1820 1869
1821 1027
1027 91
91 1185
1822 111
111 470
1823 1145
1824 799
799 1917
1825 1034
1826 975
1827 250
1828 1473
1473 381
381 283
283 682
1829 1357
1357 1351
1830 1472
1472 1371
1371 1644
1644 84
84 573
573 1312
1312 1300
1300 522
522 739
739 1489
1489 1320
1320 777
777 1549
1831 330
330 867
1832 831
831 936
936 1164
1164 468
468 944
944 85
85 306
306 1882
1833 1998
1834 299
299 1723
1723 1218
1835 651
651 1028
1028 1250
1836 1310
1310 516
516 147
147 1689
1689 12
12 1215
1837 438
1838 875
1839 1681
1681 1884
1840 592
592 704
1841 1486
1486 238
1843 1272
1272 686
686 1967
1844 563
1845 497
497 107
1846 1328
1328 1326
1326 1614
1614 1185
1185 965
965 206
206 1566
1566 1610
1610 159
159 1521
1521 46
1847 148
148 1104
1104 915
915 271
271 716
716 66
1848 974
974 379
379 1431
1431 493
493 499
499 960
960 867
867 102
102 958
1850 53
1851 203
203 26
26 5
5 175
175 871
1852 1668
1853 1238
1854 1914
1855 388
388 1814
1814 436
436 70
1856 1172
1172 323
323 1782
1857 1685
1858 767
767 736
1859 338
338 1009
1009 539
539 1130
1130 300
300 1999
1860 1051
1051 733
1862 1568
1568 500
500 116
116 1385
1863 1107
1107 732
732 470
470 1567
1864 667
667 137
1865 682
1866 1815
1868 1661
1661 773
773 337
1869 766
766 1666
1666 438
438 1726
1726 353
353 1382
1382 107
107 571
571 291
291 1099
1870 1379
1872 1448
1873 871
871 1002
1875 1416
1416 1575
1575 355
1876 580
580 1527
1527 1409
1878 1364
1879 1327
1327 1403
1403 1389
1389 1877
1877 1445
1445 1516
1516 1003
1882 1682
1883 355
355 818
818 634
1884 163
163 137
137 487
487 129
129 1739
1739 788
788 1182
1182 15
15 1452
1452 96
96 1717
1717 705
1885 527
527 1708
1708 1752
1752 1641
1641 33
33 1685
1685 1529
1529 19
19 550
1886 58
58 1621
1621 1103
1887 1592
1592 676
1888 1085
1085 1152
1889 243
1890 778
778 42
1891 1362
1892 1458
1458 1682
1682 382
1893 1134
1894 570
570 588
588 717
1896 980
1899 1741
1900 1351
1351 1250
1250 595
1902 1651
1903 1653
1653 1214
1904 1047
1047 692
692 105
105 39
39 1737
1737 1152
1152 1303
1906 1261
1261 615
615 1669
1669 742
742 52
52 120
120 759
759 1015
1015 939
939 875
1908 1141
1141 1359
1909 1466
1910 492
492 450
450 41
41 183
183 1572
1572 1041
1041 932
932 310
310 1134
1134 1537
1911 1638
1638 1340
1340 1970
1912 704
704 538
538 1347
1347 1218
1218 907
907 251
251 963
963 482
482 1433
1433 1106
1913 808
808 457
457 1485
1485 1946
1914 1980
1915 986
1916 439
1917 410
410 201
201 1698
1698 1551
1551 224
224 1046
1046 453
1919 532
532 1151
1151 357
1920 1103
1103 1189
1921 1260
1260 695
695 975
975 1373
1373 119
119 874
874 1106
1106 669
669 1616
1616 1409
1409 1113
1113 1898
1922 605
605 1460
1460 1724
1724 169
169 1930
1923 811
811 1359
1359 1282
1282 1562
1562 1495
1495 1738
1738 995
995 1701
1701 1897
1897 77
77 1189
1189 779
779 1662
1662 195
1925 1976
1926 662
662 1552
1552 930
1927 392
392 1432
1432 551
1929 250
250 1732
1930 596
596 1496
1496 717
717 1732
1732 748
1931 8
8 1637
1637 354
354 267
267 748
748 705
705 409
409 489
489 1399
1399 595
595 1002
1002 1082
1933 1368
1368 1364
1364 1361
1361 677
677 167
167 179
179 439
1934 1324
1324 1782
1782 551
551 383
383 243
243 1895
1895 1505
1505 1555
1555 1317
1317 453
453 186
186 1295
1295 1940
1935 553
1937 1955
1938 343
343 728
728 813
813 441
441 638
638 1135
1135 407
407 238
238 1809
1809 1563
1563 1714
1714 1240
1240 1477
1939 1457
1457 1627
1627 315
315 982
982 423
423 365
365 1423
1423 475
475 620
1940 1741
1741 971
971 1711
1711 1819
1941 913
913 1905
1942 1549
1549 1319
1319 591
1943 750
750 403
403 1464
1464 682
1944 1613
1945 1749
1749 1819
1819 445
445 456
456 1448
1448 125
125 1643
1643 75
75 443
443 882
882 1646
1646 1700
1700 879
879 934
934 1005
1005 1100
1100 1987
1947 166
166 1775
1775 1149
1149 914
914 382
382 1234
1234 412
412 1757
1757 1018
1018 942
942 1353
1948 863
1949 1214
1950 79
79 634
1951 1111
1111 472
1952 1770
1953 731
731 1665
1665 785
785 1053
1053 1581
1581 1655
1954 1905
1905 591
1956 746
1957 1397
1397 613
613 1209
1209 70
70 878
878 1946
1946 1842
1842 564
564 721
721 930
930 216
1959 1331
1331 1583
1583 986
986 490
490 506
506 337
337 1530
1960 1773
1773 426
426 1574
1574 1748
1748 288
288 66
66 620
1961 1213
1213 89
1962 863
863 653
1963 1241
1964 666
666 393
393 668
668 1768
1768 1068
1068 919
919 1081
1081 357
357 1880
1880 1269
1269 1719
1965 1356
1356 905
905 1537
1537 1148
1148 1157
1157 567
567 1488
1488 1192
1966 1997
1967 1871
1871 1259
1259 610
610 1099
1099 345
345 1746
1746 840
840 710
710 1578
1578 1590
1590 501
501 1998
1968 521
521 1241
1241 1971
1969 579
579 793
1970 1453
1453 1560
1971 1442
1973 1440
1440 1999
1974 1541
1541 216
216 604
604 550
550 1192
1192 1133
1133 46
1975 1981
1976 1076
1076 1760
1760 1658
1658 1154
1154 221
1977 178
178 406
406 1958
1958 675
675 221
221 1158
1158 702
702 1918
1918 1815
1815 1504
1504 1972
1972 1029
1029 1651
1651 1040
1040 1238
1978 620
620 1901
1901 346
1979 162
1980 444
444 899
899 1530
1530 1063
1063 145
145 591
591 1548
1548 1054
1054 1703
1703 1623
1623 1867
1867 796
796 1092
1092 1313
1981 1679
1679 241
241 1127
1127 162
162 44
44 47
47 625
625 1248
1248 1874
1874 1442
1442 1034
1034 1115
1115 1385
1385 439
439 654
654 649
649 583
583 1567
1567 1348
1348 498
1982 1142
1142 1466
1466 1334
1334 474
474 46
46 275
275 653
653 1508
1508 881
881 1244
1244 1799
1799 265
265 1955
1955 346
346 1238
1238 966
966 563
563 1220
1220 1215
1215 472
472 921
921 660
660 485
485 979
979 697
697 568
568 733
733 157
157 1719
1719 703
703 1379
1379 1596
1596 1091
1091 790
790 340
340 1907
1907 259
259 640
640 160
160 228
228 1010
1983 1293
1984 577
1985 154
154 1434
1434 1184
1184 1691
1986 1337
1337 1655
1655 682
682 281
281 1003
1003 746
746 312
312 1424
1424 1145
1145 1363
1363 626
1987 794
794 195
195 1428
1988 1599
1599 517
517 1339
1339 549
549 1293
1293 1729
1729 1733
1989 1088
1088 1736
1990 1082
1082 370
370 1668
1668 1144
1144 755
755 1198
1198 1861
1861 1733
1733 901
901 279
279 1475
1475 1052
1052 792
792 42
42 242
242 65
65 1691
1991 477
477 1928
1928 992
992 1138
1138 1012
1012 504
504 1279
1279 753
1992 1303
1303 437
437 286
286 1691
1691 553
553 1122
1122 513
1993 142
142 1762
1762 958
958 374
1994 83
83 1477
1477 1362
1995 575
575 670
670 1191
1191 1936
1996 1898
1898 1428
1428 577
577 544
544 1648
1648 729
729 212
212 1556
1556 1881
1881 657
1997 1524
1524 1736
1736 1628
1998 1812
1812 1010
1010 262
262 432
432 53
53 329
329 1353
1353 659
659 798
798 57
57 626
626 1468
1468 1728
1728 719
719 1613
1613 657
657 1932
1932 476
476 1649
1649 339
339 736
736 498
498 634
634 740
740 1362
1362 1058
1058 292
292 1102
1102 875
875 82
82 132
132 1560
1560 1545
1545 1251
1251 374
374 377
377 1032
1032 1628
1628 1060
1060 1936
1936 922
922 1195
1195 190
190 1849
1849 1214
1214 753
753 361
361 248
248 711
711 1155
1155 1203
1203 1117
1117 420
420 181
181 495
495 510
510 1781
1781 1535
1535 791
791 1313
1313 100
100 793
793 263
263 204
204 1533
1533 1770
1770 76
76 837
837 1584
1584 980
980 1924
1924 676
676 1554
1554 494
494 89
89 193
193 1161
1161 513
513 1999
1999
1 1341
2 255
3 1566
4 111
5 298
9 417
11 285
17 382
18 924
19 1696
20 1809
25 1108
28 542
30 1512
33 345
34 246
36 985
38 753
40 103
44 844
47 1040
49 1628
54 872
55 380
56 375
59 825
61 1807
64 1960
65 798
68 1570
70 69
72 1961
74 1309
76 607
80 1263
83 1269
84 1151
85 429
88 253
98 454
101 113
104 115
105 417
106 1496
107 1135
110 1979
111 1744
119 163
120 289
124 983
128 1834
129 229
130 322
133 953
134 1380
136 1380
138 1687
145 1486
146 275
153 1319
156 1127
157 1307
164 1204
165 823
166 1046
167 238
168 1563
176 1831
179 479
180 802
181 378
188 1740
189 572
190 1069
191 1093
194 1774
196 684
199 1408
200 312
201 376
205 169
206 1128
207 524
208 1156
214 1695
221 1110
222 1198
223 1652
226 1947
227 1000
230 1684
231 210
232 855
233 1446
241 508
245 1487
246 624
247 1869
252 292
253 1756
254 1713
255 123
259 1951
261 1564
268 763
270 1155
271 10
275 743
278 244
279 149
281 1170
282 1338
286 1302
288 1364
289 192
292 1099
293 1403
297 1874
300 109
302 1331
303 1310
304 1454
306 1090
316 1029
318 234
319 621
322 641
324 1487
329 840
330 436
331 1587
333 733
334 1720
336 51
337 440
340 686
342 413
345 1614
346 637
348 1332
349 66
66 347
347 174
174 1287
350 576
351 1976
353 265
354 1537
356 1388
359 623
360 1199
367 1088
370 1413
371 587
372 1795
375 1170
377 1454
381 1532
382 1135
383 1936
384 620
385 1101
386 623
388 1442
394 1219
400 1046
401 745
402 1630
403 1414
415 361
420 217
421 946
422 1243
423 453
428 951
431 1013
435 1253
440 108
442 1144
444 797
447 112
452 642
454 562
461 1858
465 1029
468 1350
472 920
474 24
24 1034
480 1780
484 769
487 393
393 1420
491 655
494 829
495 535
497 537
498 1837
499 1620
500 1030
502 972
509 298
510 1590
511 1761
512 213
516 91
517 1085
518 152
521 1386
525 1916
530 250
250 1867
533 1692
539 945
544 424
424 1581
547 1017
552 996
554 875
556 1665
557 695
564 1633
566 918
570 668
572 1902
573 678
575 39
576 14
577 249
249 592
580 1989
584 891
587 1930
588 1019
594 1830
598 100
600 551
602 1409
603 248
248 492
604 867
606 1879
607 71
608 821
613 149
617 1123
618 1518
619 1964
623 780
624 1352
625 605
605 1903
626 1555
628 538
538 1422
629 143
143 1122
630 714
631 1785
641 121
121 1928
642 368
647 309
648 369
369 438
438 1376
649 731
650 1737
651 1373
656 463
463 1253
660 35
35 192
661 1241
665 1007
666 366
366 1533
669 508
671 635
672 1940
680 1021
683 169
685 1802
688 476
689 806
695 1063
698 1347
700 1806
706 590
712 1751
714 1084
715 507
507 163
163 994
716 287
718 1713
720 298
722 1671
723 1171
734 462
736 515
740 389
389 1500
742 1171
747 1034
748 1632
749 895
750 724
755 15
756 1090
757 1018
759 493
762 865
763 1280
764 872
766 1431
767 457
457 1492
769 1858
773 1926
774 1476
779 1609
780 691
782 1840
785 338
790 430
430 686
792 1311
793 488
794 1878
795 1120
797 140
802 1219
803 1982
804 801
805 376
376 1512
806 1247
808 160
810 1095
814 1958
819 219
219 193
824 1804
829 1268
832 1200
834 657
835 1516
836 1346
838 908
840 1722
841 476
844 982
848 1864
850 684
852 235
235 103
855 1444
857 654
865 94
94 1156
867 986
868 1865
870 272
872 1090
882 1609
884 1434
886 663
663 1943
888 542
889 1219
895 1459
900 1617
901 482
482 380
902 551
551 514
514 1092
903 1176
904 988
905 1863
906 446
908 92
911 520
912 1136
918 1216
919 585
585 131
131 772
922 1325
925 1177
928 1893
930 842
842 597
597 914
914 828
828 327
327 469
931 335
936 1915
937 1797
938 524
524 655
655 364
364 839
943 1905
948 1515
949 1254
951 705
952 555
555 702
955 984
956 1195
958 267
267 1271
961 1822
962 29
964 1472
966 197
197 1715
967 1061
970 708
972 915
973 664
978 1947
979 1876
980 1856
981 1998
982 125
125 317
985 290
290 1667
997 1447
1000 719
1003 1910
1007 1431
1008 1260
1011 1075
1012 710
710 505
1014 1943
1015 1607
1016 843
843 825
825 239
239 1027
1017 707
1019 673
673 1977
1020 1953
1021 1242
1023 436
1024 1488
1026 175
175 1784
1027 1852
1029 636
1030 1178
1032 990
1033 1641
1034 272
1035 1762
1036 839
1037 178
1038 90
1042 1039
1043 703
703 161
161 450
450 741
1045 1509
1046 1942
1047 89
1049 826
1051 543
1053 1809
1054 1937
1057 974
1058 1997
1059 489
489 469
469 569
569 933
1063 1803
1065 652
652 815
815 883
1068 1181
1072 407
407 272
272 1514
1073 932
1075 1659
1076 601
601 1570
1077 1425
1079 405
405 684
684 1163
1081 1847
1082 448
448 82
1083 589
589 1120
1085 1309
1086 1253
1087 513
513 947
1091 1223
1093 1158
1094 439
439 1149
1097 1656
1099 1935
1100 1939
1101 874
1103 1936
1104 192
192 1962
1105 411
411 225
225 211
211 1970
1106 298
298 152
152 1347
1109 1616
1111 1610
1115 339
1119 308
1120 921
921 1564
1121 1274
1122 1149
1123 818
818 1528
1125 583
1126 1132
1128 1536
1129 1147
1130 1322
1131 1545
1132 53
53 959
959 988
988 1162
1135 1826
1136 1239
1137 923
923 531
1138 1303
1143 1169
1144 942
942 1217
1147 265
265 1512
1148 1845
1150 1231
1155 1493
1158 338
1159 1278
1162 856
1163 1905
1164 328
328 1716
1165 1420
1168 1588
1171 1439
1172 996
1173 1772
1174 467
1175 170
1180 567
1181 1638
1183 123
1184 1340
1185 127
1186 645
645 528
1188 699
1191 1010
1010 73
1192 229
229 941
941 14
14 694
694 1102
1193 1182
1182 531
1196 940
1199 1372
1200 1321
1201 299
1203 1617
1205 425
425 433
1206 477
1207 1737
1209 760
760 341
341 1636
1210 1954
1211 160
160 702
702 549
549 78
1212 137
1215 332
1217 1151
1151 1630
1218 1518
1219 726
726 890
890 1977
1222 1874
1223 578
578 984
1224 443
1225 1041
1226 67
1232 1992
1236 849
849 115
1238 667
1240 1383
1241 274
274 893
1245 1924
1247 451
1248 1018
1018 1474
1258 1799
1261 1028
1028 490
1263 414
414 1867
1264 987
987 1558
1265 1464
1267 1930
1270 1989
1271 621
621 1249
1249 506
1273 1071
1071 691
691 777
777 954
1274 1502
1276 945
945 1214
1214 90
1277 122
1278 1013
1013 63
63 79
79 615
1279 1302
1281 1578
1283 1062
1286 1478
1287 228
228 670
1288 135
1289 947
947 1384
1290 1239
1291 343
1292 944
944 1161
1161 717
717 1190
1293 1746
1295 1090
1090 1668
1296 1669
1300 1767
1301 256
256 527
527 32
32 16
16 963
1302 1817
1303 1710
1306 1235
1235 847
1310 751
751 860
860 568
1311 1799
1312 93
1316 1189
1189 897
897 195
195 412
1317 147
1318 1691
1319 826
1320 859
1321 1108
1108 453
453 1198
1198 178
178 1486
1322 1080
1323 184
184 639
1326 846
846 320
320 1565
1327 862
1329 807
807 209
1334 879
1336 1876
1343 728
1345 1659
1346 234
1347 445
1348 553
553 1870
1349 185
185 1280
1280 1929
1351 29
1353 1315
1315 1545
1355 171
1356 378
1357 1862
1359 1736
1360 1145
1361 1936
1365 837
837 854
854 1737
1366 488
488 1903
1369 1790
1370 798
798 273
1371 42
1372 1305
1373 1001
1001 984
984 503
503 244
244 1153
1153 550
1374 1702
1375 1824
1377 1529
1380 471
471 357
1381 826
1382 1731
1383 637
637 314
314 1946
1386 50
1389 122
122 8
8 234
234 1096
1096 535
1390 1640
1392 365
365 1934
1393 974
1394 1849
1395 1305
1305 800
800 1562
1396 1266
1397 1859
1398 89
1399 426
1401 1671
1403 1995
1404 529
529 1391
1391 361
361 1570
1405 1677
1406 657
1409 786
786 909
909 338
1410 154
1411 1712
1415 1729
1416 311
311 1052
1052 1674
1420 198
1422 216
216 1660
1423 1061
1061 459
1428 743
743 940
1429 81
81 15
15 620
1431 1445
1432 276
276 419
1435 678
678 45
45 37
1439 1840
1441 1407
1407 910
910 731
731 273
1442 590
590 1717
1444 426
426 508
1445 583
583 853
853 1729
1446 1894
1449 561
1450 10
1451 441
441 42
42 1917
1452 283
1453 1309
1309 732
1455 571
1456 307
307 561
1461 690
1463 1898
1464 1102
1465 13
13 1656
1466 1118
1467 1376
1469 770
770 1268
1470 1978
1471 135
135 548
1472 1895
1473 73
1474 1069
1069 999
1475 916
916 413
1477 862
1478 1095
1095 1285
1479 1078
1078 86
86 946
946 1074
1074 1252
1482 210
210 622
622 1284
1284 1718
1485 960
960 1764
1491 528
528 1275
1493 1744
1494 108
108 1483
1483 646
646 1333
1495 1110
1496 449
449 1229
1229 155
1498 1550
1503 1813
1512 96
1513 1440
1514 1548
1515 1230
1517 1434
1519 416
416 1732
1521 940
940 1881
1522 1202
1524 240
240 1598
1525 1662
1526 839
839 60
60 310
310 831
831 477
477 90
1527 690
1528 1107
1107 100
1530 616
616 989
989 1176
1534 1510
1538 144
1539 939
939 1667
1540 917
1541 891
891 154
154 58
58 1335
1542 1448
1545 975
1546 112
1547 950
1548 266
266 926
1550 1500
1551 1006
1552 1333
1333 99
99 907
907 823
1553 1113
1554 1006
1556 412
1557 1080
1080 1965
1558 1536
1536 1342
1560 1342
1342 644
644 1647
1563 999
1565 738
738 39
39 1606
1566 1447
1447 398
398 1476
1570 801
1572 26
26 677
1575 1970
1577 1736
1579 880
880 213
213 112
1580 1929
1581 693
693 1031
1031 1859
1582 1146
1146 858
858 432
1583 1166
1166 1256
1584 692
692 1178
1585 811
811 915
1586 1811
1587 592
592 1934
1588 929
1591 1459
1592 1509
1593 1925
1599 971
1600 1698
1602 1891
1603 115
115 186
186 273
1604 579
579 357
357 95
1606 992
992 1621
1607 321
1609 1673
1610 1221
1613 1387
1614 994
994 540
1616 280
280 668
668 1433
1433 1234
1234 677
1617 404
1618 116
1619 1297
1620 1779
1621 1862
1622 251
251 50
1623 820
820 485
1626 535
1631 827
1634 147
147 1413
1635 563
563 659
659 1905
1636 812
1638 609
609 741
1639 1039
1039 1716
1642 869
869 1768
1644 257
257 1417
1417 1672
1645 264
264 968
968 1938
1646 1220
1220 506
1647 27
1648 1368
1368 596
596 1691
1649 965
1650 1509
1651 1913
1653 204
204 1544
1544 41
41 1364
1364 894
1654 71
71 1459
1459 995
995 730
730 892
1655 73
1658 1253
1253 1025
1025 1997
1659 177
1660 1775
1663 574
574 741
741 202
202 1160
1160 1748
1664 1595
1595 75
1665 352
352 1443
1666 957
1667 799
799 1745
1668 373
373 1615
1615 545
1669 1443
1443 1468
1672 1506
1506 1154
1154 614
1673 493
1675 1402
1402 395
395 139
139 1427
1677 1940
1678 1237
1237 520
1679 1771
1680 490
490 745
745 1266
1681 1481
1682 392
392 1755
1683 374
374 1731
1684 1427
1427 1700
1685 1341
1341 1705
1686 1227
1227 109
1688 1208
1208 1254
1254 920
920 599
599 1549
1689 1268
1690 581
581 677
677 1996
1692 635
1693 1335
1335 1156
1156 144
144 752
1695 406
1698 140
1702 1641
1641 238
1703 1529
1529 1873
1704 1256
1256 1088
1088 711
1705 123
123 262
262 990
1706 1857
1708 1696
1696 1257
1257 1259
1709 1202
1202 1891
1710 379
379 1978
1712 727
727 476
476 991
1714 1275
1715 1127
1718 1510
1719 1729
1720 390
1722 1216
1724 96
96 1009
1009 1781
1725 545
1726 466
1727 31
31 801
801 1497
1497 396
396 550
550 682
1729 1972
1733 1789
1734 1460
1735 1628
1736 783
783 1990
1737 1092
1092 170
170 1656
1739 627
1740 1839
1742 876
876 1957
1743 861
861 1457
1744 1643
1643 1434
1434 1865
1745 816
1748 1157
1749 1859
1750 1400
1400 1927
1755 1462
1462 344
1756 446
446 97
97 704
1758 315
315 52
1759 1350
1350 927
927 1780
1760 541
1762 535
535 1114
1114 436
1763 1244
1244 462
1766 983
983 29
29 873
873 1448
1448 1716
1767 826
826 1955
1768 177
1769 1195
1195 1950
1770 479
1771 1831
1772 744
744 317
317 924
924 1987
1773 568
1774 1518
1775 1632
1776 696
1777 887
887 1338
1338 915
915 1803
1779 1887
1780 1826
1781 505
505 1533
1533 1559
1559 822
822 697
1783 410
1784 658
658 1984
1785 1268
1268 291
1787 1810
1788 1330
1330 1764
1764 323
323 1089
1089 974
974 813
1791 1505
1793 1418
1418 1516
1516 1716
1716 1751
1751 1231
1231 537
537 1152
1152 1816
1795 859
859 1601
1601 1878
1800 1855
1801 1864
1802 1060
1060 1535
1535 1486
1803 1425
1425 1437
1437 1691
1804 1564
1564 559
559 830
830 1845
1805 1782
1806 856
1807 636
636 696
696 620
620 296
296 531
531 132
132 1980
1809 1324
1811 187
1812 116
116 473
473 571
571 778
778 1022
1022 791
1813 851
851 612
1814 277
277 338
338 1116
1116 1050
1050 1337
1337 1040
1040 1340
1815 12
12 1508
1508 1127
1127 675
1818 118
118 1297
1297 1569
1569 1984
1819 492
492 408
408 1299
1820 1056
1821 614
614 894
894 1388
1822 1953
1823 224
224 1661
1661 496
1824 52
52 1492
1492 427
427 182
1825 627
627 1187
1187 935
935 169
169 313
313 733
733 1597
1597 1747
1826 728
728 1728
1827 1671
1671 1340
1832 483
483 458
458 436
436 273
1833 1133
1133 1460
1460 1629
1629 993
993 1697
1697 788
788 1242
1834 162
162 1510
1510 1141
1835 593
593 1967
1836 1488
1488 1699
1699 635
635 151
151 69
1837 1413
1413 1062
1839 871
1841 1922
1842 568
1843 355
355 321
1845 536
1847 1421
1421 1886
1849 50
50 464
464 127
1850 1578
1578 1505
1505 761
761 501
501 291
291 719
719 1324
1324 899
1851 746
746 1676
1676 451
451 312
312 335
1852 1608
1608 1142
1142 519
519 10
1854 1255
1855 1480
1480 682
682 1408
1408 1880
1857 1892
1859 308
1860 1561
1561 91
91 991
991 1242
1242 358
358 273
1861 526
526 705
705 437
437 675
1862 1598
1598 504
504 932
1864 203
1865 75
75 1707
1867 7
7 1228
1868 126
126 633
633 686
686 1900
1869 434
434 419
1870 1178
1178 1255
1255 1884
1872 1344
1344 1216
1873 971
1874 294
1875 95
1878 10
1880 634
1882 1713
1713 796
796 198
198 1048
1048 1531
1531 1627
1627 1141
1141 155
155 203
1883 1266
1266 1796
1796 1662
1662 586
586 1537
1537 21
1884 863
863 1876
1876 1728
1886 737
1887 217
217 823
823 977
977 1738
1738 1782
1889 485
485 1282
1890 562
562 1457
1457 1568
1893 1996
1894 1269
1269 1509
1509 679
679 954
954 1995
1896 1670
1670 1502
1502 612
1897 1426
1899 1866
1866 957
1900 466
466 172
172 1004
1004 432
432 90
1901 775
775 127
127 1438
1902 406
406 1747
1747 1892
1892 653
653 1259
1903 676
1904 1262
1262 1728
1728 1002
1002 1798
1798 933
933 1754
1754 21
21 1935
1905 1789
1789 299
299 1252
1906 283
1907 285
285 1339
1339 117
117 242
242 1810
1810 662
1908 546
1909 701
701 1549
1549 892
892 1898
1898 173
173 898
898 238
238 1844
1844 1511
1910 1687
1911 508
508 591
591 1499
1912 1285
1285 1596
1596 1117
1117 1511
1511 875
1914 378
1915 643
1916 1376
1376 1228
1228 1246
1917 102
102 1490
1490 784
784 479
1918 1275
1275 46
46 1853
1853 1948
1920 1691
1691 845
1921 27
27 522
522 1221
1922 1424
1424 1500
1500 1730
1730 1304
1304 1543
1543 109
109 419
419 1145
1145 1674
1674 1041
1041 1352
1352 1717
1717 368
1924 862
862 610
1925 82
82 470
470 462
1926 812
812 1388
1927 523
523 1499
1499 534
534 1259
1259 1387
1387 1486
1486 397
397 1118
1928 1299
1929 1167
1932 638
638 69
69 1840
1840 1656
1656 443
1934 93
93 520
520 1243
1243 998
998 1385
1385 1982
1935 1794
1937 781
781 765
765 1723
1938 1877
1940 95
1941 1589
1589 1102
1102 1891
1891 1239
1239 1594
1594 1652
1652 975
975 1414
1414 1797
1797 1179
1942 929
929 1975
1943 335
335 1358
1358 218
1945 1260
1260 1179
1179 410
410 1233
1233 456
456 674
674 309
309 632
632 51
51 1808
1808 1992
1946 1190
1190 1612
1612 149
149 1067
1067 399
1947 950
1949 1562
1562 455
1950 883
883 821
821 486
1952 709
709 1701
1701 496
496 1576
1954 787
1955 258
258 1167
1167 1110
1110 640
640 707
1956 1251
1251 1520
1520 77
77 182
182 493
493 269
269 934
934 1953
1953 137
137 48
48 634
634 177
177 87
87 295
1957 1605
1605 1863
1863 874
874 1624
1624 1507
1507 809
809 1965
1958 969
1959 957
957 455
1960 548
548 753
753 1299
1299 1856
1856 467
1961 877
877 150
150 481
481 1879
1962 1378
1378 73
73 78
78 1786
1786 567
567 10
10 1070
1070 467
467 546
546 1363
1963 1481
1481 1006
1006 816
1964 697
697 1694
1694 643
1965 913
913 771
771 1765
1966 90
90 1817
1817 707
1967 215
215 833
833 37
37 1731
1731 654
654 737
737 92
1968 459
459 203
203 1197
1197 1930
1930 1567
1969 1555
1555 506
506 1518
1518 1308
1308 1687
1687 1113
1113 595
1970 1157
1971 639
639 713
713 390
1973 148
148 1948
1948 141
141 429
429 1328
1328 1625
1625 1388
1388 1871
1974 332
332 1354
1354 1711
1711 263
263 963
963 113
113 866
866 460
1975 273
273 1440
1440 404
1978 321
321 754
754 23
23 1951
1951 92
92 1611
1611 1170
1170 1829
1829 1504
1979 1204
1204 22
22 1782
1782 739
739 1005
1005 187
1980 545
545 237
237 1628
1628 565
565 1848
1848 1367
1367 1112
1112 536
536 595
595 732
732 1177
1177 1157
1981 1066
1066 879
1982 1944
1944 1816
1816 1044
1983 103
103 343
343 675
675 220
220 1504
1504 1294
1984 418
418 558
558 100
100 612
612 412
412 1931
1931 1838
1838 1250
1250 1657
1657 1458
1458 560
560 1574
1574 236
236 325
325 344
344 827
1985 57
57 1939
1939 568
1986 1430
1430 1885
1885 1468
1468 1313
1313 1723
1723 1055
1055 1140
1140 294
294 1363
1987 1169
1169 1630
1988 543
543 1532
1532 724
724 1363
1363 1640
1640 1419
1419 433
433 1362
1362 1830
1830 89
89 969
969 667
667 1765
1765 212
212 1056
1056 142
142 1213
1213 1044
1044 287
287 1332
1332 1637
1637 67
67 1752
1752 813
813 378
378 1438
1438 1568
1568 953
953 845
845 462
462 368
1989 1877
1877 1571
1571 308
1990 1794
1794 725
725 1062
1062 662
662 1124
1124 1721
1721 43
43 541
541 1746
1746 112
112 95
95 615
615 568
568 114
114 159
159 1700
1700 1098
1098 699
699 1879
1879 1454
1454 965
965 681
681 1384
1384 1831
1831 387
387 362
362 1992
1991 1567
1567 1476
1992 1489
1993 391
391 1757
1757 561
561 1246
1246 768
768 339
339 1176
1176 582
582 209
209 664
664 1157
1157 687
687 409
409 729
729 1799
1799 950
950 643
643 772
1994 1933
1933 735
735 1379
1379 1221
1221 187
1995 283
1996 976
976 399
399 827
827 413
413 776
776 772
772 1331
1331 611
611 1881
1881 1134
1134 816
816 871
871 1741
1741 752
752 917
917 1972
1972 926
926 1282
1282 1792
1792 1064
1064 478
478 417
417 1888
1888 326
326 283
283 1976
1976 1828
1828 486
486 1294
1294 1194
1194 789
789 896
896 847
847 1633
1633 1476
1476 881
881 380
380 1489
1489 183
183 856
856 443
443 996
996 875
875 721
721 1314
1314 445
445 690
690 1778
1778 704
704 515
1997 1846
1846 455
455 171
171 1272
1272 1484
1484 540
540 295
295 999
999 193
193 1576
1576 479
479 864
864 1858
1858 1790
1790 817
817 610
610 532
532 990
990 1895
1895 657
657 1230
1230 284
284 878
878 1523
1523 758
758 676
676 1501
1501 218
218 404
404 707
707 1732
1732 1871
1871 986
986 1307
1307 787
787 1139
1139 6
6 1426
1426 1487
1487 1216
1216 187
187 62
62 1252
1252 1977
1977 1084
1084 1340
1340 1761
1761 1919
1919 1923
1923 1325
1325 1707
1707 390
390 1118
1118 1632
1632 1913
1913 475
475 711
711 885
885 708
708 893
893 899
899 791
791 542
542 1630
1630 243
243 368
368 140
140 1412
1412 301
1998 308
308 515
515 1298
1298 879
879 1936
1936 1436
1436 1573
1573 460
460 363
363 971
971 305
305 932
932 301
301 158
158 260
260 1149
1149 1590
1590 670
670 1753
1753 1999
1999
11 851
13 209
16 144
17 1245
20 1321
21 108
25 1945
26 1483
32 238
33 968
34 1773
37 182
38 343
39 1415
42 1523
48 995
54 1408
59 1569
60 730
61 724
62 1936
65 1908
66 912
69 378
70 1972
72 423
76 1754
78 47
82 365
84 1537
86 1491
88 886
91 357
100 1923
103 1031
104 568
105 1499
106 144
113 747
114 1499
117 702
118 203
119 174
123 1945
124 526
126 1125
135 1338
138 912
139 1001
143 476
145 1446
149 1196
152 289
156 1444
158 389
159 1187
160 649
161 1875
164 1908
165 1691
168 1763
169 266
172 243
175 483
176 323
184 591
187 1390
191 625
194 163
163 1206
195 134
196 1558
200 157
202 230
207 1851
208 1101
210 909
211 864
213 10
216 1754
219 1705
224 1640
225 1072
226 1508
227 567
230 1159
231 789
232 1170
236 343
238 1727
240 626
243 99
245 507
246 716
247 659
257 150
261 1875
266 1390
269 1797
270 834
273 578
274 796
275 154
277 1393
280 1346
281 1964
283 1935
286 1807
287 1029
288 990
289 1402
290 895
291 823
292 1844
296 908
297 710
298 367
299 45
45 338
300 56
56 1461
302 1387
304 823
306 1777
309 460
310 806
318 438
321 1174
322 330
326 1576
327 836
329 648
330 1137
332 342
335 1098
336 1432
337 254
338 970
339 865
340 898
341 1128
342 1522
349 1166
351 181
352 1048
355 1739
357 479
361 911
365 8
372 1794
377 150
150 595
378 1830
380 249
387 410
391 681
393 921
394 484
396 384
397 421
401 133
402 1531
404 1980
405 98
98 1791
409 137
410 40
412 1010
417 981
419 992
421 110
422 294
423 1371
424 742
426 1659
428 1838
430 1004
431 626
438 592
440 1286
441 744
444 122
122 1677
445 1497
446 1972
449 1078
453 1404
456 1221
462 1992
463 1378
464 31
467 180
468 1643
472 919
473 895
478 432
479 1259
480 1661
487 1771
490 1024
492 1020
495 1712
496 608
497 147
147 618
499 1211
500 697
501 1137
502 132
503 1618
505 715
507 1670
508 28
512 1624
513 484
517 531
518 1255
521 1580
522 857
523 1346
525 1090
529 534
531 1580
534 636
536 235
537 1282
541 1070
543 57
544 850
545 1018
547 1857
551 1170
552 596
555 1941
557 1321
561 1355
563 578
567 782
570 581
572 845
574 1272
577 190
578 704
579 1964
580 1811
585 354
354 331
331 1310
586 894
588 85
590 389
389 1489
591 1722
593 130
130 1830
594 800
595 1142
597 986
600 1484
601 1411
603 556
556 1961
611 1290
613 1094
616 140
619 1682
622 364
623 350
628 1091
629 527
633 1884
634 728
635 324
637 1792
640 1337
648 1948
652 1808
653 1819
655 1368
659 1544
661 293
293 742
662 872
663 621
621 1336
665 1035
666 630
668 692
670 520
674 413
675 842
676 643
643 1047
678 907
679 1907
682 856
685 1841
689 295
691 1124
694 721
699 1329
700 1584
701 482
482 1766
706 809
707 1440
708 1177
710 615
615 1485
711 1607
712 1900
714 984
715 239
239 834
717 1815
721 1960
722 49
723 1039
725 22
22 731
729 1610
730 968
733 1771
735 1361
736 23
23 1440
737 902
739 1262
740 888
741 285
742 1627
746 1999
747 1473
756 1665
757 1183
760 425
425 1306
761 981
762 1239
763 900
767 1841
769 83
771 941
774 7
775 399
778 813
779 1283
783 1761
786 251
251 1804
787 759
759 582
789 1349
790 582
582 1626
793 598
598 1122
794 317
795 1475
796 99
99 1419
797 57
802 664
804 1401
807 1239
811 974
815 1384
819 1241
827 568
833 985
834 1309
836 1592
840 825
825 610
843 838
838 606
847 1678
859 1222
862 141
141 824
824 801
801 1402
863 171
871 1963
872 452
452 921
873 437
437 1734
874 569
879 1165
881 1566
882 1173
883 182
182 546
884 323
323 617
617 1173
886 454
454 749
888 406
890 198
198 1654
891 1402
894 1855
899 516
902 1293
904 584
906 294
294 875
908 647
912 1429
913 451
916 307
921 1155
923 1881
926 1320
927 813
928 914
929 1783
930 1616
932 493
935 650
937 720
938 253
940 1759
941 1494
942 1780
943 1597
944 1195
945 553
553 1177
948 127
951 1920
953 610
954 587
587 49
955 494
956 1628
961 861
965 1020
968 44
44 1309
972 846
973 1428
974 743
977 897
978 895
895 946
984 1409
985 845
845 14
988 420
420 1076
989 374
374 85
85 264
992 849
849 1204
993 381
995 644
644 1173
999 1144
1000 1111
1003 1321
1005 346
346 1861
1009 1269
1010 657
1011 432
1012 963
1013 120
1016 920
920 1429
1017 1610
1018 1579
1019 1326
1021 1800
1023 279
279 1544
1024 411
1025 363
1026 132
1029 249
249 842
1031 363
363 1544
1032 28
28 1376
1034 498
498 1505
1035 1327
1036 1944
1037 780
780 1469
1039 1706
1040 407
407 1953
1041 750
1043 753
1044 1996
1045 875
875 189
1047 1175
1050 1465
1052 1424
1053 1766
1055 427
427 1568
1057 1696
1058 1248
1060 828
828 1445
1062 132
132 1866
1063 704
704 1269
1065 1097
1067 770
1068 1919
1069 832
832 1046
1070 81
81 1447
1072 87
1073 1096
1074 667
1077 1148
1078 442
1081 1651
1082 1827
1085 919
919 320
1087 1938
1088 1661
1089 1288
1094 515
515 1633
1095 969
1096 1723
1099 1345
1100 1448
1104 87
1105 896
896 855
1106 1238
1107 1764
1109 381
381 1252
1118 312
312 271
1120 136
136 814
814 1701
1121 998
1122 1893
1124 1539
1125 690
690 1280
1126 1851
1127 546
546 1172
1131 1706
1132 1974
1134 1282
1138 664
664 228
228 1313
1139 53
53 1680
1142 379
1146 788
1149 214
1150 432
432 314
1151 566
566 1167
1152 1750
1153 1812
1159 1461
1160 268
1161 1312
1163 991
1164 1945
1165 831
1175 583
1176 173
173 880
1179 1346
1180 583
583 651
651 1002
1002 1232
1181 1718
1183 353
353 1542
1185 1914
1188 1777
1190 1001
1192 755
1193 1311
1196 1473
1197 753
1198 324
1199 952
1200 1396
1203 79
79 1337
1204 466
1205 55
55 898
898 540
540 959
1206 1273
1207 260
260 1570
1208 466
466 1732
1209 958
1212 672
1214 1355
1217 1605
1219 1475
1220 131
131 484
1221 9
1224 949
949 1504
1226 382
1227 592
592 630
630 964
1231 865
865 1111
1111 569
1232 1887
1235 1299
1239 753
1240 1645
1241 1202
1251 1785
1252 1344
1259 850
850 315
315 538
538 12
1260 115
115 837
1262 971
971 1051
1264 154
1265 821
821 768
1267 1831
1268 1156
1156 1182
1270 282
282 248
248 1302
1272 924
924 1349
1274 1721
1276 1911
1277 259
1278 589
589 413
413 1666
1279 1521
1280 1529
1282 1667
1293 1790
1295 1186
1186 1475
1297 1521
1298 1787
1299 887
887 457
457 235
235 909
909 620
620 1859
1302 504
504 334
334 880
880 1516
1303 1020
1304 1968
1305 559
1306 386
386 996
1307 265
265 1322
1308 1721
1310 626
626 1617
1311 1846
1312 520
1314 1361
1315 1998
1317 1191
1318 1585
1323 1405
1325 642
1326 491
491 1537
1327 1641
1328 1458
1329 1348
1331 371
371 1380
1333 120
120 905
1334 1387
1335 1945
1337 1054
1054 947
947 483
1339 1261
1348 1651
1350 1051
1354 475
1355 362
1356 1184
1357 1676
1358 40
1360 442
1361 1115
1115 1634
1363 1143
1143 75
1365 1655
1366 1619
1367 1895
1369 317
317 1453
1370 484
484 844
844 554
1371 632
1372 343
343 1271
1376 1754
1377 1288
1288 781
781 990
1380 94
94 392
392 800
1382 964
964 1284
1386 1321
1321 568
568 254
1389 1737
1390 1080
1080 604
1391 1495
1392 1001
1393 1929
1394 75
1399 1521
1403 1864
1404 1586
1405 96
1406 1289
1407 1110
1110 959
1409 1347
1347 433
1410 250
250 1965
1411 1572
1413 1585
1416 1493
1418 1732
1420 1432
1421 1738
1424 450
450 1571
1427 1538
1428 403
1429 1330
1330 755
1430 1242
1242 958
1431 638
1432 526
1435 1952
1436 27
27 1178
1439 719
719 671
1440 255
1441 486
1445 1801
1446 1923
1448 1807
1449 435
435 87
1457 667
667 301
301 1137
1459 1523
1461 36
36 936
936 773
1464 469
469 728
1468 526
526 155
1470 1381
1381 379
379 1591
1471 1474
1473 174
1475 1130
1130 1113
1113 418
418 93
93 673
1476 1048
1477 1992
1478 1856
1479 7
7 877
1481 1489
1486 350
1488 772
772 1950
1493 1284
1284 686
1495 1006
1006 1408
1408 1485
1496 1155
1155 1732
1499 1290
1290 1177
1501 754
754 1368
1368 71
71 1255
1255 569
569 1458
1458 436
1504 1876
1506 934
934 1322
1322 83
83 68
68 1932
1507 1079
1079 1615
1508 1942
1509 264
264 1351
1351 608
1511 12
12 92
92 458
458 1917
1514 677
677 1257
1515 1655
1517 1771
1518 205
205 1324
1324 3
3 1792
1519 1456
1456 1244
1244 95
1520 162
162 1056
1056 1588
1521 151
151 608
1522 237
237 1004
1523 328
1524 910
1527 1984
1528 1444
1444 1253
1253 262
1530 800
800 1147
1147 470
1531 703
1534 1782
1535 1257
1257 493
1536 990
1537 1168
1168 1854
1538 217
1539 660
660 108
1540 183
1541 917
1542 1964
1543 1027
1027 752
752 192
192 1750
1544 1793
1547 753
753 1194
1194 1529
1549 792
1550 1634
1552 1731
1554 658
1556 455
1558 1136
1136 686
686 80
1560 605
1561 1289
1562 1772
1563 1955
1566 857
1567 1628
1568 1123
1569 946
946 809
809 866
1572 1640
1575 1341
1341 209
209 461
1576 494
1578 1487
1487 1935
1579 1824
1580 1746
1581 1785
1582 614
614 1623
1585 1211
1211 218
1586 52
1587 1548
1588 1001
1001 1266
1591 415
1592 641
1593 1291
1595 658
658 1814
1596 252
1597 618
1600 179
179 29
29 180
1602 1634
1605 960
960 829
829 267
267 861
861 1831
1606 1913
1607 728
728 1895
1608 137
1609 1352
1352 1343
1610 1222
1222 1443
1612 1384
1384 148
148 609
609 1248
1248 1648
1613 1129
1129 18
18 1092
1092 1332
1614 1709
1615 1137
1137 102
1616 527
527 1423
1423 744
1617 470
1619 1093
1621 10
1623 153
1624 1622
1625 1296
1626 1827
1627 285
1629 241
1630 848
848 1042
1042 1809
1631 1841
1632 1271
1633 806
806 911
911 1989
1634 1736
1636 215
215 1897
1640 1417
1417 966
1641 933
933 1505
1505 970
1642 1513
1645 1583
1583 313
313 991
991 1574
1647 688
688 325
1648 958
1649 1162
1162 835
835 539
539 1364
1650 1672
1651 1374
1374 1144
1652 214
1653 1756
1655 1512
1512 375
375 1503
1503 1256
1256 244
1656 1426
1657 366
366 805
1658 575
1659 1133
1660 489
1662 1590
1590 1442
1663 986
1664 1878
1668 976
1670 1071
1071 1472
1472 1820
1672 285
1673 5
1674 489
489 1250
1250 857
857 154
154 199
199 1703
1675 481
481 1553
1678 1922
1679 1545
1681 1301
1685 429
1686 1004
1004 212
212 1896
1687 765
1688 952
952 1786
1689 803
803 1098
1098 1388
1388 625
1690 369
1695 102
102 50
50 1485
1485 981
981 133
1696 108
108 1269
1269 1721
1698 1622
1622 46
1699 1635
1635 1771
1701 1950
1704 1842
1705 408
408 885
885 1030
1030 203
1706 64
64 1921
1707 1760
1708 1373
1710 1841
1712 31
31 1669
1669 1709
1709 1646
1713 673
673 1178
1714 1422
1422 1490
1715 1565
1565 1332
1716 925
925 765
765 1455
1455 129
1718 258
258 748
1719 1676
1721 233
1722 1184
1184 129
129 1412
1412 46
1723 439
439 1292
1725 221
1728 1733
1731 305
1732 1875
1733 1941
1734 755
755 1243
1736 1570
1738 370
370 1123
1123 1319
1740 1415
1742 1093
1093 1022
1744 645
1745 87
87 830
1746 1643
1643 792
1747 683
1748 876
1750 1973
1752 1283
1753 75
75 1033
1754 1491
1491 1557
1557 1135
1135 51
1755 900
900 167
167 726
726 1215
1215 656
1756 101
101 893
893 1414
1414 963
963 734
1758 1628
1628 485
485 1769
1759 1008
1008 1726
1726 364
1760 565
565 1398
1398 1294
1762 1786
1763 1385
1385 511
511 1711
1764 766
766 6
6 345
1766 382
1767 1223
1223 820
1768 1765
1765 89
89 110
1769 1966
1770 474
1772 1559
1559 1201
1201 1782
1774 403
403 1397
1397 931
931 1976
1775 823
823 1683
1683 1182
1182 584
584 1238
1238 67
67 564
564 575
575 1604
1777 987
1778 218
218 1202
1202 734
734 1943
1779 1644
1780 1834
1781 1529
1529 447
447 80
1783 1761
1761 533
533 731
1784 1794
1785 1900
1786 1300
1787 805
805 720
1788 671
1789 470
470 524
1790 382
382 1603
1603 356
356 1967
1793 1684
1684 347
347 272
1794 1776
1776 1254
1254 183
1795 455
1796 1821
1797 1342
1342 1773
1773 116
116 1682
1682 1166
1166 476
476 1771
1771 373
1798 262
262 1233
1233 1266
1799 360
1800 1195
1195 185
185 1836
1802 1281
1281 1086
1086 201
201 1320
1803 121
1804 1639
1639 1808
1805 764
764 1228
1228 1979
1806 1101
1807 970
970 1571
1571 333
1808 680
1809 1828
1810 1396
1396 607
607 1513
1513 979
979 369
1811 869
869 785
785 657
657 197
197 516
1812 1691
1691 1401
1401 839
1816 325
1817 1982
1820 799
799 303
303 627
627 74
1821 987
1825 1516
1516 1309
1309 1833
1828 411
411 1665
1665 229
229 1154
1154 901
1829 1879
1831 1359
1359 1757
1757 189
189 1157
1157 314
1832 345
1834 1450
1450 5
1835 1375
1375 1433
1433 1469
1469 687
687 1974
1837 1387
1387 684
684 1900
1839 1144
1144 1735
1735 1872
1840 672
1843 1577
1577 328
1845 610
610 1301
1846 1801
1801 1344
1344 1589
1847 709
709 1480
1850 285
285 1948
1852 400
1854 1680
1857 254
254 878
878 222
222 1890
1858 1263
1263 605
605 636
1859 1923
1861 1378
1378 19
19 1316
1862 650
1863 178
178 174
174 1213
1213 957
957 477
1864 642
642 1694
1694 1700
1700 1046
1046 1187
1187 672
1866 841
841 400
400 146
146 58
58 1292
1292 1343
1343 109
109 612
1867 477
477 1819
1819 360
360 980
1868 1462
1462 812
812 188
1869 1865
1865 858
1870 193
1872 1229
1229 461
461 516
516 867
867 276
276 770
770 398
398 631
631 1822
1822 1454
1454 1230
1230 1878
1874 1968
1875 602
602 1482
1482 782
1876 1570
1877 1177
1878 112
112 474
1879 1225
1225 1887
1880 1415
1415 1275
1881 268
268 506
506 1826
1826 870
1882 548
548 140
140 1693
1693 1604
1884 1075
1075 217
1890 1573
1573 459
1891 252
252 206
206 1661
1892 1364
1364 581
581 1177
1177 1007
1007 1553
1553 608
608 471
471 773
773 1460
1893 1300
1300 922
922 1638
1638 170
170 390
390 1838
1838 73
73 1483
1483 369
369 632
632 1170
1894 1316
1316 204
204 562
562 77
1898 645
645 1644
1644 1442
1442 808
808 852
852 1598
1598 494
494 1084
1084 493
493 1851
1851 671
671 559
559 1249
1899 1823
1823 1711
1900 1108
1108 996
996 831
831 144
144 348
348 650
650 1897
1897 550
550 1438
1901 1654
1654 1815
1902 1171
1903 1373
1373 791
1905 997
997 474
474 186
186 434
434 388
388 1090
1090 1824
1906 672
672 1051
1051 1724
1724 1133
1133 524
524 1022
1022 1169
1169 1885
1885 1438
1907 1216
1216 571
571 415
415 319
319 724
724 253
253 181
181 1438
1438 813
813 223
1908 876
876 1243
1243 1895
1895 975
975 1991
1909 1480
1480 697
697 1533
1911 1443
1443 1400
1400 776
776 1711
1711 1853
1853 1425
1425 308
308 1140
1140 983
983 1148
1148 305
1913 846
846 111
111 451
451 1172
1172 1336
1336 1346
1346 221
221 1883
1914 1944
1915 1246
1246 510
510 1170
1916 1676
1676 1332
1332 1489
1489 976
976 350
350 1555
1555 1171
1171 63
63 681
681 223
223 1028
1918 278
278 855
855 1589
1589 1925
1919 399
399 429
1920 639
639 618
1921 1844
1844 1498
1498 80
80 654
654 190
190 839
839 1271
1271 1848
1848 1437
1437 1434
1434 1923
1922 488
488 305
1923 830
830 810
810 727
727 744
744 950
950 1291
1291 646
646 1984
1924 395
395 1950
1925 406
1928 74
74 1849
1849 1028
1028 1671
1671 15
15 333
333 183
183 907
1930 1289
1289 259
259 969
969 1720
1720 1189
1189 1546
1546 1611
1611 1815
1815 284
284 1564
1564 519
519 305
305 1101
1101 1824
1824 826
1931 1813
1813 1451
1932 1402
1934 864
864 1426
1426 1532
1532 414
414 134
134 901
901 1964
1935 171
171 917
917 1301
1936 866
866 24
24 1982
1937 842
842 5
5 1059
1059 1971
1938 959
959 1741
1940 1743
1743 96
96 307
307 1383
1941 576
576 816
1942 720
1943 669
669 385
385 1814
1814 1618
1618 368
368 1842
1842 241
1945 97
97 1091
1091 180
1947 966
1949 1490
1490 638
638 1717
1717 1594
1950 1574
1574 1841
1841 373
373 1319
1319 1465
1465 624
624 320
1951 1451
1451 1551
1551 1178
1178 1173
1173 1666
1666 535
535 127
127 1340
1340 982
982 1345
1952 1646
1646 994
994 998
998 1275
1953 4
4 1112
1112 822
822 732
732 698
698 483
483 166
166 311
311 1548
1548 359
359 442
442 826
826 1266
1266 1751
1751 1697
1697 1114
1114 1702
1954 958
958 702
702 1969
1956 532
532 1502
1502 530
530 1353
1957 656
656 1855
1855 1313
1313 860
860 520
520 1362
1958 1466
1959 1020
1020 1466
1466 255
255 1048
1048 1453
1453 9
9 177
177 1792
1792 107
1960 1245
1245 364
1961 1236
1236 817
817 1782
1962 1275
1275 193
193 1692
1692 376
376 1049
1963 1294
1294 220
220 180
1964 1594
1594 1170
1170 1287
1287 820
820 10
10 892
892 362
362 1948
1948 918
918 680
680 560
560 475
1965 1946
1946 1402
1967 1158
1158 914
914 1116
1116 49
49 1296
1296 768
768 180
180 46
46 263
1968 1926
1926 455
1969 980
1971 242
242 1667
1667 475
1972 8
8 1739
1739 897
897 1741
1973 1933
1933 1167
1167 459
459 889
1975 599
599 486
486 738
738 1887
1976 695
695 1484
1484 718
718 1379
1977 1873
1873 1452
1452 1286
1978 1258
1258 1210
1979 1974
1974 324
324 758
758 1145
1980 137
137 1729
1729 966
966 125
125 1886
1886 295
295 1830
1830 1927
1927 203
203 320
320 558
558 35
35 465
465 1362
1362 1128
1128 683
683 157
157 1460
1460 1474
1474 345
345 1782
1782 1286
1286 1955
1981 1338
1338 1174
1174 693
693 1887
1982 128
128 792
1983 1827
1827 1871
1871 244
244 121
121 1273
1273 234
234 1210
1210 856
856 214
214 1119
1119 1661
1661 907
907 416
416 1883
1883 731
731 1117
1117 364
364 1970
1984 910
910 816
816 384
384 263
263 1345
1345 47
47 455
455 1533
1533 1525
1985 107
107 792
792 1447
1447 990
990 636
636 436
436 514
514 155
155 1677
1677 1996
1986 784
784 1066
1066 448
448 41
41 1191
1191 1234
1234 1998
1987 325
325 720
720 1497
1497 328
328 748
748 696
696 649
649 1353
1353 1463
1463 692
692 604
604 77
1988 1998
1989 877
877 705
705 777
777 791
791 433
433 51
51 1419
1419 868
868 1097
1097 1249
1249 612
612 233
233 509
509 1584
1990 57
57 1993
1993 1966
1966 1944
1944 52
52 798
798 429
429 1301
1301 1833
1994 782
782 1818
1818 554
554 217
217 1584
1584 641
641 256
256 358
358 1402
1402 1970
1970 1500
1500 1237
1237 716
716 77
77 110
110 1014
1014 1218
1218 1015
1015 1570
1570 1730
1730 1887
1887 1102
1102 30
30 549
549 1261
1261 1917
1917 1637
1637 383
383 573
573 962
962 1703
1703 460
460 905
905 1737
1995 987
987 344
1996 1604
1604 443
443 1992
1992 1939
1939 1889
1889 344
344 528
528 1791
1791 1064
1064 713
713 1061
1061 1145
1145 1912
1912 1833
1833 1836
1836 475
475 1955
1955 1076
1076 703
703 406
406 1601
1601 95
95 853
853 870
870 1999
1997 1727
1727 1860
1860 1379
1379 788
788 271
271 1896
1896 1856
1856 2
2 1038
1038 903
903 14
14 750
750 1749
1749 915
915 854
854 1929
1929 986
986 1904
1904 1545
1545 1741
1741 1349
1349 889
889 142
142 1680
1680 1083
1083 1991
1991 1049
1049 1285
1285 625
625 1141
1141 542
1998 851
851 40
40 1383
1383 1526
1526 1620
1620 647
647 743
743 939
939 1395
1395 43
43 188
188 749
749 967
967 1510
1510 1888
1888 858
858 1283
1283 1320
1320 980
980 818
818 1467
1467 316
316 241
241 1
1 1737
1737 90
90 751
751 1494
1494 596
596 542
542 314
314 367
367 837
837 1492
1492 606
606 1103
1103 1033
1033 745
745 618
618 153
153 272
272 1525
1525 1247
1247 1910
1910 133
133 1702
1702 1599
1599 1999
1999
7 1133
8 1255
11 433
14 1277
17 684
19 297
21 1422
25 381
27 1858
33 1764
38 141
39 158
41 1854
49 69
52 1014
54 1525
60 1049
63 1713
64 1649
68 895
70 1656
72 964
75 1875
76 149
78 1027
80 1131
82 329
83 1788
84 202
88 1961
91 1654
95 438
100 96
103 920
105 29
106 641
107 1587
109 1373
111 725
116 606
117 411
118 1359
119 1320
122 6
126 104
128 77
129 1299
130 1370
140 1840
142 114
144 1739
145 755
146 306
153 522
154 469
156 583
158 1413
165 1207
167 1106
170 580
171 1204
172 236
175 1021
179 719
182 86
183 572
184 513
185 699
200 1921
201 577
202 1924
203 186
211 1390
212 1588
214 1766
216 1953
218 962
219 470
220 1287
221 815
222 1683
227 1807
235 999
236 34
238 1641
242 110
110 778
243 1062
245 1845
246 310
247 1866
250 1765
252 1556
253 1251
255 1710
260 448
262 1964
263 834
265 22
266 1001
272 1562
273 955
274 1324
275 635
276 132
277 429
278 1599
281 1080
295 919
296 332
297 1546
299 1987
301 669
302 1151
306 150
307 1339
310 1824
314 1442
320 300
325 1622
334 1614
337 1000
338 46
343 1790
345 93
346 1364
347 1039
353 1852
354 926
355 932
357 1603
358 1297
359 1960
360 431
361 816
362 661
363 1207
367 298
368 1202
369 1439
373 414
375 1788
378 1039
380 401
383 1334
386 664
388 1665
389 51
390 1050
391 304
304 1434
395 558
398 1311
399 1847
400 408
402 22
404 859
406 1451
408 350
350 1659
412 640
417 420
418 160
160 1805
422 816
423 573
425 624
428 1470
436 1240
442 1449
443 688
449 1382
453 870
458 1575
460 1475
461 180
180 5
464 530
465 290
470 392
475 1656
478 92
92 1130
480 1736
482 1025
484 1206
485 1453
489 1815
492 576
493 1461
494 565
495 1507
496 1964
497 471
499 1743
500 441
502 603
505 1640
508 1217
511 970
512 1498
513 477
515 1252
518 188
519 846
523 1186
527 476
476 853
530 914
531 1416
532 1575
534 805
535 1669
539 65
65 882
540 800
541 1819
542 907
547 1930
548 614
551 1441
552 644
553 125
554 421
556 1137
557 1689
559 1220
560 225
561 393
565 816
567 1826
568 452
569 421
571 1157
580 629
582 1074
584 1741
587 282
588 143
589 1538
594 1678
596 430
430 1854
598 604
603 732
604 1508
605 1538
608 349
611 1390
612 884
614 789
617 1694
619 1517
620 780
621 13
622 448
448 1915
623 1166
624 1903
625 1671
626 197
627 1680
628 1559
638 842
644 344
647 1308
654 645
656 1186
658 413
659 639
660 1827
665 1101
667 159
672 1505
674 86
86 1563
675 161
677 213
213 1111
680 244
244 198
198 537
683 1419
685 907
689 1426
690 1228
692 782
695 1071
697 1921
699 1300
701 1496
709 1770
716 132
132 195
717 936
718 916
720 1737
724 1467
725 1198
726 936
727 348
348 1776
729 1678
730 42
731 952
733 42
736 1654
739 1108
740 143
741 420
747 529
748 570
570 291
749 1175
751 602
602 1126
753 1916
755 1618
756 1934
758 1726
759 1334
760 1447
762 405
764 298
767 1703
777 1059
780 1371
783 199
788 392
392 899
792 1255
793 1135
798 1459
799 1797
801 1964
802 642
803 1289
806 1238
807 232
232 607
607 536
811 1649
812 327
815 1692
820 601
826 1575
827 655
655 1361
828 585
829 1352
831 1516
833 705
705 1595
835 46
838 774
842 1756
844 1166
849 883
850 995
852 1499
857 1272
858 930
859 543
860 137
867 908
868 396
396 291
870 1875
871 989
872 791
874 1080
875 327
327 1494
876 1430
877 1962
878 1318
881 1530
882 800
884 817
885 678
678 961
886 1514
888 1249
891 239
239 248
248 1736
893 229
229 650
650 1581
894 785
895 318
897 1840
899 771
901 283
283 490
490 1743
903 315
905 661
907 1389
910 472
911 520
912 616
616 1084
913 1791
916 706
918 387
919 427
427 308
922 1697
923 1006
925 1945
928 1333
929 1048
931 1097
936 444
444 1446
939 684
940 1245
942 1165
947 1076
948 96
949 1273
953 1558
954 1074
955 610
956 1068
958 191
959 752
962 1097
966 131
967 382
968 987
971 636
972 439
439 786
973 379
974 1781
975 1870
977 1131
978 1669
980 1017
981 1851
982 1233
985 1476
986 1252
987 1
988 1707
992 1406
993 159
159 774
774 377
994 1111
995 1098
997 1379
998 187
999 1056
1000 1356
1002 312
1003 155
1005 1573
1008 684
1009 1747
1015 1004
1004 1871
1017 330
1019 435
435 1976
1020 254
1021 861
861 1092
1022 1820
1025 703
1031 1029
1029 1787
1033 1867
1034 437
1036 1824
1037 1871
1041 796
1042 1307
1045 770
770 1496
1046 1145
1048 1321
1055 50
50 1764
1063 120
120 866
1066 1207
1067 1729
1071 1314
1072 1889
1073 1092
1076 1135
1077 653
1080 1272
1082 1251
1086 1978
1088 55
1091 714
714 549
549 710
1098 856
856 257
257 372
372 294
1100 649
649 1303
1101 1849
1102 1496
1103 814
814 522
522 817
817 601
601 1288
1105 1218
1107 646
1108 125
125 795
795 1714
1109 168
1116 1260
1117 1867
1120 1545
1121 1230
1123 585
1128 455
455 199
199 1457
1130 1274
1133 1747
1134 20
1136 782
1137 1798
1143 661
1145 1732
1146 433
433 1970
1152 466
466 794
1153 1215
1155 669
1156 254
1158 268
1161 544
1162 862
1165 775
1166 869
869 473
1172 765
765 1678
1173 984
1174 1167
1175 319
1178 1409
1179 633
1180 1013
1181 1422
1183 53
53 745
1189 846
1190 20
20 1826
1192 192
1193 1385
1194 1559
1195 339
1199 309
1202 1447
1204 1705
1205 1427
1206 1099
1099 1854
1207 1994
1208 1618
1209 437
437 393
393 1188
1188 1241
1211 1001
1213 1829
1216 1151
1222 149
1224 1852
1229 1496
1233 668
1234 344
1235 66
66 1347
1237 934
934 1309
1240 1476
1241 1501
1242 104
1243 174
1248 1281
1252 407
407 787
787 1461
1254 139
139 1547
1255 16
1256 335
1257 186
1258 127
1259 1770
1261 1611
1263 1986
1264 1801
1266 1493
1267 488
488 1792
1272 1532
1273 270
1274 944
944 1140
1275 712
1276 1532
1282 1251
1251 645
645 821
1286 26
1290 1070
1291 1966
1292 1316
1296 1016
1016 1084
1084 90
90 1604
1299 1829
1300 279
1302 1023
1023 16
16 1649
1303 1089
1306 592
592 168
1308 298
298 732
1311 1441
1317 1872
1318 303
1319 908
908 166
1320 1878
1322 1270
1270 575
1325 1390
1328 1907
1330 1250
1331 1001
1332 684
684 1572
1333 1422
1335 778
1337 615
1340 303
303 45
1341 432
432 1577
1342 1104
1343 1310
1310 96
1345 169
1346 1351
1347 1059
1350 648
1354 965
965 251
251 371
371 374
1355 1843
1357 288
288 1592
1358 501
501 1602
1359 1473
1360 562
562 127
127 1396
1363 67
67 646
646 1835
1367 800
1368 599
599 1351
1351 1352
1369 108
108 1681
1371 226
1373 55
55 1353
1353 1823
1374 1452
1375 1049
1376 1039
1379 1932
1381 1007
1007 1864
1383 133
133 979
1384 1349
1385 189
189 1104
1104 405
405 1851
1388 1520
1389 1959
1393 1336
1395 825
1397 1483
1398 743
743 845
845 150
1400 1262
1401 1791
1404 630
630 1446
1407 1168
1409 1773
1410 1459
1415 1414
1414 293
293 564
1419 1132
1420 1051
1051 4
1421 313
1422 766
1423 773
773 1583
1424 1974
1425 1218
1427 694
694 217
1428 1301
1301 364
364 832
832 1106
1435 1214
1214 1277
1437 651
651 336
1439 1154
1440 543
543 707
1441 286
286 784
784 1250
1442 226
1444 1127
1445 1089
1448 473
473 1494
1450 1466
1452 416
1454 1648
1455 1295
1295 1633
1456 563
1458 1895
1462 217
217 1184
1184 115
1468 1443
1443 148
148 768
1469 267
1470 321
1471 1087
1087 477
1472 1710
1473 1075
1075 1517
1474 384
384 30
30 46
46 31
31 516
516 1201
1201 1417
1476 365
365 1338
1338 1132
1477 880
880 1808
1478 1905
1480 1070
1483 44
1485 735
1487 1050
1490 1217
1491 1691
1496 195
1499 410
1501 1779
1503 155
1505 851
851 1039
1039 332
1509 1127
1127 143
143 578
578 1579
1511 1973
1512 1434
1434 1010
1513 643
1515 351
351 1780
1516 1931
1517 778
778 698
1518 1826
1524 1159
1159 1661
1525 1982
1526 1030
1030 1877
1528 450
1529 1500
1500 424
1530 1498
1532 843
1533 270
1534 1578
1535 1498
1536 1239
1537 821
821 1392
1392 1549
1538 157
157 735
1539 1068
1540 208
208 775
1545 1790
1548 781
781 1678
1549 652
1552 1726
1553 316
1554 1924
1556 387
387 73
73 169
1559 816
816 147
147 5
1560 661
661 591
1561 1576
1562 1268
1268 1651
1563 873
873 1457
1565 643
643 1754
1567 47
47 1626
1568 1761
1572 1837
1574 197
1575 1115
1115 1805
1576 186
186 1739
1577 887
887 1484
1579 1523
1582 738
738 85
1585 342
342 1362
1586 791
791 834
1587 462
1588 12
1589 1611
1590 472
472 35
1591 664
664 1043
1043 1366
1366 1122
1122 546
546 1827
1592 696
1593 289
1595 397
397 190
190 1662
1596 1708
1597 1372
1598 1788
1599 579
579 233
233 4
1600 506
1601 1464
1464 113
1603 268
268 1619
1604 1064
1064 1494
1606 1239
1239 10
10 366
1607 1523
1523 1119
1119 1265
1265 702
702 12
12 1732
1608 969
969 474
474 1527
1610 1212
1212 1356
1356 524
1611 379
379 1387
1612 1564
1564 267
1613 1361
1615 289
289 61
61 825
1618 1418
1619 1163
1163 1916
1627 1131
1629 1986
1630 732
732 1032
1631 1349
1632 426
1634 744
744 920
920 44
1635 1624
1637 941
941 1624
1638 5
5 1293
1293 1924
1639 688
688 1909
1640 1372
1372 591
591 96
1641 1992
1642 1032
1644 663
663 261
261 121
1646 1578
1578 1053
1053 666
1648 1047
1047 1065
1649 1969
1651 797
1652 3
3 438
438 420
420 810
810 193
193 1185
1653 797
1656 1081
1657 757
757 517
1658 847
847 572
1660 1557
1557 329
329 1696
1661 550
550 991
991 1914
1662 721
721 1669
1663 223
223 1764
1664 6
1666 1916
1668 1622
1622 1963
1669 467
467 434
1670 1387
1387 964
1672 1489
1489 87
1674 1692
1675 1624
1676 1862
1679 615
1682 1197
1684 1238
1238 37
1686 1626
1626 1721
1687 415
1688 256
256 1923
1691 545
1693 1187
1187 1035
1035 328
328 734
734 892
892 848
848 566
1694 24
24 1943
1695 1527
1527 1135
1135 1050
1050 951
1696 161
1697 1314
1314 1710
1698 1979
1699 576
1700 332
332 1671
1671 909
1701 1197
1197 711
711 1508
1702 555
555 1221
1704 269
269 23
23 537
1705 909
1706 1118
1118 224
224 1976
1709 1982
1710 1735
1711 637
637 808
808 840
1713 536
536 1689
1689 431
431 1095
1095 1362
1362 1793
1714 768
1717 71
71 691
691 1543
1543 855
1720 59
59 1616
1722 938
1723 504
504 35
35 1220
1220 169
1724 1438
1438 1898
1725 1493
1726 1139
1139 1850
1727 1643
1643 447
1729 463
1730 961
961 1329
1329 1993
1731 74
74 22
22 1094
1733 752
1734 1893
1736 618
618 996
996 26
26 1279
1279 837
837 1112
1112 782
782 1807
1737 1621
1621 1085
1085 1169
1739 124
124 1974
1741 865
865 1715
1715 1980
1743 312
312 950
950 1609
1609 681
681 1228
1744 151
151 1334
1745 785
1746 1756
1747 1481
1481 1168
1168 463
1749 1843
1750 1403
1403 479
479 1386
1753 1508
1508 1581
1581 1920
1754 558
558 1245
1245 87
87 1049
1049 1667
1667 195
195 112
112 1203
1203 230
230 1461
1461 450
450 99
1755 1394
1394 381
381 1026
1026 315
315 98
1757 1271
1271 1843
1759 841
841 164
164 339
1762 463
1764 374
1766 1937
1767 1280
1769 1230
1770 746
1771 1027
1772 292
1774 1740
1740 1
1 1124
1775 174
174 331
331 249
1776 1897
1777 313
1778 1836
1779 138
1780 1411
1411 1280
1280 693
693 1111
1111 1006
1006 1065
1065 964
964 258
258 1402
1402 746
1781 1934
1782 419
1783 4
4 1484
1784 284
284 1057
1785 1361
1787 1269
1788 1061
1061 1728
1728 866
866 226
226 1692
1692 292
292 524
1789 1364
1364 1399
1790 1994
1791 491
491 1011
1011 1151
1792 1321
1321 356
356 670
670 285
285 1819
1793 1294
1294 1092
1092 177
1794 573
1796 370
370 1763
1797 1541
1798 113
1800 1617
1801 1542
1542 454
1802 424
1803 615
1804 1038
1038 445
445 1467
1467 96
1805 1908
1806 595
595 898
898 1027
1027 863
863 187
187 768
768 205
205 590
1807 1349
1349 904
904 1167
1167 134
1808 1285
1809 1018
1018 896
896 1210
1810 1126
1126 486
486 932
932 215
215 979
979 1090
1090 1081
1081 85
85 1680
1812 169
169 1981
1813 590
590 653
653 1955
1814 703
703 1827
1816 1583
1583 1298
1298 477
477 983
1817 1078
1818 1843
1819 945
945 234
1822 1650
1824 1074
1074 746
1825 42
1826 1459
1459 926
926 1520
1828 1083
1829 414
414 1028
1831 270
1833 915
915 1550
1550 1673
1673 1132
1132 1247
1835 1463
1463 1493
1493 900
900 2
2 1013
1836 1858
1837 1079
1838 137
1839 1057
1057 254
254 1154
1840 1847
1841 776
776 970
970 521
521 1131
1131 813
1842 279
1843 1089
1089 1811
1844 1432
1432 89
89 1960
1845 451
451 1628
1848 943
943 648
1849 839
839 1177
1177 1569
1569 1520
1850 963
963 855
1853 1703
1703 1990
1854 137
137 1570
1570 344
344 330
330 545
545 1110
1855 1378
1856 366
366 583
1858 581
581 525
525 524
524 409
409 1773
1773 1811
1811 723
723 1605
1605 1001
1001 1897
1859 415
415 1289
1289 1751
1860 1738
1738 854
854 15
15 326
326 1070
1070 336
336 1297
1861 632
632 240
240 1913
1863 163
163 452
452 766
766 921
1866 779
779 1875
1868 514
1869 631
631 434
1870 42
42 1215
1871 909
1872 1228
1228 710
710 1655
1655 1862
1873 769
769 1889
1874 1708
1708 313
1876 352
352 902
902 1309
1309 1962
1877 1170
1170 1253
1253 1106
1880 510
1881 819
1882 267
1884 441
1885 576
576 1426
1426 1678
1886 421
1888 114
114 1966
1889 1690
1890 712
712 291
291 648
648 1614
1614 597
597 113
113 1628
1891 529
1892 917
917 1079
1893 1149
1149 750
750 526
1894 789
789 1707
1707 1056
1056 1377
1377 421
1895 1494
1494 707
707 1446
1896 761
1900 300
300 173
1901 96
1902 1617
1617 1281
1281 1716
1716 761
761 1887
1887 43
1903 1531
1531 1169
1169 1521
1904 855
855 1636
1636 43
43 81
1906 1277
1277 1453
1453 1830
1830 722
1907 1215
1908 429
1909 411
411 785
785 241
241 498
498 669
669 1446
1446 1546
1546 593
593 1431
1431 374
1910 434
434 640
640 668
1912 323
323 752
752 1217
1217 1857
1857 786
1913 1992
1914 715
715 267
1915 1210
1210 1732
1732 1466
1466 1110
1110 642
642 1905
1917 13
13 1497
1497 635
635 94
1918 1412
1412 1312
1312 1972
1919 1510
1920 572
572 1054
1054 1991
1923 509
509 1504
1504 1541
1924 1186
1186 1032
1032 775
775 196
196 249
1925 763
1926 1647
1647 1334
1927 1883
1928 1735
1735 708
708 1482
1482 313
313 1633
1633 1460
1929 1571
1571 1815
1815 1313
1313 1449
1930 564
564 1316
1316 1558
1558 1616
1931 1418
1932 141
141 1934
1934 191
1935 1718
1718 1097
1097 1283
1283 846
1936 1198
1198 1430
1430 585
1937 385
385 574
574 1864
1864 1405
1405 935
935 610
1938 1114
1939 131
131 1457
1457 1433
1433 1249
1249 514
514 463
463 1106
1940 138
138 1449
1449 1799
1799 825
825 45
1942 1761
1761 836
836 1502
1943 249
249 735
735 742
1944 267
267 1916
1916 429
429 834
834 1062
1062 1977
1945 1751
1946 1260
1260 634
1948 305
1949 457
1950 1681
1681 1171
1951 989
1952 843
843 58
58 790
790 846
846 1334
1334 1544
1544 1182
1182 135
135 6
6 441
1953 1963
1954 401
401 1307
1307 123
123 1625
1625 1196
1196 1823
1823 1012
1012 1436
1436 36
1955 1284
1284 1507
1507 1519
1519 1336
1336 115
115 933
933 1982
1956 1124
1124 1013
1013 1584
1584 1573
1573 794
794 1460
1460 483
483 1451
1451 1968
1957 1502
1502 575
575 99
99 1820
1820 696
696 1225
1958 98
98 1157
1157 1094
1094 1068
1959 309
309 168
168 279
279 1244
1244 374
374 166
166 1847
1847 36
36 259
259 1616
1961 1382
1382 79
79 687
687 1418
1418 1297
1297 1140
1140 1742
1742 1068
1068 1721
1721 1315
1962 819
819 526
526 1498
1498 1246
1246 1752
1752 1060
1060 1225
1225 419
419 682
682 704
1963 1479
1964 1413
1413 1795
1795 510
510 1763
1763 976
1965 1417
1417 1680
1680 1911
1911 1339
1966 1231
1231 1555
1967 1185
1968 51
1969 1486
1486 1488
1488 1365
1365 666
666 1905
1905 270
270 1683
1970 228
228 1348
1348 1665
1665 311
311 1594
1594 1712
1712 1236
1236 102
102 1010
1010 1520
1520 447
447 1164
1164 924
924 1014
1014 538
1971 1690
1690 349
349 316
316 698
698 1522
1522 96
96 1602
1602 469
469 426
426 1078
1078 1624
1624 1899
1899 636
636 56
56 1678
1678 322
322 1247
1247 29
29 81
81 173
173 1151
1151 94
94 188
188 960
960 722
722 209
209 318
318 772
1972 1555
1555 563
563 37
37 487
1973 93
93 1040
1040 161
161 633
1974 101
101 237
237 487
487 1230
1230 308
308 673
1975 57
57 615
615 121
121 339
339 1113
1113 533
533 1219
1219 1232
1232 1326
1976 538
538 394
394 1114
1114 294
294 1304
1977 629
629 1506
1506 662
662 529
529 976
976 1200
1200 506
506 577
577 1226
1226 1185
1185 1758
1978 1484
1484 1352
1352 824
824 1278
1278 1756
1756 600
600 194
194 207
207 155
155 1176
1176 456
456 333
333 1096
1096 1262
1979 341
341 1390
1390 382
382 754
1980 544
544 197
197 634
634 1521
1521 840
840 1144
1144 879
879 317
317 1218
1218 1361
1981 1221
1982 69
69 1922
1922 822
822 797
797 813
813 1683
1683 1465
1465 271
271 1059
1059 796
1983 51
51 1386
1386 1024
1024 742
1984 340
340 48
48 1191
1985 983
983 742
742 771
771 1960
1986 1947
1947 921
921 1580
1580 204
204 290
290 1148
1148 609
609 1999
1987 335
335 1551
1551 704
1988 1846
1846 45
45 1495
1495 713
713 1326
1326 1566
1566 906
906 1760
1760 1616
1616 676
676 606
606 136
136 1324
1324 853
853 413
413 668
668 641
641 1429
1989 1396
1396 376
376 889
889 1685
1685 416
416 679
679 410
410 1171
1171 737
737 287
287 1344
1344 177
177 1541
1990 32
32 1408
1408 1510
1510 830
830 1370
1370 377
377 319
319 457
457 909
1991 471
471 1659
1659 1215
1215 305
305 1654
1654 763
763 264
264 930
930 1941
1941 719
1992 864
864 1479
1479 440
440 1620
1620 1492
1492 1191
1191 324
324 566
566 700
1993 1058
1058 1514
1514 1834
1995 1142
1996 528
528 1832
1832 1380
1380 805
805 1361
1361 152
152 1227
1227 951
951 909
909 150
150 1250
1250 1758
1758 1269
1269 1406
1406 1391
1391 1028
1028 1851
1851 1475
1475 1994
1994 1865
1865 990
990 421
421 583
583 938
938 952
952 28
28 104
104 1160
1160 1125
1125 1285
1285 1305
1305 1834
1834 652
652 1093
1093 573
573 585
585 520
520 989
989 1852
1852 1541
1541 1827
1827 1765
1765 97
97 1821
1821 1327
1327 1154
1154 671
671 225
225 149
149 210
210 403
403 537
537 937
937 610
610 321
321 1323
1323 481
481 134
134 62
62 1883
1883 1786
1786 462
462 719
719 1106
1106 441
441 586
586 162
162 454
454 1748
1748 1645
1645 176
176 754
754 1878
1878 18
18 1879
1879 1399
1399 800
800 706
706 503
503 1921
1921 468
468 231
231 1141
1141 424
424 1287
1287 686
686 1138
1138 1547
1547 1083
1083 746
746 1447
1447 77
77 234
234 728
728 446
446 1768
1768 1429
1429 282
282 890
890 1150
1150 809
809 1052
1052 1862
1862 1897
1897 1378
1378 178
178 206
206 1650
1650 1898
1898 1751
1751 1623
1623 1315
1315 181
181 700
700 1677
1677 1339
1339 507
507 1416
1416 1069
1069 823
823 796
796 946
946 704
704 745
745 44
44 613
613 1304
1997 786
786 772
772 984
1998 1933
1933 673
673 1628
1628 984
984 1719
1719 633
633 883
883 862
862 1867
1867 1079
1079 1960
1960 34
34 914
914 459
459 1223
1223 1142
1142 818
818 9
9 927
927 957
957 657
657 192
192 639
639 1288
1288 1875
1875 191
191 1147
1147 804
804 1262
1262 40
40 280
280 1129
1129 1044
1044 1221
1221 517
517 1304
1304 1999
