5
199
1 169
4 29
5 117
8 30
14 17
15 71
16 180
18 103
20 193
24 38
29 100
32 12
12 39
33 23
23 108
35 40
36 139
37 40
46 95
49 112
50 106
51 108
52 58
53 151
56 176
57 22
60 184
68 39
70 58
58 67
67 25
71 47
74 170
75 114
76 31
31 34
80 90
81 62
82 83
83 100
85 77
92 146
94 146
98 96
96 156
99 195
101 123
103 62
106 41
107 97
108 59
59 97
97 34
109 95
95 78
78 191
110 161
113 189
114 125
117 89
119 42
120 64
124 13
13 177
125 173
126 89
89 176
127 26
132 170
133 169
135 88
88 87
136 61
61 39
138 55
139 131
131 79
79 166
142 197
143 151
144 87
87 123
145 11
11 48
48 34
34 9
147 30
151 116
116 121
121 100
152 156
153 196
154 198
156 22
22 197
157 2
2 150
159 41
160 146
146 163
161 148
163 65
164 69
69 41
166 41
167 158
158 3
3 38
170 134
171 65
65 169
169 91
91 47
47 93
172 45
45 84
173 62
62 178
174 102
175 77
77 180
177 10
179 28
28 42
181 93
93 17
182 84
84 178
178 73
73 105
105 102
102 122
122 149
149 112
112 123
123 63
183 9
9 165
165 150
184 30
30 176
176 104
104 115
115 38
185 55
186 86
187 40
40 129
129 134
190 128
128 27
27 54
54 199
191 7
7 188
188 168
168 155
195 66
66 21
21 141
141 90
90 17
17 189
189 63
196 38
38 193
193 42
42 26
26 140
140 63
63 43
43 19
19 162
162 39
39 155
155 25
25 41
41 134
134 100
100 148
148 6
6 55
197 111
111 180
198 180
180 194
194 192
192 10
10 86
86 150
150 137
137 64
64 118
118 130
130 55
55 44
44 72
72 199
199
1 93
2 154
6 95
7 172
9 198
10 79
13 134
16 158
21 187
28 150
29 49
33 54
34 61
35 14
14 152
36 19
19 172
39 11
40 42
41 17
17 12
43 117
45 3
3 106
48 27
27 117
49 47
51 195
53 4
4 94
54 15
55 190
56 30
63 137
64 166
65 162
66 87
67 147
69 97
73 97
74 22
81 193
83 124
85 140
87 171
88 173
89 121
92 138
94 71
96 101
97 78
98 44
100 120
101 119
112 76
115 176
116 37
119 178
120 110
122 42
123 25
25 157
124 193
125 129
126 196
127 38
38 134
132 70
70 18
133 106
134 77
136 8
137 110
110 76
76 22
22 44
44 105
105 159
138 199
141 109
142 168
145 139
139 62
148 32
32 113
149 109
109 8
8 106
106 143
143 111
111 52
154 50
50 152
157 18
18 113
113 147
147 195
159 12
12 57
161 173
162 121
121 24
24 158
158 151
163 160
160 30
164 167
165 20
166 5
5 152
152 68
170 184
171 90
172 187
174 90
177 183
179 77
77 151
180 198
184 61
61 95
95 185
185 130
130 71
186 30
30 52
187 59
59 169
169 107
107 108
108 80
80 71
71 46
46 42
42 173
173 84
189 178
178 62
62 118
118 11
11 47
47 104
190 72
72 182
182 104
104 146
146 193
191 155
155 198
192 86
194 20
20 175
175 91
91 150
150 79
195 193
193 102
102 156
156 131
131 117
117 52
52 176
176 128
196 90
90 128
128 167
167 93
93 151
151 168
168 58
58 86
86 135
135 188
197 198
198 57
57 181
181 23
23 84
84 103
103 37
37 129
129 78
78 31
31 144
144 60
60 99
99 153
153 26
26 82
82 68
68 75
75 15
15 79
79 114
114 183
183 188
188 140
140 199
199
8 120
9 83
12 156
14 175
24 21
27 106
30 13
31 103
33 18
18 161
35 88
37 67
43 23
23 141
53 13
55 21
57 117
58 121
59 119
61 21
21 145
64 194
67 84
70 120
72 11
11 19
19 52
52 69
69 95
73 180
75 68
68 91
76 129
78 32
32 185
79 132
82 117
89 4
91 93
93 5
95 81
96 166
98 74
101 20
20 71
71 22
102 48
48 63
104 188
105 157
106 137
107 114
108 188
113 112
112 116
114 123
115 17
17 74
116 39
117 187
120 135
121 16
16 46
46 3
124 22
22 41
41 176
126 26
26 171
129 168
131 164
132 34
34 62
133 195
136 160
137 84
84 125
125 2
138 127
127 66
66 29
29 97
97 134
134 80
80 123
123 195
140 135
141 49
49 119
119 178
145 109
109 192
149 143
143 15
153 87
157 51
51 65
65 15
15 38
38 50
50 83
83 60
60 151
151 6
6 176
158 42
42 103
159 178
160 187
162 3
3 150
165 40
40 47
166 99
168 5
5 87
169 139
171 164
164 92
92 7
7 86
173 122
175 122
176 147
177 63
63 146
146 28
178 13
13 94
180 182
182 111
111 172
183 103
103 44
44 185
185 100
186 25
187 184
184 139
139 118
118 1
1 150
150 163
188 4
4 56
56 144
144 130
130 181
181 161
161 28
190 122
191 45
45 193
192 135
135 170
193 174
174 10
10 81
81 147
147 47
194 170
170 154
154 110
110 122
122 2
2 36
36 85
85 189
189 128
195 99
196 142
142 88
198 28
28 74
74 39
39 90
90 156
156 148
148 100
100 167
167 163
163 86
86 197
197 94
94 155
155 47
47 77
77 172
172 99
99 152
152 54
54 62
62 25
25 128
128 88
88 87
87 179
179 199
199
2 112
8 27
10 137
16 1
17 152
19 166
21 7
24 104
32 9
34 92
35 134
37 140
43 120
45 128
51 31
31 186
53 124
55 33
33 104
57 44
44 194
59 29
65 83
66 62
62 41
41 60
67 139
68 23
23 49
70 27
76 49
49 133
82 29
29 125
87 156
89 181
91 15
96 144
97 20
20 113
98 114
101 117
102 99
106 113
107 163
108 150
111 81
112 12
12 60
113 54
54 140
114 11
117 81
118 56
119 27
27 100
120 77
121 172
122 5
5 69
69 142
123 186
124 11
128 1
131 139
134 105
135 63
136 95
95 78
78 80
138 30
30 100
139 85
85 192
140 13
143 144
144 77
145 178
147 154
148 175
150 15
151 36
36 194
153 58
155 15
156 132
158 11
159 132
160 64
64 137
162 185
163 14
164 187
165 104
104 83
83 130
166 115
167 92
92 184
170 26
26 110
110 6
6 3
3 190
171 50
50 52
172 149
149 174
173 127
175 84
177 127
127 60
60 93
178 90
90 187
179 81
81 48
181 142
142 152
152 146
146 14
14 40
40 116
116 9
9 52
52 105
105 25
25 79
79 125
125 47
183 180
180 61
61 56
56 174
174 39
39 42
184 161
185 46
46 73
73 38
189 109
190 74
74 71
71 176
176 99
191 1
1 80
80 126
126 192
192 42
42 132
132 75
75 47
47 141
141 100
193 94
94 28
28 11
11 7
7 133
133 48
48 109
109 84
194 115
115 15
15 187
187 13
195 13
13 99
99 154
154 169
196 86
86 77
77 129
129 93
93 169
197 72
72 157
157 100
100 4
4 58
58 38
38 199
198 84
84 63
63 161
161 188
188 168
168 130
130 22
22 137
137 103
103 88
88 169
169 186
186 182
182 18
18 199
199
1 87
2 149
3 60
7 21
8 186
11 191
13 139
15 145
16 6
17 53
19 83
23 115
31 123
32 81
36 188
38 86
39 170
43 115
44 40
48 114
50 67
51 191
52 72
53 173
56 94
57 64
59 138
60 25
25 113
63 20
20 168
65 198
66 22
71 113
72 158
73 91
76 151
77 149
95 127
96 117
97 137
105 27
106 79
107 4
108 47
47 24
109 40
113 89
89 189
114 90
90 121
116 120
122 35
123 33
124 183
125 26
26 5
5 166
127 40
40 100
100 9
128 98
98 4
129 34
34 126
130 82
131 94
136 188
139 112
140 80
80 82
82 81
143 4
144 191
146 132
149 147
147 148
151 24
24 180
153 29
155 183
156 137
137 67
158 78
78 121
121 58
58 55
55 183
159 9
9 103
103 145
145 83
83 192
160 168
161 88
162 93
93 45
163 10
170 18
171 74
172 185
173 45
175 117
117 119
119 29
177 111
178 42
179 61
61 35
180 28
181 4
182 30
30 174
174 81
81 75
183 4
184 18
18 69
69 42
42 12
12 49
49 126
126 134
185 199
186 132
187 88
88 70
70 28
28 29
29 154
154 166
188 112
112 85
85 14
14 132
132 33
189 152
152 169
169 134
134 102
190 74
74 84
84 176
176 35
35 86
86 79
79 68
68 4
4 91
91 148
148 141
141 168
168 62
62 118
118 33
33 54
54 120
120 87
87 192
193 37
37 102
194 101
101 110
110 164
195 115
115 133
133 167
167 99
99 21
21 165
165 27
27 45
45 150
196 142
142 67
67 10
10 102
102 92
197 111
111 6
6 22
22 157
157 104
104 192
192 135
135 150
150 46
198 191
191 166
166 138
138 46
46 75
75 94
94 164
164 92
92 41
41 64
64 199
