5
1999
3 1248
6 1223
9 1663
12 360
14 1607
15 530
16 847
21 1010
25 733
28 947
32 1077
34 821
35 674
39 1017
40 967
45 430
50 529
51 1012
52 148
53 719
54 293
55 609
57 1047
58 582
60 142
66 1280
67 1530
68 717
69 70
70 746
71 1874
75 218
76 205
77 1498
80 1185
90 1026
94 711
95 385
98 1165
99 277
104 487
106 302
109 820
113 506
121 242
124 142
127 378
128 1882
133 692
134 924
138 1205
141 323
147 1971
150 329
151 902
157 1740
163 1504
169 1752
171 1793
174 845
176 643
177 1876
178 841
180 1528
182 1207
185 1799
187 1066
188 173
189 1356
190 1113
191 1573
192 801
194 1359
200 605
201 353
205 1076
206 849
210 1139
211 1533
214 1225
216 1204
219 1719
225 414
226 716
227 1962
228 612
229 1807
231 562
233 1395
235 1231
236 730
238 1422
241 667
243 63
244 413
245 296
249 1271
253 962
254 1781
257 1844
260 1225
264 843
271 1497
272 815
275 1178
281 223
282 292
283 1912
284 1125
285 1397
288 7
289 1896
300 1532
301 242
309 547
322 596
323 1684
326 1249
331 1102
335 1109
337 1606
340 661
346 629
348 729
350 1495
355 1601
358 1999
362 304
363 1647
364 987
366 731
370 262
374 466
375 27
378 357
379 500
381 105
105 47
387 968
388 1572
389 1943
390 1705
391 618
392 1784
394 670
397 860
398 957
401 1763
406 1948
407 382
408 114
114 917
411 1369
413 1236
415 541
416 1791
417 1363
418 1373
419 1695
421 1298
424 1737
426 580
432 1295
433 1823
435 764
439 434
444 1389
445 333
333 314
314 634
449 1267
452 81
454 1400
455 1873
456 983
457 1627
462 569
463 638
465 1773
466 1303
468 193
472 1580
473 1971
475 923
478 1976
489 840
491 1586
495 1860
501 145
503 414
414 436
505 23
506 402
509 48
48 1024
512 1393
513 1327
516 88
517 1785
518 1107
519 162
162 329
520 1819
524 1154
526 740
527 597
529 767
531 181
181 458
458 764
534 1376
536 1920
537 1452
539 1225
542 1241
544 7
548 1766
550 1916
552 1029
556 1367
557 1733
559 1251
561 436
436 274
562 1747
565 1766
566 1370
567 1869
568 446
569 1127
571 1951
576 508
508 306
584 339
339 959
591 1682
607 1736
610 78
78 265
611 1760
612 1258
613 170
614 1949
615 663
616 1926
619 1082
621 74
74 1451
624 690
627 1492
628 1463
631 156
632 474
474 883
636 441
441 1163
637 1669
640 626
641 1023
642 974
644 515
645 1950
648 1688
649 293
293 195
195 1686
650 116
652 1830
653 1379
656 1996
666 92
92 1867
667 1287
668 166
166 766
670 1842
674 1797
678 1935
684 120
120 221
689 259
693 88
694 968
695 464
701 1143
706 521
707 1233
709 1191
710 1656
714 1391
715 688
688 332
332 920
716 274
274 1124
719 423
423 1055
721 578
725 499
499 663
730 654
732 1510
733 1220
734 215
215 1033
735 13
738 1330
740 1514
741 1386
743 480
744 1534
748 1880
749 825
750 737
737 1
753 691
754 438
756 848
757 1445
759 864
761 1306
762 497
497 1129
763 1846
767 538
538 164
770 1503
774 1165
775 1550
777 307
779 742
784 1222
786 1630
788 368
791 1488
796 1189
798 502
502 1947
800 1617
801 1663
804 1793
807 1846
808 789
811 239
239 1340
813 19
19 1955
814 1753
815 148
148 179
816 1367
825 1151
827 1394
829 580
830 580
580 1862
833 143
143 496
496 699
699 204
834 1667
836 1529
838 1368
839 901
840 1465
842 1051
844 1335
846 1547
847 1518
849 532
532 97
851 679
852 1979
854 1144
856 1049
861 1263
864 1634
869 1002
870 908
872 431
874 1143
876 130
130 1494
880 384
883 853
888 772
772 1767
891 1002
893 1586
897 1029
898 885
904 460
460 33
33 159
905 368
368 498
908 1225
909 1735
910 900
900 662
912 184
914 1658
915 1566
918 1099
923 1767
925 955
930 962
931 353
932 116
934 646
935 593
941 1775
942 1107
943 1611
944 1808
945 1794
946 1430
949 396
396 290
950 535
951 731
731 986
953 1577
954 1272
955 115
958 1078
960 262
963 1864
964 1443
965 928
966 129
129 913
913 961
961 1689
969 884
970 1782
972 521
521 1702
973 1752
975 1337
976 820
820 982
978 1904
984 1450
986 1889
987 1921
994 1899
995 1905
996 325
1000 154
154 1223
1001 1797
1002 595
595 1164
1006 1331
1008 352
1009 1885
1011 167
1012 1305
1017 511
511 1602
1018 575
1024 1688
1026 885
885 1608
1028 1992
1029 1773
1030 27
1032 1286
1033 799
799 1815
1035 371
371 1485
1037 1974
1038 890
1041 1036
1036 250
250 1432
1051 771
1062 1643
1063 1551
1067 1870
1068 1193
1072 93
93 347
1077 1123
1078 1468
1079 947
947 1863
1083 1389
1086 795
1087 821
821 936
936 658
1095 30
30 713
713 1823
1098 1816
1100 1511
1103 604
1105 1370
1106 1220
1107 1610
1118 1770
1120 1352
1122 112
112 440
1124 373
373 43
1125 1610
1128 1887
1131 1832
1132 1161
1134 812
1135 690
1136 1907
1137 276
276 118
118 213
1140 1830
1141 1251
1142 771
771 1897
1143 1401
1144 1066
1145 357
1147 108
1148 1329
1149 2
2 1927
1151 470
1152 902
1153 601
1155 722
722 345
1157 853
853 302
1159 1801
1160 1600
1161 1984
1162 481
1168 1411
1171 1586
1172 1953
1173 1526
1174 1606
1175 655
655 1835
1181 1511
1182 1523
1184 797
1185 1334
1186 84
1187 855
855 618
1189 1759
1190 1686
1191 342
342 589
589 338
338 273
273 599
1192 1315
1199 447
1200 1403
1203 617
617 797
797 690
690 43
1205 1597
1207 1671
1208 349
349 325
325 319
319 144
144 47
1209 278
1211 422
1212 494
1213 805
805 1215
1214 604
604 1586
1217 871
871 1210
1210 620
620 1021
1219 712
712 164
164 560
560 175
175 563
563 1390
1221 84
1222 1972
1226 1422
1227 1973
1229 711
711 979
1233 1127
1237 1324
1239 1355
1240 1088
1088 1771
1242 881
881 579
1246 504
1247 476
476 776
776 1267
1248 704
704 1871
1250 1048
1048 922
1251 676
676 65
65 1730
1254 1094
1094 1411
1256 1679
1257 1605
1258 906
906 47
1260 578
1267 1599
1268 1309
1270 1045
1272 824
1273 1987
1276 1682
1277 1396
1280 1027
1027 1707
1282 173
173 1302
1286 1527
1287 1480
1288 1014
1289 1622
1290 492
1293 377
377 153
153 24
24 747
747 1114
1294 89
89 1790
1296 952
1299 1015
1015 1269
1302 679
679 234
234 237
1304 1561
1307 1178
1178 1647
1312 255
1315 1263
1317 1193
1319 246
1321 1593
1323 365
1325 920
1327 1464
1328 646
1329 429
429 1608
1330 86
1332 354
354 862
1333 1163
1334 1353
1335 677
1336 488
488 1981
1339 367
367 86
1340 1731
1341 248
248 1311
1344 988
1347 1096
1096 525
1348 629
629 255
1349 100
100 313
313 268
268 1071
1350 1073
1354 1003
1003 212
1355 1535
1356 1129
1129 383
383 1628
1358 256
256 1301
1361 498
498 1928
1362 1436
1365 602
602 1308
1308 760
760 1045
1366 73
73 1266
1367 18
18 664
1369 1156
1370 1377
1376 1
1 428
428 1491
1378 1478
1379 1022
1380 795
1381 1887
1384 1314
1314 1252
1387 1076
1388 1570
1389 682
682 315
1390 587
1393 101
1394 1166
1395 663
663 1943
1398 1698
1399 1353
1353 467
467 404
404 1736
1401 1509
1402 843
843 817
1403 1524
1406 380
380 1454
1408 1806
1410 1275
1412 1375
1413 1232
1417 1243
1418 1400
1419 1787
1422 1734
1423 792
792 1807
1425 1313
1427 224
1431 1150
1150 1243
1243 1121
1121 522
1432 311
1433 1297
1436 183
1437 208
208 97
97 1663
1439 321
321 242
242 22
22 59
59 1300
1300 23
23 634
634 137
1440 46
1442 1065
1065 832
1443 11
11 431
1445 1055
1449 573
573 1946
1450 593
593 1180
1180 768
768 1305
1452 1537
1454 660
1457 1624
1458 1420
1420 1677
1460 1451
1461 1836
1462 425
1463 681
681 1324
1465 1127
1127 575
1468 298
1470 1609
1471 7
7 845
845 727
1472 1724
1473 594
1474 1538
1475 1556
1476 1971
1478 822
1480 230
230 983
1482 1158
1158 1845
1483 962
962 1623
1485 959
959 327
327 1284
1486 1453
1487 1262
1262 623
1490 504
504 587
587 993
1493 696
696 82
82 1025
1025 482
1495 1979
1497 1236
1236 1167
1498 131
131 1345
1345 1970
1502 402
402 223
223 1777
1504 546
1506 1800
1513 603
1515 765
1516 937
1517 926
926 448
448 1778
1518 1946
1519 1929
1520 13
13 487
487 1921
1522 37
1523 312
1524 590
1525 862
1526 1586
1527 875
1528 304
304 1636
1532 81
81 1183
1183 746
746 305
1537 451
451 1496
1496 56
56 434
1538 1848
1540 425
1542 1303
1303 794
794 605
605 1241
1241 1385
1385 88
1543 1786
1544 705
705 1255
1255 1746
1550 1343
1552 431
431 1987
1554 1915
1557 1099
1099 1477
1477 1249
1558 1005
1559 1632
1560 1400
1563 1193
1193 977
977 535
535 884
884 287
287 1741
1565 265
1567 442
442 1955
1568 790
1570 1054
1572 937
937 1322
1573 979
979 685
1574 403
403 1534
1534 1438
1575 1757
1576 1727
1577 1061
1578 405
405 622
1579 167
167 1311
1580 1386
1582 718
1583 1529
1584 581
581 384
384 575
1587 1326
1326 1848
1588 1892
1589 803
1590 481
481 1687
1591 477
477 47
47 1421
1592 549
549 606
606 132
132 1232
1593 1531
1595 625
625 158
1596 1076
1598 997
1602 582
1603 1020
1020 1687
1604 609
609 582
1607 369
369 1736
1608 1571
1609 1586
1586 1091
1091 117
117 1231
1231 1651
1610 903
1615 1640
1616 1795
1618 1539
1621 492
492 886
886 1421
1421 1351
1351 450
450 802
1623 1266
1266 1736
1625 1541
1626 1701
1631 691
1636 1295
1637 968
1640 447
1641 1722
1642 782
782 1713
1643 683
683 307
1645 184
184 739
1646 86
86 1653
1647 1054
1648 1853
1650 265
1654 116
116 1235
1235 1055
1055 88
88 553
553 305
305 1774
1655 692
692 1763
1656 608
608 1819
1659 1999
1660 1464
1464 907
1661 1743
1662 1760
1663 1364
1364 1600
1665 1546
1546 992
992 933
1666 890
890 316
316 672
672 1346
1346 1082
1082 1861
1669 1322
1322 1715
1670 1503
1503 916
916 1725
1672 158
1673 1216
1674 1818
1675 1687
1676 1978
1677 687
687 1338
1338 1634
1634 1039
1039 1548
1548 1459
1459 848
848 1188
1188 400
400 277
1679 574
574 213
1680 618
618 1942
1681 1416
1416 1653
1653 1232
1232 785
785 393
1682 1101
1101 1447
1683 1117
1117 1320
1320 564
564 1074
1684 828
1685 659
659 1310
1686 1075
1075 1729
1687 582
582 669
669 728
1688 399
1690 1505
1691 87
87 1164
1692 1828
1693 773
773 145
1694 879
879 1869
1695 262
262 126
126 1166
1166 1071
1696 1993
1698 1884
1699 1923
1700 1599
1599 795
795 1783
1704 62
62 1512
1512 940
1705 443
1706 1795
1707 1197
1197 294
1708 1507
1507 1553
1709 933
933 1292
1711 1377
1714 1284
1284 857
857 425
425 1514
1514 720
1715 956
956 1539
1716 111
111 1566
1566 547
547 718
718 280
280 222
1720 318
318 577
1721 1044
1722 865
865 1252
1252 1019
1723 409
1725 159
159 447
447 1736
1727 1883
1728 572
1729 1163
1163 1967
1730 1971
1732 982
1733 222
222 1194
1194 347
1734 399
1735 533
533 1622
1622 579
579 459
1736 723
1739 1649
1740 551
551 1993
1741 739
1742 1970
1743 596
596 160
1746 269
269 1539
1747 139
139 697
697 1718
1718 1114
1748 232
232 894
1749 1123
1123 1824
1750 490
490 1992
1751 1441
1441 1014
1014 892
1752 1116
1753 220
220 1019
1019 1893
1754 982
1755 867
867 1004
1757 352
1758 633
1759 279
279 1466
1760 1368
1368 1179
1762 702
702 790
1763 1768
1766 1281
1281 1061
1767 224
224 356
356 928
1768 806
806 691
691 320
320 1765
1765 1031
1769 660
1772 1993
1773 980
980 1479
1479 430
430 1872
1774 1771
1771 145
1775 278
278 1764
1764 1671
1671 1633
1633 1108
1108 149
149 1164
1776 1090
1090 1605
1605 122
122 626
626 461
461 675
1778 1392
1392 657
657 79
1780 102
1781 1796
1782 859
1783 603
1784 826
826 983
983 1405
1785 1016
1016 1870
1786 1899
1787 1042
1042 385
385 246
246 1521
1521 993
1789 1652
1652 345
345 115
115 1046
1790 903
1791 142
1793 37
1796 360
1797 1627
1627 341
341 724
724 1561
1561 1701
1701 1081
1081 717
717 1404
1404 1073
1073 1234
1798 336
336 982
982 1447
1447 592
1799 494
494 1085
1085 31
31 938
938 543
543 1023
1023 878
1802 255
255 1005
1005 1092
1803 307
307 1064
1064 1298
1298 1438
1804 812
812 875
1805 1061
1808 453
453 1167
1809 1864
1810 661
1811 1057
1057 858
858 1170
1170 1800
1800 700
700 125
125 1230
1230 1466
1466 1511
1511 1535
1535 728
1813 1179
1179 1927
1815 1617
1617 1220
1220 1040
1816 1169
1817 146
146 1295
1295 1198
1198 1116
1116 1571
1571 1510
1818 1342
1820 1415
1415 351
351 903
903 1509
1509 1301
1301 101
101 1954
1821 1874
1822 464
1823 1004
1824 296
296 344
1827 1779
1828 633
633 1597
1597 1770
1770 36
36 647
647 183
183 1074
1829 84
84 873
873 297
297 1861
1830 1837
1831 896
896 1657
1657 790
790 766
766 1456
1832 525
525 726
726 664
664 745
745 1060
1833 266
266 1059
1059 1529
1529 957
957 600
1835 64
64 135
135 1176
1176 155
155 1076
1076 247
247 1562
1562 540
540 1710
1710 787
787 1031
1031 198
1837 1043
1838 736
736 1836
1836 27
1840 1841
1841 179
179 622
622 598
598 920
920 651
1842 108
108 1372
1843 578
1846 485
485 1564
1847 1488
1849 493
493 887
1850 1947
1851 1492
1853 603
603 752
752 303
303 203
203 577
1854 1007
1007 1547
1547 1337
1337 887
887 1902
1855 1499
1499 974
1856 875
875 1374
1374 1977
1857 1612
1612 160
160 1619
1858 1697
1697 819
819 221
221 523
523 1352
1352 1826
1826 1383
1859 137
1860 1467
1862 755
1863 1957
1864 1974
1866 1405
1867 295
295 438
1869 765
765 4
4 1238
1870 359
1871 1975
1872 698
698 924
924 1467
1873 1146
1146 343
343 1819
1874 1133
1133 1167
1875 1530
1530 1914
1876 103
103 1895
1878 308
308 588
588 1971
1879 998
1880 372
1882 1050
1050 372
372 837
837 212
212 1195
1884 1318
1318 1040
1040 630
1885 764
764 72
72 1702
1702 597
597 357
357 1372
1372 61
61 1925
1886 218
1887 302
1890 1505
1505 1396
1396 172
172 209
209 152
1891 1489
1894 1971
1895 1228
1228 27
1896 261
261 1919
1897 623
1898 832
832 572
572 1053
1053 170
170 1310
1310 1658
1658 1371
1371 1111
1111 1400
1900 545
545 298
298 26
1902 720
720 921
921 1451
1903 1215
1215 1614
1614 1999
1904 892
892 585
1905 38
38 1893
1893 555
1906 1737
1737 1569
1569 600
600 202
1909 277
277 1049
1910 265
265 193
193 1047
1047 1456
1456 1974
1911 1689
1689 866
866 1632
1912 1138
1138 658
658 1291
1291 161
161 1868
1913 665
665 1342
1342 1444
1444 420
420 781
781 1788
1788 438
438 1446
1446 1731
1731 894
894 1375
1375 1664
1664 500
1915 989
1916 673
673 1585
1585 639
1917 1942
1918 1271
1271 1985
1919 1985
1920 315
315 778
778 1613
1613 686
686 1279
1279 911
911 727
727 590
590 1969
1921 136
136 1253
1922 43
43 1409
1409 1430
1430 1357
1923 541
541 1264
1264 446
446 102
102 1883
1883 922
922 1555
1555 1238
1238 1861
1861 974
974 85
85 137
137 755
755 1089
1089 1043
1924 878
878 1411
1411 360
360 1225
1225 1489
1489 1881
1881 27
27 1201
1201 1097
1925 1724
1926 630
630 1383
1383 967
967 919
919 1435
1435 267
267 1265
1265 1156
1156 1092
1927 1195
1195 353
1929 1223
1223 1601
1601 1097
1097 577
577 708
1930 703
703 817
817 575
1931 998
998 1274
1274 1819
1819 107
107 344
344 1834
1834 1058
1058 510
1932 427
427 1500
1500 1644
1644 1983
1934 877
1935 213
1936 1969
1938 1013
1939 1628
1628 863
863 1070
1940 329
1941 1426
1426 1377
1942 999
999 286
286 1703
1703 123
123 42
1943 1405
1405 359
359 639
639 1619
1619 29
29 386
386 1386
1386 1382
1382 739
1944 780
1945 1119
1119 237
237 1508
1508 1494
1494 140
140 434
434 46
1946 1792
1792 1744
1744 199
1947 1397
1397 1600
1600 971
971 1868
1868 1814
1814 643
643 199
199 1564
1949 1253
1253 258
258 1620
1620 948
1951 1667
1667 1021
1021 186
186 1164
1164 207
207 780
780 510
510 1049
1049 197
197 514
514 1649
1649 365
365 1169
1952 347
347 1987
1953 1908
1908 294
1954 500
500 1967
1955 1907
1907 1196
1196 1624
1624 361
361 1761
1956 528
528 334
334 1045
1957 1844
1844 1564
1564 968
968 1581
1581 809
809 218
218 464
464 1966
1959 252
252 831
831 1391
1391 1306
1306 42
1960 1845
1845 63
63 382
1961 997
1962 1964
1963 1801
1964 480
480 328
1965 570
570 1888
1888 1109
1109 601
601 882
882 1285
1285 1428
1428 522
522 299
299 758
1966 708
708 1928
1928 1501
1501 530
530 929
929 440
1967 599
1968 585
585 1305
1305 1481
1481 41
41 49
49 1139
1139 555
555 1901
1901 311
311 828
828 1249
1969 353
353 1269
1269 270
270 1448
1448 440
1970 1779
1971 661
661 37
37 1414
1414 1013
1013 677
677 1491
1491 1022
1022 471
471 993
993 1761
1761 1974
1972 578
578 1324
1324 635
635 217
217 1611
1611 1343
1343 292
292 1933
1933 680
680 1556
1556 1263
1263 662
662 1606
1606 294
294 483
483 952
952 1177
1177 422
422 1126
1126 592
592 1110
1110 1245
1245 110
110 1545
1973 1043
1043 198
198 1801
1974 145
1975 156
156 412
412 17
1976 1169
1169 1638
1638 981
1977 437
437 769
769 895
895 1632
1632 1726
1726 623
623 330
1978 1113
1113 91
91 482
482 8
8 1453
1453 1216
1216 1541
1541 470
470 675
675 868
868 940
1979 79
79 1130
1130 1719
1719 783
783 1084
1084 1678
1678 917
917 329
329 213
213 168
168 1531
1531 1056
1056 990
990 1630
1980 1224
1981 1292
1982 638
638 583
583 729
729 142
142 1357
1357 202
202 1316
1983 1400
1400 899
899 310
1984 927
927 803
803 1309
1309 1434
1434 991
991 1756
1756 948
948 824
824 1877
1877 1044
1044 1852
1852 554
554 1359
1359 42
42 1010
1010 1630
1630 1313
1313 1795
1795 1668
1668 1724
1724 165
165 1892
1892 822
822 1812
1812 789
789 1429
1429 1651
1651 558
558 1261
1261 459
1985 1316
1316 660
660 1950
1950 1069
1986 459
459 1154
1154 646
646 1202
1202 1104
1987 1034
1034 739
739 1061
1061 1167
1167 1046
1046 1469
1469 1297
1297 1839
1839 1993
1988 793
793 44
44 306
1989 1292
1292 1717
1717 889
889 594
594 1889
1889 1467
1467 302
1991 671
671 1553
1553 1825
1825 1848
1848 376
376 1455
1992 1363
1363 259
259 306
306 1990
1990 1052
1052 981
981 1069
1069 312
312 1777
1777 251
251 290
1993 10
10 1373
1373 928
928 1713
1713 26
1994 1066
1066 654
654 1278
1278 1533
1533 1218
1218 263
263 802
802 291
291 1899
1899 440
440 324
324 1738
1738 823
823 399
399 586
586 1451
1451 158
158 1249
1249 395
395 1551
1551 1937
1937 1102
1102 742
742 152
152 1594
1594 328
328 1060
1060 1311
1311 546
546 1806
1806 1104
1104 723
723 651
651 1004
1004 1948
1995 1948
1948 989
989 1639
1639 145
145 1545
1545 1424
1424 988
1996 1080
1080 1801
1801 685
685 758
758 352
352 1206
1206 1045
1997 1115
1115 1488
1488 443
443 1283
1283 410
410 850
850 1807
1807 484
484 1779
1779 841
841 1510
1510 835
835 5
5 1054
1054 393
393 901
901 479
479 1071
1071 1635
1635 507
1998 1244
1244 1092
1092 317
317 1204
1204 1794
1794 939
939 599
599 985
985 469
469 83
83 728
728 382
382 1438
1438 902
902 20
20 862
862 1914
1914 17
17 907
907 818
818 302
302 409
409 1865
1865 988
988 310
310 290
290 1275
1275 1360
1360 810
810 1745
1745 330
330 1549
1549 204
204 751
751 1234
1234 860
860 575
575 859
859 1331
1331 940
940 507
507 1492
1492 1629
1629 1539
1539 1165
1165 1712
1712 1259
1259 196
196 1070
1070 240
240 1455
1455 46
46 997
997 26
26 1045
1045 1074
1074 1536
1536 1377
1377 96
96 1484
1484 119
119 1112
1112 1224
1224 1958
1958 1407
1407 877
877 1093
1093 1114
1114 515
515 486
486 1999
1999
2 1694
14 962
15 1800
17 1538
20 1660
21 1446
22 1854
25 1013
27 1609
36 1163
37 368
38 1121
39 232
43 300
46 1439
49 213
50 292
55 1869
57 720
59 1612
60 1100
62 1938
67 1008
70 1873
72 222
73 1900
79 352
83 1056
88 468
91 1447
95 1736
99 1049
101 1515
105 777
106 1217
107 1882
109 902
110 1471
111 1891
112 328
116 774
118 1113
124 573
125 956
131 1034
134 1831
135 1166
136 565
137 976
138 181
141 1268
147 1143
152 1955
157 1333
160 464
164 84
84 517
166 1026
167 1782
169 1531
171 683
177 777
183 179
184 298
185 1729
188 69
189 592
190 1784
191 1992
198 1440
200 1949
204 1496
205 837
206 1870
211 835
213 1062
216 770
220 1978
221 1473
222 1158
225 1138
229 1442
232 480
233 209
209 678
234 506
235 1539
236 755
241 65
242 1570
247 1507
248 208
208 1235
250 1061
252 915
253 604
255 1623
257 1488
260 1637
263 1268
266 1439
271 1609
274 950
275 702
277 1061
280 370
281 1288
285 1381
287 1465
288 1331
289 1262
292 1933
294 1688
295 7
7 1164
296 1506
297 1419
298 1307
299 656
308 1393
309 1
1 1690
310 1924
312 413
314 1710
316 808
318 114
320 1075
322 1406
324 1593
325 1802
327 1578
328 1954
334 830
335 1316
337 579
341 1063
343 151
151 407
351 654
353 653
356 903
363 1976
364 1407
368 1369
376 203
379 1809
380 725
381 1158
382 120
386 1304
387 1275
389 562
392 86
86 1675
394 254
397 172
401 575
404 1584
406 1138
409 1815
410 1843
417 1527
419 9
9 18
18 485
420 748
421 170
427 688
429 813
430 1448
437 632
441 1742
443 390
445 1509
446 1672
447 1638
448 684
449 816
451 1883
452 1840
453 31
462 1296
463 1841
464 787
465 246
473 358
358 1448
475 139
476 3
477 1464
478 1806
480 526
486 673
488 1122
490 1443
491 686
495 1604
496 1624
497 668
499 1932
502 1491
503 776
506 1952
509 1325
510 733
511 1212
515 405
518 1788
521 1300
524 606
526 418
418 571
538 1305
543 32
544 1211
545 93
546 1631
552 868
553 1077
555 1888
559 707
561 1900
562 1195
572 725
573 632
574 594
578 1520
584 1346
585 172
586 1531
590 501
593 821
595 290
596 246
597 661
602 648
604 1083
605 319
319 1738
607 697
609 1107
610 355
355 1474
615 1675
617 1235
618 348
348 520
520 1634
619 300
625 1334
629 539
633 1210
634 537
537 1779
636 16
638 1446
639 533
642 1175
646 494
494 1246
647 1702
648 1731
651 1431
653 984
654 1221
655 1146
658 1227
666 1871
667 954
670 1143
672 606
673 1229
676 643
643 1818
677 1753
678 1717
681 155
682 254
684 1270
687 1193
688 764
689 372
691 668
693 251
698 78
700 217
217 1741
701 991
707 1355
708 616
709 737
712 1573
713 1836
714 1865
716 623
718 168
719 1732
721 1437
722 1533
723 954
724 115
726 97
729 748
730 1762
733 1750
736 1797
743 412
412 641
641 912
745 1813
746 732
732 1374
747 96
96 1899
749 484
752 87
753 587
754 967
757 1638
761 1795
766 1802
771 1701
772 885
774 1080
776 304
777 466
780 357
783 821
785 454
787 1496
789 458
791 760
793 1667
794 126
795 1672
796 1902
797 1409
798 1301
799 359
359 616
616 1668
800 175
175 1112
802 934
803 468
805 305
807 139
808 470
470 885
811 632
812 1360
814 1935
815 1573
821 69
69 1298
826 1358
834 468
468 432
432 1614
835 1705
836 1340
837 12
12 1014
841 1954
843 344
344 1181
845 5
5 1141
847 1644
850 1429
851 702
852 1724
854 705
705 1362
856 920
858 513
513 1847
860 1178
867 839
868 575
869 989
870 665
872 1734
873 1173
877 1977
881 1137
882 1854
884 1783
885 123
886 268
887 1038
889 624
893 710
895 329
896 467
898 1076
899 1447
900 1193
902 311
904 581
910 706
916 1573
918 323
919 1126
924 1072
926 894
930 1624
932 750
750 1754
934 542
935 1569
939 128
128 632
940 1579
943 1706
944 1124
946 1727
953 1320
955 90
962 303
303 1504
964 1814
966 1712
967 162
968 1836
969 828
828 782
971 159
159 717
717 117
976 768
978 307
979 1474
980 842
981 1446
983 862
984 1419
985 1900
986 1195
990 694
694 781
781 1090
991 326
992 1762
995 413
999 1156
1000 846
1001 788
1004 331
331 519
1006 588
1008 484
484 1743
1016 307
307 100
100 1488
1018 1493
1019 1150
1022 631
631 1620
1024 1886
1032 1276
1036 1186
1037 608
1042 317
317 909
909 1340
1048 965
1050 19
19 748
748 367
367 461
461 1853
1053 897
1054 1228
1057 345
1058 1430
1059 697
1062 330
330 361
1063 197
197 758
758 516
516 1199
1064 1838
1065 1361
1066 115
115 508
508 1417
1067 765
1068 923
1070 1546
1071 1744
1072 1929
1077 1416
1078 575
575 1695
1081 547
1083 1802
1084 875
1086 172
172 1640
1087 388
388 120
1089 182
182 1998
1090 957
957 90
1091 1033
1033 1615
1095 1173
1098 1357
1099 1471
1100 1484
1101 769
769 305
1102 52
52 686
1105 659
659 1270
1110 1532
1114 1773
1115 302
302 1286
1117 434
434 63
1120 897
1123 640
1124 560
560 823
823 1080
1125 1495
1126 825
825 1080
1127 82
1128 156
1129 1378
1133 679
679 165
165 460
460 1222
1137 1034
1140 1337
1142 127
127 481
1144 1419
1145 1279
1147 407
1149 613
1152 1405
1153 1190
1154 1797
1155 466
1156 936
1158 1441
1160 614
1161 1704
1162 1340
1164 1334
1165 536
536 228
228 1103
1103 764
1167 1525
1168 1259
1171 1968
1172 668
1173 1940
1174 1526
1175 1246
1177 396
1180 357
357 504
1181 1388
1184 336
1187 1109
1109 1779
1190 1044
1192 551
551 1766
1194 862
862 284
1195 1801
1196 1286
1197 1205
1198 959
959 1055
1199 336
336 1274
1202 532
532 214
214 1508
1206 1723
1208 178
178 1643
1209 581
1210 741
741 600
1211 1923
1213 961
1214 804
804 1393
1215 290
290 706
1217 1643
1219 97
1220 891
891 74
1221 1694
1223 393
393 1107
1227 1121
1228 1134
1230 1792
1232 1025
1235 1622
1236 1007
1247 1183
1249 1150
1252 657
657 972
1253 415
415 600
600 408
408 1562
1257 48
1260 1185
1185 1429
1261 739
1262 1388
1265 1620
1266 695
1268 375
375 1106
1106 1060
1060 680
680 1021
1021 950
950 399
399 1290
1269 1912
1271 644
644 1306
1272 507
1274 1525
1275 770
770 952
952 1766
1280 498
1281 1339
1284 888
1285 1107
1107 119
1286 855
1287 65
65 827
1289 923
923 530
1290 1141
1141 1237
1237 501
501 936
936 1135
1291 1267
1267 108
108 996
1292 533
533 650
1294 626
626 972
972 1436
1301 133
133 1139
1139 973
1302 391
1304 1337
1305 1163
1309 144
144 1571
1311 102
102 1849
1312 457
1313 928
1315 903
1316 989
1319 1791
1325 1169
1328 1255
1331 1591
1333 370
370 423
423 880
880 993
993 831
831 1805
1335 1012
1338 219
1339 974
974 525
1341 671
671 540
1344 1869
1346 130
130 104
104 300
1348 1809
1351 1278
1353 212
1358 897
1362 207
1365 844
1368 958
958 1490
1370 1387
1372 1130
1130 1323
1323 987
987 1379
1374 1733
1377 492
492 786
786 635
635 801
1379 961
961 612
612 765
1380 1025
1382 1414
1384 26
1385 149
149 1759
1386 390
390 1218
1387 1332
1332 1586
1388 948
1395 1729
1397 1354
1399 1759
1401 1549
1402 1720
1404 1876
1405 349
1406 23
23 1635
1409 973
973 1118
1412 1581
1414 832
832 1449
1416 1041
1418 481
481 1121
1421 1654
1422 1011
1423 697
697 63
1428 565
565 113
113 1680
1429 323
1430 1662
1432 523
523 1910
1433 373
373 628
628 1857
1434 291
291 1258
1258 1713
1435 558
558 1097
1436 970
970 64
1437 1511
1438 632
1439 32
32 1683
1441 256
256 1324
1324 1276
1276 842
1442 270
270 489
1443 1336
1336 1462
1445 527
527 1178
1178 286
1448 1218
1449 311
311 514
1450 965
1452 4
1453 1244
1455 1956
1456 61
1459 1874
1460 728
1461 576
576 1629
1462 1654
1465 1483
1466 1712
1467 871
871 413
413 1644
1468 383
1470 1627
1471 1602
1472 1588
1474 269
269 632
632 1049
1049 554
1475 153
153 620
620 1308
1476 1359
1477 346
346 268
1478 1535
1479 1051
1051 1645
1481 345
1483 75
75 1043
1486 199
1487 176
176 422
422 1716
1489 1045
1045 174
1490 244
244 249
249 1935
1492 1288
1496 1734
1497 914
1498 685
1499 704
704 1951
1501 996
996 1607
1503 1824
1506 1356
1356 1552
1507 1043
1043 1189
1189 1861
1508 1342
1342 1394
1394 1132
1509 87
87 304
1510 725
1511 1047
1047 1890
1513 525
1514 1288
1288 1321
1516 219
219 163
1518 912
912 1615
1519 122
122 1207
1520 1239
1521 903
903 517
517 1923
1525 1246
1246 1967
1528 293
293 1347
1347 1595
1530 436
436 1131
1131 1915
1533 1832
1537 1864
1538 525
1539 215
215 143
1544 914
914 440
1547 1795
1549 1200
1200 975
1550 433
1552 1862
1553 145
1554 740
1555 1238
1238 1245
1245 1650
1558 315
1559 1536
1536 243
243 603
1562 1041
1563 624
624 1819
1564 1698
1565 756
1566 90
90 1635
1567 938
1568 1905
1571 402
1572 1376
1573 1310
1310 1543
1574 1417
1417 1020
1577 582
1578 589
1580 145
145 28
28 42
1581 630
630 1603
1585 514
514 1011
1586 4
1588 1485
1485 857
857 264
1589 1151
1151 398
398 650
650 1655
1591 403
403 1817
1592 1464
1593 613
1596 1970
1597 66
1598 1755
1602 731
1603 1233
1604 1576
1576 121
121 1631
1607 778
778 1273
1273 818
818 31
31 529
1608 1709
1609 570
570 161
161 764
764 180
180 1890
1610 813
1612 1654
1614 611
1616 435
435 1170
1617 1972
1618 751
1619 1752
1620 339
339 129
129 1035
1035 396
1621 1952
1622 1949
1623 954
1624 1345
1628 354
1629 1677
1631 951
1632 338
1633 1482
1637 1361
1361 93
93 1923
1638 286
286 1875
1639 512
512 231
1641 1046
1642 563
563 201
201 549
549 143
1644 1279
1645 402
402 1921
1646 1702
1650 1413
1651 8
8 1944
1656 1044
1657 1104
1658 740
1659 725
725 47
1662 997
997 1546
1664 1389
1665 1793
1668 1990
1669 539
1670 1446
1671 1073
1073 1491
1491 1440
1675 782
1679 1690
1680 922
1683 1015
1684 374
374 411
411 866
866 1143
1143 223
1685 154
154 1725
1690 1170
1170 1493
1493 1427
1427 1240
1240 1702
1691 1970
1692 47
1694 1548
1548 1505
1505 1085
1695 1357
1357 1318
1318 1188
1188 1584
1697 1345
1698 806
1700 1009
1701 1046
1046 1010
1704 1186
1186 1941
1705 239
1706 143
143 395
395 1915
1707 227
1708 1321
1321 849
1709 226
226 614
1710 1744
1711 1748
1713 1755
1714 865
1715 1464
1464 150
150 1079
1716 1420
1420 956
1718 1183
1183 1512
1722 1699
1699 1364
1723 908
908 937
1724 963
963 599
1728 1191
1191 305
1729 1278
1730 1681
1731 1900
1732 1373
1373 554
554 366
1733 1512
1512 1169
1169 921
921 1964
1735 142
1739 1980
1740 384
384 1396
1741 1522
1742 525
525 663
663 1293
1293 1523
1523 1738
1743 63
1745 505
1747 816
1748 163
163 1575
1575 1044
1044 223
1749 48
1750 479
479 170
170 942
942 1113
1113 1734
1734 333
333 1231
1751 809
809 879
879 1635
1752 1703
1753 459
1754 24
1755 938
938 487
1756 686
686 1721
1721 485
485 261
261 469
469 1279
1757 1677
1677 819
819 1298
1298 1403
1758 1776
1760 26
1761 779
779 168
1763 1092
1092 547
1764 1907
1765 68
68 313
313 931
931 661
661 696
696 1583
1583 1526
1766 594
594 699
699 53
53 960
1768 598
598 80
80 833
833 827
1769 1134
1134 855
855 1825
1771 975
975 192
192 1779
1772 224
224 1556
1556 426
1775 1212
1776 1862
1777 30
30 580
580 1069
1779 1912
1781 181
1782 13
13 1835
1784 1825
1785 927
927 347
347 859
1786 740
740 360
360 1225
1225 1080
1787 300
300 140
140 1681
1788 158
158 744
744 1557
1557 988
988 237
237 1647
1790 1007
1793 428
1794 391
391 531
1795 1712
1712 76
76 1634
1797 1770
1798 1085
1085 258
258 41
41 1212
1212 117
117 1946
1799 458
458 1082
1800 33
33 1027
1027 1933
1801 711
711 424
424 1978
1802 179
179 542
542 1524
1524 1949
1803 1997
1804 1224
1805 1879
1806 1259
1259 790
1807 735
735 1352
1352 760
1808 1061
1809 568
568 123
1810 1243
1243 51
51 768
1812 690
1814 1381
1381 683
683 1179
1179 454
454 1359
1815 332
332 1930
1816 1627
1627 425
1817 824
1819 1166
1166 1482
1482 1737
1737 414
414 1502
1502 433
433 1727
1727 278
278 1256
1256 1674
1821 1307
1307 1218
1218 349
349 1818
1818 1056
1056 547
547 1687
1687 1681
1681 457
457 1532
1822 1762
1823 1216
1216 1408
1408 1744
1824 48
48 1897
1826 34
34 768
768 1069
1069 1005
1827 640
640 1660
1660 1413
1413 40
40 407
407 42
42 259
259 54
54 1551
1828 1780
1780 315
315 377
377 945
945 849
849 223
223 1308
1308 383
383 1570
1829 933
1830 1255
1255 890
890 1002
1832 1426
1426 863
863 1327
1833 1940
1834 1340
1340 1861
1837 148
1838 1193
1839 775
1840 366
366 1094
1094 782
782 1410
1410 1825
1825 262
262 905
905 1880
1842 272
272 1009
1844 29
29 822
822 751
751 218
218 1163
1845 738
1847 323
323 1682
1848 1469
1849 440
1850 1193
1193 1561
1561 1400
1400 230
230 875
1855 450
450 1282
1282 1135
1135 1297
1297 1925
1856 1122
1857 1204
1204 1014
1014 1303
1303 210
210 1138
1138 531
531 965
1858 385
385 1116
1116 1028
1028 727
1859 326
326 1551
1551 1244
1244 1488
1488 1796
1796 66
66 582
582 282
282 273
273 1880
1860 844
844 1673
1673 1343
1343 1345
1345 587
1861 1979
1862 254
254 848
848 1569
1863 1148
1148 47
47 1579
1579 788
788 467
467 767
1864 1023
1023 913
913 1360
1866 1112
1112 1367
1867 207
207 362
1868 85
1869 1013
1872 1250
1250 396
396 775
1873 1874
1874 1278
1278 1451
1451 1431
1431 45
45 1355
1875 1026
1026 874
874 878
878 1870
1870 440
440 864
1876 1040
1878 1132
1132 755
755 731
1879 530
530 1074
1074 1654
1654 1943
1880 737
737 301
301 1852
1852 1329
1329 1337
1883 1457
1457 456
1884 522
1885 1835
1835 1119
1119 1917
1886 710
710 892
892 1831
1831 4
1887 1720
1720 1359
1359 24
1888 911
911 1005
1005 1366
1366 1841
1841 564
564 937
937 1075
1075 579
579 1811
1811 1983
1891 1541
1541 1542
1892 1773
1773 139
1893 1205
1205 1003
1894 1248
1248 1367
1895 361
361 1931
1896 372
372 1946
1897 1917
1898 763
763 103
103 1648
1648 231
231 824
1899 1314
1314 925
925 1224
1224 876
876 907
1900 1295
1295 1682
1682 1299
1299 865
865 649
649 591
591 773
1901 186
186 239
1902 1229
1904 765
765 816
816 1159
1159 535
535 123
123 1913
1906 1605
1605 77
1907 702
702 89
1908 790
1909 78
1910 1655
1655 583
583 78
78 1317
1317 195
195 10
1911 1424
1424 114
114 829
829 1034
1034 1995
1912 1744
1744 1270
1270 284
284 181
181 1696
1696 4
4 731
731 1882
1882 810
1914 929
929 1990
1915 1958
1916 664
664 1390
1390 1542
1542 483
1917 416
416 1678
1919 340
340 742
742 1534
1920 455
1922 35
35 1918
1918 1672
1672 202
202 400
400 1010
1010 1959
1923 1792
1924 556
556 493
493 1913
1913 1587
1587 589
589 1871
1871 1020
1925 1972
1927 1526
1526 304
304 960
960 1364
1929 1055
1055 507
1930 1203
1203 1736
1736 1531
1531 1843
1843 614
1931 306
1932 1560
1933 1263
1263 813
813 1363
1363 1104
1934 998
998 1978
1935 1545
1545 1391
1391 1889
1939 767
767 1150
1150 1647
1941 1836
1836 71
71 342
342 1921
1943 738
1944 345
1945 1532
1532 1398
1398 817
817 425
425 994
994 405
405 1157
1157 1636
1946 827
1947 1029
1029 1703
1703 784
784 1634
1634 1666
1948 362
362 1233
1233 1201
1201 1543
1543 1625
1625 1719
1719 1606
1949 168
168 239
239 193
193 1725
1725 692
692 1504
1504 498
498 1104
1104 3
3 1820
1950 352
352 1061
1061 1615
1615 915
915 1355
1952 1355
1355 1689
1689 1389
1389 1447
1447 1025
1025 645
645 824
824 26
1953 534
534 706
706 1570
1570 1349
1954 941
1955 504
504 956
956 1012
1012 838
838 44
44 1088
1088 840
1956 588
1957 489
489 1446
1446 954
954 1594
1594 1791
1791 608
608 1007
1007 1226
1958 174
174 1320
1320 762
762 759
759 1231
1231 1540
1959 1003
1003 1463
1463 276
276 1674
1674 265
265 1611
1611 1111
1111 621
621 861
861 1661
1661 1942
1961 16
1963 1926
1965 1846
1846 1964
1964 1702
1702 875
875 614
614 1306
1306 660
1966 728
728 1928
1928 611
611 820
820 1425
1425 442
442 864
864 1851
1851 567
567 1480
1480 1974
1967 1337
1968 541
541 1108
1108 378
378 540
540 456
456 1783
1783 1039
1039 1678
1678 1762
1762 606
606 1942
1942 1469
1469 1378
1378 720
720 238
238 1540
1540 1500
1500 82
82 1364
1364 455
455 1789
1789 1936
1936 685
685 156
156 528
528 627
627 365
365 1229
1229 155
155 1011
1011 1440
1440 1652
1652 1222
1222 240
240 587
587 1937
1937 245
245 1940
1969 1279
1971 466
466 1688
1688 1392
1392 652
652 1279
1279 1327
1327 839
839 830
1972 1881
1881 656
656 120
120 897
897 1136
1136 1738
1738 948
948 1640
1640 1649
1649 1630
1630 1926
1974 1854
1854 1176
1176 97
97 1601
1976 1926
1926 660
1977 92
92 1484
1484 557
557 1367
1367 1635
1635 350
350 1601
1978 1038
1038 529
529 1182
1182 11
11 1239
1979 760
1980 840
840 74
1981 1666
1666 1643
1643 888
888 1590
1590 859
859 1494
1494 1522
1522 1376
1376 1242
1242 933
933 1989
1982 1349
1349 1636
1636 790
790 522
522 922
922 459
459 965
965 329
329 279
279 24
24 1322
1322 1600
1600 1419
1419 1560
1560 1371
1371 1527
1527 194
194 1535
1535 162
1983 1890
1890 1877
1877 603
603 1663
1663 1770
1770 1778
1778 1903
1903 1717
1717 482
482 505
505 1415
1415 727
727 569
569 801
801 77
77 1146
1984 1973
1973 428
428 1529
1529 1234
1985 613
613 577
577 10
10 1813
1813 1241
1241 1495
1495 539
539 1041
1041 1938
1938 1584
1584 56
56 61
61 1121
1121 1774
1774 132
132 1163
1163 94
94 139
139 928
928 695
695 85
85 690
690 1076
1076 1647
1647 1277
1277 982
1986 622
622 1595
1595 162
162 1676
1676 1330
1330 1334
1334 601
1987 894
894 500
500 98
98 1767
1767 1013
1013 126
126 977
977 146
146 1031
1988 1667
1667 173
173 592
592 1940
1940 599
1989 1375
1375 1820
1820 853
853 662
662 74
74 431
1990 1601
1601 703
703 306
306 267
267 1040
1040 792
792 1726
1726 775
775 1997
1991 1759
1759 1020
1020 581
581 665
665 550
550 305
305 675
675 571
571 1921
1921 148
1992 1207
1207 906
906 668
668 187
187 64
64 941
941 1337
1337 251
251 1326
1326 1606
1606 842
842 901
901 1052
1052 6
6 1546
1546 1951
1951 1396
1396 846
846 830
830 321
321 519
519 1283
1283 1853
1853 1613
1993 89
89 1383
1383 1082
1082 1970
1970 1653
1653 548
548 947
947 917
917 1403
1403 142
1994 599
599 1517
1517 949
949 1079
1079 1350
1350 1626
1626 951
951 63
63 1146
1146 1975
1975 1093
1995 1002
1002 773
773 203
203 734
734 1613
1613 1009
1009 227
227 268
268 1226
1226 1080
1080 148
148 1393
1393 1407
1407 660
660 26
26 444
444 883
883 474
474 760
760 439
439 369
369 119
119 1369
1369 827
827 623
623 1444
1444 1473
1473 426
426 1534
1534 1960
1960 438
438 81
81 1097
1097 1792
1792 1239
1239 810
810 637
637 1865
1865 1234
1234 1889
1889 371
371 739
739 756
756 471
471 588
588 212
212 283
283 982
982 16
16 1411
1996 483
483 1686
1686 1031
1031 1118
1118 1515
1515 1746
1746 1693
1997 354
354 142
142 1354
1354 487
487 1254
1254 1017
1017 738
738 1599
1998 1093
1093 264
264 674
674 1030
1030 1582
1582 246
246 806
806 472
472 58
58 907
907 566
566 1599
1599 507
507 1962
1962 1411
1411 345
345 989
989 1569
1569 431
431 196
196 669
669 1454
1454 1296
1296 1360
1360 601
601 1905
1905 1096
1096 715
715 920
920 1122
1122 1300
1300 1693
1693 199
199 1458
1458 1015
1015 338
338 1264
1264 1251
1251 1999
1999
5 218
10 370
13 360
21 1427
22 1164
24 908
28 1900
30 802
31 1582
34 576
41 598
43 622
44 1026
45 1121
47 157
50 1442
52 1197
53 981
54 1961
55 1271
57 91
67 1704
69 1478
73 1904
74 18
76 139
77 869
80 1153
81 1082
86 938
91 523
93 1557
94 3
3 903
95 985
97 891
103 407
105 1122
109 572
111 1002
114 1304
121 1140
123 1969
127 1059
129 747
134 1894
135 771
136 668
137 1483
138 1989
140 83
83 1449
141 860
147 1941
149 305
150 385
152 285
154 1610
155 1352
158 344
163 1146
169 275
170 598
171 1501
172 1918
173 1241
174 225
175 1943
177 66
178 732
179 1192
180 708
185 542
186 916
190 1102
191 539
192 1158
194 1319
195 406
197 804
202 1117
204 521
205 324
212 110
110 1236
213 1253
216 723
217 1485
218 660
220 715
227 688
231 358
239 675
241 354
246 369
249 1962
251 392
255 717
258 1354
259 987
263 348
264 952
270 1313
271 821
273 716
274 1996
279 430
280 107
283 1591
285 1626
287 1066
294 1002
298 600
300 1613
301 1206
305 1043
306 104
307 1896
314 1385
318 926
321 159
323 1229
325 1651
328 1236
330 108
332 1786
333 813
336 667
338 371
344 1797
347 355
349 143
350 232
351 304
355 1912
358 959
360 1924
366 33
33 1160
367 1968
368 1338
376 995
378 988
380 1622
383 1123
384 956
385 747
395 1858
398 1769
400 1123
403 1528
404 590
409 790
411 38
414 568
415 393
416 1639
418 452
419 1553
422 393
393 709
423 1936
424 988
425 88
427 100
429 312
312 309
430 643
433 4
4 726
434 1872
436 569
437 724
440 1158
442 551
443 777
445 600
447 1110
448 211
449 586
450 1842
451 1924
462 214
214 1239
463 37
465 922
470 1488
475 1725
484 89
89 1785
487 888
490 1443
491 823
495 1829
497 1395
502 1760
505 1138
507 1125
508 1415
509 1928
510 1010
512 1706
513 755
514 903
522 1838
524 1942
526 1265
527 201
528 322
322 1518
530 567
532 1506
533 1805
536 1822
538 63
541 1282
543 1655
544 998
546 946
548 304
304 1636
555 302
302 1185
559 1013
563 1416
564 392
565 79
573 983
576 1645
577 1711
581 468
468 1642
582 1173
588 811
590 1192
591 953
595 1963
596 458
597 668
598 1575
599 1723
600 542
601 1472
602 460
603 1863
605 648
613 1931
617 1234
618 1192
621 196
196 883
624 1450
626 369
627 390
390 1195
629 941
631 1182
632 1964
636 745
637 1756
639 308
308 1140
640 435
641 644
645 1732
646 1892
648 1387
651 1434
652 1198
654 653
653 1681
658 151
151 1115
660 1622
665 309
309 1239
670 955
672 765
673 741
675 1071
677 1918
680 48
48 1466
682 1832
689 1326
690 15
692 950
698 1401
702 1705
710 870
713 65
65 112
112 1247
716 902
718 858
719 435
720 656
656 1213
722 647
724 693
693 723
723 364
725 1440
726 1662
728 1413
732 1085
737 486
739 25
25 1089
740 412
741 878
743 1882
744 219
219 1962
746 610
610 397
747 638
751 898
755 1908
757 1114
760 1472
762 236
765 1521
767 1001
769 886
770 1339
773 1897
774 1000
778 265
783 681
784 371
790 1542
791 1427
793 200
200 182
796 1851
797 313
313 794
801 471
802 167
167 537
804 1437
809 578
578 444
810 1375
813 87
87 587
817 1046
819 145
145 235
235 1970
828 500
829 1006
831 699
699 853
837 432
841 749
843 295
844 1502
850 269
269 1826
853 1750
854 759
759 1508
857 1810
858 761
761 1652
859 1141
862 320
863 1650
864 130
130 614
865 845
867 1287
868 1078
869 808
871 625
625 914
872 1775
876 643
643 1316
879 324
324 504
881 1808
885 612
612 1791
894 995
895 1585
897 742
742 1768
898 1570
902 574
574 399
903 1131
904 168
168 1546
910 303
303 1445
913 99
99 1363
914 1079
916 1145
918 12
919 1286
925 396
927 763
763 1480
929 1401
931 1161
932 1314
933 912
912 228
935 517
939 467
467 365
365 736
940 909
909 849
941 1368
942 1236
943 211
946 7
951 297
297 410
952 731
955 1260
956 1223
957 1538
959 396
960 284
284 1747
962 1780
964 1618
970 1611
971 1485
973 1021
974 1419
975 1227
976 1937
977 1082
980 1694
981 516
983 1277
984 586
986 711
987 144
144 1731
989 1967
990 1370
991 1251
994 317
317 963
996 1128
1000 972
972 1878
1001 696
1002 608
1003 815
1004 1368
1005 125
1006 486
486 821
821 299
1009 877
877 1818
1014 1618
1017 66
1018 1526
1019 671
1023 1423
1024 1984
1025 531
1028 768
1029 1946
1034 131
131 1060
1039 566
1040 1064
1043 286
286 439
1044 1825
1047 401
1049 221
1050 222
222 1841
1051 715
715 1213
1053 1824
1055 924
1057 1718
1060 1674
1061 1371
1062 1372
1067 547
547 907
1068 1231
1069 359
359 734
1070 479
479 1418
1073 1251
1074 421
1075 634
1076 108
1078 143
1080 1284
1082 1435
1083 459
459 237
1084 848
1085 441
1088 252
1089 874
1090 1670
1091 1519
1093 873
873 456
1095 1235
1099 1168
1101 1202
1103 1825
1108 254
1109 2
1111 1960
1113 1936
1114 407
407 808
1115 1142
1116 1869
1119 880
1122 128
128 1759
1124 1819
1126 184
1128 961
1129 1983
1131 1830
1132 827
827 1270
1135 1343
1136 290
1137 1584
1139 51
51 1175
1140 756
1142 374
1143 685
685 90
1144 476
476 8
1146 1752
1147 1839
1148 1650
1149 1814
1156 262
1157 1813
1161 413
413 661
1162 1556
1165 1016
1016 1446
1166 615
615 224
224 936
936 1038
1038 278
1171 1516
1172 874
874 593
1173 1691
1174 493
1175 1926
1177 102
1178 889
1181 1952
1184 1464
1185 1738
1187 1386
1188 122
1191 1456
1193 832
1194 1153
1153 1990
1196 1819
1198 15
1200 1466
1202 1472
1207 319
1210 392
392 1522
1212 206
1215 267
1217 1596
1218 1797
1219 1783
1221 461
461 824
824 1776
1225 542
542 1885
1228 20
1231 851
1232 488
1235 122
122 861
861 1570
1236 66
1240 1587
1241 1096
1096 1327
1242 399
399 276
1244 1598
1249 982
982 1926
1251 521
1253 944
944 695
1256 694
694 938
1259 800
1261 1063
1063 401
1262 539
1263 805
1264 1589
1267 1042
1271 1551
1272 926
926 1624
1273 1325
1274 498
1275 1826
1276 1270
1270 386
1278 1525
1282 647
1284 1849
1287 272
1290 342
1291 847
1293 1725
1294 19
1296 374
374 49
49 1392
1297 569
1303 786
786 1656
1305 223
1306 46
46 1699
1308 1357
1311 1617
1312 446
446 498
498 1324
1313 377
377 1853
1315 162
162 1895
1316 160
160 14
1317 1933
1318 428
428 537
1320 1637
1321 1920
1323 766
1324 620
620 777
1328 575
1332 1856
1333 1097
1097 1295
1335 102
102 257
1338 1008
1008 1434
1339 90
1342 78
1343 193
1344 494
494 961
961 70
70 125
1345 623
623 1696
1346 1680
1347 37
37 787
1348 782
782 950
1352 674
674 143
1355 1071
1356 1030
1358 1805
1359 1319
1319 735
1361 466
466 1186
1362 552
552 1451
1365 156
156 593
593 580
1366 1160
1160 1107
1367 1857
1368 891
1371 1011
1372 1100
1373 1527
1375 1138
1138 245
1376 1547
1377 1695
1383 570
570 1601
1384 1574
1385 471
471 389
389 1247
1247 339
339 1459
1387 1492
1388 438
1391 550
1394 1329
1396 1279
1279 901
1397 1934
1399 1908
1401 1258
1405 1077
1077 254
254 1965
1408 203
1412 1708
1414 1203
1203 1406
1416 120
1417 1934
1418 891
1420 157
1424 1519
1425 1544
1426 63
63 830
830 1298
1298 441
441 1503
1427 695
1428 9
9 412
412 779
1429 1789
1434 889
889 1353
1435 1669
1436 779
779 1486
1437 357
357 520
1438 315
1439 1374
1374 1277
1277 1326
1441 1602
1448 1951
1449 1796
1450 66
66 1745
1451 1092
1453 585
1456 1710
1457 315
315 1030
1459 27
1460 375
1461 1046
1046 1246
1246 1389
1465 886
886 754
754 798
1466 1891
1468 101
1469 568
568 1641
1470 712
712 1118
1472 1007
1007 1213
1473 1567
1474 1163
1476 1632
1477 59
1479 234
1485 1105
1105 785
785 965
1486 789
1487 1058
1491 1967
1492 1758
1496 1350
1350 585
1497 1978
1499 39
39 1283
1283 1969
1501 1444
1503 1
1 669
1504 1612
1507 806
806 695
1508 29
1510 1560
1511 812
1513 1982
1514 1826
1516 1686
1518 887
1519 1729
1520 1233
1522 965
1523 766
1524 594
594 1732
1527 1640
1528 1243
1529 405
1530 634
634 402
402 176
176 798
798 500
500 1065
1065 1467
1531 1655
1532 1884
1534 1907
1537 201
201 474
1538 721
721 607
1540 846
846 1041
1041 589
589 888
888 938
1543 1812
1546 329
329 1064
1547 373
373 14
1550 281
281 1786
1555 1206
1556 714
714 708
708 1032
1558 1733
1559 193
1560 71
71 669
669 408
1561 1118
1118 435
435 717
717 42
1562 985
1563 709
1564 968
968 1415
1566 607
607 1717
1567 521
521 267
267 1681
1568 1813
1569 1734
1571 1517
1573 293
1576 1956
1579 1670
1580 814
1582 1216
1584 901
1585 663
663 1825
1586 835
1587 777
1588 88
88 900
900 139
139 1117
1591 1205
1205 381
381 1015
1015 58
1593 161
1595 1822
1598 1445
1445 795
1601 1548
1604 1066
1066 580
1606 849
849 899
1607 1786
1608 583
583 1792
1609 1325
1610 237
1612 1393
1393 1100
1613 208
208 1525
1617 1170
1170 1778
1618 1906
1619 814
814 1664
1621 7
7 1189
1189 1331
1622 1638
1623 226
226 1991
1624 1793
1625 1331
1331 1048
1048 1110
1627 1965
1628 119
119 1341
1630 695
1632 165
1635 477
477 1765
1636 75
1638 517
1640 511
1641 805
805 472
1642 1480
1643 1535
1535 334
334 1167
1167 896
896 711
1644 727
727 1771
1646 1237
1237 243
243 240
240 917
1647 911
911 1295
1649 1415
1415 225
1650 1341
1341 1092
1092 1102
1102 1509
1651 1285
1285 1506
1506 1684
1652 616
616 1596
1596 106
106 458
458 493
1654 1382
1382 17
17 549
549 1791
1656 1299
1657 406
406 1380
1380 558
1658 11
11 748
748 1334
1334 1710
1659 1406
1406 118
118 686
1660 963
1661 382
382 248
1662 223
223 1878
1663 1300
1300 1620
1620 907
907 1578
1578 16
16 157
157 519
1664 388
388 1572
1665 14
14 705
705 1774
1666 1785
1667 1871
1669 108
108 1911
1670 245
245 293
1672 15
1676 1689
1681 655
655 847
1682 587
587 915
1686 1549
1549 808
1687 257
257 499
499 1402
1688 1402
1402 1821
1690 1458
1458 1369
1369 265
1691 1392
1392 291
291 1600
1600 676
1692 887
1696 818
818 229
229 1829
1697 586
586 1444
1698 667
1699 1419
1419 999
999 1575
1575 354
354 697
1700 1440
1702 337
337 1951
1704 1764
1705 1233
1233 1454
1708 221
1709 353
1710 1422
1422 1031
1711 766
766 8
8 1913
1712 1726
1713 1299
1299 684
1715 316
1718 1379
1379 1037
1037 998
1721 800
1722 1599
1599 1861
1723 1214
1724 700
1725 228
1728 59
59 1052
1730 671
1732 1703
1703 1224
1224 781
781 64
64 1421
1421 1868
1735 1655
1736 68
68 1059
1059 1158
1158 1042
1739 1020
1020 420
420 572
1741 823
823 920
920 1107
1745 856
856 1594
1746 72
72 580
1747 1475
1475 1190
1748 1112
1112 244
1749 1525
1750 1035
1035 1914
1751 116
116 711
711 1054
1054 1094
1752 1926
1753 340
1755 1413
1413 250
250 1999
1756 1216
1216 947
1760 1892
1761 32
32 1878
1762 890
890 1201
1201 1592
1763 1733
1765 1269
1269 327
327 248
248 38
38 696
696 966
966 529
529 1389
1389 684
684 1152
1152 421
1768 553
553 36
36 1340
1769 884
884 489
1771 485
1773 852
852 1036
1036 1209
1774 1480
1480 61
61 266
266 432
432 550
550 1086
1086 1363
1363 124
124 1757
1757 165
165 237
237 1904
1778 1684
1779 619
619 833
833 211
1780 644
644 1701
1781 1770
1770 1123
1783 875
875 1995
1784 880
1786 560
1788 342
342 622
1789 803
1791 899
899 934
934 188
188 1629
1792 319
319 1498
1498 1960
1793 1409
1796 662
662 1594
1594 90
90 1877
1799 1744
1800 795
1801 1806
1802 1100
1100 954
954 848
848 1679
1803 1565
1565 469
469 1467
1804 207
1805 496
496 199
1808 1673
1673 1280
1809 1597
1597 515
515 1953
1811 1907
1812 777
777 1357
1357 1337
1337 1693
1693 745
745 1056
1056 795
1815 1192
1192 1767
1767 343
1816 501
501 820
820 842
1817 915
1820 1674
1674 905
905 1827
1821 661
1823 860
860 362
362 752
1824 1430
1825 988
988 575
575 1572
1572 1042
1042 1873
1826 1117
1117 1180
1180 256
256 1168
1168 115
1827 1727
1828 523
1829 1134
1134 572
572 15
15 566
566 1229
1229 661
661 758
1830 79
1832 215
1833 20
20 82
82 1603
1603 842
842 794
794 969
1835 288
1837 288
288 1443
1443 1863
1838 1455
1455 1195
1839 133
133 210
210 326
1840 1986
1841 352
352 369
369 290
1842 184
184 1404
1404 1583
1843 947
1844 1605
1845 937
937 1589
1589 488
488 84
84 364
364 511
511 1169
1169 1447
1846 1836
1836 518
1847 408
1848 1517
1517 545
545 1336
1336 1340
1340 825
825 421
1849 460
460 1265
1265 353
353 244
244 18
18 1266
1266 1911
1850 1987
1851 1260
1260 454
454 1281
1281 1653
1653 247
247 292
1855 1022
1022 835
835 1130
1130 1234
1234 1807
1807 1154
1154 1626
1626 938
938 800
800 293
293 775
775 1381
1381 921
1858 764
764 1164
1164 331
331 444
444 979
1859 706
706 1548
1860 993
993 489
1861 1186
1863 701
701 1854
1854 949
949 1994
1865 1810
1866 704
704 1141
1141 230
230 519
519 562
562 1442
1442 265
265 517
517 1098
1098 26
26 1940
1867 1155
1155 207
207 531
531 1209
1209 1349
1868 1364
1364 1731
1731 1222
1222 1740
1740 676
1874 839
839 1895
1875 1679
1679 1777
1777 772
772 1787
1787 1526
1526 1183
1183 1354
1876 211
211 630
630 537
537 1922
1879 1255
1255 438
438 1864
1864 296
1880 734
1881 687
1882 1398
1398 998
998 1239
1239 1145
1145 182
182 1013
1013 96
96 709
709 1810
1810 1502
1883 12
1884 1897
1885 584
584 417
417 1071
1071 1695
1695 1905
1888 1159
1159 1717
1889 132
1890 1488
1488 1707
1707 969
969 965
965 776
776 421
421 1551
1551 426
426 1250
1250 667
667 683
1893 187
187 1738
1738 1467
1894 1021
1021 198
198 474
474 1716
1716 917
917 1195
1895 346
346 567
567 795
795 948
1896 1467
1467 1631
1897 1616
1616 1683
1683 749
749 915
915 439
439 113
1898 1634
1634 1432
1900 1309
1309 394
394 1726
1901 473
473 826
826 92
1902 1064
1064 1991
1903 1999
1904 1304
1304 592
592 1605
1906 1409
1409 478
1907 606
606 1536
1536 731
1908 1701
1701 614
614 947
947 1478
1478 878
878 1489
1489 1094
1909 815
815 209
1910 811
1911 807
807 252
252 1386
1386 1648
1913 811
811 608
1915 1403
1403 1764
1764 1754
1754 1081
1081 1410
1410 401
401 730
730 1737
1737 756
756 1583
1916 371
371 1648
1648 85
85 478
478 1891
1891 1645
1645 1775
1775 457
457 1743
1917 1378
1378 1400
1400 1853
1853 431
431 1873
1918 203
203 1446
1446 1539
1539 1742
1742 780
780 1999
1920 79
79 1685
1922 56
56 1912
1912 408
408 1223
1223 1577
1577 101
101 236
236 750
750 1214
1214 206
206 1714
1924 997
997 1330
1330 1899
1899 1717
1717 882
882 945
945 638
638 493
493 1785
1925 153
153 1806
1806 29
29 1544
1544 1818
1818 262
262 808
808 35
35 464
1926 1286
1286 787
787 686
686 1292
1927 683
683 678
678 1873
1873 215
215 1301
1301 571
571 609
609 703
1928 1322
1322 1941
1929 277
277 272
272 734
734 238
238 958
958 480
480 534
1931 1677
1677 558
1932 855
855 1983
1933 1151
1151 1471
1934 1726
1726 1444
1444 1930
1930 1919
1935 1734
1734 1432
1936 290
290 948
948 523
523 1226
1226 132
132 1127
1127 1258
1938 691
691 1856
1939 880
880 1942
1940 847
847 1671
1671 1314
1941 1552
1552 1743
1743 1288
1288 840
840 1390
1390 887
1942 887
887 164
1943 1590
1590 310
1944 296
296 1729
1729 1542
1542 1268
1268 1032
1032 456
456 1079
1079 1684
1684 978
1945 316
316 979
979 489
489 703
703 1852
1852 143
1946 310
1947 1206
1206 1292
1292 23
23 1766
1766 1483
1483 482
482 1869
1869 1440
1440 199
199 268
268 1822
1948 1407
1949 159
1950 1094
1951 504
504 1030
1030 1302
1302 1430
1430 472
472 1515
1515 1905
1905 1238
1952 930
930 1615
1615 126
126 1819
1819 908
908 1220
1220 115
1953 148
148 1639
1639 1107
1107 1637
1637 261
261 143
143 1678
1678 671
671 372
372 1280
1954 2
2 1991
1955 1878
1957 649
649 731
731 1163
1163 700
700 1553
1553 1862
1862 1208
1208 681
681 1919
1919 6
6 1254
1254 1012
1958 963
963 1121
1121 464
464 836
1959 978
978 1280
1280 1759
1759 1870
1870 1432
1962 657
657 1680
1680 1329
1329 924
924 503
503 525
525 1974
1963 1967
1964 664
664 1227
1227 752
1965 1433
1433 1989
1966 1326
1326 883
1967 1052
1052 1887
1887 1186
1186 1797
1797 1794
1794 832
832 100
100 1010
1010 19
19 1011
1011 40
40 1782
1782 341
341 1592
1592 953
953 569
1969 950
950 822
822 1956
1956 733
733 891
891 310
310 1482
1482 1960
1960 113
113 1395
1395 1314
1314 492
1970 1583
1583 234
1971 995
1972 233
233 604
604 60
60 1921
1921 851
851 1813
1813 1463
1463 1694
1973 753
753 540
540 659
659 901
901 311
311 534
534 1856
1856 792
792 1125
1974 666
666 834
834 125
125 1452
1452 299
1975 1411
1411 1349
1349 1614
1976 234
234 1548
1548 75
1977 1914
1914 1714
1714 687
687 561
561 1500
1500 1248
1248 647
647 1512
1512 1252
1978 1570
1570 483
483 1195
1195 1795
1795 142
142 1611
1611 115
115 1094
1094 1252
1252 1484
1979 299
299 1045
1045 1694
1694 1554
1554 1423
1423 1614
1614 1295
1295 485
1980 1431
1981 221
221 1798
1798 12
12 1494
1494 1354
1354 1197
1197 1814
1814 1027
1027 906
906 1289
1289 348
1982 1133
1983 1307
1307 117
117 1257
1257 1484
1484 1490
1984 1325
1325 1502
1502 1675
1675 752
752 1360
1360 295
295 1012
1012 282
1985 370
370 921
921 193
193 893
893 1790
1790 375
375 883
1986 253
253 836
836 1087
1087 397
397 551
551 923
923 1120
1120 289
289 1521
1521 379
379 326
326 410
410 1072
1987 1230
1230 396
396 816
816 635
635 1785
1785 985
985 866
866 579
579 738
738 1211
1211 363
363 883
1988 485
485 1464
1464 892
892 1213
1213 481
481 1493
1493 1509
1509 992
992 1495
1495 771
771 608
608 1631
1631 883
883 758
758 628
628 282
282 1733
1733 788
788 1123
1989 695
695 453
453 611
611 276
276 557
557 1834
1834 556
556 1327
1327 799
1990 320
320 1471
1471 1150
1150 1892
1892 1204
1204 1871
1871 967
967 736
736 535
535 1878
1878 1706
1706 42
42 622
622 209
209 405
405 189
189 181
181 1668
1668 275
275 707
707 518
1992 1602
1602 799
799 1104
1104 768
768 679
679 585
585 1490
1490 1605
1605 1655
1655 166
166 1351
1351 1481
1993 161
1994 225
225 633
633 98
98 1454
1454 1574
1574 1744
1744 107
107 580
580 1245
1245 1776
1776 812
812 558
558 164
164 845
845 1525
1525 161
161 387
387 1199
1199 1923
1923 1133
1995 1462
1462 242
242 1133
1133 995
995 361
361 1968
1968 1176
1176 1072
1072 506
506 1407
1407 159
159 1110
1110 838
838 1481
1481 1106
1106 560
560 452
452 1961
1961 1125
1125 1238
1996 1758
1758 1258
1258 1431
1431 1872
1872 92
92 1831
1831 356
356 1877
1877 803
803 58
58 1727
1727 1991
1991 650
650 120
120 569
569 1629
1997 518
518 1353
1353 1545
1545 1179
1179 1190
1190 688
688 1533
1533 1505
1505 676
676 1629
1629 1123
1123 62
62 554
554 1541
1541 292
292 260
260 104
104 642
642 1238
1238 1031
1031 922
922 1432
1432 539
539 391
391 1719
1719 1886
1886 1857
1998 697
697 345
345 492
492 27
27 870
870 1822
1822 228
228 729
729 928
928 516
516 335
335 343
343 278
278 348
348 340
340 1033
1033 1310
1310 78
78 1447
1447 455
455 1685
1685 386
386 1720
1720 75
75 1243
1243 1182
1182 146
146 1857
1857 1370
1370 668
668 789
789 1772
1772 183
183 232
232 1058
1058 1581
1581 1633
1633 1026
1026 1689
1689 735
735 520
520 1937
1937 1557
1557 1999
1999
3 1711
5 1257
9 1035
10 1715
13 752
16 1316
20 1772
23 1786
25 1428
26 1800
27 461
29 615
41 925
45 772
50 33
51 428
53 1968
55 1689
56 1954
63 1198
72 699
77 1405
80 1529
81 490
83 672
84 716
88 360
89 890
90 1979
94 1567
99 512
102 1292
103 1937
104 246
105 1414
110 1376
112 950
115 1375
117 677
118 742
125 884
131 1198
133 218
134 1803
136 1644
137 1464
140 1620
144 662
149 60
150 1060
152 557
154 2
155 536
156 1824
160 476
162 908
169 101
172 1586
178 623
186 1782
189 1756
193 813
196 789
200 1723
204 1453
205 819
206 1612
208 1400
209 1031
210 234
213 1669
218 413
219 932
221 998
223 314
225 1616
227 1561
228 585
229 1716
231 1466
233 599
235 1807
236 215
215 78
238 1661
245 1604
249 382
253 1560
254 1360
255 171
258 1555
259 1482
260 528
263 878
264 525
269 656
275 1451
277 835
279 1239
283 506
289 1446
290 644
291 346
294 145
296 1558
297 1432
299 293
301 1239
304 1246
305 224
310 1112
312 626
314 1165
315 854
317 1868
318 902
320 19
321 488
322 1229
324 1756
325 68
327 1323
329 127
127 540
333 1518
334 1154
342 1496
344 491
345 1953
346 412
348 967
349 475
352 1413
360 690
361 972
364 1858
365 1975
368 184
369 422
370 1081
371 1381
373 931
377 116
116 1127
379 1080
386 1033
390 1775
395 1830
396 1104
399 479
401 1397
402 1661
403 1428
404 31
407 433
409 1788
410 1948
412 1459
415 683
416 765
420 1015
421 387
387 1581
425 1861
426 1296
430 1679
431 1004
435 1158
436 1807
439 1894
440 578
443 753
444 411
445 1452
446 797
448 39
39 1214
454 1860
459 337
461 947
464 1678
466 1823
469 462
471 742
472 256
473 1528
474 818
475 1148
482 1782
484 1722
485 1751
486 1882
487 1561
488 836
489 1537
492 1040
496 982
498 1701
499 800
500 42
503 57
57 1082
507 286
286 1615
509 905
512 1528
514 1128
516 203
517 1175
518 1847
519 1875
521 1601
525 1869
528 375
530 166
166 1793
531 295
532 1318
533 1394
534 613
535 389
389 1794
536 406
537 356
356 797
538 1545
539 1727
544 788
548 405
549 106
106 239
550 604
551 392
392 411
411 1915
552 1124
553 256
256 1689
555 858
557 1543
559 927
565 1274
567 36
568 1621
570 4
571 1841
572 1009
573 24
575 1639
576 450
578 1252
580 1947
589 284
594 427
595 1412
598 906
602 718
604 1179
609 1396
610 6
6 790
612 628
614 1313
615 243
243 1915
616 1341
618 607
622 67
623 1572
624 1688
625 467
627 508
630 1880
632 179
634 1608
636 337
337 1708
637 1830
638 1956
641 383
383 1370
643 181
181 946
646 868
647 1219
650 659
655 582
582 780
656 1711
659 880
660 898
662 1614
664 64
667 339
668 148
148 1356
672 961
674 1886
678 1246
679 835
680 1193
681 1206
683 1575
684 908
685 413
687 470
689 298
298 1757
692 1300
693 161
696 58
700 1141
702 97
704 804
708 879
709 191
191 1872
714 1799
717 1003
721 1569
722 477
723 187
724 132
132 889
725 921
729 1563
730 241
731 1603
738 43
740 374
374 1981
745 60
747 1699
752 1913
757 1824
758 311
311 285
762 195
195 167
766 1340
768 1337
770 682
682 881
771 1130
773 1291
775 522
776 281
281 418
777 1643
783 1101
784 1097
785 1498
786 1776
788 1992
791 501
798 648
799 1397
801 107
107 1222
805 929
810 1155
813 931
814 908
815 1661
816 1295
820 969
821 1344
822 447
447 1034
824 969
825 358
358 1145
829 1103
831 38
38 1712
832 1299
836 626
837 1383
838 8
843 1720
846 278
847 1241
849 437
851 101
101 1197
854 763
856 1606
861 1201
864 1914
867 232
232 418
868 1967
876 1447
878 619
880 1184
881 1297
882 17
885 153
888 1194
895 1709
897 1099
899 1671
900 1269
903 1694
904 527
911 1234
919 1605
920 754
754 1057
921 1700
922 779
779 839
923 1982
925 1030
926 1719
929 1028
930 1921
933 1882
936 564
564 1501
939 1773
940 1089
945 584
584 608
949 93
93 1026
950 33
951 905
905 151
952 465
465 316
316 143
143 726
955 626
626 1293
959 898
898 753
960 163
163 1302
961 1674
965 1227
967 1992
969 633
972 892
974 676
676 336
336 1255
975 1881
976 1863
977 508
979 1462
980 1332
981 1757
982 1213
984 1802
987 1743
990 309
309 958
992 1215
996 1957
998 192
192 4
4 1849
1002 1618
1004 173
173 853
1006 587
587 1114
1009 673
673 174
1010 1358
1012 1563
1014 1310
1016 677
677 675
1017 1700
1024 501
1025 477
477 1958
1026 1092
1027 393
1028 1814
1029 860
860 1706
1031 1666
1035 276
276 983
983 1078
1037 211
1038 546
1040 490
1042 1240
1046 1015
1015 1593
1047 261
1049 1686
1051 1750
1052 424
424 433
1053 1371
1054 1650
1057 1232
1060 450
1061 1630
1065 1811
1066 34
34 451
1068 978
978 1854
1069 1502
1071 750
1072 244
244 1343
1074 734
734 1907
1077 545
545 875
875 1539
1079 1567
1081 1500
1082 1824
1084 1770
1087 1039
1089 201
1090 1894
1093 928
1095 388
388 1878
1099 1774
1100 968
1101 11
1102 1355
1104 252
1108 18
18 764
1109 86
86 1425
1111 1317
1112 1562
1115 1135
1117 652
1123 458
458 1134
1125 328
1126 502
1129 695
1130 1634
1131 1393
1133 460
460 1659
1134 326
1136 341
1138 1416
1141 1315
1143 42
42 833
1144 1139
1145 1735
1150 520
520 1988
1152 347
1154 1949
1155 1649
1160 690
1161 640
1162 561
1164 1878
1165 1227
1169 1326
1170 621
621 1689
1171 261
261 1571
1173 1166
1166 1220
1175 442
1176 760
1178 1118
1118 293
293 194
1180 1753
1186 1270
1187 1661
1188 1459
1191 363
1192 1757
1194 705
1195 382
1197 79
1198 1032
1032 1978
1199 657
1200 1998
1201 756
1206 947
1208 523
523 282
282 1159
1209 640
1211 1236
1212 1139
1139 1757
1215 1975
1216 1142
1142 270
1220 1440
1223 1773
1225 1316
1226 1363
1227 168
168 1424
1229 174
1230 1489
1238 1172
1239 966
1240 870
1241 313
313 79
1242 1365
1247 1234
1248 1181
1251 24
24 128
128 1745
1253 1181
1254 1358
1255 928
928 1677
1256 574
1259 432
432 161
161 406
1260 804
804 1313
1261 468
1263 711
711 889
1264 1970
1265 581
581 1984
1267 357
357 1634
1269 1369
1270 1811
1272 892
1273 710
1274 1310
1275 98
1276 619
619 1088
1088 935
1277 1963
1283 61
61 400
1284 1772
1287 1483
1288 1796
1289 1147
1291 182
182 157
1294 1588
1296 726
726 122
1298 1147
1147 1863
1299 470
1300 629
1301 931
931 809
809 884
1303 1521
1305 947
947 1731
1306 1019
1019 354
354 1217
1217 1761
1308 1692
1309 840
840 274
1310 1826
1312 247
1313 226
226 1137
1319 887
887 543
543 938
938 1813
1323 1951
1324 1741
1327 690
690 1894
1328 262
262 1665
1329 1768
1332 1366
1333 994
1334 1567
1336 811
811 695
1338 1330
1341 1895
1342 1644
1343 60
60 52
1344 1234
1346 79
79 657
657 932
1349 653
653 807
807 303
303 372
372 1833
1351 1590
1352 1041
1041 1063
1353 902
1354 1578
1357 1408
1358 1923
1359 248
248 1742
1360 71
71 1746
1363 781
781 547
547 713
713 1113
1113 1846
1366 1105
1367 958
1368 382
1370 1848
1371 170
1372 284
1378 1704
1379 1124
1124 146
1382 1377
1385 526
526 994
1386 33
1389 748
1391 1356
1392 1832
1395 505
1397 560
560 1742
1398 1746
1400 1233
1233 588
588 835
1401 98
1404 579
1405 201
1409 1266
1414 1055
1055 1484
1415 1851
1416 1907
1418 437
437 865
1421 1244
1244 743
743 1909
1423 1536
1424 1172
1426 1374
1374 442
1427 542
542 450
1428 1545
1429 1302
1302 501
501 363
363 366
366 1045
1430 845
1434 224
224 593
593 605
1435 1137
1436 73
1439 1050
1440 1723
1442 129
1443 1544
1445 989
989 87
87 686
1447 524
524 288
288 1422
1422 1852
1448 1530
1449 97
97 850
850 483
483 1554
1452 157
1453 728
728 114
1454 1058
1058 362
362 705
1458 986
1459 1214
1460 122
1463 1122
1122 385
1464 1660
1466 1611
1469 750
1470 1680
1472 394
1474 64
1475 826
1476 942
942 319
319 417
1477 732
1479 828
828 1063
1063 1667
1480 273
273 1952
1481 171
1483 859
1484 670
1485 413
1486 114
114 748
1487 1361
1361 644
1488 1103
1491 1107
1107 1834
1492 1402
1402 480
1496 654
654 817
1497 1931
1499 481
1501 871
871 455
455 890
890 340
1505 65
65 1446
1506 1337
1337 806
1508 1938
1509 480
480 1373
1373 1780
1511 423
423 49
1512 1388
1388 759
759 1883
1515 382
1516 91
91 1407
1518 1765
1524 753
753 1214
1214 76
76 1870
1525 697
1526 1880
1527 675
1528 1788
1530 159
159 1540
1532 1945
1533 1779
1535 541
1537 605
1538 780
780 1128
1128 1064
1539 1023
1540 1552
1544 109
109 1713
1545 1407
1407 1039
1039 886
886 332
332 1193
1193 774
774 670
670 586
1551 1330
1553 406
1556 1262
1557 490
490 1116
1116 1406
1406 47
1558 145
1560 147
147 1365
1562 1073
1563 1987
1564 68
68 1119
1119 918
918 1001
1001 915
1565 600
600 742
742 1633
1566 1098
1098 1561
1561 561
1567 894
894 62
1568 1271
1271 251
251 993
993 338
338 85
85 586
1572 1410
1573 934
934 710
710 414
1574 761
761 872
872 1873
1575 1531
1531 59
59 1782
1576 1437
1437 1348
1578 241
1580 896
1581 1457
1582 1834
1583 953
1589 62
62 737
1590 1168
1591 1105
1592 865
1595 1820
1596 1921
1597 1887
1598 1043
1043 1331
1331 1411
1600 502
1601 579
579 292
292 1979
1602 201
201 1022
1022 566
566 1500
1603 1884
1604 1036
1036 1825
1608 1764
1609 1137
1137 1805
1611 769
1612 1716
1615 1167
1167 968
1616 1736
1617 994
994 1691
1618 819
819 1692
1619 1205
1205 220
220 1555
1555 17
1620 1092
1092 419
419 1468
1626 1833
1627 1456
1628 398
398 806
1629 1894
1631 737
737 1432
1432 1231
1231 497
497 1326
1326 1441
1632 67
1635 1840
1636 658
658 1020
1020 1045
1637 663
1639 100
100 33
1640 527
527 973
1641 142
1642 1547
1644 966
966 284
284 896
1645 599
599 1023
1646 15
1647 1085
1085 1132
1132 1249
1648 1593
1593 285
285 1456
1456 701
1652 1381
1653 1521
1521 1503
1654 1913
1656 119
119 642
1657 142
142 1522
1522 748
748 1290
1658 1523
1659 1523
1660 1315
1315 306
306 1523
1523 792
1661 865
1664 385
385 1345
1345 1940
1665 1179
1179 376
1666 932
932 1925
1667 1221
1221 1021
1668 601
601 705
705 1814
1670 46
46 1411
1411 1686
1672 1548
1548 1110
1110 741
1674 1148
1675 802
802 1809
1677 1318
1680 750
750 1465
1682 1754
1683 937
937 715
715 1811
1684 1808
1685 36
36 382
1686 1356
1356 665
665 712
1689 877
877 1177
1177 1554
1554 853
853 862
862 462
462 1712
1694 510
510 406
406 491
1695 126
126 1773
1696 1168
1168 326
1697 1688
1688 1706
1703 778
778 207
207 1773
1704 611
1706 1282
1708 1105
1709 1213
1213 1714
1710 391
391 265
1711 540
1713 1546
1715 744
744 1007
1721 1872
1722 1933
1724 96
1725 916
1726 22
1727 502
502 1543
1543 75
75 175
175 522
1728 1605
1605 1280
1280 111
111 1384
1384 414
1730 909
1731 1754
1733 1504
1734 812
812 422
1735 1489
1489 1920
1736 1614
1737 1712
1738 153
153 546
1741 1281
1281 278
278 835
835 906
1742 908
1743 495
495 561
1746 1534
1534 772
1747 1584
1584 121
1748 1224
1224 1383
1749 901
901 639
639 1729
1729 1383
1383 1514
1750 1157
1157 1985
1751 1441
1441 1183
1183 1541
1541 69
69 1278
1753 913
913 1377
1377 546
546 457
1754 335
1755 957
957 1866
1756 675
675 1980
1757 96
96 95
95 1219
1219 1887
1759 1799
1760 1080
1080 120
1761 1062
1062 428
1762 164
164 30
30 1997
1763 113
113 1355
1355 1881
1764 892
892 1245
1245 214
1765 1083
1766 1775
1767 1988
1768 817
817 1317
1769 198
198 1322
1322 1934
1770 577
577 671
1771 1362
1362 1419
1419 1705
1705 1669
1669 767
767 1517
1517 1986
1774 1868
1775 1314
1776 973
973 11
1778 1076
1076 1417
1417 1185
1185 914
914 827
827 606
606 378
378 1984
1780 554
554 529
529 120
1781 1622
1622 1570
1570 1624
1624 1297
1297 797
797 1550
1550 1246
1246 839
839 122
122 1717
1782 1050
1050 1587
1784 506
506 1546
1546 429
429 82
82 43
43 1969
1786 756
1787 1413
1788 1585
1793 755
1797 185
185 866
1798 1321
1321 1569
1801 948
948 603
1802 151
1804 49
1805 968
968 1971
1807 985
985 764
764 1196
1196 1971
1808 176
176 197
1809 1446
1446 1638
1638 963
963 1678
1810 873
873 1732
1811 1156
1812 179
1815 1838
1817 14
14 1520
1818 434
434 384
1819 1011
1011 1854
1821 1494
1822 629
629 592
1824 1156
1156 491
491 1121
1121 21
21 935
935 943
943 1096
1096 608
608 1547
1826 1431
1431 355
1829 214
214 1181
1181 230
230 1834
1830 1676
1676 597
597 202
202 1992
1831 1045
1045 74
74 1285
1285 453
453 1278
1278 494
494 1364
1364 1783
1783 859
1834 1064
1064 541
541 1059
1835 583
583 441
441 350
350 865
1838 1075
1075 1232
1232 592
1840 592
592 958
1841 1995
1842 703
1846 1650
1847 1222
1848 1393
1853 1438
1854 184
1855 1909
1856 1013
1859 806
806 1290
1290 422
422 727
727 343
343 1159
1159 562
562 628
628 712
712 414
414 188
188 376
376 1701
1701 15
15 1292
1860 1033
1033 962
962 953
953 605
605 1234
1234 73
73 995
1861 265
265 789
789 433
1862 187
187 649
1863 92
92 1204
1204 1513
1513 1946
1864 408
408 1836
1836 438
438 1493
1493 1968
1865 1471
1866 995
995 782
1867 848
1868 1222
1869 120
120 44
44 1250
1250 1146
1146 1005
1005 1412
1412 1803
1803 1870
1871 330
330 834
834 718
718 394
394 33
33 1794
1794 1249
1249 237
237 1714
1714 511
511 70
70 1450
1872 991
1873 991
991 1633
1874 417
417 906
906 331
331 123
123 1923
1875 212
212 1588
1588 493
493 946
946 129
129 857
857 1974
1878 513
1879 347
347 1070
1070 1030
1030 1330
1330 1936
1880 1679
1679 1023
1023 222
222 250
250 1643
1643 98
1882 733
733 180
1883 1135
1884 1876
1876 1671
1671 1158
1158 217
1885 1282
1282 211
211 1347
1347 1899
1886 1218
1218 1243
1888 1897
1889 35
35 239
239 1473
1473 28
1890 999
999 1425
1425 800
800 917
917 1316
1316 1340
1340 1870
1870 1451
1451 1381
1381 270
1891 165
1892 515
1893 1268
1268 1403
1894 1828
1828 121
121 442
442 1018
1018 1339
1339 246
246 1813
1897 941
941 48
48 1945
1899 1279
1279 427
427 884
884 739
739 1044
1044 611
611 1773
1773 1998
1900 644
1901 1243
1243 765
765 130
130 49
1902 1649
1649 1911
1903 513
513 1918
1904 1262
1907 300
300 450
450 1852
1852 585
1908 1925
1909 720
1910 803
803 1262
1262 307
307 1182
1182 590
590 32
32 1693
1693 1236
1236 1585
1585 1607
1911 308
1912 268
268 964
964 688
688 367
367 1547
1914 1542
1542 1519
1519 1189
1915 190
190 915
915 180
180 1257
1257 468
468 478
1916 1931
1917 381
381 699
699 1091
1091 823
823 1207
1207 151
151 796
1918 1599
1599 889
889 1073
1073 1634
1634 1320
1320 135
135 642
642 1252
1252 1210
1210 1408
1408 481
1919 818
818 635
635 970
970 697
1920 1153
1153 457
457 1702
1702 1752
1752 428
428 272
272 1140
1140 586
586 842
842 1975
1921 1799
1799 1127
1127 326
326 908
1922 863
863 1905
1905 954
954 749
749 1504
1924 746
746 1577
1577 644
644 1094
1094 1699
1699 375
1925 1970
1926 569
569 405
405 1779
1779 1594
1594 393
393 22
1927 478
478 1000
1000 515
515 217
217 1833
1833 1951
1928 1614
1929 339
339 944
1930 1311
1311 1877
1877 1785
1785 716
1931 141
1932 1103
1933 504
504 157
157 893
893 769
1934 1222
1222 1985
1936 1387
1387 353
353 1148
1937 1687
1938 1827
1939 1832
1832 400
400 1655
1655 287
287 1571
1940 177
177 1816
1816 1059
1059 1913
1913 1228
1228 1467
1467 910
910 1806
1941 1698
1698 1008
1942 1625
1625 1034
1034 1067
1067 323
323 1376
1943 617
617 1606
1944 481
481 1490
1490 1468
1945 1956
1947 1825
1825 793
793 613
1948 741
741 874
874 631
631 522
522 1202
1202 1413
1413 1103
1949 1650
1650 47
47 1314
1314 716
716 167
167 1500
1500 1520
1520 165
165 1151
1151 1420
1420 1380
1380 1621
1951 772
772 694
694 31
31 1887
1887 841
1952 1307
1307 1692
1692 1966
1953 701
701 355
355 686
686 866
866 1148
1148 645
645 78
78 1980
1954 1056
1056 698
698 98
1957 1086
1086 883
883 37
37 359
359 1956
1958 1008
1959 1471
1471 707
707 505
505 841
841 912
912 1858
1960 855
855 267
1961 1510
1510 1503
1503 1579
1579 1335
1335 280
280 691
691 240
1962 1895
1895 852
852 1950
1950 870
870 1956
1956 1651
1651 271
271 240
240 1
1 49
49 666
666 1304
1304 1739
1739 1586
1963 98
1966 174
1967 11
11 1621
1621 540
540 1172
1172 12
12 1681
1681 1396
1396 1258
1258 1369
1968 1586
1586 1174
1174 382
1969 1814
1814 1996
1970 1325
1325 328
328 1184
1184 1465
1465 1613
1613 652
652 1881
1881 1135
1135 1494
1494 1758
1971 170
170 199
199 671
671 1552
1552 67
67 351
351 1536
1536 1673
1673 456
456 145
145 826
826 1403
1403 896
1972 858
858 1795
1973 574
1974 1438
1438 808
808 1607
1607 697
697 64
64 558
558 556
556 695
695 1097
1097 1606
1606 574
574 1839
1975 234
234 1719
1719 302
302 1462
1462 1295
1295 997
1976 171
171 1007
1977 563
563 108
108 1433
1433 1444
1444 1820
1820 1369
1978 1946
1979 1845
1980 663
1982 1190
1190 1003
1003 1744
1744 1614
1614 865
865 613
613 591
1983 1633
1633 1120
1985 413
413 1777
1777 1843
1843 1048
1048 384
384 1468
1468 124
124 1286
1286 944
944 1758
1758 242
242 844
1986 1105
1105 927
927 1789
1789 1587
1587 1478
1478 295
295 7
7 1106
1106 1981
1981 751
751 8
8 1906
1906 433
433 706
706 58
1987 1507
1507 1707
1707 782
782 1896
1896 661
661 796
796 1292
1292 449
449 1514
1514 270
1988 98
98 663
663 52
52 2
2 909
909 1549
1549 720
720 1189
1189 158
158 257
257 1235
1235 1716
1716 375
1989 916
916 869
869 1800
1800 997
997 561
561 1114
1114 1851
1851 848
848 1823
1823 146
1990 1718
1718 603
603 830
830 1791
1791 1021
1021 1720
1720 247
247 859
859 763
763 787
787 463
463 1410
1410 194
194 19
19 418
418 607
607 1450
1450 769
769 266
266 397
397 1083
1083 54
54 138
1991 1678
1678 735
735 760
760 833
833 1965
1965 1365
1365 66
66 732
732 1237
1237 790
790 335
335 380
380 958
958 476
476 1994
1992 1839
1839 1375
1375 382
382 341
341 651
651 1559
1559 203
203 470
470 1712
1712 1482
1482 1149
1149 1393
1393 1844
1844 669
1993 1732
1732 1350
1350 1790
1790 1827
1994 703
703 17
17 1745
1745 902
902 141
141 1687
1687 139
139 1946
1995 40
40 1772
1772 1740
1740 756
756 467
467 755
755 1827
1827 270
270 28
28 1529
1529 648
648 620
620 1317
1317 736
736 1955
1955 197
197 252
252 1717
1717 924
924 308
308 508
508 1858
1996 216
216 340
340 174
174 1399
1399 1318
1318 1547
1547 1796
1796 640
640 1858
1858 146
146 794
794 1495
1495 669
669 879
879 274
274 1348
1348 1849
1849 596
1997 795
795 1850
1850 1293
1293 1984
1984 1935
1935 1078
1078 1723
1723 908
908 1662
1662 792
792 956
956 1266
1266 1163
1163 1504
1504 988
988 479
479 375
375 1390
1390 1394
1394 1946
1946 1376
1376 896
896 719
719 1630
1630 1691
1691 1571
1571 845
845 1461
1461 596
596 1792
1792 633
633 451
451 1203
1203 1845
1845 591
591 1610
1610 1964
1964 649
649 241
241 1813
1813 1502
1502 183
183 971
971 1690
1690 452
452 1923
1923 1569
1569 986
986 907
907 1837
1998 1700
1700 1837
1837 1857
1857 891
891 1898
1898 1457
1457 1013
1013 22
22 184
184 1455
1455 1498
1498 179
179 1120
1120 1795
1795 1008
1008 844
844 1623
1623 1663
1663 585
585 267
267 138
138 1369
1369 1806
1806 58
58 1103
1103 1007
1007 1999
1999
8 1158
13 1617
14 1633
17 33
18 36
20 201
27 1606
30 790
31 894
33 1553
39 742
43 227
44 1963
45 1363
48 1647
50 136
52 1245
54 1056
57 1
1 813
61 871
62 1824
68 1939
70 281
71 450
72 936
76 851
78 1273
79 1574
80 1237
81 699
85 1384
87 897
92 702
93 847
94 1331
97 1829
98 1830
99 1369
101 1457
105 553
106 1308
110 922
117 1868
118 1853
121 877
122 1746
124 1543
126 328
128 1080
131 336
133 1581
135 1067
137 204
139 1063
140 711
141 241
145 1234
146 638
149 1418
152 1440
156 1055
162 1928
163 1366
165 961
166 1789
167 1138
171 636
173 871
174 718
176 1162
178 1633
184 1840
188 1214
191 681
193 1389
194 1720
196 1731
199 1796
202 522
203 1840
204 10
205 550
207 715
208 1176
210 1783
211 749
215 983
217 1869
220 1923
223 1560
226 770
227 6
6 59
230 1281
232 1786
235 132
236 1627
238 143
240 38
241 1054
242 848
246 1221
249 1973
252 446
253 1261
254 668
260 1005
261 1147
265 511
266 855
269 1369
272 1973
274 1707
277 1815
280 1616
281 783
285 1282
287 32
288 248
248 1572
290 1187
291 1912
297 1827
299 1430
300 1357
305 1133
306 969
307 1129
311 337
318 623
320 154
154 686
321 1031
325 1612
326 1129
331 1918
332 721
333 566
334 431
339 1534
340 255
255 401
341 337
345 170
170 785
346 1248
349 150
354 1259
357 73
358 1584
361 1219
363 1291
366 367
368 102
369 1210
372 1892
374 213
377 1022
378 1236
379 746
381 618
385 495
391 289
289 882
392 480
393 1147
396 348
348 679
399 1506
404 969
407 414
409 946
411 1987
412 1525
414 1772
415 1472
418 814
419 1257
422 669
426 1132
429 1235
432 1069
434 1207
435 1909
436 1679
439 542
440 1630
441 1310
443 338
338 1561
444 1271
445 1843
446 1563
449 1133
451 560
454 1373
458 1984
463 1454
468 1257
473 819
474 1459
475 1215
480 1493
481 1598
482 175
483 295
484 22
22 1671
490 976
491 1649
500 1190
501 580
502 936
504 588
505 1172
507 1053
514 1649
515 1559
520 1407
521 111
111 197
525 1538
529 1876
531 1844
535 479
537 1963
542 522
543 581
544 863
548 950
549 292
292 855
551 519
552 881
553 805
559 824
562 168
567 104
572 364
574 1649
575 1616
576 1985
579 1705
581 847
583 732
585 428
590 1238
593 1223
595 1227
597 1588
600 69
602 89
603 919
604 1208
606 1417
607 858
612 533
613 536
619 1853
622 1716
623 844
625 1139
626 1106
629 1015
631 1567
632 257
257 1854
633 898
638 112
112 428
428 692
641 1477
644 394
645 1921
647 1396
648 1798
652 225
225 1379
654 134
134 564
661 816
663 845
664 634
667 1708
669 596
596 686
671 1760
672 963
674 1702
675 153
680 494
687 1626
688 47
47 1375
689 1373
692 1731
693 1329
694 1136
695 1848
696 522
522 198
698 545
545 1835
699 1210
703 416
416 120
120 767
711 271
721 534
534 1713
724 1736
726 729
729 1112
736 405
737 187
739 884
740 1084
741 1563
742 462
743 1980
744 1058
752 26
754 533
757 1301
765 323
766 157
767 662
662 1105
771 1234
772 971
775 1023
777 659
778 1741
779 1577
780 1617
783 63
63 234
784 1541
786 1535
788 1431
789 1193
792 371
794 1260
795 1344
797 1438
799 555
802 1320
803 172
804 1671
809 1363
811 1907
814 880
817 1174
819 388
821 1834
822 605
823 298
824 1532
830 328
328 283
836 1520
837 773
838 262
841 390
842 364
844 1247
845 64
849 774
850 1005
853 77
77 1146
855 1026
857 64
859 499
499 1290
861 1027
862 1852
866 183
183 1856
869 1735
871 715
873 915
877 1420
882 245
245 1497
885 1689
889 1007
891 58
58 485
894 1319
895 834
834 884
884 1017
897 1466
900 233
233 555
902 180
903 168
168 21
904 1708
907 1983
909 279
910 1150
911 1229
913 1782
914 1328
916 1113
917 722
918 1324
920 1403
921 587
587 1692
922 1166
925 826
826 1770
929 868
930 1697
931 1484
932 1820
935 923
936 1399
937 1718
939 1514
940 1736
942 1512
946 1167
947 1390
950 26
952 555
954 536
958 1473
959 1814
960 1042
966 1288
968 1279
972 768
974 1418
975 342
978 646
646 1400
980 1790
987 1133
988 892
989 715
990 573
573 905
992 23
996 472
997 189
189 1980
998 1949
1002 1511
1003 1459
1004 1889
1005 1435
1006 1589
1007 395
1009 1772
1011 1715
1012 856
1016 725
725 1241
1017 41
41 1768
1018 102
1019 218
1022 679
1023 1046
1025 1218
1026 1032
1027 1442
1029 1677
1036 264
264 901
901 976
1037 526
526 1032
1032 1293
1038 758
758 107
107 812
812 375
1039 1020
1040 563
563 262
262 905
1044 790
1045 1701
1046 532
532 1528
1050 1270
1060 388
1062 21
1065 1347
1069 1200
1070 1232
1073 1132
1077 655
1078 1643
1083 1061
1091 179
179 1978
1093 1364
1094 222
222 370
1095 1024
1024 1974
1098 1519
1099 1285
1101 1530
1103 1182
1107 806
806 1190
1108 1575
1110 577
577 9
9 115
115 1750
1111 201
201 1818
1116 1781
1117 642
1121 130
130 1816
1123 1889
1125 1555
1130 1588
1134 1559
1135 142
142 1413
1138 697
697 1894
1140 749
749 185
1143 1868
1144 1296
1149 686
686 279
1150 489
1152 1031
1155 1583
1156 350
350 15
15 129
129 400
1157 571
1158 1596
1159 781
1161 1963
1163 35
35 56
56 497
497 417
417 1761
1165 1265
1166 1713
1167 1413
1168 1217
1169 1325
1170 1583
1171 1145
1145 190
1173 1929
1176 247
1179 1333
1181 682
1182 995
1185 1867
1186 1240
1187 787
787 389
389 1667
1190 1696
1192 1462
1193 738
738 927
927 717
717 1043
1043 1387
1194 1906
1196 1079
1079 1926
1199 1578
1201 1537
1203 570
570 905
905 1535
1204 555
1207 1924
1210 863
1212 1228
1214 955
1215 1387
1216 1162
1162 1487
1219 759
759 589
1220 890
890 761
761 1419
1224 875
875 1440
1225 1785
1226 746
746 1768
1228 1075
1230 413
413 605
605 1213
1213 1184
1184 373
1232 827
1233 1383
1234 1680
1237 1260
1240 1072
1241 1350
1243 1402
1244 825
1245 561
1246 464
464 561
561 198
198 362
1250 1208
1208 702
702 539
539 442
442 471
471 309
309 1061
1254 1725
1256 293
293 1492
1258 883
1259 1139
1139 1437
1260 59
1261 284
1262 424
1263 620
620 335
1268 84
84 218
1271 390
390 1441
1273 1895
1275 827
1277 1559
1281 530
530 1253
1283 437
437 1835
1285 310
1286 755
755 1390
1288 351
351 486
486 209
209 668
1290 977
977 1247
1291 832
832 1620
1293 1351
1296 637
1297 1303
1300 1667
1301 276
276 127
127 981
1303 928
928 1063
1063 1472
1304 192
1306 846
1307 1030
1030 1757
1309 1272
1272 719
719 310
1312 192
192 1899
1315 1142
1142 519
1316 1084
1318 781
781 1887
1321 1766
1322 1008
1008 1086
1086 582
1323 1708
1324 965
1325 1693
1330 1837
1332 888
1334 1432
1338 1757
1340 860
860 301
301 1058
1341 627
627 923
1342 476
476 1768
1343 1897
1345 533
1346 1757
1347 1387
1350 1222
1222 1313
1352 282
1354 1015
1015 1355
1357 635
635 995
995 1148
1358 382
1359 386
1360 160
160 1674
1361 896
896 1221
1363 1558
1365 1769
1366 1711
1368 751
751 1751
1371 1926
1372 37
1373 286
286 1137
1137 818
818 67
1375 639
1378 1205
1205 1577
1379 1348
1348 598
1380 981
1382 1653
1383 1791
1384 720
720 961
1386 263
263 953
953 1227
1227 1918
1387 1999
1388 753
1390 1871
1393 651
651 1455
1394 1638
1395 867
867 452
452 355
1396 1592
1399 508
1400 1488
1401 244
244 854
1402 1147
1404 310
310 175
1405 1299
1299 1786
1407 1255
1408 967
967 329
329 722
1409 267
1410 493
1413 1460
1414 1622
1415 1280
1280 1864
1416 1126
1419 155
155 636
1420 523
1421 912
1423 1567
1425 461
461 883
1430 1533
1431 400
400 1619
1435 665
1436 164
164 1495
1438 316
316 962
962 213
213 157
157 1432
1432 541
541 1120
1120 1772
1440 113
113 19
19 1861
1443 1189
1444 119
119 1734
1447 592
1448 1920
1449 1878
1450 951
951 1427
1427 566
1451 1918
1452 519
519 1724
1454 430
1455 906
906 1520
1456 424
1459 805
1460 370
370 1534
1461 748
748 1675
1462 657
657 283
1469 1067
1470 323
323 1439
1476 1198
1479 294
294 1051
1051 498
498 709
1480 388
1481 547
547 1742
1482 25
1486 353
353 886
886 1320
1320 1221
1487 186
1489 685
1490 1881
1491 981
1492 1302
1302 1136
1136 1529
1493 1453
1453 999
1494 1314
1314 1090
1090 893
1495 560
1497 1392
1498 2
1501 1000
1502 1622
1507 1096
1508 406
406 1457
1509 557
557 1989
1510 256
256 878
1512 1270
1514 1662
1515 708
1517 763
763 513
1518 1952
1519 206
206 883
1520 983
1523 1676
1524 91
1526 1567
1527 1814
1531 398
1534 805
1535 181
1536 1729
1537 1087
1087 1119
1119 782
782 250
1538 59
59 1391
1391 1635
1539 1959
1541 750
750 1706
1544 1530
1530 1264
1264 1188
1188 96
1547 1548
1548 1793
1549 472
472 433
1551 999
1552 1057
1554 1475
1475 1996
1556 234
234 527
1557 397
1558 403
1560 1714
1561 278
278 1084
1084 1703
1565 1067
1067 231
1567 36
36 933
933 38
38 621
1568 878
878 1503
1503 614
1569 32
1570 42
1571 569
569 608
608 1505
1505 969
1573 665
1574 1923
1578 1697
1579 915
1580 453
1581 1311
1311 1906
1584 1945
1585 450
450 1468
1468 495
1587 1080
1588 509
509 313
313 1683
1589 1901
1590 707
1594 846
846 485
1595 1583
1583 831
1600 1252
1252 986
1602 312
1605 1542
1542 1068
1068 660
660 1979
1606 1603
1603 1759
1607 424
424 1059
1059 1113
1113 1353
1353 3
1610 1411
1611 457
1612 195
1613 462
1617 791
791 1042
1042 847
1618 1647
1619 856
1620 1175
1621 1528
1622 1812
1623 200
200 73
1624 1124
1124 1722
1625 1053
1053 1013
1013 485
485 650
650 186
1626 1958
1627 405
405 773
1632 713
1635 247
1636 1953
1637 735
1638 1874
1639 733
733 1961
1643 1433
1645 1991
1647 705
705 957
957 46
46 16
1648 1218
1218 1987
1650 1850
1651 1718
1652 1478
1478 460
460 224
224 4
4 656
656 24
24 872
872 425
1654 1699
1655 343
1662 723
1663 21
1665 342
342 984
984 150
1666 1901
1668 295
295 1337
1337 1781
1669 1860
1670 1172
1672 1195
1195 151
151 1247
1247 66
66 518
1673 1697
1676 1483
1483 1148
1678 303
303 1575
1575 1109
1109 639
1681 1284
1284 1504
1683 1433
1433 691
691 1631
1631 1467
1467 634
634 919
919 589
589 956
1684 398
1685 1780
1686 296
296 268
1690 1133
1133 735
735 1484
1484 1792
1691 465
1694 848
1696 1146
1146 172
1697 1940
1702 1160
1160 1927
1703 1677
1704 1598
1705 760
760 1628
1628 893
1709 1411
1411 494
494 90
90 158
158 1855
1710 187
1712 455
455 1472
1472 1660
1660 1649
1649 858
1714 538
538 1978
1716 1972
1717 138
138 1798
1718 512
512 394
394 1916
1719 528
528 1766
1720 1274
1274 1735
1721 190
190 926
926 1131
1131 888
1726 1777
1727 102
102 1364
1731 1177
1734 1979
1735 1282
1736 1990
1737 1328
1328 1644
1738 75
75 1935
1739 359
1740 706
1741 676
676 1154
1154 51
1742 1883
1744 584
1748 229
229 465
1749 86
86 1708
1708 231
1751 774
774 864
1753 540
540 1746
1746 1151
1151 1197
1197 376
376 949
949 770
770 1180
1754 1608
1608 470
470 1106
1755 670
670 51
51 1692
1756 219
219 1593
1593 410
410 1351
1757 359
359 1471
1760 768
768 335
335 466
1761 1499
1762 1857
1763 1586
1586 1646
1646 1768
1765 798
1766 1242
1770 1956
1771 330
330 1759
1759 32
32 1279
1279 798
798 1898
1772 1429
1429 1993
1773 1615
1774 431
431 1071
1071 546
1777 355
355 1126
1778 1945
1779 863
863 854
854 609
609 571
571 536
536 1715
1715 462
1780 510
510 1114
1114 462
462 1477
1477 1381
1781 108
1783 701
701 373
373 37
37 466
466 994
1784 1356
1356 365
1785 1996
1787 503
1790 83
83 1506
1506 1339
1791 1713
1792 221
1794 1891
1795 212
1796 1377
1377 367
1797 74
74 302
1798 1842
1799 403
403 1999
1802 665
665 801
801 617
1803 848
848 143
143 1242
1806 666
666 1175
1175 1236
1236 835
1807 833
833 839
1808 314
1809 1100
1100 425
425 985
985 617
617 1864
1810 1658
1812 1057
1814 566
566 1641
1641 1764
1764 453
453 1057
1057 1863
1816 496
496 362
362 3
3 298
298 1576
1576 1513
1513 879
1817 1750
1819 1397
1820 23
23 1767
1821 1543
1543 898
1822 116
116 707
1827 1183
1830 185
185 1106
1832 1147
1833 1127
1127 1499
1499 1370
1370 465
465 592
1834 707
707 317
317 216
216 395
395 67
67 614
614 835
835 1837
1836 1701
1701 25
25 555
555 831
831 125
1837 616
616 1689
1689 487
487 1954
1838 1439
1439 1235
1235 109
109 713
1839 104
104 1661
1661 1698
1698 874
1841 1349
1349 1969
1843 1615
1615 865
1844 5
5 1671
1671 816
1846 899
899 704
704 843
843 586
586 624
1847 1750
1750 993
993 489
489 1528
1528 718
718 1211
1211 182
182 1231
1850 26
1851 1680
1680 1049
1852 65
1853 1677
1677 1074
1074 153
153 1106
1106 1991
1854 1147
1855 459
459 1339
1339 60
60 1198
1198 1609
1609 423
1857 488
1861 259
1862 1885
1863 716
1865 1657
1866 337
337 282
1867 1800
1800 1987
1868 1745
1745 187
187 1894
1869 955
1870 228
228 1550
1550 1464
1871 1925
1872 1700
1700 944
1873 375
375 1010
1010 1434
1434 1829
1874 1441
1441 1335
1335 344
1875 1367
1367 478
1876 976
976 1442
1442 1942
1877 580
1879 1804
1804 1564
1564 1782
1782 1730
1730 1191
1881 955
955 1858
1858 304
304 1049
1049 1282
1282 1055
1055 268
1882 1446
1446 963
963 1990
1883 715
715 1021
1884 610
1885 221
1886 347
347 659
659 1562
1562 136
136 864
864 1974
1891 1463
1463 898
898 1616
1616 315
315 1553
1553 495
495 384
384 1962
1892 282
1894 979
979 700
700 1209
1209 558
558 517
517 1183
1895 991
991 829
829 386
386 1129
1129 1656
1897 1485
1485 511
1898 892
892 250
250 1031
1031 1592
1899 1118
1118 1112
1112 1940
1902 1102
1102 865
865 1041
1041 745
745 1364
1364 1200
1200 1445
1445 805
805 681
1903 1191
1904 1504
1504 1630
1905 1775
1775 1653
1653 360
1906 1048
1048 352
352 1675
1675 527
527 1474
1474 887
887 790
790 880
880 1229
1907 1066
1908 1889
1889 1412
1412 457
1909 1231
1231 1292
1292 327
327 1319
1319 1630
1910 322
322 161
1911 1978
1912 125
1913 560
560 554
554 1546
1546 986
986 945
945 1722
1914 147
147 456
456 448
1915 924
924 1072
1072 1464
1464 387
387 360
360 1992
1916 40
40 457
457 1465
1465 893
893 380
1917 983
983 1266
1266 668
668 1983
1918 1555
1555 181
181 599
599 172
172 1511
1511 259
259 1644
1644 477
477 1298
1298 1417
1919 643
643 1529
1529 383
383 630
630 506
506 1752
1752 336
336 943
943 1688
1688 1308
1308 1251
1251 1634
1634 12
12 247
1920 1397
1397 1092
1092 438
438 1269
1269 1642
1642 159
1921 401
1924 690
690 682
682 7
7 1947
1925 493
493 1253
1253 1126
1126 879
879 1976
1927 856
856 941
1928 508
508 114
114 611
611 584
584 1085
1085 677
1929 1825
1825 1295
1930 144
144 1061
1061 716
716 1081
1931 807
807 628
628 1789
1789 1835
1932 1559
1559 161
161 825
825 713
713 1985
1933 728
1934 1457
1457 1801
1801 26
26 1811
1811 655
655 1147
1147 728
728 1202
1202 1172
1172 1545
1935 344
344 1996
1936 427
427 221
221 1466
1937 673
673 1888
1888 1747
1747 148
148 858
1938 1823
1823 1805
1939 598
598 380
380 550
1942 16
16 1818
1818 683
683 518
518 1713
1713 214
214 1767
1767 1104
1943 367
367 433
433 89
89 1630
1630 1815
1815 21
21 1682
1682 1426
1426 1840
1840 1563
1563 430
430 197
1944 1828
1828 981
981 847
847 69
1945 1890
1890 1659
1946 312
312 175
175 282
1947 876
876 1849
1948 1021
1949 343
343 1707
1707 679
679 283
283 1115
1115 28
28 1437
1437 1997
1950 55
55 467
467 592
592 1369
1951 1988
1952 511
511 1856
1856 852
852 492
492 1849
1849 275
275 564
564 314
314 731
731 1385
1953 649
1954 488
488 734
734 1132
1132 1831
1831 258
258 1582
1956 1496
1496 1096
1096 808
808 1082
1957 1599
1599 1824
1824 150
150 1047
1958 565
1959 65
65 1255
1255 640
640 1403
1403 973
973 1066
1066 364
1960 1458
1458 237
1961 712
712 469
469 271
1962 1270
1963 1001
1001 247
247 1054
1964 618
618 1788
1788 1174
1965 1864
1966 793
1967 1326
1326 1310
1310 1598
1598 1984
1968 1020
1020 365
365 793
793 948
948 1189
1189 1893
1893 29
29 1614
1614 1034
1034 1864
1864 91
91 1122
1122 1596
1970 874
874 125
1971 103
103 1878
1878 747
747 1926
1926 1768
1973 1056
1056 1238
1238 1805
1805 1521
1521 302
302 11
11 1178
1178 1706
1706 398
398 1629
1629 776
776 1793
1793 1336
1974 624
624 186
186 1385
1385 1075
1075 1104
1976 970
970 639
639 195
195 319
319 888
888 1088
1088 840
840 677
677 653
653 1033
1033 1880
1977 1305
1305 1664
1664 282
282 49
49 1164
1164 1329
1329 1768
1768 1021
1021 1229
1229 1417
1417 10
10 1922
1922 982
982 1604
1604 1141
1141 523
523 1572
1572 1860
1860 1972
1972 1732
1732 578
578 1422
1422 1265
1265 1983
1978 944
944 271
1979 382
382 1249
1249 1880
1880 1743
1743 773
1980 218
218 580
1981 1331
1982 1148
1148 1826
1826 851
851 915
915 1711
1711 636
636 308
308 524
524 601
601 658
658 730
730 1028
1983 1657
1657 1845
1845 1097
1097 1582
1582 1180
1180 621
621 1659
1659 956
956 1525
1525 420
1984 1105
1105 1545
1545 356
356 610
610 550
550 1035
1035 1597
1597 1064
1064 1374
1374 1294
1294 177
177 237
237 1842
1842 710
710 684
1985 828
828 1488
1488 1592
1592 270
270 423
423 999
999 732
732 1940
1940 82
82 1336
1336 820
1986 197
197 762
762 1242
1242 615
615 642
642 243
1987 756
1988 1406
1406 1473
1473 1471
1471 764
764 994
994 271
271 1975
1975 125
125 1695
1695 1786
1786 580
580 1725
1725 706
706 1667
1667 1058
1058 401
401 685
685 273
273 723
723 684
684 1082
1082 1658
1658 1733
1733 753
753 1054
1989 708
708 96
1990 1376
1376 938
938 1267
1267 503
503 1724
1724 268
268 1174
1174 1191
1191 971
971 1758
1758 881
881 448
448 923
923 568
568 1923
1923 1289
1289 1052
1052 964
964 681
681 1000
1000 714
1991 1080
1080 1381
1381 1596
1596 941
1992 1327
1327 827
827 1532
1532 1722
1722 1128
1128 1522
1522 34
34 1221
1221 239
239 1104
1104 591
591 1313
1313 1699
1699 420
1993 1723
1723 1287
1287 421
421 284
284 1389
1389 371
371 1089
1089 1601
1601 1813
1813 858
858 1392
1392 279
279 1941
1941 1591
1591 408
408 1674
1674 1640
1640 1295
1994 1257
1257 100
100 820
820 243
243 388
388 1206
1206 1955
1995 212
212 1362
1362 1351
1351 870
870 546
546 1369
1369 132
132 727
727 961
961 556
556 1217
1217 402
402 397
397 478
478 839
839 1014
1014 1076
1076 815
815 800
800 479
479 965
965 1679
1679 1887
1887 1081
1081 1955
1955 1633
1633 773
773 1859
1859 1566
1566 1270
1270 1054
1996 1223
1223 1516
1516 1969
1969 1692
1692 756
756 1729
1729 1398
1398 533
533 934
934 883
883 1424
1424 813
813 1239
1239 180
180 1896
1896 1276
1276 678
678 816
816 69
69 1533
1533 1054
1054 1769
1997 1687
1687 1428
1428 1317
1317 364
364 912
912 231
231 941
941 1028
1028 42
42 1900
1900 637
637 1466
1466 785
785 1418
1418 159
159 969
969 1829
1829 88
88 908
908 1540
1540 1901
1901 1333
1333 1248
1248 1047
1998 868
868 108
108 1183
1183 267
267 709
709 769
769 796
796 73
73 95
95 1153
1153 565
565 588
588 1355
1355 1047
1047 64
64 420
420 714
714 1331
1331 1693
1693 1769
1769 513
513 649
649 1344
1344 1500
1500 53
53 1295
1295 169
169 810
810 594
594 2
2 1278
1278 251
251 324
324 722
722 1177
1177 1728
1728 1848
1848 516
516 96
96 447
447 582
582 123
123 1776
1776 1656
1656 1577
1577 1835
1835 1999
