5
199
7 46
10 170
17 190
23 22
22 67
31 13
13 116
34 100
36 91
37 195
39 88
40 139
43 187
47 158
48 83
49 128
50 30
54 26
26 169
59 85
60 178
65 191
73 28
28 41
75 56
76 82
77 133
80 55
55 44
81 150
87 92
89 74
90 110
91 123
92 163
93 42
42 44
44 180
95 35
35 66
66 161
96 176
97 3
98 140
101 38
103 156
104 105
105 174
106 67
109 180
111 108
112 63
63 94
113 33
33 64
64 24
114 171
116 20
117 163
119 99
121 12
12 46
122 6
6 68
68 132
123 148
124 71
71 25
126 174
128 53
131 51
137 38
138 134
139 20
140 107
141 173
142 170
145 100
147 135
135 29
29 86
86 18
18 84
84 67
151 85
85 46
152 186
154 52
52 8
8 177
155 27
27 149
159 16
16 132
132 53
53 46
46 175
160 134
162 108
108 166
164 56
56 192
167 32
32 150
150 20
169 38
38 156
156 88
88 134
134 129
170 161
161 136
172 165
174 11
175 5
5 51
51 191
177 188
178 198
179 82
82 9
180 24
24 118
118 3
3 74
181 165
165 184
183 129
185 133
186 14
14 149
187 62
62 74
188 158
158 74
74 19
19 4
4 171
171 129
189 100
190 21
191 45
192 136
136 110
110 168
168 11
11 94
94 163
163 100
100 195
193 61
61 99
99 120
120 57
57 102
195 9
9 70
70 184
184 149
149 30
30 176
176 129
129 1
1 115
115 166
166 21
21 41
41 153
153 2
2 199
196 83
83 194
197 78
78 182
182 144
144 157
157 45
45 107
198 102
102 72
72 67
67 15
15 107
107 20
20 125
125 143
143 58
58 146
146 127
127 133
133 25
25 173
173 69
69 148
148 194
194 79
79 130
130 199
199
3 85
4 183
5 85
8 89
13 69
17 7
7 173
19 11
21 62
22 73
24 106
25 143
26 30
29 68
30 69
34 134
36 102
37 178
40 23
41 136
43 11
45 39
46 137
47 66
50 121
51 189
52 14
14 160
53 110
54 112
56 151
58 20
20 118
59 78
60 10
61 105
62 31
63 92
68 122
69 89
70 97
73 114
74 65
65 155
75 171
78 196
81 48
82 172
83 80
80 99
84 71
88 44
89 15
92 124
97 79
79 138
98 146
100 156
104 176
108 152
109 71
112 2
2 172
113 187
116 157
122 111
123 171
124 196
125 12
126 11
11 15
127 139
129 130
130 35
35 158
133 12
135 119
136 10
137 106
106 119
119 128
139 101
101 107
107 105
105 154
140 131
141 149
144 180
145 57
57 199
146 111
150 134
134 72
72 165
152 166
154 117
155 189
156 38
38 115
159 85
160 151
161 114
114 148
162 66
164 16
16 49
49 76
76 120
167 102
102 132
168 111
169 149
171 93
93 111
111 170
172 90
90 175
173 178
174 149
149 170
170 120
120 110
110 117
117 27
27 91
91 138
138 66
175 39
39 42
176 64
64 143
143 66
177 131
131 48
48 187
179 99
99 96
96 10
10 77
180 103
103 12
12 153
181 71
71 188
184 77
185 42
186 178
187 121
188 31
31 33
33 55
55 153
153 165
189 66
66 18
18 95
191 199
192 193
193 158
158 67
67 1
1 166
166 147
147 23
23 190
195 183
196 6
6 165
165 128
128 157
157 148
148 121
121 9
9 132
197 28
28 32
32 178
178 44
44 15
198 15
15 118
118 194
194 95
95 163
163 115
115 190
190 94
94 85
85 86
86 77
77 87
87 182
182 142
142 183
183 132
132 151
151 42
42 199
199
5 84
7 141
8 15
9 196
10 152
11 149
12 38
13 133
14 139
15 178
22 124
24 190
25 94
26 101
28 80
32 151
33 45
42 110
47 17
17 43
43 189
49 104
57 50
58 48
63 23
64 79
65 56
56 191
70 40
40 90
73 126
78 34
34 41
81 132
84 85
85 179
88 179
89 138
91 31
31 29
29 83
94 124
95 20
20 142
97 46
46 87
98 4
101 41
41 111
102 135
105 141
112 50
113 48
48 107
115 79
79 3
3 123
117 61
118 52
119 162
121 86
86 114
114 192
122 192
124 87
87 126
126 162
128 30
30 77
129 174
131 72
134 148
137 133
139 76
76 107
107 16
16 6
140 189
143 111
145 99
146 156
149 187
151 93
93 111
111 136
136 183
152 184
157 27
27 147
147 177
158 154
159 6
6 51
51 142
163 164
164 38
38 130
165 180
166 61
61 74
74 53
167 130
130 171
169 154
170 39
39 155
155 1
1 133
133 104
104 127
127 103
171 174
172 161
161 132
132 100
173 108
174 69
176 82
177 106
106 37
178 45
45 168
181 54
54 69
69 153
182 160
160 60
60 53
183 35
35 154
154 198
184 125
125 18
18 123
186 123
123 21
188 195
189 19
19 36
192 77
77 71
71 23
194 135
135 138
138 193
193 59
59 37
37 100
100 110
110 109
109 153
153 53
53 195
196 62
62 55
197 90
90 103
103 195
195 185
198 116
116 52
52 83
83 75
75 108
108 67
67 2
2 50
50 36
36 44
44 179
179 168
168 80
80 148
148 68
68 185
185 144
144 141
141 175
175 150
150 120
120 92
92 180
180 99
99 191
191 4
4 142
142 156
156 96
96 82
82 66
66 23
23 21
21 190
190 187
187 72
72 162
162 55
55 199
199
3 114
4 143
6 8
9 115
16 52
19 90
22 14
14 99
23 78
24 102
25 149
29 34
30 10
32 37
34 10
10 180
36 177
40 96
43 182
53 99
56 52
57 37
37 51
59 79
60 186
67 41
70 173
71 85
72 58
79 52
80 76
81 125
84 149
86 197
89 76
76 125
92 61
61 49
49 171
94 2
95 52
52 186
97 65
100 135
102 35
35 147
104 157
105 190
107 175
110 190
111 64
64 144
113 130
114 106
115 7
7 13
116 178
119 136
120 170
123 85
127 154
128 129
130 82
82 96
96 68
68 63
63 112
112 15
132 176
135 51
139 83
142 172
144 150
145 91
91 26
26 15
146 106
148 54
54 99
99 27
27 41
41 69
150 65
151 85
152 125
155 118
156 141
141 77
77 48
157 179
158 138
159 117
117 198
160 90
90 28
161 11
11 42
163 184
164 87
87 93
93 1
1 85
85 170
165 39
166 133
133 191
167 75
75 106
106 58
168 20
171 42
173 98
98 187
174 28
175 131
131 147
176 33
33 51
51 48
177 31
31 73
179 169
169 8
180 46
181 66
66 126
126 5
183 45
45 15
15 178
184 5
5 134
185 137
186 134
134 20
20 149
149 182
182 172
172 17
17 143
187 101
101 47
47 124
124 109
188 143
143 38
38 103
103 78
78 2
2 196
190 138
138 12
12 74
192 13
13 153
153 191
191 109
109 162
162 62
193 122
122 65
65 42
42 121
121 18
194 48
195 28
28 48
48 44
44 21
196 69
69 189
189 21
197 199
198 73
73 18
18 39
39 62
62 55
55 154
154 8
8 118
118 140
140 147
147 83
83 46
46 50
50 136
136 170
170 125
125 108
108 129
129 58
58 21
21 137
137 88
88 178
178 74
74 199
199
1 162
5 139
9 75
12 4
13 69
14 65
22 111
24 79
26 80
28 178
32 82
38 30
40 35
41 197
47 39
48 152
50 197
51 29
54 20
56 49
57 83
58 154
61 31
63 27
27 98
65 132
66 173
68 76
69 16
16 157
72 144
73 121
74 7
78 181
80 118
84 136
85 23
89 7
7 83
83 11
11 21
21 117
90 62
62 77
77 42
91 185
95 17
17 138
96 53
53 29
98 92
99 67
100 31
31 199
101 161
106 199
107 45
111 94
94 79
114 29
29 19
19 46
115 36
36 104
104 121
118 59
59 92
120 8
8 44
44 155
122 71
71 25
25 97
97 161
123 102
126 18
18 125
127 138
128 23
23 43
130 192
133 6
134 166
135 60
140 178
144 124
146 150
149 20
20 87
87 162
154 81
155 102
157 156
156 147
158 171
159 169
162 3
3 132
132 136
164 139
139 167
166 43
167 108
168 142
169 30
30 110
110 52
52 4
171 124
175 193
178 67
179 113
113 76
180 105
105 35
35 46
46 119
119 151
151 172
181 148
148 136
136 34
182 147
183 186
184 88
88 160
185 165
165 125
125 70
186 147
147 131
131 76
76 92
187 199
188 33
33 93
93 112
189 67
67 2
2 142
142 150
150 176
176 55
55 121
121 49
49 103
103 75
75 45
45 109
109 108
108 6
6 153
153 174
174 138
190 152
152 82
82 177
191 124
124 64
64 81
192 129
129 81
81 112
112 79
193 199
194 15
15 163
163 86
195 141
141 138
138 10
10 37
37 102
102 177
197 42
42 70
70 117
117 60
60 92
92 79
79 39
39 34
34 143
143 160
160 116
116 196
196 145
145 137
137 170
170 172
172 198
198 86
86 161
161 173
173 177
177 4
4 43
43 199
