5
1999
1 243
2 1365
7 1088
11 1076
12 1102
15 9
18 516
20 1854
22 82
23 1532
25 809
28 973
31 1873
32 113
39 280
43 1138
44 1225
46 1289
47 948
48 814
52 863
54 1950
55 175
61 178
63 1081
66 282
68 1618
70 1306
71 314
74 771
80 406
81 565
82 777
83 1701
86 1247
87 1505
88 1816
90 77
94 308
96 1269
97 726
99 1524
101 859
102 850
104 558
105 1746
107 863
111 141
113 1085
114 335
117 1865
118 254
122 994
125 1557
130 629
134 218
137 198
139 180
144 536
147 519
148 1570
152 1506
153 1656
159 1511
160 9
161 609
162 862
167 525
168 1210
172 13
175 1422
178 1653
180 854
181 1247
182 1144
183 1382
186 1724
188 950
192 971
193 40
194 1699
198 1292
208 742
209 460
210 1786
211 1827
212 279
213 1090
214 870
216 562
218 1763
221 1472
223 1756
226 1332
229 24
232 202
234 1326
236 156
156 174
239 532
241 1565
242 164
164 1677
245 195
246 919
248 968
249 567
252 1413
253 354
255 1373
256 1852
263 1854
264 1323
267 53
268 351
269 914
270 1902
271 60
272 72
273 254
275 847
279 1313
281 1194
287 115
115 1739
295 406
297 323
298 1479
301 1803
303 1952
306 149
308 901
310 1667
318 853
319 643
320 1115
321 78
323 1190
325 1707
328 1828
329 1250
331 220
220 582
332 1049
333 966
335 1952
336 110
338 309
345 1768
349 1065
353 532
355 1926
356 1168
362 1135
364 1180
367 811
371 386
376 517
377 533
378 1700
379 179
382 924
384 191
191 639
386 1421
387 123
388 1571
389 1537
390 372
372 1071
391 551
393 1841
395 38
38 1778
396 892
398 905
399 1010
403 1371
404 1213
410 330
412 120
120 633
418 1184
419 1862
421 1473
423 465
426 1534
427 155
155 1541
428 1955
430 1545
431 1470
434 165
436 1545
438 1903
440 575
445 1103
447 1354
449 1908
451 184
452 1294
455 1012
459 1268
460 581
463 282
282 647
465 1038
469 85
473 489
476 1340
477 141
141 877
478 346
346 1987
480 1306
481 1747
484 69
486 1385
488 930
489 413
413 955
496 860
497 4
498 1304
501 1086
503 1788
508 278
509 433
512 207
514 1220
517 1935
518 1764
519 1606
523 1993
530 173
532 1585
538 828
541 383
544 1192
545 1999
546 1535
547 1444
549 1577
550 934
551 823
552 1138
557 1832
560 1509
564 1869
565 850
568 278
570 1784
571 1644
573 624
574 700
576 987
578 1753
579 774
580 1411
583 1972
585 1838
587 1821
588 322
590 1655
593 764
594 1592
595 1837
598 1137
599 135
606 1486
608 405
609 10
610 1866
611 893
612 1152
615 856
617 1065
618 1755
621 326
326 1075
628 1372
630 409
409 309
309 1183
631 1705
632 895
633 688
639 1704
640 664
641 1781
648 809
649 1599
650 1625
651 184
653 1815
656 472
659 1786
663 603
603 494
665 842
667 1034
673 368
675 1355
678 1357
679 1378
683 749
684 613
687 1010
688 490
490 1747
689 1003
693 262
262 1004
698 727
699 184
184 705
705 1436
706 1312
708 622
712 471
471 619
719 49
49 1553
721 1885
722 1330
725 898
726 681
681 880
727 199
729 142
731 1623
736 322
322 1800
739 622
740 1400
741 1771
742 875
743 1317
744 170
750 53
753 1367
756 516
759 1308
761 405
762 1955
764 1134
765 1914
767 805
771 886
773 1272
776 1303
778 1906
779 1047
782 1538
784 1701
785 1899
787 768
792 1836
793 516
795 1403
799 1720
800 1111
801 1841
805 1466
811 1709
817 975
818 528
528 738
820 1868
821 57
57 77
77 1626
822 999
823 123
123 922
825 1441
828 381
381 1425
829 638
837 1879
838 1089
840 448
845 257
257 686
847 1577
848 1711
851 757
853 408
408 1204
855 1167
856 1371
858 715
715 527
862 1621
865 485
485 1188
867 59
868 1435
869 669
871 283
283 1686
872 810
810 1074
874 150
878 685
685 5
880 613
881 803
884 970
886 1867
890 189
189 1800
891 1439
892 380
893 1250
894 1054
895 1910
902 1314
903 1400
905 1479
906 363
908 84
909 1545
910 131
913 135
914 1537
915 291
916 1493
923 41
41 91
925 1845
926 1257
930 215
215 1753
932 1429
935 1421
938 482
482 1118
942 415
944 1923
946 668
948 1138
952 1480
953 1481
956 1689
958 354
959 136
136 1667
960 645
962 1192
964 492
966 1256
969 344
344 1366
971 950
974 1139
976 17
979 33
982 526
984 26
985 1068
991 898
898 1409
992 1875
996 995
997 1710
998 1869
1000 375
375 1645
1001 1446
1003 1764
1005 231
1006 734
734 652
1008 65
1010 1803
1012 694
1014 885
1015 1389
1016 317
1017 1944
1020 940
1023 1417
1024 1834
1025 1802
1026 1043
1028 466
466 816
816 780
1030 487
1031 658
1032 1792
1034 1530
1037 666
1038 766
766 1717
1039 1937
1043 702
702 676
676 1677
1044 370
1048 1720
1053 369
1054 1276
1055 696
696 1210
1057 464
464 602
602 1475
1059 233
1065 1428
1066 1508
1068 1036
1069 260
260 1315
1070 24
1071 831
831 1110
1073 422
422 1633
1074 1496
1077 1884
1078 815
815 1693
1079 642
1081 1188
1082 1395
1084 654
1085 1605
1086 368
368 700
1089 1714
1093 470
1097 1724
1099 1609
1100 1349
1104 324
324 1592
1105 1342
1109 1442
1110 1354
1114 1857
1115 491
1117 65
65 1763
1119 1521
1121 1103
1103 507
507 34
34 951
1122 1874
1123 1434
1124 990
1127 986
1129 1794
1132 647
1133 1969
1134 720
720 597
597 1755
1135 896
896 1295
1136 36
36 1060
1137 79
79 1404
1145 1975
1146 1253
1150 943
943 227
1152 294
1154 781
781 1112
1112 844
844 620
1157 1153
1162 1668
1165 1635
1167 1543
1168 540
1174 53
53 1584
1178 1263
1180 1035
1181 716
716 1351
1182 1342
1184 1951
1185 1260
1186 973
1187 671
671 1451
1189 1536
1190 636
636 1660
1191 1505
1192 176
1193 1300
1194 1666
1196 359
359 197
197 26
26 1587
1199 912
912 763
763 1352
1200 769
769 672
1201 1531
1202 927
927 1158
1203 1090
1090 1083
1204 361
1205 479
1209 1414
1212 1365
1213 296
296 1680
1216 931
931 887
1217 833
833 680
1218 1076
1220 999
999 1342
1221 924
1223 1416
1224 1963
1225 1329
1226 973
973 1738
1227 933
1229 1341
1230 1149
1233 1492
1234 1525
1238 315
1241 293
293 1237
1247 1610
1249 196
196 187
187 657
657 752
752 520
1250 525
525 796
796 1679
1251 1826
1252 813
813 1064
1064 98
98 1364
1253 627
627 772
1254 713
713 691
691 777
1255 669
669 510
510 1290
1258 1326
1259 1803
1260 1198
1261 397
397 738
738 284
1263 1312
1264 1572
1270 918
1271 195
1272 314
314 1072
1072 1101
1276 1559
1280 1295
1281 461
461 1771
1283 1626
1284 783
783 286
1285 1743
1286 972
972 304
1287 1825
1289 515
515 1547
1290 1774
1292 629
1299 1524
1300 347
347 1306
1303 432
1307 798
1309 1791
1310 1257
1311 112
1312 770
770 995
995 1826
1313 1282
1314 1046
1315 1896
1316 1697
1319 748
748 539
1322 1088
1088 380
380 1256
1256 348
1323 977
977 922
922 185
1327 1653
1329 1239
1239 1606
1335 1704
1336 834
1338 348
348 682
682 1076
1076 1841
1339 1509
1342 835
835 37
37 195
195 278
278 483
483 1240
1343 1653
1344 950
1355 965
965 1143
1143 392
392 1981
1356 1413
1360 292
292 814
814 174
174 1040
1040 1163
1361 158
1366 128
1367 1029
1371 900
1374 674
674 1351
1351 553
1376 1557
1378 1022
1379 1760
1380 586
586 1615
1382 400
400 204
204 949
1386 1156
1388 9
9 875
875 1673
1390 129
1391 1149
1149 230
1394 911
911 1359
1395 970
1401 42
42 442
442 1986
1402 1958
1403 1096
1404 561
1405 1949
1411 1625
1412 1056
1413 511
1416 126
1417 690
1418 21
21 1297
1419 652
652 1432
1420 1620
1421 1449
1423 647
647 1616
1424 975
975 1308
1308 751
751 1108
1108 607
1425 157
157 261
261 842
842 405
405 660
660 1430
1428 1894
1429 1278
1430 1207
1207 758
1431 1465
1432 1610
1433 1462
1434 1961
1435 904
904 1282
1436 85
1437 802
802 694
694 1341
1341 5
5 700
1441 758
1443 850
850 1098
1444 827
827 1169
1445 230
230 119
1446 1471
1447 200
200 1731
1450 1331
1331 879
879 949
1451 629
1452 406
1454 1159
1159 448
448 1080
1456 1156
1156 1359
1359 266
266 1302
1302 1637
1457 1580
1458 1002
1462 1052
1052 1033
1463 1874
1464 3
3 940
1465 1526
1468 505
1470 78
78 701
701 190
190 370
370 554
554 439
439 1891
1471 1926
1472 936
1474 1318
1318 919
919 504
1475 500
1476 607
607 634
634 1907
1477 227
227 166
1481 1101
1482 846
846 1996
1483 1210
1484 1210
1485 993
993 1953
1486 1440
1487 1850
1488 1705
1489 834
834 1368
1368 1586
1490 860
860 522
522 500
1491 629
629 154
154 1170
1492 1856
1495 251
1496 1730
1498 92
92 730
730 1518
1502 1805
1503 1706
1505 1348
1348 406
406 1427
1427 1506
1506 206
206 1980
1507 1275
1275 1236
1236 700
1509 760
1510 1278
1278 235
235 1647
1514 1843
1515 1317
1517 1160
1518 1294
1294 755
755 642
642 1148
1523 936
936 1473
1526 179
1527 623
1528 1580
1531 1235
1235 1347
1347 780
780 1399
1532 864
1533 672
1535 1530
1530 91
1536 441
441 383
383 889
1537 334
1538 458
458 520
520 415
415 655
655 592
592 446
446 524
524 407
407 1836
1539 1274
1274 1092
1092 357
1542 1847
1543 861
861 526
526 1422
1422 1583
1545 643
1546 624
624 1894
1547 1377
1548 1791
1549 277
277 563
563 1771
1550 1675
1551 17
1553 121
121 1968
1556 643
1558 1773
1560 1699
1564 1672
1567 33
33 59
59 60
1569 313
313 635
1570 703
703 60
60 1777
1571 1529
1529 1805
1572 830
830 666
666 1519
1574 75
1575 103
103 1340
1576 491
491 924
924 1497
1497 360
1577 531
1578 1516
1516 994
1580 832
832 1358
1585 24
24 1842
1586 1035
1589 1945
1591 1981
1592 1021
1593 1680
1594 457
1595 1317
1596 1317
1317 1935
1599 1522
1600 1858
1601 1415
1602 1041
1041 961
1603 1814
1607 582
582 1493
1612 224
224 171
171 1850
1613 561
561 939
1616 1326
1617 374
374 921
921 1785
1618 897
1619 1582
1582 1383
1620 1611
1621 951
951 1035
1035 67
67 1917
1622 1604
1604 1363
1363 1584
1623 151
1625 1246
1627 1013
1013 945
945 1009
1009 1197
1197 1898
1628 548
1629 566
1631 1695
1632 1061
1633 1860
1637 1728
1638 385
385 804
804 711
711 1583
1583 836
836 93
93 1269
1639 1920
1641 1525
1525 286
1642 342
342 1273
1273 259
259 1646
1645 1279
1279 710
1647 1797
1649 1951
1650 774
774 499
499 1062
1062 16
16 1513
1654 1118
1118 1019
1019 1265
1265 1835
1658 797
1659 723
1661 1293
1293 247
1664 1896
1665 677
677 626
1668 613
613 1855
1669 1541
1670 559
559 285
1674 1683
1677 692
692 1998
1678 1400
1400 1248
1248 718
1679 1004
1681 127
127 1080
1080 929
1682 535
535 1033
1033 877
877 1232
1683 1606
1684 1898
1689 658
658 1499
1499 1890
1691 337
337 857
1692 1058
1058 1352
1695 1373
1697 695
1698 569
569 857
857 1563
1699 1353
1353 746
746 709
1700 1854
1701 64
1703 643
643 1240
1240 1573
1573 516
1705 357
1706 110
110 718
718 444
444 1687
1687 970
970 670
670 1721
1709 1894
1710 920
920 339
1711 1176
1176 1042
1042 1667
1667 1967
1712 1002
1713 1859
1714 1831
1716 1349
1349 30
30 1793
1717 64
64 934
934 129
1720 839
1721 443
443 10
10 185
185 994
1724 1960
1725 1142
1726 735
735 1837
1728 775
1729 803
1730 1999
1731 95
95 251
251 169
1732 1130
1130 1408
1408 58
1735 358
358 302
302 1938
1737 1414
1414 1663
1663 824
824 1357
1739 85
85 709
709 1188
1188 1151
1151 852
852 1049
1049 1656
1740 217
1741 1610
1744 424
424 494
494 1644
1745 808
1746 1372
1372 697
697 1742
1742 1733
1733 1723
1723 149
149 468
1747 918
918 1851
1749 978
1750 58
1752 1120
1120 1461
1461 35
1753 1211
1211 1091
1754 645
1756 1214
1214 728
728 1693
1760 572
572 1500
1500 812
812 1396
1396 17
17 614
614 690
690 357
357 1153
1153 1494
1494 1166
1761 502
502 40
1763 1243
1243 1051
1051 635
1764 1206
1767 511
1771 304
304 361
361 334
334 638
638 1759
1759 73
73 72
1773 1563
1563 1636
1774 265
265 1449
1776 1857
1778 250
1781 1606
1782 1566
1566 777
1783 1656
1656 316
316 1171
1171 56
1785 1963
1787 1409
1409 1333
1333 108
108 132
132 1686
1788 768
768 225
1789 360
360 1245
1245 1823
1791 207
1792 1269
1793 791
791 749
1794 1128
1128 1521
1521 126
126 1959
1795 968
1796 1540
1540 1662
1662 1611
1798 1780
1780 1834
1799 625
625 1297
1800 1393
1393 1389
1389 1232
1801 493
493 1301
1802 1513
1513 747
1803 1047
1047 1779
1779 808
1805 1707
1707 1579
1806 1046
1046 238
238 511
511 1786
1786 809
809 540
540 626
626 1364
1807 1141
1809 1634
1634 1615
1615 707
1810 529
529 760
1811 35
1812 1947
1813 1931
1814 1758
1758 462
462 89
89 1160
1160 1770
1770 1704
1704 941
941 504
504 231
1815 1469
1469 1473
1473 1624
1624 119
119 899
1816 205
205 527
1817 1769
1769 1912
1818 1868
1819 1087
1087 1061
1820 1899
1821 1635
1822 1839
1824 1179
1825 150
1826 961
961 217
1828 937
937 589
589 285
285 225
1829 1183
1183 700
1830 967
967 1581
1581 1972
1831 1908
1832 457
457 1978
1833 1562
1562 1909
1835 1755
1836 1748
1748 1383
1837 605
605 1357
1357 288
1838 543
543 1635
1635 604
604 994
1841 468
468 1849
1842 680
680 1340
1340 1397
1843 1326
1844 1094
1094 350
350 819
819 1772
1772 1195
1195 414
1845 1354
1354 1262
1262 1410
1846 1880
1847 1676
1676 163
163 1198
1198 1610
1610 591
591 686
686 1304
1848 1004
1004 724
1849 1029
1029 1208
1850 1851
1852 1804
1853 1890
1854 1288
1857 1896
1859 747
747 1002
1860 1332
1332 1988
1861 1131
1131 1643
1862 527
527 978
978 177
177 963
1865 1370
1370 1267
1267 1671
1671 19
19 1797
1867 1375
1375 1364
1364 859
1869 142
142 1985
1871 622
1872 724
724 1999
1873 1719
1719 1565
1565 1091
1091 889
889 1501
1874 1208
1875 289
289 1439
1876 1321
1321 635
635 170
170 1943
1877 1870
1878 300
300 411
1880 1063
1063 1448
1448 1369
1369 1442
1442 1702
1702 202
202 51
51 980
980 733
1881 1173
1882 928
928 516
516 1868
1868 1328
1328 1987
1883 1277
1277 1111
1111 1660
1660 620
620 1708
1708 1694
1885 1478
1478 695
1886 228
228 899
899 623
623 366
366 777
777 1479
1887 794
794 1439
1439 548
1888 1050
1050 1466
1466 672
1889 950
950 1922
1890 1944
1891 1855
1855 990
990 556
556 506
506 327
327 1899
1894 1493
1493 1326
1895 140
140 882
882 467
467 284
1896 537
537 536
536 373
373 1075
1075 1910
1898 1244
1244 75
75 231
231 757
1899 1246
1900 854
854 1840
1901 1864
1864 1113
1902 1840
1840 1738
1738 1652
1652 939
1903 1734
1904 76
76 414
414 1694
1694 1751
1751 521
521 988
988 797
797 986
986 1296
1296 1762
1762 151
151 542
542 654
654 1974
1906 1147
1147 100
1907 69
69 45
45 1172
1172 1166
1166 707
707 1398
1398 954
954 786
786 1177
1177 1320
1320 58
58 859
859 600
600 664
664 1932
1908 646
646 917
917 581
581 1377
1377 983
983 1561
1561 169
169 1326
1326 500
500 1636
1636 237
237 1941
1909 1426
1426 450
1910 1305
1305 40
1911 1373
1373 135
135 150
1912 1246
1246 199
199 1646
1646 758
1913 56
56 555
555 1834
1914 1766
1766 84
84 429
429 1511
1511 1334
1334 1690
1690 758
1915 1932
1916 128
128 6
6 1557
1557 1686
1918 4
1919 1921
1920 425
425 1011
1921 1648
1648 567
1922 1981
1923 1480
1480 955
955 1164
1164 1384
1384 1797
1797 1056
1056 1269
1269 1608
1608 841
841 1541
1541 596
596 225
1924 343
343 1231
1231 788
788 704
704 732
732 40
1925 1410
1410 1306
1926 876
1927 91
91 433
1928 1643
1643 1067
1067 883
883 1440
1440 450
450 305
305 661
661 472
472 351
351 240
1929 1301
1301 798
798 637
637 254
1930 710
710 131
131 219
219 244
244 243
243 949
1931 1407
1407 138
138 453
453 1467
1467 757
1932 1365
1365 1325
1325 760
760 109
109 695
695 290
290 29
29 1406
1406 807
1933 531
531 106
106 1142
1142 876
876 789
789 1144
1144 1298
1298 1673
1673 1693
1693 1587
1587 1685
1685 737
737 258
258 1352
1934 1823
1823 1858
1858 1346
1346 165
1936 330
1937 1765
1765 1242
1938 1736
1736 1804
1939 981
981 1947
1940 947
947 1534
1534 1686
1941 745
745 1158
1158 1879
1879 1614
1614 539
539 533
1942 1219
1219 288
288 1944
1943 1350
1350 166
166 225
1944 1095
1095 1141
1945 437
437 1946
1946 584
584 1208
1208 470
470 849
849 870
870 558
558 1588
1588 662
662 1686
1686 939
939 963
1947 124
124 1228
1228 487
1948 1060
1060 363
363 1953
1949 1688
1688 888
888 775
775 432
432 1266
1266 1415
1951 1113
1113 1337
1337 62
1952 1734
1734 1107
1107 806
806 1790
1790 723
723 27
27 4
4 1651
1651 14
14 276
1953 411
411 1061
1061 1524
1524 247
247 700
700 312
312 645
645 989
1954 1036
1036 949
1955 1975
1958 1755
1755 225
225 1268
1959 1508
1508 435
435 1232
1232 354
354 100
100 1392
1960 644
644 601
601 1512
1961 933
1962 873
873 1459
1963 1362
1362 150
1964 1125
1125 1027
1027 13
13 929
929 1768
1965 330
330 1555
1555 1519
1519 417
1966 1897
1897 286
286 757
1967 843
843 433
1968 1653
1653 254
254 749
749 1306
1306 1455
1455 1950
1950 217
1969 1141
1141 619
619 207
207 1083
1083 129
129 352
352 1866
1866 885
885 553
1970 1956
1971 299
1972 173
173 40
1974 1002
1975 280
280 577
577 1148
1148 1696
1976 940
940 341
1977 112
112 1512
1512 1851
1851 1856
1856 40
1978 284
284 987
987 1011
1011 133
1979 1827
1827 495
495 487
487 616
616 1640
1640 1126
1126 548
548 1139
1139 217
217 1288
1288 1257
1257 826
826 341
341 534
1980 772
772 1559
1981 1387
1387 866
866 1324
1324 454
454 968
968 1584
1584 1161
1161 949
949 1007
1007 8
1983 1397
1397 1554
1554 1579
1579 1666
1666 50
50 479
479 790
1984 1106
1985 757
757 1242
1242 622
622 1597
1597 1392
1392 1169
1169 492
492 1268
1268 1935
1935 1295
1986 1598
1598 203
1987 240
240 901
901 1018
1018 276
276 1002
1002 1808
1808 1884
1884 1385
1385 1330
1330 1559
1559 1222
1222 1096
1096 533
533 474
474 1453
1988 1460
1460 1609
1989 1520
1520 146
146 133
133 179
179 1743
1743 1383
1383 808
808 1140
1140 1504
1504 1917
1917 1295
1295 1449
1449 402
402 1282
1282 311
311 758
758 887
887 575
575 1045
1045 562
1990 1459
1991 1552
1552 8
8 1237
1992 143
143 1722
1722 553
553 1644
1644 1215
1215 1568
1568 1834
1834 963
963 1501
1501 456
456 803
803 416
416 35
1993 1718
1718 1893
1893 1022
1022 907
907 1116
1116 807
807 668
668 562
562 1757
1757 1982
1982 1453
1453 957
957 72
72 116
116 299
299 433
433 340
340 989
989 1358
1358 1956
1956 222
222 1479
1479 1957
1957 933
933 1304
1994 294
294 1609
1609 1839
1839 1163
1163 165
165 1611
1611 1775
1995 291
291 1399
1399 1381
1381 1630
1630 1210
1210 717
717 394
394 1237
1237 994
994 1892
1892 203
203 1522
1522 1101
1996 864
864 40
40 339
339 475
475 1626
1626 1605
1605 315
315 158
158 417
417 1905
1905 1696
1696 1672
1672 1098
1098 35
35 1101
1101 1438
1438 1173
1173 1179
1179 150
150 274
274 790
790 1680
1680 201
201 1777
1777 1170
1170 307
307 1727
1727 369
369 714
714 863
863 1102
1102 1459
1459 62
62 513
513 1206
1206 1291
1291 365
365 1784
1784 839
839 1715
1997 1106
1998 1655
1655 1175
1175 176
176 1657
1657 566
566 672
672 1804
1804 1345
1345 505
505 1352
1352 1863
1863 1870
1870 420
420 897
897 317
317 145
145 754
754 1021
1021 1973
1973 401
401 1138
1138 1775
1775 1590
1590 1544
1544 1415
1415 1606
1606 1675
1675 250
250 1106
1106 1715
1715 567
567 534
534 1297
1297 1155
1155 900
900 1768
1768 1304
1304 733
733 233
233 1999
1999
3 261
11 511
13 154
15 1050
17 1157
18 1835
19 515
20 1942
26 1447
27 217
28 218
33 1116
34 697
39 574
42 131
43 1312
48 666
49 12
50 1056
54 1226
57 1475
59 1817
63 1998
66 258
81 1713
83 720
84 1061
86 552
91 230
92 223
94 1637
97 352
98 1233
99 1674
103 911
110 1229
114 390
115 949
117 1180
118 1788
120 1484
122 1778
124 1975
128 195
133 246
135 1853
136 44
137 1453
138 517
140 130
142 37
37 203
147 1581
148 1853
152 1333
155 1039
156 1695
157 1250
161 619
162 1611
163 1875
164 1254
165 1870
167 1343
170 1468
172 1796
180 75
183 611
190 1604
191 431
192 1893
193 1896
195 1000
196 462
199 1918
200 1139
201 709
210 1338
212 351
218 382
219 1526
221 1152
222 788
224 1532
226 838
231 905
232 929
236 1869
239 1516
240 1557
253 767
255 1391
256 1924
258 1603
259 1479
260 401
262 1832
266 52
270 1907
271 1007
274 483
275 952
276 264
279 891
280 1441
281 1558
284 1804
289 1805
290 322
291 1007
293 1517
294 80
299 208
300 1711
302 1969
305 116
306 10
308 1170
311 325
314 522
315 1096
318 1222
320 249
249 930
325 1528
328 418
330 1526
333 842
334 51
338 1392
339 572
342 70
343 418
344 1344
347 228
348 1301
349 825
353 1187
355 1543
357 12
12 1910
358 1086
361 894
366 1562
369 77
372 737
375 1942
377 332
332 1153
380 1003
383 36
36 734
384 1792
386 1953
387 116
389 563
390 1731
391 912
395 936
402 1444
405 1023
406 750
407 1966
408 1108
410 1809
413 1065
415 590
423 511
425 1438
426 1089
431 1417
433 1579
434 7
7 1651
438 523
440 793
441 1730
446 819
447 254
449 1910
450 351
451 1593
452 1636
459 863
461 1373
463 962
464 1367
465 228
467 1212
468 1301
474 1962
477 237
237 1508
481 1992
483 1005
484 227
485 310
310 604
488 876
489 1265
493 1421
497 1386
500 1906
502 585
503 45
504 1628
507 988
514 455
455 1298
515 134
517 297
297 85
521 629
523 815
526 1840
528 1745
529 823
531 943
532 130
130 1253
537 1432
539 1892
546 397
547 1589
551 856
556 1395
557 1053
560 1304
564 1712
565 650
568 708
577 1722
578 1534
579 1661
582 1738
586 40
40 456
588 1547
590 854
591 1642
593 842
594 1263
596 935
597 1688
599 1889
601 1992
605 1337
607 329
608 1274
611 765
613 971
614 168
168 1375
615 576
576 1745
618 154
622 1033
626 979
632 295
633 1428
638 1613
642 207
645 209
656 252
252 1861
658 737
659 506
663 1629
664 108
108 45
45 1708
667 1406
668 257
257 898
671 30
675 204
676 1208
677 1082
679 1719
681 394
683 420
685 1044
689 1857
690 637
637 550
550 1700
692 785
693 1780
694 1372
698 134
134 511
700 1053
701 831
708 374
374 323
709 397
711 65
714 747
716 1447
717 416
718 1268
720 242
242 1962
721 309
724 119
119 1593
730 1032
731 1040
736 1266
737 1262
740 1457
744 1395
746 403
748 1879
749 1224
751 508
508 1585
752 476
476 761
760 21
21 248
248 1402
761 909
762 1134
764 169
765 636
636 1174
767 841
769 6
775 401
777 1520
778 1146
780 1631
781 1975
787 298
298 1596
789 1888
797 1894
798 244
803 530
810 1495
817 482
818 350
350 1005
819 1148
822 1784
824 430
827 324
828 1372
829 899
830 153
833 1552
835 1408
836 723
840 1497
844 363
363 1000
846 1279
850 783
783 1279
853 1103
854 855
857 416
858 326
326 1979
859 1030
863 1618
867 1620
869 1508
871 1668
872 272
874 197
197 774
875 182
877 422
883 362
884 1803
887 1253
889 1126
892 1551
894 189
897 1978
899 1344
901 46
902 1466
906 1360
910 925
911 802
802 1223
913 1134
915 928
918 727
922 1772
924 198
198 1548
925 1180
926 743
743 1592
928 1374
933 766
934 244
244 1917
937 150
939 286
286 1051
941 1718
942 1811
943 1710
944 74
74 725
725 985
947 606
606 1303
953 1111
955 741
741 1354
956 1998
957 644
644 651
958 1060
960 1445
962 1813
964 909
909 680
680 1382
965 127
968 1510
969 145
972 616
975 1268
977 774
978 583
979 229
229 1425
981 273
273 329
329 238
238 1294
983 665
665 1570
984 1178
985 610
610 1747
987 1718
989 359
359 1564
990 1506
991 592
592 1921
993 595
595 1653
994 1045
996 639
997 650
999 908
1000 570
1005 684
1007 575
1008 1492
1010 735
735 837
1012 160
1013 852
1015 69
69 1024
1019 914
1020 419
1021 951
1024 660
660 1330
1026 490
1027 966
1029 1154
1031 1999
1032 1018
1018 414
1040 540
540 153
1041 1721
1048 203
1049 457
1050 1144
1051 322
1052 1808
1056 907
1059 1149
1060 841
841 703
1061 1254
1066 263
1068 879
879 1181
1070 1928
1071 895
895 79
79 756
756 1689
1072 1518
1073 1234
1079 602
602 1311
1081 111
111 490
1083 44
44 1553
1085 1484
1086 1175
1090 1141
1091 1550
1092 1527
1094 1635
1095 1956
1096 1779
1099 96
96 105
105 837
1100 1935
1104 609
1105 245
1107 713
1108 706
1110 1747
1112 1381
1115 1771
1122 95
1123 404
404 41
41 807
807 729
729 186
1124 1303
1127 55
1128 1938
1129 1538
1130 1748
1131 635
1137 211
211 1249
1138 1898
1139 563
1142 1084
1084 1624
1143 324
324 1863
1145 1849
1146 1426
1149 185
1159 1540
1161 215
1166 499
499 1342
1168 1534
1169 791
791 382
1170 950
1173 1894
1175 304
1177 1586
1178 511
1179 70
1180 750
750 214
1182 1125
1125 1157
1157 1476
1183 1396
1186 673
673 1695
1192 1271
1194 1219
1195 1140
1140 1496
1196 1238
1197 1480
1198 1543
1205 445
1206 860
860 1017
1017 788
1207 1114
1208 466
1209 1319
1210 542
542 1586
1211 233
233 1932
1213 831
1215 705
705 444
1218 742
742 800
800 131
1219 1340
1221 1396
1223 1732
1226 1693
1227 394
394 623
1231 16
16 651
651 1821
1233 1983
1235 47
47 1980
1236 5
5 400
400 1694
1238 1373
1239 643
643 296
296 864
864 1539
1240 1252
1242 1623
1243 1057
1057 1633
1244 246
1245 1752
1248 309
1249 948
1250 697
1253 202
1255 1287
1256 1867
1257 885
885 1611
1258 269
1259 572
1260 1272
1262 670
1263 506
1264 843
1267 1346
1271 1669
1273 980
980 1985
1274 813
813 772
772 1792
1275 617
1276 1217
1277 571
1278 966
966 516
516 757
757 534
1280 424
424 1158
1283 1513
1285 1867
1286 621
1288 674
674 1030
1291 277
1292 1939
1293 666
666 1697
1294 1443
1296 1088
1088 574
574 1907
1297 150
1299 1044
1044 1411
1300 976
1308 371
1309 1338
1310 9
9 891
1311 1601
1314 454
454 1888
1315 1531
1316 1150
1317 971
971 1203
1203 1432
1320 385
1326 704
704 1519
1328 25
25 603
1329 1892
1330 1187
1331 653
653 732
732 589
589 32
32 1319
1332 1776
1333 1425
1334 1386
1335 825
825 1394
1336 870
870 518
1339 1481
1341 277
277 1082
1082 1006
1006 154
1342 1889
1344 1457
1346 530
1347 1775
1348 309
309 1629
1351 1679
1355 1815
1360 46
1361 30
1368 566
1370 432
432 1496
1371 848
1374 1912
1377 1917
1378 530
1380 1076
1383 801
801 356
356 317
317 558
558 1030
1030 1184
1184 411
411 640
1387 1998
1388 1164
1389 728
728 522
522 630
1391 182
182 376
1392 961
961 1943
1395 341
1396 203
1402 1230
1403 1977
1405 1427
1406 1836
1412 1075
1416 1350
1417 112
1419 1862
1420 1410
1410 511
1422 1384
1384 1614
1428 1680
1429 1734
1430 1631
1432 1920
1434 428
428 1863
1435 1109
1438 427
427 186
1440 1974
1441 58
58 1763
1442 945
945 420
1443 820
820 1176
1444 1546
1448 1290
1290 82
82 1612
1449 795
795 184
1453 1829
1456 1641
1457 1901
1462 1074
1074 1769
1464 1852
1468 745
1470 1325
1325 345
1471 1626
1472 1398
1398 1298
1298 227
1473 1399
1474 959
959 498
498 1783
1475 881
881 527
1477 371
1480 287
287 1118
1118 782
1481 1204
1204 1978
1482 1408
1483 805
805 1601
1484 1423
1423 1604
1485 1626
1487 1678
1489 1523
1492 549
1493 1133
1133 204
1494 946
1495 890
890 460
460 77
77 843
1496 1997
1498 773
1500 52
52 1826
1502 1343
1504 790
790 1458
1507 861
861 1354
1354 416
1508 397
1509 948
948 1863
1510 1136
1511 1651
1512 670
1513 243
1515 1956
1516 866
1517 473
473 154
154 55
55 169
169 600
1519 782
782 518
518 1785
1521 628
628 1421
1523 745
745 401
1525 654
1527 1418
1418 950
950 1075
1075 29
29 1522
1522 1620
1529 1230
1230 1069
1530 321
1531 241
241 738
1532 1234
1534 1898
1537 71
1538 1867
1540 1147
1541 1313
1542 1338
1338 401
1545 1628
1546 1121
1121 686
1547 753
753 773
1549 267
1550 102
102 261
1553 1189
1189 921
921 1463
1554 1514
1514 1469
1555 799
799 1450
1556 466
1559 1265
1265 855
1561 1977
1563 251
1565 1181
1566 573
1568 401
401 1065
1570 1421
1421 417
1571 429
429 418
418 1533
1533 1784
1572 1376
1376 216
216 1593
1574 930
930 1805
1575 672
672 1358
1578 1279
1279 1318
1579 246
246 1078
1078 1400
1400 93
1581 552
552 1673
1583 856
856 655
655 1714
1584 1861
1585 1932
1586 770
770 95
1590 1535
1535 1849
1591 158
1593 1661
1594 331
331 1862
1595 1461
1461 1411
1411 388
1596 650
650 903
903 379
379 421
421 1734
1597 1478
1598 385
1600 501
501 1295
1295 1375
1601 1838
1602 1520
1603 1818
1604 506
506 470
470 78
1606 1190
1607 541
1608 445
1609 1795
1610 880
880 1751
1613 1268
1268 1876
1617 549
549 687
1618 189
189 109
109 181
181 1974
1619 341
341 1580
1620 1621
1621 1985
1622 776
776 1520
1520 151
151 634
634 609
609 437
437 1436
1436 811
1623 1930
1624 970
1625 1646
1629 1327
1327 153
1630 285
285 1833
1632 1469
1469 1476
1476 1063
1063 1318
1633 1756
1634 1212
1212 367
367 1054
1636 313
1638 1690
1640 1569
1643 1576
1645 1033
1033 1926
1646 1413
1413 160
1648 963
963 80
80 1966
1649 1077
1650 1851
1651 898
898 914
914 893
893 816
1653 1536
1536 495
1655 304
1656 129
129 936
1657 1616
1616 487
487 466
466 14
1661 398
398 970
970 1199
1199 1394
1662 804
804 1857
1663 1232
1664 1228
1666 1859
1667 1970
1668 845
1669 393
393 1998
1670 952
1671 1062
1062 1580
1674 1087
1087 988
988 478
478 492
492 1303
1303 322
322 534
1677 1813
1681 726
1683 784
784 1973
1685 600
600 1478
1687 873
1688 544
544 250
250 888
1690 1725
1691 1588
1693 1750
1694 1673
1673 1841
1695 907
1697 175
175 267
267 1825
1699 223
1700 621
1701 1165
1165 494
1702 1222
1222 1796
1703 842
842 1631
1631 178
178 2
1705 371
371 1103
1706 1155
1155 1454
1454 1337
1708 1854
1710 1023
1712 1379
1379 1956
1713 1451
1451 1784
1714 1543
1543 1058
1058 865
865 1193
1716 920
920 534
534 1069
1069 569
1717 1187
1719 661
1721 1401
1722 1154
1154 1490
1723 722
722 624
624 68
68 559
1724 1497
1726 513
1727 1679
1679 1343
1730 412
412 1868
1732 855
1735 538
538 185
185 158
158 435
435 113
113 513
513 1120
1736 1111
1111 1499
1499 444
1737 1373
1738 1709
1739 209
1740 1324
1324 1977
1741 1220
1220 1093
1093 1905
1742 1698
1698 785
785 678
678 268
268 448
1743 336
336 1744
1744 214
214 1911
1745 1836
1749 771
771 543
543 416
1750 982
1751 852
852 1431
1431 1804
1753 559
559 505
1754 235
1755 1526
1526 1962
1756 65
65 1718
1718 184
1759 1352
1352 1301
1761 1704
1704 1134
1134 283
1762 891
1765 184
184 1065
1065 1446
1446 631
631 1321
1321 1628
1628 1076
1076 635
1766 1282
1282 1792
1768 1580
1770 251
1771 1804
1772 1465
1465 1626
1626 1818
1773 1894
1774 1445
1445 1234
1234 1911
1775 78
1776 1172
1172 1307
1307 758
758 878
1778 755
755 1902
1779 1080
1780 495
495 1506
1506 187
187 1842
1781 1306
1306 1080
1080 95
95 1181
1181 304
1785 1862
1786 1167
1167 808
808 1769
1769 1957
1788 702
702 417
1789 1488
1790 739
1791 584
584 351
1792 585
585 793
793 188
188 75
75 1408
1408 1045
1045 1675
1794 567
567 1322
1322 1862
1797 639
639 1281
1799 458
458 1009
1800 288
1801 365
1802 935
935 1728
1803 723
1804 1921
1807 1305
1305 682
1810 1053
1813 940
1814 1126
1126 88
88 337
337 1672
1672 1796
1796 866
866 1652
1815 816
816 288
288 462
1816 739
739 436
436 496
1819 1414
1820 282
1823 1729
1824 1415
1825 670
1826 967
967 1319
1319 1798
1798 1557
1557 1734
1828 1715
1715 1004
1004 1229
1229 22
22 619
619 1989
1829 292
1830 1201
1201 1928
1831 1190
1832 661
661 301
301 345
1833 1103
1834 687
687 1805
1805 307
307 430
430 1580
1580 1272
1272 1144
1835 1942
1836 112
112 710
1837 832
1839 553
553 104
104 186
186 1665
1841 1034
1034 630
630 1025
1025 1696
1696 23
1842 1728
1728 1641
1641 1709
1709 345
345 107
1843 684
684 1931
1845 1393
1393 1162
1162 1806
1846 1016
1016 1363
1363 1931
1847 1281
1281 1237
1237 519
1848 1577
1577 1117
1117 1501
1849 1996
1850 106
106 1488
1852 900
900 1875
1853 1720
1720 1627
1854 1101
1101 1654
1855 1042
1042 208
208 123
123 1544
1544 1972
1857 1562
1859 908
908 747
747 1022
1022 998
998 1793
1793 712
712 159
159 160
160 1731
1731 1046
1046 327
1861 726
1862 131
1863 834
834 759
1865 571
571 1202
1202 1409
1409 821
821 1767
1866 796
1868 682
1870 1455
1455 1811
1811 876
876 1216
1216 150
150 145
1872 1193
1193 494
494 936
936 46
46 1385
1873 176
176 72
72 1187
1187 954
954 1760
1760 352
1874 1459
1875 759
759 1962
1876 1109
1109 533
533 1840
1840 1675
1877 815
815 1415
1415 1551
1551 1047
1879 952
952 1397
1397 64
64 940
940 1733
1733 482
482 604
1880 1038
1038 1349
1349 1426
1881 1343
1343 946
946 223
223 1098
1098 486
486 496
496 995
995 215
215 1635
1635 1576
1882 1382
1382 1120
1120 1922
1884 73
73 397
397 30
30 1989
1886 442
442 1503
1503 1851
1887 1734
1734 719
719 1359
1359 1707
1707 917
917 388
1888 581
1889 230
230 843
1890 1043
1043 194
194 1174
1174 143
143 1386
1386 1011
1893 662
1894 796
796 53
53 417
417 1524
1524 1394
1394 10
10 788
788 1217
1217 1991
1897 1582
1582 1404
1404 697
697 812
1898 1241
1241 640
640 581
1899 682
682 1141
1141 2
2 792
792 1928
1901 1460
1460 1560
1560 652
652 929
1902 321
1903 381
381 1518
1518 831
831 206
1904 1116
1905 100
100 688
688 1552
1906 1002
1002 283
283 166
166 520
520 1686
1686 1935
1907 1539
1539 85
85 1612
1908 1064
1064 263
263 269
269 951
951 703
703 373
373 62
62 351
1909 811
811 1119
1119 555
555 706
706 1548
1548 207
207 1647
1647 1895
1910 832
1911 61
61 1369
1913 648
648 696
696 1176
1176 202
202 1478
1478 512
512 1365
1365 1036
1914 1871
1871 1488
1915 107
107 480
480 1612
1612 786
786 1188
1188 1644
1644 1558
1558 838
1917 1284
1284 414
414 1313
1313 14
1919 1287
1287 1001
1001 530
530 392
1920 1337
1921 1156
1156 179
179 1885
1885 670
670 456
456 1407
1407 1599
1599 1372
1372 1097
1097 388
1922 562
1923 1023
1023 904
904 1467
1467 1729
1729 51
51 1912
1912 396
1925 1270
1270 1132
1132 1200
1200 832
832 141
141 826
1926 1144
1144 1356
1927 1247
1247 1427
1427 524
524 1614
1614 251
1929 1014
1014 1486
1486 527
1930 1479
1931 554
1932 604
604 1028
1028 623
623 1900
1900 462
1934 1967
1938 1589
1589 686
1940 116
116 1869
1869 754
754 1345
1345 627
627 1924
1924 235
235 31
31 1246
1246 327
1943 1414
1414 1190
1190 490
1944 891
891 1488
1488 316
316 1439
1439 1573
1573 139
139 838
838 888
888 912
912 1851
1851 171
171 1304
1945 1318
1318 527
527 439
1946 1191
1948 1497
1949 173
173 205
1950 462
462 1784
1784 385
385 806
806 8
8 1758
1758 847
847 132
1951 469
469 1364
1364 1039
1953 1466
1466 826
826 1782
1782 907
907 206
206 1809
1809 617
617 388
388 1856
1856 471
471 561
561 362
362 1362
1362 845
1954 505
505 146
146 243
1956 766
766 938
938 1458
1458 855
855 536
536 733
733 1844
1844 1605
1605 654
654 562
562 1936
1936 569
569 1399
1399 144
144 1747
1747 919
919 1992
1957 319
319 220
220 227
227 1160
1160 245
245 1401
1401 1147
1147 1642
1642 949
949 121
121 1261
1261 1947
1947 1997
1958 1047
1047 131
131 849
849 1711
1711 1665
1665 1251
1251 1289
1289 587
587 422
422 491
491 225
1959 1806
1960 490
490 1390
1390 1567
1567 1676
1962 1114
1114 723
723 814
814 1424
1424 823
823 976
976 243
243 1795
1795 563
563 566
566 93
93 1437
1437 1447
1447 768
768 982
982 153
153 445
445 878
878 1725
1725 335
335 1878
1878 641
641 132
1963 264
264 1933
1933 1970
1964 1576
1576 1135
1135 1588
1588 89
89 845
845 1767
1767 247
247 409
409 545
545 272
272 24
1965 1053
1053 511
511 444
1966 1232
1232 261
261 974
974 1036
1036 38
38 809
809 625
625 1323
1323 67
67 149
149 448
448 87
87 662
662 1941
1967 203
1968 657
657 927
927 76
76 444
444 312
312 1660
1660 392
392 1103
1103 364
364 1158
1158 1867
1969 1337
1337 575
575 1171
1970 1689
1689 1592
1592 647
647 905
905 101
101 620
620 1867
1867 1639
1639 1505
1505 1928
1928 1783
1783 1757
1971 882
1972 1164
1164 35
1973 886
886 203
203 1358
1974 541
541 1067
1975 327
1976 1652
1652 535
535 1171
1171 1682
1682 1357
1977 774
774 1252
1252 598
598 916
916 217
1978 360
360 1528
1528 629
629 346
346 1817
1817 439
439 1838
1838 868
1979 1864
1980 1366
1366 1312
1312 1266
1266 713
713 399
399 525
525 1254
1981 1340
1340 1106
1106 1011
1011 217
217 812
812 1883
1883 612
612 646
646 1916
1916 707
707 1304
1304 868
868 715
1982 931
931 1497
1497 1151
1151 70
70 1185
1185 1942
1942 1459
1983 1675
1675 1490
1490 1684
1684 1163
1984 1891
1891 90
1985 35
35 1961
1986 56
56 1385
1385 251
251 327
327 475
475 1055
1055 1302
1302 635
635 204
204 738
1987 691
691 403
403 453
453 548
548 1501
1501 24
24 1039
1039 304
304 209
209 843
843 321
321 4
4 1827
1827 837
837 213
213 1895
1895 1214
1214 1225
1225 923
923 1864
1864 1858
1858 1680
1680 1611
1611 127
127 873
873 351
1988 1054
1054 1564
1564 929
929 1860
1860 932
932 1463
1463 1433
1433 1587
1587 1269
1269 132
132 1254
1254 1808
1808 572
572 1037
1037 1163
1163 1356
1356 351
351 1450
1450 416
416 779
779 1637
1637 1153
1153 1615
1615 1191
1191 370
370 1627
1627 1116
1116 1757
1757 715
1989 278
278 1562
1562 510
510 1806
1806 1479
1479 616
616 621
621 1350
1350 1150
1150 126
126 352
352 23
23 313
313 1752
1752 1763
1763 228
228 734
1990 6
6 726
726 1961
1961 1035
1035 1228
1228 1491
1491 1748
1748 727
727 78
78 1955
1955 1301
1301 554
1991 573
573 1777
1777 382
382 376
376 340
1992 1003
1003 396
396 234
234 14
14 570
570 738
1993 1935
1935 1009
1009 1113
1113 1952
1952 973
973 1821
1821 1658
1658 265
265 479
479 1941
1941 1224
1224 848
848 519
519 1
1 1102
1102 1569
1569 292
1994 1764
1764 174
174 509
509 734
734 1918
1918 603
603 292
292 1459
1459 1676
1676 1452
1995 686
686 1375
1375 1678
1996 1787
1787 1426
1426 773
773 1654
1654 1425
1425 583
583 1552
1552 710
710 145
145 90
90 1136
1136 580
580 699
699 1357
1357 1358
1358 1067
1067 882
882 1678
1997 378
378 323
323 1369
1369 205
205 1812
1812 354
354 340
340 1678
1678 1659
1659 457
457 125
125 419
419 839
839 1818
1818 1937
1937 225
225 177
177 60
60 851
851 1692
1692 472
472 1373
1373 1939
1939 1822
1998 554
554 1892
1892 1077
1077 715
715 1148
1148 581
581 1746
1746 1452
1452 794
794 669
669 862
862 295
295 738
738 992
992 763
763 986
986 695
695 254
254 1367
1367 896
896 365
365 649
649 1353
1353 420
420 1896
1896 1381
1381 368
368 1822
1822 1152
1152 71
71 443
443 303
303 282
282 1089
1089 1999
1999
1 1712
2 319
3 973
4 1886
7 649
12 1180
15 275
20 311
21 1063
22 1915
26 211
27 1912
29 462
30 1315
32 194
34 828
37 997
38 589
42 74
44 251
45 1056
46 1147
47 1451
48 727
49 573
55 333
57 1951
58 453
60 1648
61 174
63 1590
65 552
72 1222
75 1043
77 738
80 1319
86 1308
88 493
89 650
90 318
91 1818
93 158
94 994
99 1558
100 1466
102 935
105 905
106 374
108 563
109 541
110 465
114 456
116 1297
117 599
118 494
123 973
124 1287
128 1368
130 1012
133 1919
136 408
138 731
141 1409
147 685
148 1051
149 771
152 820
154 1259
155 418
157 1811
159 1401
164 540
166 494
170 981
175 1348
177 1421
182 354
183 1308
184 884
187 1539
194 584
195 325
202 520
203 953
205 1789
207 702
208 1755
209 1550
210 1477
211 1381
214 808
217 1070
219 1538
220 307
223 69
224 1403
229 1755
234 1399
236 1666
237 1647
239 752
240 233
243 1075
252 1848
253 930
255 999
256 739
260 350
261 1301
263 320
264 461
265 627
267 634
269 206
270 910
271 1872
272 1291
273 1287
275 1253
278 399
282 559
284 376
286 254
287 814
291 689
294 1146
295 201
201 326
296 289
289 66
297 103
298 150
299 319
301 898
309 176
176 883
310 1808
314 1971
315 54
54 1811
319 246
322 399
323 339
327 1909
329 1074
331 1574
332 1212
333 193
334 1704
340 409
342 410
347 1333
348 1996
350 925
352 1203
354 1109
356 1585
358 1518
363 153
364 1521
366 1783
371 1324
372 732
375 1425
377 40
382 1289
383 40
40 811
384 70
387 381
381 828
388 1788
389 1829
392 1397
399 936
406 1707
415 746
417 1539
418 1170
419 1922
420 430
422 631
423 398
424 1079
427 196
431 1761
435 67
67 1218
436 231
437 337
438 1600
439 1284
440 1797
441 1977
443 1301
446 779
448 607
453 949
454 1035
456 1559
457 1501
459 447
447 1139
462 1711
467 290
290 1579
468 85
470 1017
474 344
344 1004
478 1133
479 139
139 523
481 96
96 449
449 1586
487 1039
489 1529
491 970
494 1611
495 1229
496 8
498 1885
499 733
500 68
68 1130
502 82
504 1793
508 744
510 988
512 1877
516 1460
523 1767
526 1256
528 1585
532 1988
533 480
540 257
257 1037
543 625
544 1268
545 19
19 1205
550 814
552 582
553 1341
558 1918
559 1736
560 444
444 763
562 1685
563 1061
564 1317
566 1474
568 964
570 1917
572 1245
574 403
577 1736
578 1978
582 841
587 949
589 311
311 305
305 351
351 162
162 1410
591 1074
594 910
595 538
596 675
597 1951
598 1637
599 17
601 1628
603 520
604 505
607 1349
609 1302
611 1369
613 1900
618 14
14 1501
619 1016
620 101
101 316
621 1038
624 1343
626 1568
628 729
632 696
636 1070
639 248
640 1433
641 1491
645 1737
646 1712
647 1865
648 1958
649 1107
651 115
652 535
535 66
654 1468
658 258
665 807
666 1899
667 1104
669 1207
671 1844
673 1953
674 425
425 1323
675 1762
677 616
679 800
682 1141
684 1477
687 555
555 1580
694 1958
695 396
697 1916
698 1449
700 848
701 325
325 729
703 556
707 1095
709 1518
710 330
715 1445
716 1949
717 434
434 146
146 1590
720 832
722 706
706 1895
723 1356
724 547
725 995
726 778
728 657
731 78
732 1598
740 1846
741 1061
743 1088
749 460
751 524
754 691
755 874
758 1075
759 1053
760 1875
762 1790
764 935
776 1851
779 367
367 773
773 1748
781 1108
784 221
785 197
786 33
790 830
796 747
747 292
292 1654
797 369
369 763
799 1405
800 1818
802 966
804 18
807 1955
809 1322
816 847
818 916
820 1388
821 43
822 1028
825 1609
827 1043
829 972
833 1320
834 1693
835 1597
836 1252
838 28
839 1969
840 10
10 345
345 1338
842 1439
844 135
135 1075
850 221
221 1640
853 197
858 1139
861 359
359 522
869 1164
870 153
873 213
213 1220
875 885
876 1605
877 534
878 1665
879 1574
882 966
883 471
471 127
884 1118
886 70
887 530
888 693
889 1735
894 1806
896 433
899 670
670 476
476 1199
901 976
903 1029
904 959
905 1372
909 897
911 13
13 1103
912 1704
913 1264
914 216
915 947
918 520
520 1011
921 1749
925 127
127 1141
926 1969
929 745
930 1188
931 1498
933 810
810 981
934 403
403 465
941 672
942 719
946 1111
947 1072
948 281
281 393
393 1182
949 622
954 721
721 488
957 280
280 872
872 753
959 1129
960 1223
961 321
962 1252
965 36
967 629
629 917
969 656
656 1981
970 1373
971 1024
972 193
193 400
974 787
787 242
975 992
978 79
979 416
982 120
120 206
206 416
987 1353
988 672
672 580
991 1257
993 357
997 268
268 469
469 689
999 976
1001 1051
1002 815
1004 1976
1005 580
580 288
288 752
1012 937
1013 583
583 1704
1014 1351
1015 330
330 249
249 1330
1016 191
1017 52
52 259
259 1377
1018 681
1020 805
1021 1639
1022 244
1026 655
1028 1966
1029 1920
1030 1371
1032 890
890 928
1034 689
689 1754
1035 1504
1036 1550
1038 198
198 1143
1039 610
610 856
1040 1830
1042 998
998 1374
1043 1893
1044 938
938 59
1047 1667
1049 1524
1051 357
1056 1373
1057 688
1059 464
1063 248
1064 1447
1065 525
525 1912
1066 1342
1067 1421
1070 1882
1071 306
306 1835
1073 1000
1079 1345
1080 1393
1081 771
1082 1053
1053 1570
1084 1379
1089 1469
1093 248
248 1240
1096 200
200 693
693 343
1097 1985
1099 1373
1100 1074
1074 1961
1102 35
35 313
313 622
1103 411
1104 172
1105 663
663 402
402 1318
1108 653
653 1033
1109 1627
1112 1452
1114 1894
1117 1975
1119 524
1121 823
823 28
1125 902
902 1124
1126 1227
1127 1351
1128 1558
1132 1551
1137 1692
1139 24
24 1627
1140 643
1143 1996
1144 336
1145 1152
1149 480
480 190
1151 1878
1152 1983
1153 1407
1156 506
1157 1859
1158 996
1160 442
1161 1879
1162 455
1163 1732
1164 1377
1165 1589
1168 400
1171 442
442 1226
1173 276
276 79
79 1091
1091 1925
1174 1785
1175 814
814 1136
1136 778
778 631
1176 1346
1178 1405
1179 230
230 1917
1180 1438
1183 1640
1185 1449
1187 1106
1190 704
1191 104
1192 1754
1194 824
1195 1230
1196 1955
1197 1761
1198 503
1199 475
1200 811
811 981
981 1731
1202 963
963 1167
1167 1928
1203 396
1205 897
1208 593
1209 1248
1212 1600
1216 736
1218 1474
1222 718
1223 1364
1228 1625
1230 1709
1234 246
246 1364
1235 1743
1236 1255
1238 692
1239 16
1241 410
410 1304
1242 188
188 458
1243 1678
1246 1503
1247 1821
1248 33
1249 507
507 1615
1250 1929
1252 678
678 980
980 945
1253 174
1255 1924
1261 1539
1263 1497
1264 567
567 232
1265 300
1266 125
1268 657
1271 1704
1275 542
542 530
1277 1142
1142 312
1278 1146
1279 1661
1282 39
1290 1027
1293 1590
1294 6
6 522
522 1170
1170 736
1295 1659
1298 1215
1299 847
847 602
602 349
349 1992
1302 1598
1304 1009
1009 622
622 1408
1307 235
235 953
1308 1560
1311 1852
1313 1412
1314 1207
1207 691
691 1204
1204 1693
1315 1854
1317 1704
1320 1233
1233 303
1321 863
863 638
638 857
857 983
983 511
511 1055
1325 1215
1215 1835
1326 50
50 1814
1327 633
1328 952
952 1690
1329 1842
1330 192
1331 328
1337 576
1338 973
1344 404
1345 232
232 824
824 1789
1346 1899
1349 1579
1350 112
112 534
534 497
1351 231
1352 1964
1353 1742
1355 1201
1201 837
837 1735
1356 401
1357 1457
1358 1420
1359 161
161 1007
1360 593
1361 1533
1362 783
783 1661
1363 445
445 739
1365 806
806 1342
1366 1905
1367 186
1372 1614
1375 64
1376 370
1377 1997
1383 860
1385 156
1386 1470
1387 1006
1390 1211
1211 848
848 1240
1392 1534
1393 634
1394 485
1395 635
1397 1636
1400 1770
1401 939
939 1369
1369 1670
1402 346
1404 940
940 859
859 227
1409 1262
1410 1206
1206 826
1412 985
1415 1995
1417 1675
1418 432
432 650
650 1920
1419 571
1420 549
1421 920
920 1881
1423 1309
1427 1274
1274 254
1431 1094
1094 801
801 537
537 849
849 699
699 996
1438 867
867 1281
1439 1123
1123 1829
1441 1403
1403 107
1442 185
1445 122
1446 692
692 690
1447 742
1450 1497
1451 1719
1452 167
1454 1322
1322 642
1455 1368
1457 407
407 1225
1458 750
750 977
977 396
396 1546
1460 936
936 416
1461 1711
1463 1911
1464 745
1467 1779
1471 1605
1473 400
400 1798
1474 1618
1477 421
1478 556
556 1193
1193 530
530 1930
1481 1323
1323 736
736 737
737 486
486 1472
1482 113
113 1975
1485 1972
1486 1177
1177 600
1488 1354
1489 1368
1490 1088
1088 1472
1491 1871
1493 843
843 990
990 168
168 1240
1494 266
266 729
729 1037
1495 846
846 1166
1166 1786
1497 279
1499 25
25 324
324 416
416 1010
1010 1339
1339 549
549 1118
1118 1974
1500 1702
1503 744
744 1672
1504 1760
1505 1428
1428 1959
1511 231
1512 1296
1296 828
828 190
1515 165
165 466
466 1083
1083 630
630 1430
1517 996
996 28
28 1996
1518 1948
1519 1429
1429 1061
1061 1876
1522 1111
1523 1189
1189 815
815 775
1524 1795
1526 956
956 17
17 1741
1527 145
145 874
1532 1381
1533 64
1538 1722
1539 1382
1540 1340
1340 1380
1542 881
881 1060
1543 503
503 1709
1544 1398
1398 1568
1546 1425
1425 976
976 1487
1549 1872
1550 36
36 1694
1551 129
1552 338
1554 554
1555 865
865 1553
1553 1531
1531 808
808 900
900 515
515 1958
1556 1131
1557 1058
1058 1953
1558 483
483 1146
1146 775
775 179
1559 1525
1561 819
819 151
151 1586
1562 777
777 513
1563 752
752 1896
1567 1752
1568 704
704 335
1569 1292
1292 1240
1570 169
1571 973
973 104
104 328
1572 465
1573 186
186 1870
1574 1226
1226 76
76 1624
1577 718
718 1466
1466 1771
1578 1426
1426 1134
1134 370
370 1788
1580 1751
1583 23
1584 985
1585 1368
1586 608
608 805
805 527
1588 1259
1589 1819
1592 765
1593 586
1595 1060
1060 1790
1596 1023
1023 1879
1597 1605
1599 158
1600 1535
1535 557
557 283
283 742
1606 56
56 16
1609 1251
1610 735
735 488
488 1865
1613 524
524 1231
1616 538
1617 1836
1620 1379
1621 592
1626 92
92 1849
1627 1662
1628 1396
1396 856
1629 1306
1631 160
160 73
1635 1260
1260 984
984 1008
1008 304
304 125
125 1407
1636 1842
1638 1341
1341 326
1639 1124
1641 140
140 1637
1637 944
944 1990
1642 1285
1644 497
497 413
1646 1213
1653 178
178 84
1654 386
386 1999
1657 173
1658 874
1663 521
1664 226
1665 794
1666 616
1667 1806
1668 916
916 247
247 714
1669 1045
1045 1901
1670 1213
1213 1107
1675 795
795 1371
1371 1671
1676 1537
1537 1735
1679 1150
1681 1354
1354 1781
1682 1075
1075 541
541 493
493 1659
1659 708
1686 830
830 1776
1687 1565
1565 1086
1086 1101
1101 1671
1671 1969
1688 774
1689 1310
1690 1116
1116 31
31 341
341 517
517 1930
1691 584
584 644
1692 713
713 1618
1694 1124
1124 627
1697 1069
1069 575
1698 1605
1605 11
11 514
514 1530
1699 1336
1336 968
968 64
64 874
874 1662
1703 955
955 397
1704 336
336 357
357 1825
1708 1312
1312 1514
1514 451
1709 1837
1710 1287
1287 1422
1715 771
771 1768
1716 226
226 813
1718 1587
1587 1982
1719 917
1720 1306
1306 126
126 1138
1138 1925
1721 898
898 1737
1723 374
1724 1135
1135 1110
1110 1348
1728 788
1731 1368
1732 1770
1734 585
585 277
1735 158
158 1851
1736 218
1737 1722
1722 1917
1739 782
1743 738
1744 482
482 179
1745 1693
1746 1706
1706 1031
1747 662
1750 1379
1752 1729
1729 1778
1754 1601
1755 122
1757 189
189 592
592 1890
1758 1169
1759 1184
1184 509
1760 197
1761 1120
1120 1771
1762 753
1764 852
852 463
1765 374
1766 575
575 1948
1767 1388
1388 627
627 1462
1462 1182
1182 1389
1389 1725
1725 727
1768 1399
1399 1547
1770 831
831 1305
1305 1769
1769 521
521 1967
1773 1521
1776 1027
1027 1217
1777 1672
1672 1055
1778 1154
1154 1052
1052 1794
1779 1591
1591 1851
1780 1756
1756 461
461 625
625 1604
1781 115
115 958
958 409
409 1888
1782 362
362 1502
1502 950
950 907
907 1487
1487 1169
1169 763
1784 1601
1601 1283
1785 413
1789 756
756 23
1790 1630
1630 1857
1791 1909
1792 167
167 1926
1794 197
1795 1289
1289 1884
1797 1025
1025 928
928 1465
1465 69
1798 199
199 768
1799 1508
1800 1520
1520 398
1801 527
527 1368
1368 616
1804 612
612 320
1806 132
1807 696
696 379
379 1952
1810 1673
1673 1172
1172 1611
1811 212
212 730
730 880
880 531
531 492
1813 174
174 1647
1814 1364
1364 171
171 569
569 1131
1131 245
245 1738
1738 945
1816 579
579 1300
1300 1475
1475 1062
1818 1530
1530 1391
1391 712
1819 1106
1820 1259
1823 1964
1824 1501
1825 1092
1092 1333
1827 1652
1652 1231
1828 719
719 1000
1000 633
633 1730
1730 430
430 1098
1829 1087
1087 803
803 681
1830 1378
1378 1492
1492 1951
1831 390
390 1989
1832 1858
1833 451
451 927
927 1525
1525 1603
1603 1343
1343 616
616 1430
1834 69
1835 1645
1645 733
1836 1062
1062 1259
1259 1999
1837 1763
1763 1334
1334 615
1838 338
338 1783
1783 634
634 868
868 1374
1374 1683
1840 1348
1841 985
985 1141
1842 1219
1219 734
734 1078
1843 98
98 1992
1844 664
664 1771
1771 1623
1623 143
143 460
460 1384
1384 1508
1845 16
16 376
1847 1726
1726 1509
1851 908
908 1483
1483 922
922 1713
1852 1696
1696 1560
1560 1432
1432 1684
1853 1437
1854 748
748 1821
1855 1564
1564 1969
1856 228
228 1019
1019 353
353 935
935 225
225 862
862 643
643 1186
1186 1050
1857 1717
1717 686
686 1188
1858 1931
1859 1496
1496 992
992 680
680 746
746 1286
1286 107
107 1095
1860 1576
1576 509
509 708
1862 1159
1159 662
662 1332
1332 655
1864 1301
1301 676
1866 1221
1221 490
490 538
538 66
66 546
546 897
897 1911
1867 1536
1536 1869
1868 1470
1470 1382
1382 708
708 179
1869 1607
1870 1098
1871 966
1872 222
222 1469
1469 1472
1873 318
318 285
285 1740
1740 1405
1874 414
414 573
1875 343
343 196
1876 631
1877 1787
1787 279
279 1865
1865 1611
1611 455
455 81
81 1227
1227 385
385 1683
1683 681
681 923
923 772
772 1006
1006 1256
1880 1579
1579 172
172 85
85 277
277 1449
1449 1095
1095 906
906 506
506 1291
1881 452
452 196
196 485
485 789
789 262
262 676
676 685
685 1808
1808 1147
1882 475
475 551
551 1619
1883 41
41 1068
1068 766
766 190
190 484
1884 394
394 73
73 605
605 986
986 1849
1849 1633
1633 1618
1618 238
238 1285
1285 1748
1886 1891
1887 1534
1889 1713
1891 757
757 484
484 1437
1437 1381
1381 1435
1435 1640
1892 300
1893 637
637 465
465 1342
1342 408
408 668
668 464
464 1379
1895 69
69 1890
1890 335
1896 1506
1506 1141
1141 401
401 1111
1897 727
727 1436
1436 450
450 1370
1370 1926
1898 1894
1894 1863
1863 1954
1899 600
600 1826
1826 1937
1900 1380
1380 1924
1901 1440
1440 1468
1468 227
227 1011
1011 137
1902 851
851 1846
1846 854
854 1267
1903 1662
1904 303
303 745
1906 1232
1232 924
924 317
317 1072
1072 1453
1453 655
655 1037
1037 1677
1677 1566
1566 1949
1907 1937
1908 1077
1077 1821
1821 215
1910 1913
1911 1472
1472 391
391 768
1912 179
179 59
1914 87
87 1516
1516 518
1917 1915
1915 1318
1318 871
871 1948
1919 1960
1920 1510
1510 615
1921 1529
1529 1033
1033 1407
1922 1076
1076 1288
1288 1024
1923 180
180 919
919 505
505 1916
1924 1678
1678 1416
1416 250
250 561
561 964
964 346
346 134
134 1335
1335 328
328 191
191 1751
1751 1480
1480 893
1925 1879
1926 163
1927 1619
1619 477
477 405
405 1443
1443 573
573 576
1928 1534
1534 463
463 917
1929 1237
1930 951
951 163
163 1612
1612 1582
1582 1262
1262 576
576 548
548 429
429 1885
1885 1956
1931 660
660 1291
1932 1245
1245 473
473 1456
1456 412
1933 1602
1602 1733
1733 1648
1648 74
74 84
84 1133
1133 1674
1674 1476
1934 1484
1935 895
895 1188
1188 1581
1581 458
1936 1803
1803 185
1937 320
320 1413
1413 1622
1622 242
242 62
1938 1405
1405 1309
1309 1916
1916 1237
1939 1695
1942 1054
1054 412
412 1406
1944 1640
1640 782
1945 1624
1624 690
690 1965
1946 426
1949 1632
1950 82
82 398
1951 1711
1711 1878
1878 1975
1953 70
70 1422
1422 739
739 518
518 1575
1954 588
588 1258
1955 1680
1680 623
623 1594
1594 631
631 856
856 62
62 1707
1707 1850
1850 1590
1590 339
339 1448
1448 1501
1501 995
995 1861
1861 1712
1712 368
368 1905
1905 1684
1684 1148
1148 1548
1548 1507
1507 103
103 97
97 661
661 565
565 554
554 1815
1957 1775
1775 1003
1003 644
644 1772
1772 932
932 1802
1802 617
1958 1272
1272 1918
1918 659
659 1303
1303 1809
1809 413
413 316
316 1545
1545 1280
1959 1479
1960 374
374 1229
1229 1430
1961 365
365 1210
1210 185
185 1713
1713 1310
1310 142
142 153
153 1258
1962 1508
1508 1048
1048 1113
1113 1940
1940 1998
1963 1181
1181 593
593 1793
1964 1701
1701 937
937 1106
1106 711
1965 1324
1324 989
989 1297
1297 891
891 1547
1547 745
745 798
798 812
812 1575
1575 866
866 71
71 794
794 1098
1098 395
395 1281
1281 411
1966 1741
1741 1147
1147 1812
1812 378
378 1476
1476 943
943 302
302 1379
1379 519
519 1316
1316 1742
1967 51
1968 792
792 1411
1411 1979
1969 1433
1433 1333
1333 355
355 1948
1971 513
513 1650
1650 742
742 428
1972 1749
1749 337
1973 763
763 893
893 774
774 688
688 705
705 864
864 1947
1947 529
529 83
1975 308
308 1347
1347 953
953 119
119 1656
1656 780
780 1111
1976 1291
1291 1608
1608 1528
1528 1607
1607 215
1977 233
233 59
59 241
241 1257
1257 51
51 18
18 590
590 1107
1107 1695
1695 1434
1434 426
426 855
855 1815
1815 360
360 1430
1430 1541
1541 813
813 642
642 994
994 95
95 832
1979 770
770 1909
1980 1041
1041 1651
1651 1941
1941 144
144 767
767 1231
1231 1662
1662 1614
1614 769
1981 1943
1943 945
945 832
832 1796
1796 181
1982 131
1983 1774
1984 1046
1046 33
33 753
753 216
216 615
615 1007
1007 1649
1985 111
111 733
733 121
121 1444
1444 702
702 788
788 617
617 768
768 1319
1986 433
433 321
321 1270
1270 1748
1748 1155
1155 1714
1714 1913
1913 1993
1987 9
9 300
300 1078
1078 606
606 1879
1988 1753
1753 39
39 1879
1879 1267
1267 892
892 769
769 326
326 78
78 536
536 1509
1509 150
150 1050
1989 1424
1424 1319
1319 738
738 1705
1705 274
274 581
581 376
376 1240
1240 1225
1225 571
571 1130
1130 635
635 714
1990 156
156 192
192 1237
1237 129
129 1085
1085 137
137 312
312 1115
1115 1649
1649 539
539 1111
1111 1956
1956 1952
1952 380
380 614
1991 1839
1839 1822
1822 5
5 1521
1521 1224
1224 122
1992 791
791 1632
1632 204
204 1702
1702 711
711 1407
1407 472
472 23
23 1788
1788 1817
1817 335
1993 132
132 1055
1055 1348
1348 1050
1050 293
293 131
131 1251
1251 1498
1498 231
231 826
826 1258
1258 547
547 860
860 1373
1373 1615
1615 1660
1660 1220
1220 1284
1284 43
43 1655
1655 1269
1269 1256
1994 1459
1459 398
398 1024
1024 335
1995 397
397 53
53 122
122 1909
1909 712
712 1280
1280 254
254 501
501 817
817 8
8 1244
1244 1090
1090 197
197 1661
1661 1685
1685 793
793 1805
1996 1974
1974 841
841 1406
1406 657
657 910
910 1643
1643 169
169 1774
1997 845
845 1786
1998 1031
1031 1414
1414 1625
1625 1129
1129 1774
1774 1848
1848 1647
1647 337
337 1978
1978 458
458 428
428 1283
1283 1150
1150 1700
1700 1634
1634 917
917 1948
1948 218
218 1217
1217 251
251 586
586 335
335 83
83 1970
1970 1276
1276 1256
1256 404
404 683
683 966
966 782
782 1742
1742 1484
1484 1693
1693 1513
1513 1727
1727 1793
1793 421
421 1786
1786 258
258 492
492 765
765 215
215 885
885 1273
1273 1604
1604 761
761 173
173 1254
1254 614
614 181
181 1408
1408 361
361 411
411 1888
1888 714
714 1479
1479 373
373 307
307 1122
1122 1214
1214 1598
1598 1805
1805 244
244 1999
1999
7 1148
10 524
35 1537
36 1867
38 1100
39 1271
40 1589
42 849
45 1471
46 1347
47 1504
48 249
50 599
58 1512
59 1044
63 1809
65 165
66 1500
68 886
69 650
73 898
74 1824
78 659
81 800
82 1407
83 951
86 1121
98 197
100 25
101 1847
102 322
107 1518
108 884
112 349
113 963
115 905
117 1932
118 1964
119 648
120 1977
124 775
126 1566
130 1092
133 1035
135 218
136 1515
142 585
148 1599
150 1863
152 248
154 1773
156 22
157 1238
158 1151
160 1121
167 1118
169 438
170 378
171 1653
173 809
174 1035
177 87
180 382
185 1193
186 143
143 1849
190 673
193 934
195 752
197 1485
199 963
201 1278
202 1372
204 1216
206 1274
209 147
210 1160
213 1255
217 411
218 329
222 526
227 294
229 931
230 483
233 738
237 585
238 1070
242 271
244 253
245 1975
247 1502
248 1322
250 1554
251 1694
252 182
256 1995
259 478
270 1786
271 415
273 228
228 676
278 1051
279 1162
282 290
284 1879
287 999
292 322
294 1667
296 1547
298 80
301 140
140 1691
302 555
303 1667
304 1970
305 591
306 1231
309 1821
311 345
312 1229
314 1767
316 164
164 146
318 535
319 1069
320 1111
323 1725
325 1546
327 924
330 484
331 1458
332 1367
334 1776
337 1840
338 1225
339 1658
340 604
341 1929
345 1712
346 1933
347 1950
348 365
350 521
351 707
352 581
354 1505
355 1309
361 866
363 1940
366 988
368 613
369 134
375 683
376 1458
377 1826
378 1447
381 307
387 1590
388 1595
391 1729
393 1579
399 1331
401 280
280 1227
406 1500
408 1641
409 519
410 94
414 456
415 605
419 469
422 1712
423 1219
424 928
425 858
426 1167
427 1407
428 461
429 931
430 1235
435 1823
436 1276
438 916
439 221
443 1165
447 570
449 191
191 1212
450 1417
454 1735
455 1833
457 711
463 790
465 1712
469 1154
471 493
474 1831
477 866
479 649
481 385
483 286
286 970
485 518
486 1742
487 1962
489 1818
496 383
383 706
497 1212
499 1657
501 1993
502 1981
508 906
511 1923
512 313
313 885
513 141
515 518
516 853
519 442
520 1994
523 168
168 913
524 335
529 1120
533 123
539 1452
548 125
125 1763
550 1100
551 70
70 23
552 1250
556 588
558 1793
562 631
563 264
564 1687
567 505
505 1953
572 1775
574 1088
581 1667
583 1685
587 1863
589 71
590 693
591 840
600 1440
601 770
603 1861
604 1475
607 1048
611 807
612 1792
613 1636
615 1795
616 326
326 322
322 1640
618 272
272 837
619 774
620 1285
623 1380
626 1976
628 1009
636 109
638 1242
639 1127
640 960
642 569
569 5
5 1871
645 542
542 747
646 1955
647 721
648 307
307 1161
650 111
652 109
655 461
461 1167
660 1933
661 1939
662 123
663 509
665 1010
666 1779
670 1251
673 1573
684 781
685 1883
687 480
688 554
554 503
691 1072
692 586
693 795
694 1398
696 1778
698 1294
699 1485
700 683
703 841
706 1888
707 963
708 1265
713 1995
714 1024
715 288
288 1357
720 1999
723 1841
725 1713
728 1955
731 1410
732 1211
733 1905
734 1526
735 225
225 835
738 758
743 1433
746 1567
748 1296
749 1141
750 1663
751 971
753 1982
754 1353
755 1358
757 1505
761 1138
763 90
765 770
766 517
771 1530
775 1640
778 1880
779 1849
781 1094
782 744
785 1537
789 730
730 254
790 402
402 281
281 1553
793 1783
795 109
796 536
797 1068
800 971
802 394
394 162
162 1283
803 1363
808 321
321 1207
810 96
811 1923
812 580
814 1538
815 1850
816 1897
818 553
553 494
494 1736
819 1366
821 1198
823 817
817 1449
824 1249
828 1633
831 1809
836 914
837 88
88 1657
841 664
842 536
843 928
844 1364
850 1265
853 1314
854 827
827 1515
856 1889
860 1706
862 1954
865 473
473 75
75 249
868 99
99 1597
872 253
253 1998
874 576
576 478
478 490
875 24
24 72
883 275
886 1372
887 1318
888 220
220 1646
889 1247
893 11
898 1344
901 1759
903 727
904 440
906 488
488 1005
909 1664
910 582
582 586
911 1210
916 1249
917 1962
921 1112
924 631
925 310
927 1747
928 344
344 1698
929 833
931 675
675 1053
932 526
935 847
847 1822
936 1737
938 1899
939 79
945 1674
946 531
950 1484
951 9
9 677
952 1893
954 476
958 676
960 360
360 1257
966 1611
967 555
968 1286
973 610
976 208
208 1946
980 1697
982 1267
983 769
986 178
987 1519
988 1304
991 372
372 94
94 1269
994 1574
1000 116
116 386
1002 1186
1003 3
3 1419
1006 1746
1008 215
1011 1946
1012 90
90 1354
1014 678
1016 342
342 622
1017 1015
1015 1244
1019 53
1020 540
1024 658
1029 1148
1031 370
370 680
1032 1300
1035 1939
1036 961
1042 1258
1044 385
385 878
878 884
1049 1854
1051 1635
1055 1726
1056 559
1057 1640
1060 643
643 721
721 1622
1061 1744
1062 1567
1063 907
907 762
762 23
1065 1566
1067 179
1068 1976
1070 1814
1072 1375
1077 1187
1081 267
267 575
575 1533
1082 1951
1083 701
1084 835
1086 599
1089 918
918 27
27 1734
1090 1784
1096 736
1097 1486
1098 373
373 1465
1099 262
262 1137
1101 138
138 374
374 1407
1103 834
834 593
593 490
1105 717
717 557
557 1242
1106 492
1109 1410
1110 1074
1074 362
362 34
34 103
103 998
998 914
914 999
999 1654
1111 1836
1112 840
1113 1280
1114 534
1115 1046
1118 964
1123 742
742 1287
1125 105
1126 1510
1129 1897
1131 1980
1135 1040
1040 1479
1136 1390
1137 1958
1138 404
1140 975
975 1807
1141 919
919 1752
1142 188
188 52
52 807
1145 1580
1146 335
335 353
1147 877
877 1184
1148 826
1149 846
1151 433
433 629
629 1377
1159 1657
1162 1928
1164 76
76 1885
1168 1300
1170 1400
1171 382
1172 1209
1174 632
1175 31
31 594
594 1276
1177 147
147 570
1178 1952
1179 806
1180 1033
1181 129
1182 942
942 1588
1183 848
848 1202
1184 451
1187 1663
1189 527
527 1121
1121 13
1190 234
234 528
1193 134
1194 11
11 1116
1195 1030
1030 807
1196 1887
1197 30
1206 1460
1211 1283
1213 674
1214 840
1217 1091
1219 448
448 1375
1221 596
596 695
1222 1665
1223 1697
1232 1627
1233 534
534 892
892 896
896 709
709 879
1234 990
1237 492
492 1715
1238 1460
1242 653
1244 1438
1247 1078
1078 203
1248 437
1252 1779
1253 962
962 653
1255 1902
1257 1092
1260 1269
1263 1216
1264 1023
1265 1818
1266 653
653 1231
1268 1286
1269 681
1271 577
1275 1518
1277 1545
1278 1837
1281 1134
1290 1570
1293 2
2 43
1296 1410
1298 356
1300 239
239 835
1301 386
386 184
1304 1995
1307 452
452 913
913 1134
1134 1483
1308 794
1310 1596
1311 981
981 1165
1165 1025
1025 1914
1315 1546
1318 1283
1319 1434
1320 57
57 1092
1092 1627
1322 329
329 1207
1323 1565
1324 349
1326 676
676 1934
1327 232
1328 1794
1330 1160
1332 1403
1333 1609
1335 1921
1336 1283
1283 1558
1337 668
668 1925
1338 315
315 1623
1339 1273
1273 1128
1128 997
1342 166
1345 947
1346 1972
1347 1505
1349 299
299 1302
1351 869
869 610
1353 1658
1357 1559
1359 1039
1361 1241
1362 633
633 1597
1363 1374
1364 686
686 1050
1050 933
933 407
1365 1280
1280 263
1366 768
768 67
1370 184
184 1965
1372 1876
1374 985
985 895
1376 1297
1297 226
1377 1558
1380 1262
1381 1758
1382 507
507 1654
1386 1590
1387 547
1391 189
1392 915
1393 905
905 92
1394 214
214 1285
1285 79
79 1144
1395 22
1396 1857
1397 365
365 1589
1400 1814
1407 1636
1408 1478
1412 532
532 226
1414 384
384 949
949 1209
1209 634
1415 72
72 1220
1416 246
1418 1919
1419 1227
1227 1742
1421 1556
1426 1768
1427 1251
1428 175
1429 129
1430 263
263 704
1431 585
585 198
1432 1
1436 105
1437 711
711 1201
1439 1250
1442 1605
1446 1556
1450 1150
1451 1649
1452 1440
1453 1839
1455 1064
1456 490
1457 231
1459 1819
1460 1241
1461 458
458 141
1462 1279
1279 1904
1463 756
756 992
992 1742
1464 1710
1468 736
736 175
1470 1276
1276 1801
1472 977
977 1047
1474 1173
1173 864
1475 1649
1476 1069
1069 784
1480 1274
1483 1590
1485 1479
1479 4
1487 1757
1489 1383
1490 274
274 1894
1491 1212
1212 1022
1022 773
1492 1154
1493 12
12 1231
1498 677
1499 895
1500 1294
1294 1249
1249 1981
1501 151
151 1899
1502 1860
1503 1117
1117 957
1504 1935
1506 531
531 826
1509 679
679 573
1510 146
146 791
791 1191
1512 595
1513 1272
1272 1205
1515 1417
1417 1486
1486 1651
1516 1329
1329 1774
1518 1091
1519 1005
1005 187
1521 1926
1522 476
1524 1064
1064 1996
1525 1901
1527 881
881 317
317 404
404 1954
1528 1188
1188 128
128 727
727 1085
1085 543
543 1613
1529 1220
1530 80
80 380
380 1688
1532 476
476 1706
1536 1160
1537 934
1539 470
1541 1579
1542 1241
1241 445
1546 308
1547 1321
1548 1075
1075 1449
1549 179
179 1609
1550 1120
1120 1094
1094 297
297 134
1551 978
1556 804
1557 1441
1441 275
1562 549
1563 1812
1564 726
1565 1874
1568 243
1569 159
159 573
573 940
1571 830
1576 644
644 900
900 111
111 1866
1578 20
1579 895
1580 941
941 91
91 1723
1585 526
1586 1303
1303 1695
1588 243
243 897
897 1764
1589 1256
1256 1601
1590 22
1591 14
14 654
654 681
681 528
528 1911
1593 1433
1433 53
1594 829
1595 1942
1596 1054
1597 275
1598 1970
1599 1220
1220 1842
1604 28
28 1045
1045 1809
1606 1039
1039 807
807 682
1607 852
1608 1889
1609 1354
1354 1482
1615 760
760 26
26 1858
1618 602
1619 56
1621 1389
1389 1388
1623 1018
1018 627
1624 783
783 403
1625 1216
1626 60
1629 801
1631 1344
1344 484
484 1772
1633 1411
1411 96
1635 1685
1636 1295
1295 456
456 1904
1639 882
1641 405
1642 397
397 1478
1478 1545
1545 822
822 56
56 141
141 1368
1368 804
1643 1544
1544 431
431 634
634 1466
1466 104
104 1655
1644 1669
1645 606
1646 1230
1230 6
6 1558
1647 295
1649 43
43 1058
1650 464
464 880
880 861
1651 144
1652 993
1653 1231
1655 1937
1657 641
1658 1274
1659 1661
1661 1582
1662 371
371 1226
1663 1560
1664 682
682 491
1665 1610
1610 1440
1667 1861
1668 1287
1287 1577
1577 1850
1670 1866
1671 671
671 260
260 1358
1672 407
1673 16
1676 961
1677 1738
1678 149
149 758
758 631
1680 957
957 1983
1682 1792
1687 1291
1291 1926
1688 87
87 182
182 343
343 420
1689 1793
1692 1409
1409 879
879 1945
1694 467
467 592
592 1889
1695 336
1697 1041
1698 944
1699 1511
1511 453
1700 175
1701 265
265 276
276 1785
1702 139
139 614
614 432
432 336
336 1721
1703 1403
1704 268
1705 1818
1706 1508
1508 1091
1091 232
1707 1445
1708 680
1709 1496
1710 1152
1711 1027
1027 1207
1207 122
122 163
1713 175
175 1966
1716 1567
1567 1613
1613 1369
1717 1634
1634 632
632 794
794 1448
1448 289
289 96
1718 1208
1719 1674
1674 1535
1535 724
1720 979
979 1534
1534 649
649 470
470 1274
1274 460
460 804
1721 1306
1306 1095
1095 1202
1202 1122
1722 788
1723 773
1724 509
509 379
379 1554
1554 1617
1726 1004
1727 873
873 207
207 610
610 254
254 635
635 956
956 724
1729 1153
1153 624
624 1144
1730 996
996 1979
1731 459
459 622
622 656
656 395
1732 970
970 1010
1010 1821
1733 804
1734 716
1738 1228
1739 51
51 1185
1185 22
1742 745
745 990
1745 1262
1262 920
920 1684
1684 41
41 657
657 1583
1583 1988
1746 1066
1066 577
577 798
798 205
1747 969
1748 1845
1751 884
1752 683
683 172
172 774
1753 1021
1021 364
1754 232
1755 275
275 608
1756 441
1758 198
198 1941
1759 1761
1760 943
1761 407
407 1231
1762 1929
1766 1822
1767 537
537 1071
1071 192
192 165
165 1895
1769 689
689 621
621 1447
1447 1087
1087 1080
1080 1505
1505 1906
1770 857
857 609
609 637
1774 1520
1520 1482
1482 1972
1775 1859
1776 235
1779 680
1780 357
1783 546
546 1540
1784 740
1785 1226
1226 1406
1406 545
1788 1200
1200 1210
1210 712
712 1620
1620 1637
1637 235
235 15
1789 849
849 884
1790 223
1792 1284
1793 166
166 105
105 580
1794 203
203 680
1795 672
672 1443
1443 503
503 1043
1043 1088
1088 23
1798 747
1799 236
236 680
680 1833
1800 1216
1216 1167
1167 1936
1801 1870
1802 1920
1803 555
555 1444
1444 1552
1552 540
1804 1908
1808 1292
1292 1108
1809 1715
1715 1514
1514 1198
1198 1246
1246 506
506 1971
1812 570
570 934
934 495
1814 890
890 1852
1816 418
1817 1369
1369 442
442 194
194 37
37 729
729 395
395 1917
1818 1488
1488 1073
1073 215
215 1561
1561 871
1819 1004
1004 482
482 908
908 353
1823 1160
1824 547
547 719
1825 413
413 1587
1587 17
17 786
786 772
1826 953
953 84
1827 1169
1169 434
1828 1401
1401 1959
1829 257
257 1228
1830 829
829 1908
1831 1352
1833 1888
1834 1869
1835 1575
1575 446
446 1584
1584 1932
1837 1205
1838 804
804 84
84 902
902 1309
1309 1119
1119 1305
1305 261
261 1892
1839 1765
1840 1948
1841 559
559 744
744 1009
1009 630
1842 145
145 364
1843 943
1845 1250
1250 403
403 820
820 475
475 1849
1848 1218
1218 617
1852 595
595 1763
1763 859
859 1225
1853 1725
1854 1356
1356 445
445 510
510 1617
1855 1555
1555 1348
1348 1675
1675 1560
1560 1160
1160 584
1857 630
1859 915
1860 85
85 940
940 25
25 1199
1861 625
625 1796
1796 398
398 1632
1632 1201
1863 764
1865 1714
1868 1994
1869 1251
1251 1102
1102 1749
1749 678
678 1899
1870 1449
1872 1507
1507 266
266 1037
1873 1882
1874 123
123 894
894 631
631 155
155 349
349 1302
1302 1933
1875 770
1876 178
178 144
144 451
451 1858
1858 1317
1317 255
255 1465
1465 364
364 441
441 1988
1877 269
269 1199
1199 134
134 219
219 114
1879 1989
1881 1948
1882 1750
1750 1574
1574 1422
1422 1484
1484 1960
1883 1690
1885 764
764 1736
1888 291
1889 1696
1696 876
1890 944
944 189
189 972
1891 1473
1473 437
1892 416
416 1925
1893 1054
1054 1884
1884 1968
1895 21
1896 440
440 161
161 1847
1847 664
664 667
667 792
792 1690
1898 630
630 1669
1669 1405
1901 922
922 466
466 580
580 747
747 1906
1902 1630
1630 1559
1559 64
64 1176
1176 444
444 1948
1903 60
60 718
718 571
571 495
495 806
806 1782
1782 1844
1844 1690
1690 568
568 1405
1907 1497
1497 1229
1229 772
772 44
44 1477
1477 1013
1013 1033
1908 1059
1909 1917
1910 21
21 1157
1157 1862
1911 586
586 866
866 1850
1912 839
839 1424
1913 1938
1914 544
544 1878
1878 1654
1654 16
1916 216
216 1350
1350 1771
1771 1712
1918 1743
1919 1617
1920 1987
1921 669
669 1373
1922 153
153 1605
1605 937
937 1383
1383 882
882 549
1925 825
825 864
864 89
1926 131
131 472
472 1570
1570 990
990 1420
1420 801
801 1603
1603 1566
1566 1617
1617 1936
1927 1628
1628 1856
1856 1133
1133 1155
1928 1846
1846 1656
1656 1424
1929 602
602 353
353 522
1930 658
658 726
726 518
518 1976
1931 704
704 490
490 4
4 1737
1737 359
359 830
830 1933
1932 1905
1905 1343
1343 1612
1612 659
659 1334
1334 1558
1933 400
400 1314
1314 114
114 895
1934 1526
1526 1573
1573 767
1935 1398
1398 809
809 1495
1495 1900
1936 1871
1937 405
405 1048
1048 1616
1616 163
1938 1438
1438 1741
1741 759
1941 106
1942 885
885 915
915 1772
1943 1299
1299 1666
1666 1975
1945 1079
1079 719
1946 606
606 517
517 137
137 1204
1204 106
1947 1813
1813 1496
1496 1494
1494 1434
1948 356
356 1966
1949 1424
1424 1001
1001 1797
1797 15
15 838
1951 1413
1413 246
1952 1445
1445 1454
1454 13
13 1822
1822 598
598 498
498 1791
1791 1851
1851 1601
1953 536
536 969
969 705
705 127
127 923
1954 411
411 357
357 49
49 241
241 1781
1781 176
176 719
719 1768
1768 522
522 871
871 212
212 965
1955 1904
1904 740
740 943
943 1402
1402 1880
1880 1313
1313 641
1956 32
32 1517
1517 891
1957 1132
1132 1340
1340 1130
1130 389
389 392
392 1316
1316 1231
1231 1435
1958 530
530 599
599 1744
1744 984
984 1778
1959 1023
1023 835
835 1611
1611 884
884 1467
1467 1434
1434 1469
1469 367
367 1740
1740 1685
1685 1679
1961 1997
1962 1836
1836 1821
1821 1735
1735 1915
1915 1765
1765 788
1963 491
491 955
955 333
333 1224
1224 545
1964 1258
1258 641
641 541
541 29
29 417
1965 1267
1267 1208
1208 417
417 1533
1533 963
963 993
993 1960
1960 1203
1966 33
33 1764
1967 223
223 1627
1627 1638
1968 1058
1058 1403
1403 20
20 1028
1028 434
1969 1360
1360 8
8 1600
1970 741
741 109
109 514
514 1757
1757 1887
1887 1440
1440 1124
1124 1660
1660 1622
1622 1312
1312 637
637 1410
1410 1481
1481 1807
1807 1163
1971 1379
1972 1806
1973 132
132 1358
1358 295
295 1259
1259 1158
1158 1917
1917 777
777 16
16 930
930 899
899 710
710 1601
1601 1379
1379 1950
1950 1850
1850 716
716 525
525 1538
1974 1059
1059 1186
1186 1944
1944 1104
1104 545
545 163
163 1
1 1815
1815 1778
1778 971
971 1849
1849 308
308 1786
1975 1215
1215 1614
1614 54
54 224
224 826
826 55
55 1325
1325 1143
1143 1371
1976 1191
1191 560
560 697
697 695
695 121
121 1228
1228 588
588 1156
1156 1321
1321 1743
1743 187
187 861
861 1108
1108 535
535 989
989 1378
1378 776
1977 61
61 1906
1906 1725
1978 964
964 1384
1384 1471
1471 923
1979 565
565 22
22 1648
1648 1047
1047 396
396 972
972 769
769 30
30 1261
1261 110
110 959
959 1341
1341 1725
1725 1805
1805 1037
1037 1773
1773 597
597 521
1980 1691
1691 947
947 1777
1981 480
1982 1811
1811 974
974 1540
1540 324
324 767
767 1592
1592 290
1983 221
221 1052
1052 1693
1693 846
846 1282
1282 1899
1899 200
200 1122
1984 1026
1026 840
840 1449
1986 1772
1772 722
722 863
863 1155
1155 813
813 1375
1375 566
566 1254
1254 390
390 1728
1728 1405
1405 1373
1373 1154
1154 211
211 1638
1638 867
867 1399
1399 310
310 1923
1923 246
246 1736
1736 1867
1987 1423
1988 1712
1712 833
1989 1107
1107 1144
1990 1139
1139 978
978 540
540 92
92 1352
1352 205
205 1425
1425 926
926 283
283 1786
1786 1152
1152 1683
1683 1385
1385 421
421 1787
1787 1681
1681 240
240 851
851 1600
1600 1435
1435 300
300 1239
1239 776
776 1538
1538 434
434 264
1991 1034
1034 1289
1289 181
181 1572
1572 759
759 1093
1992 561
561 1531
1531 965
965 784
784 1007
1007 627
627 1602
1602 770
770 19
19 1679
1679 77
77 96
96 674
1994 737
737 1245
1245 1240
1240 1192
1192 870
870 1390
1390 1871
1871 912
912 418
418 1404
1404 23
23 93
93 67
67 277
277 1993
1993 106
106 129
129 961
961 578
578 1523
1523 97
97 617
617 226
226 1924
1924 739
1995 1897
1897 845
845 1940
1996 285
285 1331
1331 382
382 690
690 773
773 1116
1116 852
852 328
328 1423
1423 724
724 231
231 18
18 358
358 739
739 1236
1236 1093
1093 258
258 702
702 196
196 1866
1866 1832
1832 1038
1038 293
293 1714
1714 268
268 1235
1235 1284
1284 1225
1225 1582
1582 1764
1764 1777
1777 674
674 504
504 1166
1166 1939
1939 948
948 1894
1894 1543
1543 500
1997 183
183 1127
1127 677
677 1810
1810 1640
1640 579
579 1686
1686 1033
1033 855
855 1940
1940 549
549 858
858 752
752 526
526 833
833 500
500 468
1998 453
453 1100
1100 608
608 605
605 1163
1163 1864
1864 538
538 1458
1458 89
89 521
521 838
838 1388
1388 805
805 1161
1161 1243
1243 71
71 493
493 95
95 1806
1806 53
53 1122
1122 923
923 995
995 651
651 291
291 1201
1201 895
895 462
462 1286
1286 1558
1558 420
420 232
232 1367
1367 1355
1355 774
774 891
891 1371
1371 1046
1046 264
264 1150
1150 832
832 997
997 1041
1041 1867
1867 787
787 876
876 412
412 1900
1900 1820
1820 1076
1076 437
437 780
780 290
290 1205
1205 1288
1288 701
701 480
480 1553
1553 62
62 468
468 1985
1985 1862
1862 788
788 249
249 799
799 1053
1053 1886
1886 584
584 1144
1144 1581
1581 1449
1449 1270
1270 1203
1203 1999
1999
8 1893
9 1922
11 451
20 1522
23 1595
26 1659
27 1112
28 1872
29 1417
31 1201
33 1346
34 1102
42 1143
43 1193
44 589
47 625
48 1478
54 1652
55 361
57 1133
58 351
61 820
63 150
68 1164
70 1435
72 1316
73 939
75 1187
78 1217
79 1592
80 1094
81 1526
83 1994
84 622
87 675
95 548
99 456
102 217
103 1817
104 838
105 1469
109 1530
116 965
120 255
121 701
126 32
127 349
131 1712
134 228
137 1496
142 1789
146 1258
147 1626
149 74
150 1212
158 62
160 1578
163 571
169 129
172 1911
174 980
176 1425
177 1268
180 877
182 923
188 1318
189 1557
191 548
192 1749
194 1638
197 1481
199 133
201 540
203 282
205 1825
206 1504
207 1961
208 1694
209 495
213 1723
214 427
217 1454
223 1378
224 1657
225 1915
226 1434
229 895
230 825
231 1790
232 1104
242 1489
246 375
248 112
112 1127
249 1999
250 1820
253 1528
257 684
258 980
259 1790
260 1452
262 534
263 711
264 893
267 573
270 591
271 1154
272 1194
273 946
277 10
279 896
280 1744
282 1651
283 1093
284 367
288 947
291 1845
292 1565
293 623
297 1699
304 1928
308 1087
310 692
311 505
312 1930
314 1745
320 728
326 1953
328 1066
330 151
331 1516
335 433
339 1642
346 123
351 1501
358 252
252 222
222 1415
362 1461
363 309
309 159
368 680
369 1223
370 1478
371 132
372 1903
375 1074
379 111
111 581
384 1720
385 171
171 404
389 1018
391 1436
392 402
393 198
394 1218
395 1534
396 1071
398 294
294 1820
399 1014
400 388
401 200
200 1559
404 1579
405 478
407 1785
416 123
417 1440
418 1398
422 301
423 500
427 860
429 553
430 360
360 1382
434 1794
440 1307
444 1192
448 1279
451 183
183 1225
452 1679
461 161
468 1071
469 813
470 414
473 721
475 1940
477 122
122 828
479 19
480 1379
481 1637
482 1464
483 788
487 24
24 441
492 364
364 771
495 1273
496 1896
497 1228
498 1324
499 86
500 1072
502 1558
503 450
450 541
507 801
511 835
514 179
516 325
325 1791
517 1742
519 548
520 1853
521 1623
525 1611
527 1000
530 1700
532 1370
535 1656
537 1191
540 1460
542 1757
545 162
547 867
548 1552
549 118
550 1020
551 878
552 1294
553 1806
554 1935
555 1281
559 235
235 243
560 1543
562 381
381 130
563 1039
564 767
565 302
302 1705
567 1920
568 1802
569 660
571 1779
573 100
575 1442
577 457
457 318
579 832
580 777
581 148
148 1487
585 447
447 954
586 1207
589 842
593 917
596 14
597 1876
603 1061
604 409
409 236
606 1530
607 900
609 944
612 1959
614 1235
616 1182
618 1307
622 953
624 1148
625 1133
628 125
125 1916
629 411
411 301
631 863
632 544
637 1715
638 1174
639 1133
641 1642
643 1037
644 1968
645 478
478 697
649 602
651 1552
653 1743
654 1320
656 690
657 893
659 82
661 471
471 1923
665 1965
676 1964
684 329
686 1689
689 1269
693 1340
695 1196
696 1794
702 1092
708 1323
709 187
712 1929
715 184
716 1332
717 758
718 1200
720 1215
721 1644
725 233
727 1274
729 449
730 965
731 1727
736 1000
740 901
741 1090
742 1184
744 948
745 101
101 674
674 1060
746 1366
754 1538
756 132
758 1926
759 455
455 860
764 227
765 578
766 354
354 713
768 107
107 847
772 1045
775 1961
777 52
52 285
285 558
780 1963
781 961
785 256
786 1329
790 1967
791 544
792 46
46 278
278 1857
794 1354
795 863
796 1052
799 1266
800 512
512 648
803 1503
804 1803
807 1312
808 19
809 942
810 1873
812 770
813 1903
815 1075
816 374
817 1210
818 957
819 1054
821 1002
824 1390
825 1114
826 349
349 1184
827 493
493 414
828 865
829 2
2 1905
830 1115
832 1736
834 1854
836 221
837 867
839 1176
842 456
843 710
710 1946
847 1964
848 484
484 907
851 1880
852 1770
856 1871
867 12
12 454
875 65
65 739
878 1494
881 145
882 726
884 705
705 510
510 956
885 533
533 1783
886 600
887 355
888 972
889 94
893 1684
896 428
898 1586
899 776
776 88
88 1309
900 539
902 406
906 1137
910 1996
912 196
196 1646
913 1339
915 518
518 413
921 782
923 1926
924 1883
926 234
928 1437
930 862
932 755
934 751
935 1003
938 1503
940 181
181 556
943 1496
952 1540
953 1130
955 1577
956 1299
959 608
608 1343
961 1861
962 300
300 1359
970 287
973 1088
976 1458
978 251
251 1638
982 1980
983 1419
985 793
986 62
62 269
269 1506
990 1841
991 1150
996 110
999 1542
1000 897
897 1072
1001 793
1003 1642
1004 658
658 769
769 1145
1006 173
1007 578
578 1765
1010 1806
1013 1788
1014 869
869 129
129 114
114 1989
1015 98
1016 1922
1017 707
1018 1410
1020 844
1021 650
650 1389
1024 154
1025 1660
1026 6
6 1231
1028 301
1029 733
733 1137
1030 682
1032 672
672 1319
1034 215
215 1728
1036 863
863 853
1037 767
1040 1583
1041 1414
1042 51
51 59
59 751
751 352
1043 1559
1045 1409
1048 165
1054 1056
1055 798
1056 1917
1057 774
774 446
1058 1176
1062 123
1074 640
640 1713
1075 989
1076 1764
1077 1427
1079 1407
1080 636
1081 1099
1084 1358
1085 917
1086 599
599 1372
1089 1047
1047 1189
1091 1623
1094 426
426 1912
1095 1442
1096 662
1097 98
98 1475
1098 1008
1100 298
1101 974
974 1429
1102 1362
1108 1295
1110 1956
1113 1609
1114 667
1117 749
1118 1155
1119 1580
1120 1226
1122 773
773 1527
1123 1812
1124 1408
1125 255
255 1611
1126 1404
1130 1557
1135 1129
1136 944
1138 1005
1005 1479
1140 144
144 703
1142 1078
1143 1464
1145 526
526 595
595 132
1146 1899
1148 35
1149 835
1150 462
462 1472
1154 357
1155 348
1157 1634
1158 1516
1159 678
678 190
1161 1539
1162 1871
1163 675
1164 1121
1121 907
907 1187
1165 1221
1166 322
322 204
1172 1790
1173 204
204 783
1174 276
1175 1331
1177 124
1178 139
139 626
1181 1729
1183 494
494 1249
1185 1
1186 1131
1187 1733
1189 1009
1009 936
936 1281
1192 1781
1196 610
1197 1002
1199 1282
1200 916
1202 883
1203 1439
1204 700
1205 465
465 969
969 1450
1206 356
356 1878
1211 1877
1212 703
1213 453
453 895
1216 410
410 1603
1219 1578
1220 1618
1221 1038
1222 1464
1225 233
1226 958
1230 1903
1234 152
1238 909
1239 1107
1107 937
1240 1476
1241 1601
1242 1897
1245 687
687 646
1247 1395
1248 1184
1249 613
613 860
860 138
138 1066
1252 1360
1253 1695
1255 1873
1258 1201
1201 1141
1141 1756
1259 1665
1261 1748
1263 316
1265 784
784 108
108 1559
1267 987
987 1738
1269 675
1270 1431
1271 1363
1272 1726
1274 376
376 1190
1276 464
1277 18
18 1798
1279 871
1280 1351
1282 782
782 857
857 456
1283 642
1284 845
1288 1229
1229 7
7 922
922 1325
1289 966
966 1770
1290 544
1291 1912
1296 1409
1297 615
1299 238
1303 1193
1304 439
439 466
1307 170
1308 1254
1254 1065
1065 1379
1309 1728
1312 634
1315 1699
1319 1403
1321 1671
1324 1609
1325 939
939 1338
1327 1747
1330 1012
1012 611
611 152
1332 1885
1337 994
1340 324
1341 971
971 1087
1347 1940
1350 798
1352 1313
1353 894
894 905
905 1073
1073 662
662 1519
1354 513
513 1949
1355 1052
1360 677
677 1779
1361 557
557 536
1364 1207
1366 30
1367 1899
1369 119
1372 967
967 327
1373 1457
1374 414
1376 965
1377 592
592 509
509 218
1382 1147
1384 1621
1385 1604
1387 1731
1388 1980
1391 25
25 1592
1392 1401
1395 660
1397 838
838 1147
1400 918
918 69
1402 128
128 218
218 1033
1403 1356
1404 464
464 1379
1406 1805
1408 380
1409 1417
1410 441
441 704
704 307
307 1753
1411 1368
1412 1566
1413 1682
1414 332
1415 265
1416 1825
1417 1756
1418 895
1419 1257
1257 1811
1420 1170
1170 1246
1421 1090
1090 67
1422 290
1423 366
366 1318
1318 1083
1425 667
667 539
539 22
1432 1864
1433 1841
1434 779
1436 220
220 1137
1437 1452
1440 1660
1441 1807
1442 1939
1443 673
673 306
306 1184
1444 1601
1445 504
504 431
1447 1774
1449 1675
1451 951
1452 145
1453 927
1455 1518
1457 1235
1235 1223
1460 1582
1461 1536
1463 798
1464 186
186 942
1465 1522
1467 1053
1468 1827
1470 152
1474 501
501 1582
1475 892
892 1060
1477 419
419 544
544 1106
1106 1128
1481 32
32 1917
1482 1736
1487 1362
1491 1850
1494 357
357 1320
1497 679
1499 864
1500 823
823 594
1503 1680
1504 77
1505 159
1506 374
374 1743
1508 1634
1509 408
1510 711
711 1620
1512 699
1513 1938
1516 831
831 1870
1517 1549
1519 352
1521 770
1522 93
93 1554
1523 412
412 1331
1331 538
538 646
646 688
688 219
219 241
241 1285
1524 281
281 1890
1528 1591
1529 295
1530 1334
1531 977
1532 347
1533 630
1534 353
353 49
49 1329
1535 1648
1537 655
655 872
872 1492
1492 927
927 1478
1538 66
66 1134
1134 162
162 582
1539 1323
1323 1822
1543 1684
1545 1639
1551 318
1553 1940
1555 699
699 634
634 534
534 917
917 942
942 522
522 1363
1363 1231
1556 1495
1495 528
1557 486
1558 1657
1560 1872
1561 1681
1563 1295
1566 1128
1128 1105
1567 1469
1469 1789
1571 1626
1572 1576
1573 1431
1576 164
164 486
486 1215
1578 333
333 981
1579 763
763 728
728 1843
1580 1188
1188 574
1581 1053
1053 1209
1209 1424
1424 1955
1585 770
1587 76
1591 1676
1592 1317
1593 671
671 1719
1595 981
981 1861
1597 1634
1598 118
1600 238
238 849
849 602
602 485
485 234
1601 1357
1357 135
135 1194
1194 1997
1606 1275
1275 1281
1281 1701
1607 760
760 1731
1611 168
168 1105
1612 348
1613 16
16 1393
1614 425
1616 161
1619 1035
1035 911
911 1570
1570 1371
1371 1776
1620 1795
1622 154
154 402
1623 159
159 382
382 1031
1625 1960
1626 431
431 682
1627 414
414 1827
1628 1906
1630 1634
1632 1629
1629 1902
1633 227
1634 132
132 1666
1635 1663
1636 275
275 1959
1637 1771
1638 1346
1346 925
1639 1156
1156 1565
1565 1111
1111 460
1640 467
1641 1897
1642 833
833 1144
1144 1973
1644 1439
1439 1765
1645 1334
1647 1515
1515 347
347 797
1648 1011
1649 724
724 1814
1650 71
71 216
216 1710
1652 301
301 1378
1378 972
1653 1861
1654 1104
1656 1215
1658 1426
1426 50
50 1568
1568 1760
1659 1914
1661 697
697 1759
1662 350
350 123
1663 1483
1664 1
1665 1322
1322 175
175 1985
1667 988
988 879
879 1907
1668 167
167 1479
1479 1379
1670 975
1671 515
515 1462
1462 783
783 566
1672 96
96 1273
1273 814
814 623
623 1651
1651 1335
1673 732
1674 406
406 1860
1675 576
1676 1743
1678 265
265 743
743 1583
1583 1814
1679 152
1681 1837
1682 303
303 1844
1683 1033
1033 1349
1685 476
476 1093
1093 1317
1317 345
1686 359
1687 5
1688 1594
1594 1860
1689 1306
1306 1718
1690 802
802 1864
1691 992
1692 536
536 1857
1693 443
443 261
261 1942
1694 1987
1695 1655
1696 466
466 313
1697 561
1698 739
1700 1559
1559 954
954 738
1701 185
185 1514
1514 13
13 1430
1430 1720
1702 56
1703 874
874 1552
1704 576
1706 1381
1381 937
937 1358
1707 1435
1708 1589
1589 1310
1310 1877
1711 543
543 1399
1399 1389
1389 1105
1714 234
234 680
680 591
591 1190
1716 798
1717 327
1718 778
778 1266
1720 1191
1721 670
670 992
1724 221
1726 1237
1237 343
343 1483
1729 1233
1233 243
243 3
3 1569
1569 1655
1655 1362
1731 37
1733 408
1734 1104
1735 1660
1660 1952
1737 1167
1167 960
1738 367
367 60
60 1068
1068 1147
1147 1243
1243 155
155 648
648 1848
1739 1228
1740 1137
1137 925
925 1810
1741 505
1742 1548
1743 157
157 1666
1666 1099
1744 787
1745 916
916 247
247 1525
1525 1060
1060 1390
1746 1232
1232 268
268 1906
1747 703
703 1713
1713 1071
1071 572
572 958
1748 1338
1338 787
787 454
1749 1814
1752 747
747 266
1753 1893
1757 22
22 914
914 1027
1027 1602
1602 1699
1699 30
30 296
1759 584
584 1190
1190 1933
1764 957
957 1974
1765 1193
1766 1982
1767 460
1768 298
298 558
558 1169
1769 69
69 570
1770 1266
1772 1544
1774 1401
1775 1643
1643 45
45 1182
1182 919
919 694
694 1049
1049 1837
1777 467
467 1333
1333 1877
1779 1798
1781 1588
1782 793
793 992
992 1984
1783 289
1786 948
948 10
10 845
845 1287
1287 1471
1471 1991
1787 1780
1780 861
1789 421
1790 123
1791 779
1792 871
871 318
318 456
456 798
798 995
995 1398
1793 35
1795 1761
1761 1496
1496 449
449 1472
1472 1813
1797 1083
1799 1677
1800 1610
1610 903
903 1754
1754 1575
1575 757
757 960
1801 679
1802 1349
1349 1750
1804 1866
1805 797
797 1083
1083 472
1807 1932
1809 1893
1811 890
890 610
1812 505
505 338
338 617
1813 179
179 460
460 771
771 1278
1814 1326
1326 1115
1115 1454
1454 770
770 173
173 669
669 891
891 636
1815 1375
1375 636
1817 1518
1518 345
345 1218
1218 1427
1427 737
1818 415
415 254
1820 1527
1527 850
850 1169
1169 1348
1822 1486
1823 352
352 187
187 556
1824 706
706 319
319 1832
1825 805
805 1778
1827 1657
1657 1937
1828 590
1829 1131
1832 1342
1342 1796
1833 1151
1834 313
313 1293
1293 566
566 1861
1835 664
1836 390
1839 383
1840 1011
1842 1756
1756 1370
1370 977
1844 1498
1498 1046
1046 788
788 1588
1588 683
683 1871
1845 211
211 1393
1393 1544
1846 1680
1847 1478
1478 574
574 305
305 140
140 531
531 1301
1301 877
1850 627
1854 920
920 1490
1490 1351
1351 1039
1039 327
327 873
1855 1298
1857 1050
1858 994
1860 617
617 1856
1856 1715
1715 445
445 1171
1171 865
865 1224
1862 853
853 1526
1526 546
546 36
36 442
442 682
682 340
1863 1501
1864 1362
1362 1541
1541 474
474 397
397 14
14 1329
1329 1488
1488 1394
1394 880
1866 972
972 1837
1867 1092
1092 236
236 289
289 719
719 846
1869 233
233 929
929 1112
1112 1305
1305 408
408 1059
1059 1980
1870 184
184 605
605 1398
1872 1314
1873 254
254 1548
1548 433
1874 1486
1875 647
647 119
1876 490
1877 1294
1879 141
1880 1755
1755 1763
1763 1603
1882 190
1883 355
355 315
315 1945
1884 1298
1298 587
1885 1044
1044 1251
1251 85
85 861
1887 755
755 691
691 286
286 340
340 1507
1888 86
86 1502
1502 454
1889 1586
1586 1456
1891 82
82 1459
1459 316
316 876
876 74
74 1680
1680 424
424 1210
1210 1450
1893 110
1894 1892
1892 380
380 1794
1794 841
841 317
317 1911
1896 1796
1796 1431
1431 91
91 1507
1507 1604
1897 1348
1348 373
373 528
1899 124
124 1784
1784 1438
1438 1785
1785 1808
1808 762
1901 274
274 1821
1821 446
1904 165
165 1608
1905 1103
1103 143
1907 556
556 748
748 1256
1256 1379
1379 1131
1131 681
681 438
1908 244
244 1184
1184 1898
1898 1358
1910 1383
1383 1132
1912 722
722 76
76 1750
1913 1974
1914 864
1916 403
403 998
1917 868
1918 1132
1919 779
779 635
635 846
1920 1730
1730 951
951 1803
1803 1087
1087 19
19 195
195 1865
1865 290
290 1684
1684 1816
1816 413
1921 1760
1922 1677
1677 858
1923 1906
1906 1228
1228 1316
1316 1732
1732 1758
1926 1957
1927 336
336 901
901 1942
1928 1911
1911 1878
1878 17
17 92
92 153
1929 619
619 1264
1264 868
868 1851
1851 598
598 342
342 15
15 1549
1931 433
433 123
1932 1617
1617 1195
1933 1776
1776 1215
1215 1109
1109 1207
1934 1292
1292 359
1937 228
228 1853
1853 490
490 1050
1050 1705
1938 1104
1104 37
37 749
749 1011
1940 1843
1843 1841
1841 630
630 118
118 1262
1262 1456
1456 1915
1941 341
341 1709
1942 106
106 1830
1830 446
446 1542
1542 1359
1359 750
1943 1871
1871 1031
1031 1868
1868 947
947 1501
1944 1019
1019 1023
1023 152
152 1208
1208 979
1945 1446
1446 1577
1577 437
437 668
668 964
1947 1180
1948 1520
1520 1915
1950 846
846 1450
1450 133
133 1368
1951 1968
1952 332
1954 1669
1669 428
1955 321
321 950
950 610
610 700
1956 491
491 1554
1554 454
1957 685
1959 750
750 864
864 359
1960 1493
1493 855
855 601
1961 1562
1562 1646
1962 361
361 1153
1153 1946
1946 960
960 1038
1963 1859
1859 508
508 1501
1501 1728
1964 1710
1710 615
615 1133
1965 198
1966 1890
1890 1751
1751 870
870 1
1967 402
402 583
1968 1365
1365 931
931 4
4 153
153 1848
1969 89
89 801
801 506
506 1246
1246 1900
1971 1286
1286 570
570 329
329 240
240 664
664 1489
1489 117
117 753
1972 1066
1974 1285
1285 977
977 145
145 1953
1953 40
40 1603
1603 1973
1973 1484
1484 1590
1590 701
1975 67
67 387
387 1849
1849 1082
1082 1536
1536 1544
1544 789
789 583
583 1250
1250 239
239 1727
1977 980
980 998
998 1356
1356 1584
1584 1723
1723 734
734 459
459 77
77 964
964 1302
1302 245
245 561
561 299
1978 1798
1798 1778
1778 958
958 698
698 1810
1810 528
528 866
866 1915
1915 1924
1924 1179
1179 626
626 883
883 1646
1979 822
822 1771
1771 1895
1895 675
675 737
1980 732
732 1160
1160 1266
1266 620
620 1609
1609 1038
1038 1719
1981 1762
1762 737
737 767
767 1574
1574 663
663 877
877 1998
1982 1646
1646 1848
1848 994
994 633
633 590
590 908
908 388
388 1473
1473 1546
1546 1099
1099 1605
1605 212
212 97
97 1881
1881 761
1983 1902
1902 642
642 949
949 713
713 1407
1407 472
472 324
324 707
707 1223
1223 1819
1819 210
210 858
858 1152
1152 202
1984 1105
1985 413
413 844
1986 1195
1195 1180
1987 660
660 420
420 1935
1935 41
41 1831
1831 141
141 1549
1549 963
963 119
119 454
454 1295
1295 1002
1002 690
690 1936
1936 151
151 1268
1268 587
587 1540
1988 880
1989 1300
1300 1958
1990 383
383 933
933 1624
1624 1615
1615 1070
1070 1540
1540 421
421 1344
1344 909
909 1063
1063 1314
1991 1550
1550 143
143 94
94 1260
1992 332
332 753
753 1837
1837 861
861 904
904 1949
1949 296
296 1343
1343 39
39 806
806 862
862 1314
1314 365
365 627
627 1345
1345 1069
1994 1939
1939 1608
1608 1
1 1476
1476 1728
1728 820
820 1151
1151 1925
1925 984
984 1236
1236 488
488 524
524 1231
1231 1064
1064 859
859 1214
1214 723
723 968
968 38
38 378
378 113
113 594
594 840
840 237
237 1396
1396 1398
1398 1198
1198 1127
1127 989
989 156
156 941
1996 110
110 1011
1997 1072
1072 1480
1480 1861
1861 1022
1022 1051
1051 359
359 1900
1900 161
161 1217
1217 854
854 1227
1227 1133
1133 576
576 944
944 1486
1486 1405
1405 1547
1547 190
190 256
256 1604
1604 1736
1736 1806
1806 1260
1260 1320
1320 1335
1335 428
428 752
752 198
198 541
541 438
438 1582
1582 489
489 835
835 588
588 21
21 1727
1727 666
666 178
178 735
735 1278
1278 726
726 895
895 1052
1052 1511
1511 1061
1061 166
166 35
35 1760
1760 1069
1069 1313
1313 652
652 1139
1139 1995
1995 636
636 1788
1788 348
348 844
844 1758
1758 700
700 435
435 1129
1129 1132
1132 1328
1328 1078
1078 529
529 1458
1458 432
432 1334
1334 523
523 997
997 100
100 1066
1066 1008
1008 761
761 1719
1719 5
5 1191
1191 390
390 1176
1176 600
600 1709
1709 436
1998 136
136 1386
1386 56
56 1435
1435 945
945 1725
1725 1976
1976 738
738 299
299 344
344 701
701 425
425 266
266 377
377 1224
1224 1993
1993 1631
1631 1712
1712 1886
1886 1380
1380 1428
1428 692
692 1116
1116 1909
1909 811
811 941
941 993
993 1466
1466 1390
1390 1339
1339 1207
1207 1722
1722 1244
1244 1705
1705 1621
1621 1011
1011 762
762 90
90 1599
1599 1826
1826 714
714 123
123 227
227 458
458 1429
1429 193
193 463
463 53
53 965
965 276
276 1552
1552 130
130 979
979 880
880 1180
1180 436
436 601
601 1618
1618 1368
1368 739
739 202
202 1838
1838 334
334 1105
1105 115
115 621
621 946
946 295
295 64
64 337
337 170
170 1311
1311 679
679 685
685 1596
1596 287
287 873
873 1193
1193 1401
1401 1088
1088 1483
1483 1067
1067 1485
1485 323
323 1750
1750 1958
1958 1852
1852 1773
1773 386
386 1903
1903 221
221 1930
1930 1336
1336 975
975 1294
1294 1358
1358 582
582 1168
1168 1564
1564 1970
1970 1448
1448 1999
