20
9 10 134605 140
13933 958 -33
41957 532 -2
20334 813 -3
108114 954 -21
43406 882 -3
3891 868 -11
42207 847 -4
92899 350 -953
24555 857 -18
14622 27299 27606 35557 43791 48456 101617 112727 129152 129748
10 10 72209 347
34005 513 -2
4865 969 -8
3419 502 -1
2555 759 -7
1927 873 -116
55362 968 -51
50511 982 -45
40234 612 -3
60108 788 -17
3633 759 -4
3388 5206 9305 27509 52610 58728 61279 69202 69643 69916
10 10 179816 341
36842 797 -4
172209 449 374
47469 954 -5
101407 797 -4
5054 895 -1
121300 519 -2
3094 844 -3
94135 935 -25
153143 721 -56
94128 722 -6
4628 7578 58304 101254 103308 126662 128574 155138 168327 177820
9 10 69321 408
1789 253 -971
5647 626 -104
1198 913 -9
477 838 -2
3757 757 -3
22219 955 -405
2127 903 -6
53982 857 -60
27691 832 -8
917 3676 6121 22377 27225 30952 55921 56393 58461 67424
10 10 105376 84
21603 749 -2
9141 808 -3
34052 812 -5
17757 684 -3
22052 932 -420
9194 901 -29
4175 578 -10
93463 847 -890
38125 826 -5
22934 849 -957
10612 19998 23055 23337 46730 61431 71024 82158 93802 105376
9 10 71364 174
18855 972 -20
12197 822 -6
227 699 -20
21733 665 -52
3194 475 -5
22750 476 -2
11952 887 -123
14922 797 -6
39506 883 -354
3045 11497 12128 14742 15467 22750 39871 53368 63145 66386
9 10 148641 686
59664 891 -1
59859 780 -1
1653 781 -5
11426 840 -2
5335 998 -3
13093 976 -5
6666 932 -14
1055 990 -2
128559 860 -159
5359 14616 17316 47616 59346 62544 84539 120213 127257 128798
9 10 157196 374
117930 902 -10
23666 628 -1
121016 596 -7
3398 740 -35
97623 958 -7
76263 766 -3
75298 913 -42
33502 930 -9
6347 946 -216
6446 34628 72699 77289 83506 111513 125317 128937 149098 153902
9 10 18881 62
4968 975 -161
4576 609 -63
4862 966 -35
2834 248 925
7282 230 -3
5459 670 -18
380 844 -39
6345 997 -56
5061 395 -8
453 3483 4694 5319 7021 7548 11862 17639 17924 18152
9 10 35180 990
9265 1000 -3
12310 999 -2
21696 1000 -1
26386 997 -1
13617 819 436
3775 1000 -1
24451 999 -1
8550 1000 -1
413 997 -1
361 517 6604 10001 12498 14795 24650 30449 31280 34711
9 10 92390 166
9014 713 -5
46493 213 -7
41630 878 -16
6999 626 -1
6834 846 -40
20591 901 -13
7024 958 -18
3937 920 -75
69176 141 575
4042 8007 11449 20286 25304 30573 37981 46586 52375 68587
9 10 145191 7
5786 444 -1
44237 829 -4
40338 778 -9
105017 859 -15
2553 908 -10
68773 764 -7
91632 890 -11
66168 960 -9
103500 791 -9
9696 43647 69901 87224 100780 106887 114154 127421 131113 140830
10 10 105175 231
783 916 -4
57456 987 -861
12575 605 -2
100126 812 -1
42069 848 -6
55088 968 -1
21089 644 -504
96038 522 -9
4087 579 -4
4484 967 -6
2655 6208 20722 21403 57494 63406 90254 97870 100435 105175
9 10 198827 372
119806 636 -14
14261 603 -1
121120 550 -2
16470 962 -4
34642 916 -3
25805 759 -1
12257 911 -3
120246 752 -24
7815 605 -1
20302 41407 51034 60962 68535 120193 125906 128204 153896 182592
10 10 16795 493
4499 972 -15
441 681 -11
4407 986 -34
1017 897 -32
5112 737 -33
4666 808 -8
7362 849 -63
4163 810 -26
10521 828 -75
633 910 -6
1038 4174 5272 7692 9429 9677 10562 11691 13785 14773
10 10 111609 629
100970 844 -143
75141 865 -19
14963 935 -3
69596 655 -1
68226 699 -2
32069 946 -11
41259 981 -7
77485 889 -551
8183 735 -1
41193 901 -7
39190 41868 66973 69003 71838 77504 83014 84767 89234 101388
9 10 127423 817
59231 980 -1
79640 917 -6
92907 972 -34
56119 993 -2
92586 950 -842
76833 884 -1
55080 984 -6
73834 859 -2
90619 966 -18
54722 55116 58095 66798 77132 81375 92627 93797 97016 127423
9 10 185797 417
37583 838 -2
77626 779 -3
54801 939 -1
49349 639 -1
80748 894 -8
69965 957 -25
27634 951 -3
77597 838 -2
80582 798 -10
42725 73134 83547 101652 121771 126129 129410 155867 164604 169964
10 10 21223 701
11671 966 -10
17973 784 -3
5695 883 -16
6605 915 -29
11735 860 -86
14415 937 -180
10175 909 -197
6810 883 -25
3395 930 -12
11455 974 -55
5462 5741 7213 10874 11925 12983 15435 16025 18861 19908
9 10 86797 477
23397 941 -7
38596 890 -12
23300 658 -10
21214 812 -893
2403 987 -6
39128 912 -9
23434 898 -9
23213 951 -26
23405 752 -9
11922 19600 23153 23456 33551 36963 46258 53417 66673 86797
