150 50
42 44
33 28
40 39
2 2
40 58
50 49
83 56
26 21
4 7
92 30
56 41
76 59
19 17
3 46
43 56
65 72
41 40
12 11
53 51
12 70
16 17
6 7
64 37
45 45
67 60
62 58
12 21
48 6
68 22
6 8
4 3
13 12
36 32
15 13
27 24
16 14
55 54
19 19
54 53
19 18
59 57
28 28
42 89
4 5
40 37
22 19
66 66
46 65
18 79
23 83
34 47
60 57
20 19
28 26
22 33
28 25
46 45
28 24
40 38
13 77
22 32
16 56
55 38
21 33
4 52
34 30
47 4
4 31
35 32
50 50
40 77
39 36
42 41
26 23
90 87
87 77
77 5
16 58
60 58
21 86
2 3
83 57
19 68
21 19
17 59
31 28
63 60
21 20
34 85
29 28
16 15
2 66
10 11
18 52
26 25
57 55
67 66
42 40
29 17
89 59
11 11
65 62
14 13
6 9
65 63
67 67
66 67
56 54
53 34
64 61
32 28
47 47
58 21
58 56
59 56
18 15
81 31
74 27
15 14
66 63
39 50
81 47
65 61
7 11
38 34
54 54
65 86
36 33
42 42
37 33
46 46
47 48
53 92
67 68
83 43
71 12
71 70
78 70
49 49
20 36
14 12
54 52
33 29
23 21
31 58
1 39
39 35
38 33
44 45
4 6
