500 0
1000001 1000002
1006395 1025949
1000002 1000003
1017552 1001618
1000021 1000027
1000023 1000029
1039853 1009867
1000002 1000007
1000003 1000003
1000008 1000005
1000025 1000022
1007169 1039242
1000007 1000009
1024405 1022516
1000018 1000023
1035410 1019746
1000019 1000023
1000022 1000018
1020275 1019853
1013430 1037896
1000008 1000006
1000020 1000015
1000020 1000026
1000011 1000006
1000027 1000021
1000024 1000020
1016053 1024070
1000014 1000014
1000003 1000001
1000005 1000005
1005048 1032346
1000005 1000007
1000028 1000021
1000015 1000025
1000006 1000002
1016022 1009416
1000010 1000012
1033656 1009074
1000006 1000011
1000014 1000022
1000006 1000010
1000010 1000006
1000011 1000012
1019397 1013434
1000005 1000008
1025105 1026975
1000018 1000020
1025321 1008439
1019576 1023000
1000023 1000025
1000006 1000008
1000007 1000010
1000007 1000011
1035718 1006730
1041313 1026932
1000010 1000004
1000009 1000012
1034526 1034817
1006598 1025652
1000017 1000011
1000014 1000009
1000008 1000007
1030997 1015277
1000008 1000009
1004186 1007201
1000006 1000006
1000008 1000012
1000004 1000007
1000030 1000022
1000008 1000011
1020007 1008875
1000004 1000002
1041326 1023189
1036458 1002756
1000009 1000009
1039402 1039907
1000009 1000014
1010173 1036923
1000009 1000016
1000020 1000029
1004645 1040499
1027054 1035077
1016151 1028192
1000007 1000012
1000010 1000008
1032489 1016737
1000019 1000031
1000007 1000003
1010130 1005496
1039357 1032678
1034811 1026624
1038417 1035253
1000004 1000006
1000021 1000017
1024972 1039485
1000017 1000030
1007910 1014492
1000014 1000015
1000011 1000011
1032973 1017361
1035356 1030424
1039567 1025592
1000022 1000023
1000010 1000016
1002357 1033210
1000012 1000010
1037430 1034256
1000021 1000021
1000021 1000018
1000012 1000014
1005311 1029799
1033676 1007435
1000006 1000007
1012965 1029042
1000009 1000010
1000002 1000002
1022829 1039306
1020199 1025191
1027583 1038780
1000010 1000010
1000026 1000022
1034864 1036283
1000018 1000021
1023326 1033911
1000014 1000011
1000019 1000030
1040947 1036257
1000004 1000005
1002323 1011803
1030883 1040035
1000016 1000013
1000016 1000018
1000014 1000019
1000014 1000020
1028322 1006177
1000020 1000023
1003726 1040432
1000015 1000010
1000015 1000011
1000010 1000019
1000017 1000014
1000003 1000002
1039449 1006730
1000017 1000013
1034409 1036898
1002088 1007006
1000021 1000026
1000011 1000019
1001152 1035753
1000015 1000024
1000012 1000009
1000024 1000025
1000016 1000012
1000023 1000026
1000008 1000004
1029187 1024707
1000016 1000016
1000013 1000020
1000009 1000015
1000011 1000008
1010275 1004346
1000016 1000022
1014603 1034933
1028146 1005759
1019649 1026704
1000012 1000020
1000023 1000018
1000005 1000003
1032293 1024991
1000005 1000010
1000022 1000027
1033899 1035844
1000004 1000001
1000026 1000021
1039027 1018574
1000007 1000004
1025298 1035863
1000017 1000027
1000024 1000028
1000010 1000018
1000011 1000009
1009038 1003194
1000004 1000004
1036116 1028608
1007047 1036343
1028391 1031653
1000018 1000019
1000009 1000005
1001235 1032385
1000022 1000028
1000015 1000013
1000018 1000024
1018771 1022894
1000023 1000023
1000007 1000002
1000015 1000020
1000014 1000021
1000010 1000005
1000016 1000023
1000012 1000008
1039471 1007029
1000019 1000022
1000003 1000009
1033338 1000237
1018598 1026790
1028349 1040642
1000020 1000016
1000013 1000013
1000006 1007096
1000014 1000013
1035083 1011611
1041554 1019555
1000020 1000024
1008839 1011310
1000022 1000029
1032772 1030144
1015145 1003696
1000025 1000019
1000016 1000019
1023684 1015994
1037291 1022787
1014476 1027458
1000013 1000008
1000024 1000021
1000024 1000027
1000017 1000012
1037953 1013317
1000002 1000004
1000020 1000014
1025953 1025446
1000021 1000023
1000021 1000028
1000018 1000027
1000018 1000018
1000019 1000027
1000018 1000030
1000004 1000009
1000018 1000015
1000018 1000022
1038783 1031153
1000014 1000016
1000023 1000017
1012275 1013330
1000003 1000005
1010842 1007764
1023221 1037329
1029442 1039055
1000013 1000009
1014523 1041001
1001576 1012196
1000007 1000005
1022759 1008659
1000024 1000018
1000015 1000014
1000025 1000018
1009076 1023856
1000019 1000014
1000024 1000023
1000028 1000022
1015741 1002050
1012703 1030148
1000019 1000026
1015587 1035988
1000029 1000022
1000008 1000014
1035263 1024701
1000027 1000024
1007360 1010302
1000025 1000024
1025583 1038790
1007233 1006191
1031457 1033656
1000018 1000014
1028386 1039385
1000013 1000012
1035595 1005492
1000027 1000020
1030002 1007876
1000024 1000026
1000016 1000017
1000027 1000025
1000006 1000003
1000010 1000009
1000002 1000005
1033210 1031554
1000025 1000021
1000012 1000007
1000015 1000023
1000004 1000003
1000023 1000027
1000012 1000011
1000021 1000019
1000013 1000010
1033112 1036910
1002223 1005372
1003336 1035880
1010615 1004497
1000022 1000030
1000025 1000027
1000019 1000018
1019645 1032685
1027753 1004055
1000013 1000015
1000023 1000028
1035350 1005799
1015394 1000416
1000029 1000021
1000006 1000004
1000005 1000006
1000017 1000021
1038250 1009843
1000007 1000007
1008960 1013304
1000009 1000007
1000015 1000017
1036689 1028916
1000026 1000024
1000018 1000025
1005173 1021241
1003359 1015281
1000014 1000012
1031366 1031155
1000017 1000016
1007634 1002898
1000025 1000020
1000020 1000027
1000008 1000010
1038760 1006323
1022956 1015331
1000026 1000020
1000002 1000006
1001871 1036852
1009289 1038983
1009434 1039239
1000024 1000019
1011432 1031729
1009723 1039942
1028789 1019328
1000008 1000002
1000022 1000026
1031132 1025879
1000020 1000031
1000023 1000020
1025278 1012952
1000027 1000022
1011587 1006427
1000011 1000010
1023769 1026581
1000003 1000006
1000023 1000024
1016443 1039083
1000010 1000003
1000017 1000015
1013818 1019992
1000020 1000025
1000021 1000020
1000015 1000009
1000020 1000018
1000018 1000017
1015133 1019443
1040305 1017546
1015361 1007778
1019252 1008823
1000015 1000015
1018167 1020233
1000015 1000012
1013502 1023737
1000019 1000021
1000021 1000016
1014140 1033116
1000012 1000013
1000005 1000004
1000009 1000008
1000017 1000020
1004189 1031980
1000016 1000011
1002399 1031309
1000010 1000017
1018818 1026615
1000014 1000010
1007354 1018413
1005596 1019346
1000013 1000016
1019617 1024304
1027138 1009449
1000017 1000023
1021348 1000950
1000029 1000023
1019777 1041369
1002429 1041641
1020401 1031213
1000011 1000020
1021083 1033581
1024194 1040657
1000005 1000002
1000020 1000028
1000010 1000011
1022807 1032735
1003111 1003506
1000003 1000008
1000026 1000023
1035807 1040871
1023678 1008515
1040136 1036698
1018226 1028972
1000019 1000016
1039513 1035303
1007523 1012870
1000011 1000007
1040923 1000529
1025076 1027821
1000017 1000019
1000021 1000025
1000025 1000023
1001969 1020216
1000007 1000006
1000002 1000001
1025592 1037401
1000013 1000011
1000007 1000008
1000018 1000026
1008503 1036447
1007190 1012824
1000008 1000008
1000024 1000022
1000014 1000008
1022770 1026142
1020497 1025825
1028655 1004341
1000015 1000021
1000021 1000022
1029095 1009950
1029245 1038113
1005758 1003406
1018064 1026017
1000016 1000025
1036756 1038150
1024987 1034469
1019601 1010056
1006876 1019997
1008930 1031537
1015677 1034559
1040637 1003340
1000019 1000017
1041284 1002880
1000016 1000014
1032605 1005147
1016375 1009063
1015048 1028013
1017594 1001687
1010871 1025920
1032989 1025248
1000014 1000018
1009446 1000554
1000004 1000010
1000015 1000016
1007882 1028759
1000009 1000003
1000010 1000007
1036134 1040072
1035330 1021040
1024159 1025860
1000022 1000017
1000020 1000030
1035449 1032855
1009497 1025881
1000016 1000027
1000013 1000014
1010629 1014805
1000012 1000012
1000016 1000015
1021302 1020606
1000026 1000025
1000015 1000022
1000003 1000007
1030045 1008514
1036146 1033765
1000017 1000028
1013239 1034359
1000007 1000013
1000003 1000004
1000017 1000029
1000009 1000011
1000007 1000014
1001669 1000820
1003941 1028458
1000018 1000016
1004041 1001868
1039703 1039790
1000017 1000022
1013798 1000143
1000023 1000019
1000016 1000026
1025281 1021163
1000016 1000020
1040950 1013678
1000021 1000031
1031443 1027730
1000008 1000003
1000014 1000017
