500 0
16 14
17 20
1 4
20 17
1 5
2 13
9 9
1 8
15 1
6 2
21 6
3 8
16 7
68 74
2 15
21 20
3 20
13 9
18 12
1 20
22 14
22 13
8 22
10 8
8 32
15 6
12 13
12 14
6 18
2 8
2 9
2 10
3 19
20 7
18 5
14 6
8 6
9 17
21 21
3 7
17 12
7 1
21 1
16 5
1 14
6 19
16 10
12 16
7 16
21 14
16 20
6 8
4 10
20 13
15 18
20 2
17 14
16 11
15 4
11 11
3 17
3 18
1 7
14 21
18 10
1 11
10 14
6 14
5 14
11 12
15 3
5 10
7 13
22 18
4 9
22 17
3 10
4 12
19 20
21 15
6 1
14 5
2 17
7 12
4 19
9 14
6 10
14 1
21 22
5 22
4 8
7 18
13 13
1 17
7 2
1 6
18 6
15 21
5 11
13 17
3 12
2 22
7 17
6 5
8 2
1 10
19 10
3 16
5 21
5 17
21 16
45 38
40 38
17 7
15 7
5 5
14 15
2 5
6 9
5 13
21 9
2 2
12 4
19 7
6 15
76 58
3 21
12 10
14 8
5 8
13 3
14 13
19 5
11 5
7 3
10 13
1 13
16 22
7 7
6 6
2 12
5 16
15 12
11 20
2 16
12 21
11 8
10 4
10 5
18 18
13 8
14 22
18 13
12 5
16 8
20 1
2 20
3 2
11 13
11 19
5 15
8 8
2 4
20 19
11 16
9 3
11 21
16 79
18 3
8 16
8 17
19 21
5 4
1 1
6 16
19 6
18 15
18 20
9 2
16 18
9 4
17 10
9 6
60 48
4 11
10 2
5 6
9 11
15 15
15 13
8 13
7 19
2 18
22 6
9 18
9 8
88 43
7 4
13 15
10 1
22 19
10 3
12 9
4 6
10 6
22 9
21 2
15 20
22 11
19 11
20 21
1 22
19 1
10 15
10 16
22 2
10 18
13 14
16 9
10 21
7 22
10 65
17 16
11 2
11 10
22 5
20 9
11 6
10 9
6 22
3 5
4 3
15 14
7 15
14 19
11 14
2 3
9 20
17 3
3 6
19 8
15 9
9 10
1 18
21 10
22 7
12 3
22 22
5 7
3 3
12 7
20 8
11 1
16 16
21 5
4 17
1 3
10 12
5 12
20 20
10 10
12 18
7 21
17 17
21 3
12 15
13 1
19 14
4 15
16 2
8 15
19 17
13 7
20 11
15 19
21 12
46 39
2 11
2 19
3 9
18 19
12 19
17 8
16 3
12 8
5 9
14 2
16 6
9 7
9 5
5 19
8 12
11 22
4 16
3 1
14 7
8 21
17 21
3 14
17 4
20 18
7 10
20 10
16 13
21 18
17 1
11 18
18 7
14 3
10 11
22 15
7 14
3 11
4 5
82 65
15 5
6 21
3 22
15 8
18 16
19 4
3 15
6 4
9 13
67 57
17 15
19 15
9 12
17 22
9 16
16 15
6 20
5 3
16 1
17 19
18 2
16 4
17 5
3 13
16 19
15 10
14 4
12 6
11 4
12 2
3 4
14 16
9 1
13 4
14 10
1 12
5 20
12 20
19 13
2 21
11 3
12 1
7 8
8 9
12 22
8 18
17 6
7 11
32 52
17 9
8 1
22 8
14 9
14 17
2 1
4 13
22 4
1 15
17 18
11 15
10 20
13 10
12 12
19 19
13 18
10 7
1 9
4 22
13 20
18 8
13 19
18 9
8 14
18 11
5 1
18 4
18 14
15 11
19 2
2 14
17 2
20 12
19 9
14 11
18 22
2 7
16 17
19 3
9 19
1 16
1 2
21 7
8 19
11 17
16 12
13 5
19 12
4 7
13 2
8 7
9 21
13 22
19 18
10 19
4 20
8 3
19 22
7 5
2 6
20 3
20 4
4 21
20 6
7 9
7 20
9 15
15 2
14 14
13 16
8 20
20 14
20 15
20 16
15 16
14 12
10 22
11 7
22 3
20 22
11 9
15 22
22 1
18 17
7 6
8 11
19 16
13 56
18 1
6 3
21 11
6 17
6 11
8 5
4 18
6 7
22 12
8 4
21 19
4 1
14 18
6 13
21 73
1 19
10 17
4 14
21 13
14 20
21 8
12 17
15 17
8 10
22 10
21 4
6 12
13 12
1 21
4 2
16 21
22 21
21 17
13 21
22 20
20 5
12 11
5 18
17 11
13 11
17 13
22 16
13 6
18 21
9 22
81 2
5 2
4 4
