500 0
16 17
18 2
1 4
20 21
1 5
2 13
9 10
1 8
15 4
6 2
21 10
3 8
16 10
6471778 6357634
2 15
22 2
3 20
13 11
18 16
1 20
22 19
22 18
8 22
10 9
9 1
15 9
12 15
12 16
6 18
2 8
2 9
2 10
3 19
20 11
18 9
14 9
8 6
9 18
22 3
3 7
17 16
7 1
21 5
16 8
1 14
6 19
16 13
12 18
7 16
21 18
17 1
6 8
4 10
20 17
15 21
20 6
17 18
16 14
15 7
11 13
3 17
3 18
1 7
15 2
18 14
1 11
10 15
6 14
5 14
11 14
15 6
5 10
7 13
2252904 8429222
4 9
22 22
3 10
4 12
20 2
21 19
6 1
14 8
2 17
7 12
4 19
9 15
6 10
14 4
22 4
5 22
4 8
7 18
13 15
1 17
7 2
1 6
18 10
16 2
5 11
13 19
3 12
2 22
7 17
6 5
8 2
1 10
19 14
3 16
5 21
5 17
21 20
5197866 4159076
4844223 2429152
17 11
15 10
5 5
14 18
2 5
6 9
5 13
21 13
2 2
12 6
19 11
6 15
7672438 7836606
3 21
12 12
14 11
5 8
13 5
14 16
19 9
11 7
7 3
10 14
1 13
17 3
7 7
6 6
2 12
5 16
15 15
11 22
2 16
13 1
11 10
10 5
10 6
18 22
13 10
15 3
18 17
12 7
16 11
20 5
2 20
3 2
11 15
11 21
5 15
8 8
2 4
21 1
11 18
9 4
12 1
17 4
18 7
8 16
8 17
20 3
5 4
1 1
6 16
19 10
18 19
19 2
9 3
16 21
9 5
17 14
9 7
6332971 8016477
4 11
10 3
5 6
9 12
15 18
15 16
8 13
7 19
2 18
22 11
9 19
9 9
8103849 4501473
7 4
13 17
10 2
14 1
10 4
12 11
4 6
10 7
22 14
21 6
16 1
22 16
19 15
21 3
1 22
19 5
10 16
10 17
22 7
10 19
13 16
16 12
10 22
7 22
11 2
17 20
11 4
11 12
22 10
20 13
11 8
10 10
6 22
3 5
4 3
15 17
7 15
14 22
11 16
2 3
9 21
17 7
3 6
19 12
15 12
9 11
1 18
21 14
22 12
12 5
4243708 4229814
5 7
3 3
12 9
20 12
11 3
16 19
21 9
4 17
1 3
10 13
5 12
21 2
10 11
12 20
7 21
17 21
21 7
12 17
13 3
19 18
4 15
16 5
8 15
19 21
13 9
20 15
15 22
21 16
6021338 1672338
2 11
2 19
3 9
19 1
12 21
17 12
16 6
12 10
5 9
14 5
16 9
9 8
9 6
5 19
8 12
12 2
4 16
3 1
14 10
8 21
18 3
3 14
17 8
20 22
7 10
20 14
16 16
21 22
17 5
11 20
18 11
14 6
10 12
22 20
7 14
3 11
4 5
7973460 5916947
15 8
6 21
3 22
15 11
18 20
19 8
3 15
6 4
9 14
6400300 7774849
17 19
19 19
9 13
18 4
9 17
16 18
6 20
5 3
16 4
18 1
18 6
16 7
17 9
3 13
16 22
15 13
14 7
12 8
11 6
12 4
3 4
14 19
9 2
13 6
14 13
1 12
5 20
12 22
19 17
2 21
11 5
12 3
7 8
8 9
13 2
8 18
17 10
7 11
4745689 8577807
17 13
8 1
22 13
14 12
14 20
2 1
4 13
22 9
1 15
17 22
11 17
10 21
13 12
12 14
20 1
13 20
10 8
1 9
4 22
13 22
18 12
13 21
18 13
8 14
18 15
5 1
18 8
18 18
15 14
19 6
2 14
17 6
20 16
19 13
14 14
19 4
2 7
16 20
19 7
9 20
1 16
1 2
21 11
7 9
11 19
16 15
13 7
19 16
4 7
13 4
8 7
9 22
14 2
19 22
10 20
4 20
8 3
20 4
7 5
2 6
20 7
20 8
4 21
20 10
8 19
7 20
9 16
15 5
14 17
13 18
8 20
20 18
20 19
20 20
15 19
14 15
11 1
11 9
22 8
21 4
11 11
16 3
22 6
18 21
7 6
8 11
19 20
14 3
18 5
6 3
21 15
6 17
6 11
8 5
4 18
6 7
22 17
8 4
22 1
4 1
14 21
6 13
22 5
1 19
10 18
4 14
21 17
15 1
21 12
12 19
15 20
8 10
22 15
21 8
6 12
13 14
1 21
4 2
17 2
3801079 8251119
21 21
2536046 2020377
3256213 6519205
20 9
12 13
5 18
17 15
13 13
17 17
22 21
13 8
19 3
10 1
7691081 4293928
5 2
4 4
