150 100
64 61
88 86
43 78
89 5
23 1
93 36
35 14
53 91
7 77
16 31
58 27
32 28
46 45
23 64
11 10
43 93
17 31
5 6
54 53
83 10
11 21
73 16
44 47
42 13
48 2
26 11
66 69
10 16
2 2
69 76
90 68
21 20
31 28
23 12
66 68
62 58
20 38
24 10
25 63
10 14
23 22
11 90
33 59
34 30
32 15
34 46
38 33
40 60
46 46
30 10
2 13
44 31
42 41
79 8
60 52
51 9
47 38
49 91
33 67
27 24
14 12
36 33
60 57
19 19
57 11
39 36
54 15
37 33
40 75
87 73
63 60
11 23
47 79
67 69
43 29
12 44
56 24
42 2
19 37
28 6
80 86
44 46
44 45
2 70
10 17
64 90
85 19
23 21
37 29
41 35
14 38
26 59
33 29
52 92
53 8
80 67
1 83
44 16
55 20
68 69
79 43
28 34
43 90
57 55
17 22
66 67
3 2
77 90
69 69
60 4
26 23
45 45
83 2
26 38
66 60
93 66
55 82
94 94
6 34
46 31
18 63
31 3
72 18
28 26
58 6
83 48
73 59
31 16
76 33
41 40
19 43
93 90
73 47
40 39
28 59
13 31
83 13
47 48
73 58
8 28
19 88
84 1
9 78
33 12
55 92
78 79
3 42
58 19
92 62
83 85
