500 100
1000041 1000201
1000046 1000046
1000046 1000020
1000189 1000039
1000183 1000079
1000015 1000092
1000214 1000465
1000129 1000199
1000404 1000248
1000740 1000016
1000131 1000596
1000300 1000007
1000114 1000072
1000057 1000560
1000242 1000002
1000520 1000148
1000109 1000059
1000001 1000060
1000067 1000120
1000005 1000063
1000002 1000088
1000003 1000045
1000001 1000132
1000403 1000098
1000034 1000074
1000071 1000017
1000159 1000057
1000358 1000085
1000241 1000012
1000005 1000054
1000014 1000025
1000006 1000226
1000004 1000095
1000024 1000097
1000005 1000032
1000025 1000028
1000019 1000213
1000005 1000064
1000119 1000230
1000004 1000012
1000051 1000003
1000029 1000090
1000020 1000277
1000006 1000107
1000146 1000006
1000214 1000022
1000051 1000224
1000010 1000010
1000384 1000025
1000116 1000104
1000009 1000003
1000190 1000427
1000089 1000228
1000009 1000108
1000050 1000027
1000125 1000010
1000400 1000405
1000034 1000141
1000503 1000036
1000003 1000196
1000007 1000012
1000059 1000390
1000225 1000157
1000001 1000057
1000011 1000047
1000035 1000074
1000098 1000064
1000046 1000012
1000099 1000001
1000671 1000037
1000584 1000099
1000210 1000007
1000014 1000119
1000013 1000100
1000079 1000039
1000013 1000209
1000013 1000273
1000013 1000494
1000031 1000105
1000093 1000751
1000063 1000124
1000076 1000075
1000288 1000190
1000048 1000054
1000113 1000071
1000265 1000010
1000419 1000007
1000219 1000049
1000012 1000031
1000365 1000030
1000521 1000078
1000076 1000324
1000104 1000183
1000004 1000157
1000146 1000061
1000269 1000027
1000016 1000469
1000470 1000017
1000018 1000020
1000010 1000127
1000002 1000012
1000084 1000025
1000030 1000061
1000157 1000320
1000039 1000124
1000119 1000154
1000067 1000079
1000004 1000028
1000019 1000071
1000409 1000189
1000239 1000066
1000022 1000015
1000142 1000160
1000015 1000372
1000022 1000360
1000027 1000181
1000079 1000001
1000023 1000287
1000040 1000048
1000024 1000034
1000061 1000003
1000133 1000042
1000043 1000169
1000029 1000334
1000066 1000004
1000025 1000007
1000001 1000006
1000045 1000127
1000092 1000008
1000211 1000019
1000046 1000040
1000583 1000190
1000001 1000017
1000013 1000061
1000014 1000121
1000012 1000005
1000522 1000022
1000019 1000115
1000030 1000039
1000061 1000001
1000042 1000344
1000449 1000587
1000398 1000115
1000065 1000042
1000003 1000076
1000067 1000248
1000308 1000059
1000220 1000146
1000264 1000236
1000060 1000019
1000031 1000027
1000031 1000086
1000065 1000091
1000015 1000037
1000066 1000025
1000039 1000038
1000303 1000418
1000314 1000077
1000032 1000006
1000063 1000235
1000395 1000283
1000021 1000083
1000336 1000081
1000210 1000123
1000037 1000057
1000037 1000089
1000151 1000026
1000011 1000033
1000038 1000423
1000107 1000002
1000224 1000160
1000123 1000033
1000076 1000368
1000025 1000232
1000009 1000090
1000072 1000042
1000003 1000089
1000144 1000012
1000151 1000044
1000003 1000017
1000346 1000059
1000009 1000135
1000277 1000184
1000002 1000008
1000013 1000207
1000171 1000049
1000030 1000025
1000019 1000172
1000389 1000010
1000014 1000175
1000048 1000010
1000024 1000159
1000003 1000063
1000590 1000017
1000055 1000152
1000048 1000205
1000049 1000128
1000093 1000206
1000090 1000010
1000041 1000130
1000051 1000089
1000195 1000037
1000414 1000537
1000094 1000138
1000070 1000103
1000061 1000090
1000051 1000158
1000006 1000016
1000114 1000043
1000054 1000007
1000120 1000003
1000012 1000088
1000257 1000039
1000057 1000028
1000097 1000345
1000235 1000012
1000267 1000055
1000015 1000068
1000063 1000722
1000081 1000002
1000002 1000171
1000061 1000038
1000022 1000240
1000322 1000043
1000210 1000084
1000009 1000233
1000013 1000035
1000018 1000432
1000001 1000020
1000006 1000581
1000065 1000225
1000048 1000138
1000177 1000068
1000038 1000354
1000273 1000027
1000149 1000177
1000016 1000159
1000210 1000078
1000256 1000034
1000122 1000204
1000068 1000016
1000018 1000062
1000302 1000245
1000024 1000171
1000070 1000090
1000053 1000037
1000053 1000010
1000038 1000099
1000073 1000045
1000133 1000004
1000351 1000036
1000036 1000829
1000006 1000035
1000222 1000079
1000195 1000120
1000149 1000021
1000368 1000037
1000313 1000010
1000322 1000186
1000300 1000027
1000069 1000114
1000021 1000194
1000085 1000192
1000085 1000385
1000545 1000049
1000186 1000022
1000009 1000017
1000086 1000033
1000088 1000055
1000089 1000030
1000112 1000012
1000309 1000102
1000074 1000097
1000114 1000030
1000053 1000022
1000002 1000023
1000012 1000039
1000042 1000087
1000109 1000128
1000087 1000090
1000043 1000059
1000091 1000604
1000031 1000328
1000057 1000032
1000025 1000063
1000010 1000013
1000210 1000040
1000109 1000097
1000054 1000022
1000002 1000140
1000173 1000033
1000002 1000151
1000007 1000239
1000014 1000078
1000023 1000104
1000200 1000495
1000108 1000067
1000108 1000078
1000108 1000149
1000093 1000191
1000035 1000009
1000029 1000311
1000314 1000056
1000447 1000630
1000031 1000001
1000224 1000675
1000191 1000022
1000288 1000725
1000211 1000160
1000087 1000091
1000182 1000265
1000205 1000021
1000028 1000129
1000368 1000017
1000047 1000143
1000041 1000006
1000165 1000061
1000774 1000036
1000216 1000053
1000137 1000070
1000003 1000014
1000244 1000015
1000256 1000051
1000127 1000020
1000128 1000019
1000001 1000189
1000053 1000096
1000018 1000321
1000124 1000029
1000036 1000289
1000133 1000038
1000003 1000034
1000021 1000136
1000244 1000013
1000231 1000113
1000012 1000380
1000155 1000020
1000149 1000179
1000003 1000044
1000014 1000290
1000086 1000002
1000148 1000263
1000045 1000342
1000053 1000251
1000173 1000428
1000003 1000074
1000117 1000078
1000024 1000183
1000151 1000095
1000155 1000116
1000154 1000007
1000066 1000036
1000109 1000184
1000142 1000023
1000213 1000343
1000043 1000572
1000003 1000051
1000167 1000003
1000167 1000064
1000168 1000008
1000168 1000014
1000093 1000005
1000094 1000056
1000208 1000110
1000008 1000001
1000313 1000047
1000343 1000188
1000305 1000019
1000001 1000157
1000014 1000114
1000023 1000007
1000034 1000034
1000211 1000003
1000432 1000379
1000277 1000048
1000103 1000057
1000355 1000042
1000199 1000031
1000107 1000048
1000246 1000125
1000067 1000011
1000205 1000109
1000002 1000530
1000109 1000086
1000141 1000598
1000717 1000002
1000091 1000433
1000341 1000053
1000405 1000168
1000025 1000311
1000149 1000148
1000066 1000335
1000357 1000311
1000152 1000120
1000031 1000007
1000061 1000282
1000085 1000009
1000024 1000009
1000171 1000050
1000221 1000354
1000006 1000007
1000031 1000008
1000015 1000043
1000026 1000220
1000118 1000031
1000225 1000032
1000277 1000452
1000014 1000122
1000026 1000014
1000076 1000099
1000097 1000114
1000030 1000009
1000010 1000502
1000251 1000001
1000194 1000052
1000024 1000277
1000269 1000470
1000719 1000493
1000165 1000279
1000020 1000087
1000027 1000070
1000353 1000001
1000015 1000046
1000269 1000028
1000458 1000014
1000029 1000150
1000061 1000030
1000097 1000078
1000277 1000253
1000026 1000016
1000281 1000132
1000287 1000119
1000132 1000253
1000051 1000115
1000320 1000014
1000048 1000068
1000143 1000330
1000349 1000086
1000070 1000002
1000014 1000013
1000010 1000097
1000314 1000419
1000004 1000043
1000124 1000106
1000027 1000032
1000011 1000008
1000009 1000134
1000119 1000167
1000322 1000012
1000069 1000020
1000100 1000067
1000393 1000012
1000041 1000178
1000268 1000031
1000131 1000010
1000063 1000067
1000022 1000158
1000142 1000083
1000422 1000100
1000105 1000011
1000033 1000011
1000112 1000111
1000048 1000086
1000008 1000009
1000378 1000004
1000041 1000036
1000106 1000150
1000123 1000091
1000305 1000492
1000220 1000094
1000085 1000120
1000256 1000091
1000067 1000017
1000027 1000028
1000183 1000070
1000004 1000079
1000103 1000059
1000057 1000007
1000203 1000062
1000186 1000012
1000006 1000015
1000006 1000010
1000625 1000010
1000017 1000010
1000012 1000049
1000080 1000053
1000385 1000809
1000001 1000127
1000036 1000011
1000563 1000048
1000103 1000114
1000213 1000336
1000014 1000075
1000106 1000303
1000016 1000044
1000696 1000500
1000030 1000158
1000049 1000169
1000043 1000013
1000085 1000010
