500 50
1000002 1000001
1000009 1000011
5880815 5072743
1000101 1000113
1000114 1000128
1000212 1000199
1000195 1000187
1000005 1000007
1000152 1000163
5173491 2776072
1000007 1000011
1000040 1000037
1000046 1000045
6318931 3147858
1000117 1000131
1000010 1000011
3151087 2284737
1000191 1000182
1000013 1000011
5448028 5633357
1000160 1000166
1000220 1000209
1000089 1000093
2647141 7648234
7000730 6749347
8895551 1451297
3337367 5322016
1000110 1000122
1000002 1000003
1000107 1000120
1000016 1000015
1000181 1000176
1000100 1000112
1000040 1000040
1000022 1000020
1000023 1000021
1000101 1000114
1000081 1000087
1000006 1000011
1000162 1000166
1000193 1000186
1000026 1000024
1000028 1000026
1000118 1000132
1000099 1000112
1000151 1000162
1000015 1000013
8564472 5112799
1000216 1000207
1000069 1000069
2689225 1776464
1000034 1000030
1000224 1000212
1000115 1000128
1000105 1000120
2978877 7215959
6094453 8395576
1000142 1000149
1000038 1000033
1000142 1000147
7806537 3567206
1000084 1000091
1000162 1000167
1000118 1000133
1000067 1000067
1000004 1000007
1000040 1000039
1000084 1000089
1000169 1000170
1000184 1000177
5384970 5841765
7237207 8077302
1000019 1000017
2138056 2634497
1000063 1000060
1000091 1000097
1000045 1000045
1000176 1000175
1000046 1000046
1000006 1000008
7085097 4629044
1000099 1000110
7893416 7590811
1000081 1000086
1000050 1000049
1000131 1000144
1000035 1000031
1000034 1000029
1000202 1000191
1000138 1000146
1000177 1000175
1000150 1000158
7996057 6446802
1000016 1000014
1000216 1000205
1000062 1000058
1000076 1000076
1000202 1000192
1000059 1000057
1000012 1000011
1000214 1000202
1000126 1000139
6714789 6341627
8018510 6688166
1000014 1000013
1000176 1000173
1000099 1000111
1000151 1000160
1000107 1000121
1000065 1000063
1000174 1000173
1000038 1000034
1000135 1000146
1000004 1000005
1000019 1000019
1000225 1000212
1000065 1000062
1000134 1000146
1000105 1000116
1000032 1000028
1000228 1000212
1000122 1000136
1000066 1000067
1000216 1000206
1000070 1000074
1000088 1000092
1000057 1000055
1000052 1000051
1000199 1000189
1000065 1000061
5000624 5829601
1000076 1000075
1000061 1000058
1000077 1000076
1000164 1000169
1000050 1000050
1000019 1000018
1000079 1000081
1000085 1000091
1000198 1000189
1000084 1000090
1000066 1000066
1000232 1000215
1000048 1000049
3199995 5317227
1000138 1000147
8768070 6753263
1000093 1000098
1000079 1000084
1000039 1000035
1000090 1000093
1000006 1000009
1000087 1000091
4549264 4562744
1000168 1000170
1000213 1000199
1000067 1000068
1000059 1000056
1000078 1000079
4627054 7016605
1000104 1000115
1000091 1000096
1000205 1000193
3775328 2010439
1154105 4749059
1000223 1000212
1000094 1000100
1000123 1000136
1000066 1000064
1000063 1000061
1000091 1000095
1000073 1000074
1000042 1000040
7713042 5906276
1000097 1000105
1000021 1000019
1000124 1000137
1000098 1000108
1000182 1000177
1000054 1000053
1000083 1000087
7650761 4400953
1000144 1000149
2353264 2524959
1000180 1000176
1000201 1000191
1000105 1000119
1050513 6726604
4366968 4646908
1000182 1000176
1000130 1000141
1000105 1000115
7604014 4580608
8322210 2922752
7564335 3036130
1000100 1000113
2082629 1240934
1000167 1000170
1000126 1000138
1000127 1000140
1000057 1000054
1000108 1000122
1000151 1000163
1000177 1000176
1000091 1000094
1000039 1000036
1000111 1000124
1000106 1000120
1000150 1000152
1000097 1000107
1000113 1000126
1000064 1000061
1000114 1000127
1000093 1000099
1000153 1000163
1000121 1000136
1000205 1000195
1000198 1000188
1000133 1000146
1000013 1000012
1000214 1000201
5213882 1542451
4031718 1260856
1000150 1000153
1000099 1000108
1000192 1000182
1000209 1000197
1000191 1000181
1000078 1000080
1000124 1000136
1000028 1000028
1000125 1000137
1000028 1000024
2723881 8530022
7529881 1106583
1000031 1000028
1000042 1000042
1000119 1000136
6422516 7055613
1000191 1000180
1000048 1000048
1000131 1000145
1000192 1000184
1000014 1000012
4590914 4390034
1000055 1000054
1000105 1000118
1000184 1000178
1000216 1000202
1000097 1000106
1000130 1000142
1000140 1000147
1000141 1000147
1000095 1000101
1000142 1000148
1000096 1000103
1000006 1000010
1000028 1000025
1000103 1000115
1000024 1000022
1000107 1000122
6285167 2270994
1000149 1000151
1000217 1000207
1000208 1000196
1000068 1000069
1000129 1000141
1000194 1000186
1000150 1000157
1000219 1000208
1000020 1000019
1000116 1000128
1000004 1000003
1000111 1000125
1000118 1000134
1000075 1000074
1000169 1000171
1000150 1000155
1000054 1000052
1000112 1000126
1000155 1000165
1000205 1000196
1000072 1000074
1000183 1000177
2747235 8499050
1000026 1000023
1000053 1000051
4216941 8336317
1000008 1000011
1000207 1000196
1000132 1000146
1000053 1000052
1000210 1000199
1000128 1000141
1000074 1000074
1000060 1000057
1000189 1000180
1000173 1000173
1000117 1000132
1000156 1000166
1000136 1000146
1000231 1000213
1000036 1000033
1000111 1000122
1000185 1000178
1000092 1000098
3534920 7445065
1000215 1000202
1000039 1000034
7770244 2169312
1824968 3868240
1000114 1000126
8156651 5179729
1000204 1000193
6077523 1413161
7572899 1806873
1733867 5651991
8371225 3011268
1000218 1000208
1000175 1000173
1000003 1000003
1000162 1000169
1000137 1000146
1000188 1000180
1000101 1000115
1000088 1000093
3261637 8898237
1000150 1000156
1000213 1000200
1000211 1000199
1000172 1000172
1000037 1000033
1000192 1000185
1000193 1000185
1000143 1000149
1000069 1000070
1000195 1000186
1000226 1000212
1000195 1000188
1000178 1000176
1000171 1000171
1000066 1000063
1000002 1000002
1000096 1000105
6375803 4253770
1000201 1000189
1000016 1000016
1792898 2879027
1000042 1000043
1000176 1000174
1000042 1000044
1000163 1000169
2963592 8522644
1000205 1000194
1000079 1000082
6787896 6436286
1000206 1000196
1000148 1000151
1000066 1000065
1000209 1000196
1000219 1000209
1000210 1000198
3067701 6512633
1000095 1000100
1000068 1000068
1000058 1000055
1000076 1000074
1000060 1000058
4166033 6237647
1000233 1000218
1000151 1000158
2182780 8374867
1000216 1000203
3021519 7489210
1000024 1000021
1000044 1000045
1000117 1000129
1964574 5159497
1000054 1000054
5809358 6157803
1000095 1000102
1000221 1000209
1000046 1000047
1000223 1000211
1000234 1000218
1000040 1000036
4740056 2428381
6632043 5414168
1000154 1000165
1000158 1000166
1000230 1000213
7626355 6941074
1000231 1000214
1000151 1000161
1000233 1000216
3813779 6423448
1000200 1000189
1000233 1000217
1000233 1000215
1000078 1000078
8690194 1325580
1081390 8224540
1098121 6326808
5040668 5746358
1000079 1000083
1000119 1000135
1000147 1000151
1000155 1000166
1000147 1000150
1000070 1000073
1000043 1000044
1000105 1000117
1000096 1000102
2524219 4572446
1000025 1000023
1000080 1000084
1000027 1000024
6949458 1876419
1000197 1000188
1000047 1000047
4367430 4390043
1000204 1000192
1000011 1000011
4256415 4186218
1000196 1000188
1000179 1000176
1000201 1000190
1000062 1000059
3749709 5954902
4503668 7081861
1000151 1000159
1000088 1000091
4088842 4342310
8355888 6849659
1000118 1000135
1000164 1000170
1000071 1000074
1000102 1000115
1000109 1000122
5661132 6298174
1000047 1000048
1000069 1000071
1000016 1000017
1000035 1000030
1000186 1000180
1000021 1000020
1000080 1000085
1000086 1000091
1000111 1000126
1000229 1000212
1000036 1000032
1000043 1000045
5463490 1029329
1000166 1000170
1000146 1000149
1000096 1000104
1000159 1000166
1000015 1000014
1000035 1000032
1000041 1000040
6259513 8044839
1000223 1000210
1000084 1000087
5503004 5872620
6411423 7136852
1000030 1000028
1000117 1000130
1000190 1000180
1000187 1000180
1000213 1000201
1000153 1000164
1000186 1000179
1000058 1000056
6923825 5787793
3168241 6631353
1000192 1000183
1973569 6843875
1000150 1000154
1000139 1000147
1000127 1000139
1000025 1000022
1000232 1000214
1000111 1000123
4778770 3438480
1000091 1000093
1000099 1000109
7621782 7715127
8410351 5671260
8049347 8128274
1000040 1000038
8251395 2622685
1000173 1000172
1000069 1000073
8011364 6786159
4115559 8288434
8472211 7318503
1000165 1000170
5685394 6898737
5331074 1807536
1000162 1000168
