500 100
1000002 1000002
1000178 1000176
1000016 1000015
1000116 1000128
1000135 1000146
1665593 7145386
1000226 1000214
1000006 1000008
1000188 1000180
5920012 3389999
1000176 1000175
1000043 1000045
1000053 1000051
1000050 1000049
1000140 1000147
1000011 1000011
4368241 1431353
4949264 4862744
1000013 1000012
6113779 5223448
1000105 1000120
2449347 3528274
1000097 1000107
3980586 1353136
7547235 7499050
9390914 7790034
4447141 9048234
1000046 1000046
1000003 1000003
1000149 1000151
1000019 1000017
1000214 1000201
1000114 1000128
1000046 1000045
1000007 1000011
1000087 1000091
6918931 1647858
1000222 1000214
9311364 8886159
1000195 1000187
1000223 1000214
1000031 1000028
1000035 1000031
1000034 1000029
1000133 1000146
1000186 1000180
1000208 1000196
1000198 1000189
2250513 8926604
1000077 1000076
3996057 8746802
1000039 1000034
1000062 1000058
1000091 1000097
1000121 1000136
1000044 1000045
6557560 7369669
1000173 1000173
1000174 1000173
1000171 1000171
8116941 7236317
1000220 1000211
1000194 1000186
1000142 1000149
1000074 1000074
1000005 1000007
1000045 1000045
1000093 1000099
1000114 1000127
1000216 1000203
6073491 8976072
7663592 8822644
1000048 1000048
1000010 1000011
1000040 1000037
1000165 1000170
1000052 1000051
1000209 1000197
1000053 1000052
1000006 1000009
7573614 5811642
1000113 1000126
8124968 1268240
1000057 1000054
1000057 1000055
1000155 1000166
1000040 1000036
1000038 1000034
1000231 1000220
1000192 1000185
1000023 1000021
1000183 1000177
8151395 5922685
1000016 1000016
1000168 1000170
5369569 2174704
1000084 1000087
1000232 1000220
1000065 1000062
1000013 1000011
1967701 6412633
1000151 1000159
7399995 6017227
8353307 3240851
1000015 1000013
1000067 1000068
1000114 1000126
1000099 1000108
1000124 1000136
2558057 3388456
1000206 1000196
1000105 1000116
1000163 1000169
1000076 1000075
1000024 1000021
1000080 1000084
1000069 1000069
1000162 1000168
1000118 1000134
1000038 1000033
2695551 2551297
1000148 1000151
1000032 1000028
1000138 1000146
1000079 1000082
1000096 1000104
1000063 1000060
1000058 1000056
1000228 1000218
8167430 8790043
5784970 6841765
1000083 1000087
2472211 7618503
1000084 1000090
1000197 1000188
1000085 1000091
1000022 1000020
1000026 1000023
1000205 1000193
1000228 1000217
1000094 1000100
1000091 1000093
2931718 6360856
1000091 1000096
4398121 1626808
1000166 1000170
1000025 1000023
1000102 1000115
1000090 1000093
1000042 1000043
1000185 1000178
1000006 1000010
1000096 1000102
5543118 5512006
1000209 1000196
1778877 6515959
1000058 1000055
1000065 1000061
1000075 1000074
5593281 8767471
1000118 1000132
1000100 1000113
1082629 1140934
4613882 8242451
3382780 6374867
1000069 1000071
1000104 1000115
1000150 1000158
1000070 1000073
1000054 1000053
1000099 1000111
2641982 6296631
1000046 1000047
1000081 1000087
1000107 1000121
1000024 1000022
1000150 1000156
1000111 1000122
1000215 1000202
1000060 1000058
1000092 1000098
7915559 1188434
1000175 1000173
3811083 6579330
1000213 1000201
1000230 1000220
1000119 1000136
3285394 4298737
5209358 1257803
1000214 1000202
1000153 1000164
1000118 1000133
7881390 6524540
1000224 1000214
7794453 2795576
1000115 1000128
3727054 8816605
1000201 1000189
1000123 1000136
1000151 1000161
1000212 1000199
1000126 1000138
1000187 1000180
1000088 1000093
1000099 1000110
1000042 1000044
1000129 1000141
1000122 1000136
3789225 7676464
1000109 1000122
1000132 1000146
1000068 1000068
1000134 1000146
1000103 1000115
1000189 1000180
1000147 1000151
1173825 4358721
1000227 1000217
1000162 1000167
6285167 3970994
1000095 1000100
6023825 7587793
4778770 1238480
1000179 1000176
1000111 1000125
2133867 5851991
1564574 8359497
1000219 1000211
1000086 1000091
1000150 1000155
1000035 1000032
1000150 1000157
1000218 1000209
4014106 8528806
7753264 3824959
1000036 1000033
1000047 1000047
1000147 1000150
7300730 1449347
1000218 1000211
1000055 1000054
1000159 1000166
1000221 1000213
1000014 1000013
5575483 1555760
2595001 1980476
1000119 1000135
1000216 1000205
2016351 1012297
1000107 1000122
1000154 1000165
1000220 1000212
4385097 1329044
1000042 1000040
1000172 1000172
1000193 1000185
6032383 2012602
1000034 1000030
1000117 1000132
1000028 1000025
1000125 1000137
6626355 2441074
1000177 1000176
2251087 7784737
1440073 9397529
1000076 1000076
1000152 1000163
8621992 6810523
1000182 1000177
1000064 1000061
1000210 1000199
1000137 1000146
1000004 1000005
1000226 1000216
1000143 1000149
1000081 1000086
1000202 1000192
1000181 1000176
7542869 8739935
1000131 1000144
1000191 1000181
1187896 6736286
1000079 1000084
1000216 1000202
4068070 8053263
1000030 1000028
1000059 1000056
5038191 8680756
1000009 1000011
1418249 3200285
1000160 1000166
6481040 3775359
1656415 8886218
1000151 1000163
3292817 2660028
1000065 1000063
1000142 1000148
2137367 4122016
1000141 1000147
1000192 1000183
1000164 1000169
2775328 2110439
6290194 8525580
1000127 1000140
1000217 1000205
1000101 1000115
4538056 3834497
2007969 8163378
1000042 1000042
1000176 1000174
3559513 2844839
1000201 1000191
8574594 9334811
1050761 6100953
1000067 1000067
7822516 4255613
3503668 6381861
8849458 1376419
7401329 5265369
1000207 1000196
1000004 1000003
1000193 1000186
1000164 1000170
1000043 1000044
1000117 1000130
1000066 1000066
4421782 9015127
1000182 1000176
1783458 3847899
1664472 8412799
1000095 1000101
1000040 1000040
1000221 1000214
1000136 1000146
1000041 1000040
1000078 1000078
1000225 1000214
2649709 7554902
1000226 1000215
1000062 1000059
1000204 1000192
1000069 1000073
1000002 1000003
1000107 1000120
1000117 1000129
1000229 1000219
1000019 1000018
3531074 5207536
1000190 1000180
1003004 4372620
1000021 1000020
1000196 1000188
4173569 1943875
1113042 7206276
1000211 1000199
2254105 4749059
1263490 3229329
1000177 1000175
1000070 1000074
1464335 2436130
2403546 7544409
1640668 3746358
4324219 1072446
1000105 1000115
1000004 1000007
1000063 1000061
8024208 1443340
1000066 1000063
1823881 3830022
3069103 9221656
1000184 1000177
3810351 5071260
2021519 5389210
4321825 6459044
1000027 1000024
1000050 1000050
1000205 1000196
3561132 6298174
1000061 1000058
6366968 1046908
1000105 1000118
2471225 5111268
1000054 1000052
2472899 1106873
3138150 9287818
1000218 1000208
5595199 7258229
7393416 5990811
1000191 1000180
1000192 1000184
2770244 1069312
7914789 1341627
2831023 5379606
1000186 1000179
3032043 7614168
4722210 3122752
1000228 1000219
3039082 9124154
2945229 3618733
1000084 1000091
9305712 1930298
1000080 1000085
3318510 1988166
5865844 3158443
1000089 1000093
1000146 1000149
1000008 1000011
1000191 1000182
8075066 6459920
1000079 1000081
1000048 1000049
1000118 1000135
1000105 1000119
3836950 6455011
1000028 1000028
1000071 1000074
1000073 1000074
1000060 1000057
1000227 1000216
1000015 1000014
1000097 1000106
1000201 1000190
1000012 1000011
5100624 7529601
1000130 1000141
1000213 1000199
1000229 1000220
1000066 1000067
4540056 7928381
5411997 9035294
1000184 1000178
1000054 1000054
4853749 8579163
8711423 5336852
1000144 1000149
1000198 1000188
1000079 1000083
1000117 1000131
1000126 1000139
1000014 1000012
1000096 1000103
1000078 1000079
1000021 1000019
1000039 1000036
1000217 1000207
1000025 1000022
1000091 1000095
1000095 1000102
1000130 1000142
2761637 6398237
1000040 1000038
6666033 2537647
6193584 2226644
1000200 1000189
1000176 1000173
1000106 1000120
1000101 1000114
6448028 3633357
1000059 1000057
1000127 1000139
6595958 3748024
1000066 1000064
1000093 1000098
6269555 1342459
7237207 5577302
1000036 1000032
1000138 1000147
1000218 1000210
1000217 1000208
1792898 8179027
1000047 1000048
1000217 1000206
2380815 5072743
7512608 6205487
1000169 1000170
1000220 1000213
3575803 7453770
1000180 1000176
1000167 1000170
1000151 1000160
1000028 1000026
2855888 2149659
1000128 1000141
5767971 6869590
1000099 1000109
1000111 1000126
7895029 5240305
9004014 2380608
8434920 8145065
4306537 5167206
8588842 7642310
1000205 1000195
1000078 1000080
1000068 1000069
4877523 3313161
9056651 9079729
9229881 2206583
1000040 1000039
1000006 1000011
1000195 1000186
