500 0
21 10
2 35
3 67
5 16
39 4
4 14
1 7
34 17
19 6
1 31
6 40
8 25
15 15
10 6
23 23
35 3
52 24
1 18
12 6
12 17
14 26
9 12
26 8
3 12
1 25
19 22
27 2
6 3
30 5
1 41
6 9
1 8
12 22
32 1
1 40
23 4
21 36
17 44
1 12
11 19
20 28
2 5
1 3
11 9
3 13
12 15
16 13
10 13
34 1
37 2
2 15
4 15
2 34
22 23
19 28
2 12
10 2
9 1
24 23
31 3
2 25
19 15
26 2
25 6
2 18
40 8
12 11
2 36
20 21
2 42
58 13
31 1
3 2
3 3
29 11
5 12
7 10
39 15
1 20
10 20
25 34
16 19
2 10
3 45
4 10
1 10
30 1
3 18
16 7
8 13
3 23
19 12
3 28
1 27
18 4
30 13
6 15
13 2
36 13
4 2
4 3
14 5
13 6
1 37
57 20
4 8
31 9
21 28
25 24
3 11
16 14
23 1
21 6
29 6
4 19
8 28
18 8
14 23
41 8
13 13
8 7
2 11
7 8
43 14
21 3
9 7
27 20
14 3
5 3
5 13
16 1
4 34
25 20
11 3
6 58
2 8
24 4
20 16
14 7
46 2
20 26
62 5
23 5
1 1
18 3
27 9
28 13
6 36
32 7
6 6
1 2
9 18
36 9
6 12
6 13
21 35
10 4
2 3
5 26
10 10
5 5
50 19
25 26
3 1
19 27
2 9
15 4
7 1
7 2
17 2
61 19
10 27
45 8
11 12
5 6
8 6
13 4
22 31
35 14
3 7
10 5
7 17
1 15
72 23
8 18
27 5
19 5
45 21
6 1
3 10
10 12
16 15
19 8
29 14
8 12
10 21
13 7
30 11
17 10
13 3
2 17
31 5
3 51
1 5
9 6
14 24
9 3
7 4
1 23
5 10
6 23
9 9
2 4
51 24
8 2
6 5
16 2
2 23
23 9
2 7
4 22
14 8
7 19
1 30
9 26
7 16
10 18
5 27
8 5
10 16
4 4
12 3
4 1
31 20
3 9
18 11
25 37
1 21
15 23
1 49
43 1
17 7
30 12
17 1
25 2
11 6
2 38
1 29
11 11
5 2
8 50
1 28
15 2
6 31
1 4
11 23
11 28
2 49
10 48
6 18
9 4
24 6
6 2
29 12
5 58
43 3
7 15
4 17
11 16
18 14
12 29
7 13
5 19
29 2
3 14
2 27
4 11
11 13
29 1
9 13
6 17
5 11
27 24
5 9
17 31
10 26
5 8
52 12
13 8
14 15
19 13
24 10
8 1
11 15
15 1
1 16
15 3
2 6
15 7
11 2
11 5
10 30
9 8
18 7
15 47
16 5
31 17
1 32
2 16
13 19
16 17
16 18
4 18
2 33
22 3
20 6
4 5
6 7
5 1
45 27
5 21
16 29
34 12
61 9
21 12
6 4
5 29
7 30
30 8
16 4
4 6
18 9
2 14
37 28
10 3
21 2
5 40
3 19
19 4
20 17
13 14
5 7
22 12
1 22
2 26
38 2
3 17
30 4
13 26
50 13
20 1
19 1
5 46
20 9
2 24
1 9
10 35
3 32
1 19
49 1
26 11
8 8
28 4
18 1
5 38
28 9
2 2
21 17
8 16
1 14
24 2
3 4
22 2
2 20
1 11
22 9
3 26
22 18
9 40
14 37
7 11
8 33
17 12
17 38
23 6
23 8
17 4
1 26
2 21
23 38
59 2
11 8
5 25
6 10
33 5
26 3
40 22
5 18
38 1
25 4
6 14
25 16
4 12
19 23
2 19
7 29
40 9
30 7
5 4
2 1
9 27
11 1
26 4
13 12
6 26
57 27
4 7
1 13
28 1
12 16
12 4
13 1
12 1
7 37
23 2
7 3
2 30
5 22
1 6
1 24
32 15
21 1
3 8
7 5
9 2
10 38
9 17
12 28
34 7
24 1
17 33
11 4
31 7
22 1
31 15
19 2
3 16
7 7
18 18
8 20
24 9
10 1
35 1
34 9
20 15
47 7
14 9
43 30
29 24
4 13
7 12
6 37
8 27
12 9
2 22
30 3
6 21
12 19
3 21
17 3
9 14
41 3
20 3
19 26
3 36
14 1
7 21
7 6
31 2
1 34
46 1
5 31
9 19
18 10
1 17
11 20
3 6
8 4
55 15
3 15
56 5
22 5
27 14
11 34
58 30
23 11
20 14
40 1
24 11
16 22
