500 0
1000029 1000010
1000006 1000010
1000001 1000019
1000001 1000004
1000041 1000001
1000004 1000022
1000011 1000027
1000003 1000002
1000009 1000015
1000001 1000010
1000020 1000006
1000001 1000012
1000001 1000013
1000014 1000009
1000010 1000002
1000010 1000020
1000020 1000002
1000025 1000019
1000012 1000001
1000001 1000015
1000005 1000009
1000002 1000005
1000006 1000014
1000019 1000009
1000037 1000006
1000027 1000002
1000001 1000031
1000006 1000006
1000026 1000011
1000004 1000010
1000042 1000001
1000003 1000006
1000001 1000016
1000011 1000002
1000002 1000001
1000006 1000043
1000006 1000012
1000026 1000002
1000012 1000030
1000006 1000007
1000001 1000008
1000027 1000011
1000017 1000004
1000009 1000013
1000007 1000006
1000005 1000019
1000001 1000005
1000010 1000007
1000014 1000003
1000058 1000020
1000002 1000019
1000004 1000026
1000004 1000016
1000036 1000024
1000020 1000015
1000002 1000024
1000015 1000001
1000027 1000009
1000046 1000017
1000016 1000020
1000002 1000033
1000018 1000003
1000003 1000001
1000022 1000002
1000003 1000003
1000001 1000018
1000003 1000005
1000002 1000007
1000012 1000003
1000001 1000047
1000001 1000041
1000003 1000010
1000012 1000028
1000025 1000017
1000014 1000002
1000019 1000007
1000015 1000034
1000003 1000016
1000003 1000017
1000031 1000003
1000041 1000006
1000031 1000011
1000006 1000002
1000008 1000001
1000004 1000027
1000036 1000016
1000022 1000003
1000010 1000008
1000006 1000011
1000013 1000007
1000005 1000015
1000008 1000004
1000037 1000003
1000010 1000004
1000004 1000005
1000017 1000002
1000004 1000007
1000008 1000019
1000005 1000002
1000024 1000001
1000004 1000012
1000001 1000036
1000012 1000012
1000004 1000015
1000003 1000030
1000011 1000007
1000004 1000018
1000010 1000011
1000003 1000023
1000008 1000036
1000009 1000007
1000001 1000007
1000014 1000032
1000019 1000004
1000032 1000004
1000007 1000002
1000004 1000028
1000018 1000009
1000011 1000033
1000039 1000009
1000005 1000003
1000010 1000031
1000002 1000027
1000039 1000013
1000006 1000029
1000005 1000008
1000001 1000021
1000012 1000009
1000009 1000003
1000010 1000028
1000004 1000003
1000012 1000008
1000004 1000013
1000002 1000016
1000002 1000012
1000005 1000020
1000005 1000021
1000015 1000004
1000003 1000004
1000005 1000025
1000014 1000004
1000016 1000005
1000026 1000016
1000036 1000007
1000010 1000017
1000018 1000001
1000002 1000015
1000021 1000006
1000009 1000038
1000006 1000009
1000009 1000005
1000010 1000013
1000012 1000002
1000029 1000002
1000006 1000015
1000025 1000022
1000018 1000002
1000006 1000019
1000005 1000018
1000010 1000006
1000006 1000033
1000006 1000031
1000020 1000043
1000024 1000005
1000002 1000004
1000007 1000003
1000025 1000011
1000016 1000028
1000001 1000003
1000002 1000010
1000014 1000025
1000023 1000002
1000007 1000011
1000004 1000025
1000007 1000014
1000007 1000015
1000007 1000016
1000008 1000008
1000015 1000023
1000013 1000002
1000007 1000027
1000025 1000001
1000010 1000003
1000002 1000006
1000024 1000059
1000019 1000003
1000030 1000001
1000027 1000004
1000015 1000020
1000006 1000004
1000013 1000001
1000037 1000002
1000003 1000011
1000052 1000003
1000008 1000013
1000019 1000001
1000013 1000008
1000017 1000027
1000013 1000026
1000008 1000037
1000003 1000022
1000009 1000001
1000014 1000001
1000028 1000029
1000014 1000017
1000004 1000024
1000009 1000006
1000010 1000001
1000010 1000052
1000014 1000006
1000008 1000031
1000015 1000041
1000031 1000010
1000008 1000003
1000009 1000027
1000035 1000004
1000009 1000022
1000009 1000024
1000003 1000009
1000009 1000008
1000002 1000013
1000006 1000008
1000019 1000002
1000006 1000003
1000009 1000061
1000056 1000003
1000032 1000001
1000007 1000010
1000011 1000011
1000002 1000014
1000003 1000035
1000001 1000011
1000010 1000010
1000007 1000001
1000024 1000002
1000010 1000014
1000036 1000011
1000006 1000001
1000014 1000015
1000016 1000007
1000010 1000019
1000025 1000021
1000002 1000021
1000009 1000010
1000007 1000007
1000017 1000016
1000037 1000013
1000007 1000018
1000014 1000005
1000014 1000010
1000011 1000003
1000010 1000015
1000008 1000010
1000055 1000008
1000004 1000009
1000011 1000008
1000010 1000023
1000011 1000012
1000019 1000005
1000023 1000001
1000001 1000022
1000004 1000011
1000003 1000013
1000011 1000028
1000009 1000002
1000018 1000021
1000017 1000021
1000004 1000021
1000027 1000021
1000018 1000010
1000025 1000004
1000012 1000007
1000005 1000016
1000005 1000010
1000003 1000040
1000007 1000005
1000007 1000045
1000012 1000017
1000005 1000004
1000012 1000027
1000021 1000002
1000002 1000011
1000009 1000014
1000004 1000004
1000017 1000015
1000061 1000004
1000017 1000024
1000023 1000021
1000021 1000004
1000013 1000015
1000010 1000016
1000001 1000009
1000004 1000017
1000016 1000039
1000008 1000047
1000012 1000013
1000016 1000023
1000012 1000006
1000001 1000039
1000026 1000001
1000008 1000005
1000003 1000015
1000033 1000010
1000007 1000012
1000014 1000031
1000005 1000005
1000022 1000005
1000001 1000001
1000019 1000006
1000004 1000001
1000002 1000026
1000015 1000007
1000015 1000012
1000002 1000022
1000008 1000012
1000011 1000005
1000034 1000007
1000011 1000001
1000016 1000003
1000001 1000002
1000011 1000014
1000006 1000018
1000010 1000005
1000005 1000023
1000015 1000016
1000026 1000025
1000021 1000005
1000016 1000014
1000034 1000029
1000056 1000002
1000012 1000010
1000025 1000014
1000001 1000006
1000004 1000006
1000009 1000009
1000023 1000008
1000002 1000036
1000020 1000012
1000017 1000008
1000002 1000020
1000001 1000042
1000022 1000001
1000004 1000002
1000002 1000008
1000046 1000003
1000020 1000009
1000031 1000019
1000051 1000013
1000038 1000016
1000001 1000020
1000007 1000009
1000011 1000004
1000003 1000018
1000015 1000006
1000026 1000006
1000018 1000011
1000040 1000004
1000044 1000001
1000006 1000005
1000009 1000029
1000020 1000017
1000014 1000011
1000005 1000001
1000017 1000005
1000007 1000048
1000013 1000003
1000019 1000015
1000004 1000014
1000019 1000019
1000031 1000017
1000020 1000001
1000046 1000027
1000020 1000003
1000005 1000006
1000010 1000018
1000016 1000001
1000010 1000009
1000043 1000011
1000010 1000027
1000004 1000023
1000002 1000009
1000024 1000008
1000012 1000004
1000021 1000003
1000018 1000004
1000003 1000020
1000042 1000022
1000010 1000024
1000037 1000021
1000018 1000005
1000030 1000049
1000001 1000027
1000003 1000007
1000002 1000003
1000032 1000006
1000012 1000024
1000027 1000005
1000001 1000033
1000015 1000021
1000020 1000039
1000002 1000023
1000017 1000001
1000005 1000022
1000024 1000023
1000025 1000008
1000012 1000029
1000027 1000001
1000019 1000048
1000004 1000019
1000001 1000014
1000031 1000001
1000025 1000016
1000017 1000060
1000033 1000004
1000001 1000029
1000002 1000028
1000003 1000012
1000005 1000029
1000026 1000004
1000012 1000005
1000014 1000021
1000007 1000041
1000007 1000029
1000017 1000042
1000025 1000002
1000022 1000006
1000001 1000028
1000027 1000007
1000008 1000020
1000023 1000009
1000005 1000011
1000002 1000025
1000017 1000003
1000007 1000024
1000015 1000002
1000007 1000004
1000001 1000025
1000013 1000012
1000029 1000006
1000030 1000015
1000003 1000019
1000011 1000013
1000011 1000015
1000015 1000032
1000031 1000002
1000017 1000006
1000009 1000011
1000003 1000026
1000001 1000017
1000024 1000011
1000020 1000005
1000040 1000031
1000033 1000005
1000006 1000035
1000016 1000002
1000034 1000003
1000034 1000002
1000008 1000002
1000034 1000027
1000014 1000035
1000009 1000021
1000036 1000001
1000004 1000035
1000019 1000018
1000005 1000007
1000028 1000003
1000018 1000006
1000011 1000020
1000003 1000047
1000016 1000011
1000020 1000007
1000038 1000002
1000002 1000002
1000003 1000008
1000017 1000018
1000040 1000001
1000009 1000031
1000040 1000026
1000008 1000011
1000034 1000005
1000029 1000001
1000041 1000010
1000005 1000012
1000006 1000017
1000004 1000020
1000003 1000014
1000045 1000005
1000009 1000004
1000018 1000017
1000005 1000017
1000048 1000002
1000049 1000049
1000001 1000040
1000015 1000017
1000053 1000005
1000011 1000006
1000021 1000010
1000003 1000021
1000007 1000017
1000026 1000014
