500 100
1000001 1000002
1000022 1000016
1000008 1000007
1016737 1013519
1000024 1000012
1038576 1023984
1014588 1011545
1000003 1000001
1010752 1043896
1035623 1025671
1030811 1009982
1000011 1000018
1018174 1037523
1044280 1018185
1000013 1000006
1000022 1000022
1019294 1023082
1000001 1000003
1000020 1000023
1040959 1032211
1000025 1000022
1029027 1033868
1000006 1000004
1000009 1000008
1018229 1016208
1042212 1029767
1000006 1000001
1000015 1000013
1005627 1016668
1000010 1000015
1004083 1028039
1006999 1042983
1037807 1014210
1021746 1046518
1037580 1011718
1000005 1000007
1000024 1000013
1000005 1000005
1000007 1000001
1000016 1000013
1000016 1000014
1005861 1010194
1012620 1036056
1000007 1000006
1038121 1035716
1000020 1000020
1000008 1000008
1021388 1012597
1027616 1024352
1013861 1015421
1042894 1013907
1000019 1000015
1004607 1015994
1000016 1000021
1047842 1008720
1018166 1037180
1016909 1001595
1000021 1000028
1000030 1000018
1000009 1000006
1027755 1035906
1000005 1000002
1000020 1000021
1000025 1000015
1041029 1033427
1000006 1040383
1000009 1000016
1000012 1000012
1000021 1000023
1000026 1000024
1007323 1004298
1010647 1039419
1000010 1000010
1000018 1000012
1042503 1003004
1000010 1000013
1000010 1000014
1045766 1012920
1000010 1000016
1002016 1008351
1005872 1042616
1000017 1000023
1000014 1000011
1000011 1000010
1000011 1000011
1039292 1021832
1000019 1000021
1000004 1000001
1021487 1047969
1000027 1000022
1000024 1000027
1042651 1007820
1016486 1007701
1000023 1000019
1042686 1042234
1022007 1002835
1012024 1038594
1016381 1025458
1000013 1000007
1039954 1017026
1041423 1007819
1047448 1010355
1000024 1000022
1016405 1001761
1000021 1000014
1000013 1000016
1000005 1000010
1046721 1014869
1001981 1025845
1021174 1043845
1000014 1000007
1000018 1000017
1000011 1000009
1016852 1026210
1000017 1000016
1000017 1000009
1013472 1001451
1024446 1038121
1000010 1000006
1044934 1013782
1000019 1000025
1000006 1000002
1000008 1000004
1021841 1012445
1000014 1000023
1022237 1003559
1006439 1033358
1000023 1000010
1000007 1000004
1000017 1000022
1000032 1000019
1000008 1000013
1000015 1000020
1000015 1000021
1000011 1000005
1000016 1000008
1000021 1000020
1000004 1000002
1000006 1000009
1046644 1015995
1000016 1000017
1000016 1000019
1016476 1036664
1000016 1000012
1000018 1000025
1029479 1023967
1000015 1000017
1000003 1000003
1000017 1000014
1000016 1000025
1000014 1000022
1000028 1000023
1010301 1023129
1000009 1000004
1000024 1000023
1036633 1006516
1042743 1043352
1039613 1010803
1000009 1000005
1023858 1016043
1000022 1000010
1035457 1007555
1004716 1045831
1000017 1000025
1024470 1028088
1000012 1000011
1000018 1000021
1000012 1000005
1039260 1025779
1000022 1000021
1005788 1039149
1000028 1000022
1000025 1000025
1010401 1013173
1043959 1039054
1026644 1009825
1036456 1025229
1000019 1000020
1000029 1000022
1000005 1000001
1000003 1000005
1000014 1000019
1000015 1000016
1000012 1000009
1000020 1000017
1035920 1004586
1000016 1000023
1034940 1044316
1000013 1000017
1000025 1000021
1000006 1000008
1000020 1000025
1000022 1000028
1000009 1000007
1000024 1000024
1000017 1000008
1040543 1017945
1000007 1000003
1000021 1000019
1006583 1017042
1000021 1000021
1000021 1000022
1044130 1036014
1000014 1000016
1000005 1000004
1046480 1047328
1022034 1039141
1000014 1000015
1016158 1044924
1041480 1013452
1000011 1000012
1000023 1000021
1000004 1000005
1027768 1047018
1023663 1004086
1011378 1017329
1000020 1000027
1000026 1000022
1038168 1031888
1012297 1022057
1008311 1042478
1000030 1000019
1000014 1000010
1047127 1024028
1017390 1019037
1000019 1000013
1043810 1045838
1000008 1000011
1043163 1035199
1000023 1000029
1004421 1045172
1000013 1000012
1000020 1000028
1000024 1000015
1006677 1012718
1000002 1000001
1000005 1000008
1030023 1039278
1000019 1000022
1000019 1000016
1000004 1000003
1000025 1000016
1016280 1002158
1000876 1001274
1015345 1024910
1000021 1000027
1041065 1007668
1033765 1005225
1000010 1000008
1027005 1004228
1000008 1000002
1000019 1000010
1000013 1000010
1000027 1000017
1000010 1000011
1011922 1037327
1000021 1000015
1000023 1000022
1004069 1033787
1008413 1031344
1000013 1000014
1000013 1000013
1000029 1000023
1000006 1000011
1032851 1024012
1000010 1000009
1000021 1000029
1000005 1000003
1000314 1016071
1000013 1000018
1000018 1000023
1000029 1000018
1001386 1005165
1000006 1000003
1000014 1000014
1001756 1017792
1016344 1036972
1000004 1000004
1000010 1000018
1002808 1019235
1003313 1035942
1000020 1000018
1000007 1000002
1017803 1033637
1041116 1008060
1036608 1014510
1000021 1000024
1000008 1000009
1000006 1000010
1021770 1032335
1004721 1030267
1019141 1030170
1032856 1031225
1040419 1012730
1047982 1043611
1011054 1019267
1039613 1002513
1017136 1001712
1000021 1000025
1000018 1000019
1000012 1000017
1046917 1011002
1000024 1000014
1000026 1000023
1007105 1010124
1000020 1000019
1000023 1000011
1000008 1000005
1000006 1000005
1000018 1000020
1000025 1000027
1010358 1002761
1012953 1017132
1010607 1003701
1017701 1031791
1042994 1002789
1038399 1038800
1000020 1000026
1006829 1036900
1040614 1032877
1000020 1000024
1000014 1000008
1009161 1032415
1000027 1000023
1000012 1000016
1000022 1000023
1000015 1000012
1035044 1027958
1000026 1000016
1004464 1026351
1000012 1000018
1000021 1000026
1000016 1000007
1000017 1000018
1045659 1042920
1000017 1000019
1000023 1000023
1014218 1032970
1000023 1000027
1013590 1015483
1000014 1000013
1015145 1044572
1000025 1000023
1038976 1032436
1044571 1023002
1018298 1045614
1000023 1000018
1033390 1035589
1000026 1000026
1000025 1000026
1000018 1000013
1000007 1000007
1000537 1007660
1000011 1000016
1000007 1000011
1001703 1007017
1017347 1034629
1000003 1000002
1000010 1000007
1043182 1006773
1005406 1029082
1000031 1000019
1000002 1000002
1000014 1000021
1000006 1000007
1000016 1000016
1011123 1030021
1000019 1000023
1019771 1030320
1040285 1004950
1000014 1000009
1013169 1017955
1021210 1045207
1037999 1008073
1014548 1047916
1000004 1000007
1028166 1039592
1000019 1000014
1000023 1000020
1000012 1000006
1000015 1000007
1022704 1005103
1000004 1000006
1023705 1000302
1016631 1036817
1000020 1000010
1033554 1047191
1024286 1025097
1025011 1039212
1000023 1000016
1000013 1000015
1004602 1001569
1026626 1000321
1001074 1040472
1019576 1003087
1005059 1036815
1042797 1024488
1039206 1021881
1027760 1041593
1000015 1000014
1011340 1009307
1000009 1000011
1028240 1031423
1000023 1000017
1001647 1033367
1000021 1000016
1000018 1000010
1011935 1007023
1031011 1019066
1004696 1038359
1000001 1000005
1028028 1031118
1032130 1014018
1032234 1006105
1012154 1034249
1000010 1000004
1014159 1026453
1000017 1000017
1000002 1000005
1000018 1000018
1011606 1038106
1008883 1042210
1034439 1015896
1000009 1000009
1000027 1000024
1000014 1000020
1014276 1010877
1025227 1014931
1036303 1003249
1000015 1000019
1033669 1029825
1000023 1000024
1000010 1000012
1031875 1002033
1000008 1000003
1000006 1000006
1000008 1000015
1044434 1007701
1000002 1000003
1028966 1002776
1031054 1028013
1000007 1000005
1026733 1043997
1017302 1034770
1000014 1000017
1000017 1000021
1019050 1042537
1020604 1009999
1033838 1047196
1039133 1041012
1040605 1020968
1011642 1032608
1040743 1005167
1006604 1032899
1040805 1038962
1047130 1042437
1000033 1000019
1041044 1005569
1044772 1031313
1000019 1000019
1041357 1031803
1024217 1029522
1000024 1000021
1006459 1009584
1000011 1000006
1013883 1032819
1000012 1000010
1046633 1006818
1045091 1014457
1000013 1000011
1000009 1000015
1042974 1041746
1000022 1000029
1000017 1000012
1003812 1047049
1043558 1039604
1013656 1015971
1000024 1000025
1001827 1024803
1000014 1000012
1000023 1000026
1000019 1000017
1000008 1000006
1000014 1000018
1045529 1037560
1031268 1038914
1000020 1000014
1041369 1013749
1000018 1000015
1000019 1000018
1000028 1000024
1020799 1012219
1023992 1019293
1040806 1037555
1032375 1045338
1047254 1035108
1000009 1000010
1000017 1000015
1047956 1019618
1010873 1033264
