150 0
35 42
42 53
43 54
3 3
16 27
3 5
36 42
41 50
10 16
3 24
17 30
48 61
6 8
17 28
44 56
51 66
7 11
50 31
16 25
61 70
53 67
7 10
31 38
9 16
36 45
10 17
7 8
22 34
48 62
41 52
7 14
41 53
20 82
37 46
34 41
62 72
15 22
38 46
5 8
82 55
43 53
47 60
46 58
23 34
2 2
17 29
13 20
24 36
17 27
52 67
47 61
34 39
21 31
25 37
22 32
31 37
11 19
15 23
23 35
95 34
46 59
15 20
11 20
26 13
94 93
10 18
51 65
29 37
30 37
33 38
12 20
32 38
51 64
57 68
7 12
9 15
7 9
57 69
15 21
44 57
45 58
36 43
36 44
59 69
37 16
10 19
19 31
39 47
60 69
9 14
39 48
27 37
57 77
2 1
14 20
56 68
19 30
3 4
8 14
18 30
15 24
55 67
23 36
24 37
51 67
5 7
61 72
21 32
33 78
47 59
26 37
45 57
34 42
10 31
44 55
50 63
50 62
61 69
20 31
3 2
28 37
37 45
3 7
58 69
4 7
54 67
43 55
41 51
38 47
57 28
16 26
64 72
41 48
65 85
81 54
7 13
56 67
51 63
61 71
40 48
65 72
63 72
41 49
3 6
49 62
34 38
15 25
34 40
95 5
22 33
