500 50
4 30
27 4
1 3
4 7
37 4
4 21
1 7
4 20
8 34
1 19
18 52
8 17
25 1
14 13
9 19
10 17
21 7
3 25
8 21
1 1
4 19
1 22
1 23
21 13
16 8
6 15
1 28
5 57
26 17
13 1
3 9
33 23
11 3
31 4
1 42
11 4
6 6
1 13
12 27
46 25
1 27
2 62
17 21
7 13
1 25
12 2
24 10
9 40
33 4
8 5
2 16
55 18
20 3
69 1
10 22
28 1
15 7
26 1
27 12
17 5
2 31
18 64
4 11
1 15
2 39
3 54
2 61
2 7
4 37
20 9
6 1
18 3
3 5
3 6
47 1
12 4
42 2
3 10
10 6
3 17
7 10
26 2
5 35
3 18
4 47
1 10
16 5
4 10
6 5
12 23
29 26
18 19
12 5
6 33
4 3
29 12
12 3
20 6
13 7
4 14
4 9
37 1
13 2
5 34
3 22
1 4
30 3
4 16
3 20
3 14
8 53
2 21
15 5
8 7
61 1
13 15
17 8
19 30
1 39
23 7
5 5
2 13
23 46
28 58
13 8
5 10
5 11
13 12
28 8
3 8
44 16
20 23
17 1
7 12
6 43
2 10
5 22
2 17
13 16
43 7
8 18
2 4
7 2
14 1
17 3
19 4
26 36
22 8
6 2
6 3
1 2
3 11
10 10
6 7
6 8
26 3
19 7
2 5
11 12
9 25
5 6
15 9
2 35
24 4
34 44
5 15
25 9
34 26
2 34
8 9
15 3
16 1
7 7
27 5
5 7
6 13
7 11
13 11
1 16
11 10
7 16
7 27
10 2
24 34
29 1
7 28
41 2
6 23
2 24
26 8
8 4
10 1
23 38
11 9
8 8
3 21
7 14
8 13
16 17
1 12
46 7
30 1
41 4
25 4
9 1
20 14
8 37
1 33
37 18
1 35
4 12
9 4
30 15
8 1
2 22
1 21
23 31
7 3
53 1
2 9
23 22
9 15
8 19
4 15
7 20
3 7
31 27
9 3
11 2
13 9
3 23
10 19
3 12
4 2
2 3
10 7
25 2
33 1
14 33
24 3
10 16
19 1
1 20
2 18
5 54
10 24
39 9
13 3
6 4
14 16
11 1
1 30
11 6
22 11
6 19
11 7
11 8
3 3
27 31
16 9
19 40
23 26
2 2
12 1
31 2
3 4
8 11
36 9
28 7
12 9
28 10
12 21
5 16
5 12
9 8
7 1
13 10
13 5
41 53
9 6
16 10
2 12
45 8
9 22
20 1
5 30
5 25
16 2
8 22
13 50
8 16
6 22
24 2
19 14
14 8
9 5
17 6
12 10
9 17
10 31
44 7
1 14
9 9
25 21
15 4
7 9
16 3
2 15
20 13
3 29
2 23
15 13
15 15
2 19
27 28
7 6
10 26
10 29
27 1
6 40
5 18
1 11
29 15
7 23
2 41
14 10
22 7
5 46
2 25
52 1
5 1
8 24
21 32
4 4
4 6
22 18
2 33
9 11
18 2
4 26
1 37
5 8
39 3
2 6
34 12
37 2
7 8
16 48
17 15
19 10
19 13
41 1
10 3
14 20
26 13
1 9
19 32
4 1
9 10
9 13
14 4
34 5
5 3
17 55
5 13
9 16
21 1
8 3
21 3
33 9
21 6
15 10
21 9
5 17
17 29
17 30
19 35
21 23
21 30
9 35
2 8
22 2
41 8
22 5
22 6
3 15
1 17
10 21
39 12
23 2
15 43
14 2
3 1
14 3
33 3
10 25
18 11
1 5
11 19
22 1
2 20
24 9
5 24
19 3
25 6
27 23
4 31
4 5
10 4
15 1
28 5
25 18
38 3
13 6
6 27
52 52
26 6
2 11
26 10
6 14
15 2
9 20
1 31
21 19
2 14
5 21
1 18
14 12
1 6
17 47
21 5
25 11
10 13
8 2
15 8
10 12
29 4
22 3
33 11
29 18
6 30
9 7
11 14
16 6
30 2
18 1
31 3
9 2
19 21
4 8
23 29
13 20
33 5
12 6
16 11
1 36
13 31
10 11
34 11
15 6
23 11
6 39
5 2
21 2
5 9
7 19
4 13
11 17
3 28
17 2
21 14
40 14
2 1
3 2
18 13
41 6
9 14
41 26
1 8
33 26
43 1
5 28
5 14
43 14
24 25
1 24
5 4
55 1
7 38
7 5
48 2
20 2
5 36
21 11
54 8
8 6
55 3
5 20
44 2
20 10
