500 100
29 17
6 7
1 19
1 4
42 17
4 14
24 3
9 3
3 9
1 10
20 25
1 12
1 13
6 53
10 2
1 16
20 6
36 1
12 23
7 30
5 5
2 4
6 11
19 33
37 1
27 24
1 28
1 29
5 15
20 9
48 24
3 1
11 4
1 46
1 52
1 8
12 18
27 3
4 12
6 4
6 27
28 6
5 1
17 7
7 2
1 3
1 5
2 14
14 5
62 3
2 17
4 19
4 6
42 8
21 5
2 24
15 2
13 17
20 35
16 22
2 34
28 7
2 38
22 27
2 44
1 18
2 56
2 6
12 30
11 21
1 39
3 5
13 14
26 5
14 4
19 20
16 3
3 11
3 12
30 12
10 19
31 4
5 32
4 10
22 12
34 27
22 44
10 10
6 9
13 31
5 9
8 5
36 13
8 25
3 35
17 4
3 38
8 14
4 33
12 20
13 3
1 31
13 8
15 18
18 8
12 6
4 9
10 15
3 18
8 23
7 4
1 7
14 48
19 12
31 9
6 30
4 25
18 27
17 16
38 6
4 34
11 15
2 29
39 26
31 8
7 17
1 21
13 6
8 32
29 1
3 31
5 10
4 3
2 16
2 11
2 35
27 7
15 4
2 47
5 22
14 6
16 13
11 2
33 3
8 6
6 2
2 15
4 21
9 25
6 6
14 9
10 18
12 25
29 2
6 12
51 6
18 10
6 16
5 12
10 7
6 20
6 19
21 26
24 7
2 3
6 52
25 26
17 1
5 3
2 9
14 25
31 12
7 6
4 17
23 8
7 9
7 10
9 15
16 1
13 20
7 18
24 24
10 4
2 5
2 23
13 32
30 1
27 47
11 6
6 1
20 18
36 7
3 6
52 6
28 4
19 8
19 10
18 5
24 6
6 18
1 23
8 29
1 9
28 23
14 21
4 16
2 40
10 1
11 18
14 8
19 5
16 7
31 1
8 2
9 12
33 1
9 14
1 40
3 4
9 5
2 13
6 5
19 9
5 37
9 27
64 33
10 5
22 23
12 11
10 8
3 21
18 4
10 14
6 28
4 7
43 3
34 1
5 31
11 1
16 14
11 3
2 22
2 19
9 7
7 3
18 1
37 9
7 15
14 7
14 14
12 1
10 24
8 8
57 14
28 5
12 7
11 5
12 14
16 33
23 6
1 22
25 1
3 8
12 21
8 31
8 18
18 3
3 39
18 11
27 6
25 6
4 2
13 5
5 6
3 24
7 1
1 15
13 10
4 45
13 13
22 1
2 10
3 19
3 34
17 43
66 4
1 11
24 1
22 6
14 1
10 28
14 3
14 2
17 2
8 28
13 9
28 1
13 2
15 8
27 2
14 18
3 10
31 17
7 7
14 36
9 9
23 1
23 7
19 17
3 28
2 28
1 32
15 10
15 14
8 11
12 3
9 1
16 10
16 11
1 2
12 16
6 14
10 6
5 20
30 5
27 15
22 10
16 21
32 14
61 3
13 7
25 35
1 6
3 36
9 6
7 8
5 14
21 2
17 21
2 18
8 7
13 19
3 29
2 7
46 7
21 1
31 7
26 39
38 5
1 20
9 4
12 2
3 13
15 5
19 1
19 2
18 7
6 22
1 14
9 21
21 6
14 17
4 29
17 8
7 35
13 21
19 49
4 4
20 1
31 5
20 5
49 4
3 50
18 2
27 13
16 9
1 24
45 1
11 7
4 15
2 8
24 8
12 46
22 2
18 12
3 15
44 3
15 20
38 1
18 17
26 21
5 4
3 2
2 2
10 12
13 11
19 13
6 3
15 44
21 8
24 18
17 3
5 18
24 16
25 10
13 16
27 18
20 4
7 57
18 9
30 6
26 3
3 20
31 13
1 26
2 33
3 7
5 23
27 4
13 1
14 24
7 29
7 24
42 1
4 1
23 4
1 25
8 12
8 16
23 30
5 7
2 27
1 33
1 1
15 3
9 2
3 17
19 4
29 12
30 4
3 14
12 15
12 17
16 2
30 7
12 22
9 8
9 10
1 17
24 9
7 5
26 6
31 14
45 23
31 44
32 1
11 19
8 1
32 9
15 1
9 13
33 2
4 28
19 52
5 13
28 11
18 26
6 10
3 26
16 20
43 19
38 3
2 1
3 3
5 2
40 14
9 22
42 3
8 10
32 2
11 9
43 4
5 8
6 13
4 11
9 20
46 5
32 3
13 40
5 11
49 11
50 1
17 5
4 5
57 3
12 5
22 17
3 16
7 11
27 9
