500 50
1000002 1000012
1000017 1000007
1000006 1000012
1000008 1000005
1000035 1000007
1000008 1000004
1000015 1000005
1000003 1000033
1000002 1000039
1000001 1000010
1000001 1000011
1000005 1000016
1000028 1000005
1000015 1000007
1000001 1000015
1000010 1000021
1000022 1000004
1000001 1000018
1000029 1000005
1000001 1000020
1000039 1000031
1000009 1000009
1000016 1000019
1000001 1000001
1000013 1000012
1000006 1000026
1000008 1000023
1000025 1000006
1000006 1000017
1000004 1000021
1000001 1000051
1000007 1000016
1000017 1000003
1000007 1000011
1000002 1000001
1000002 1000002
1000021 1000008
1000019 1000030
1000001 1000024
1000023 1000012
1000026 1000014
1000002 1000008
1000008 1000019
1000016 1000005
1000006 1000031
1000008 1000015
1000017 1000011
1000028 1000008
1000011 1000002
1000007 1000027
1000017 1000002
1000007 1000045
1000029 1000019
1000002 1000021
1000017 1000005
1000008 1000041
1000016 1000013
1000009 1000006
1000002 1000028
1000005 1000011
1000019 1000003
1000019 1000006
1000030 1000014
1000012 1000004
1000023 1000004
1000002 1000010
1000036 1000003
1000011 1000013
1000012 1000001
1000001 1000012
1000004 1000001
1000019 1000001
1000017 1000001
1000011 1000003
1000018 1000010
1000014 1000018
1000006 1000002
1000003 1000018
1000015 1000009
1000010 1000008
1000003 1000021
1000006 1000029
1000010 1000017
1000009 1000029
1000021 1000002
1000020 1000001
1000013 1000018
1000016 1000024
1000004 1000008
1000012 1000028
1000023 1000007
1000003 1000013
1000003 1000004
1000022 1000032
1000020 1000017
1000004 1000009
1000004 1000022
1000016 1000009
1000003 1000024
1000004 1000012
1000022 1000006
1000004 1000015
1000004 1000032
1000043 1000003
1000018 1000007
1000004 1000030
1000008 1000007
1000008 1000002
1000015 1000006
1000007 1000013
1000024 1000001
1000001 1000008
1000026 1000012
1000009 1000001
1000015 1000001
1000024 1000011
1000005 1000001
1000005 1000002
1000001 1000002
1000010 1000006
1000014 1000006
1000002 1000026
1000028 1000006
1000015 1000022
1000005 1000009
1000009 1000018
1000002 1000009
1000017 1000006
1000001 1000009
1000004 1000006
1000005 1000031
1000015 1000002
1000007 1000006
1000004 1000024
1000005 1000019
1000005 1000021
1000004 1000004
1000035 1000018
1000028 1000003
1000001 1000019
1000005 1000036
1000002 1000017
1000033 1000005
1000021 1000006
1000006 1000001
1000006 1000003
1000021 1000001
1000041 1000008
1000001 1000021
1000006 1000007
1000031 1000001
1000012 1000007
1000002 1000018
1000004 1000005
1000030 1000007
1000022 1000017
1000006 1000014
1000007 1000001
1000006 1000016
1000005 1000012
1000029 1000002
1000007 1000004
1000016 1000008
1000006 1000039
1000011 1000007
1000001 1000026
1000009 1000015
1000026 1000010
1000024 1000005
1000014 1000007
1000017 1000043
1000005 1000025
1000007 1000017
1000015 1000008
1000004 1000034
1000007 1000005
1000011 1000029
1000015 1000012
1000002 1000035
1000002 1000011
1000001 1000014
1000003 1000019
1000014 1000001
1000004 1000003
1000007 1000003
1000001 1000040
1000003 1000009
1000003 1000011
1000007 1000020
1000016 1000001
1000003 1000014
1000013 1000006
1000005 1000040
1000017 1000021
1000008 1000028
1000035 1000012
1000014 1000008
1000016 1000030
1000008 1000003
1000024 1000003
1000016 1000021
1000025 1000002
1000004 1000016
1000005 1000013
1000009 1000010
1000023 1000001
1000011 1000041
1000044 1000023
1000014 1000002
1000006 1000008
1000029 1000008
1000008 1000017
1000013 1000008
1000023 1000010
1000012 1000011
1000007 1000014
1000005 1000003
1000009 1000022
1000013 1000032
1000008 1000044
1000004 1000031
1000009 1000002
1000009 1000003
1000009 1000004
1000023 1000002
1000005 1000048
1000010 1000032
1000008 1000039
1000002 1000003
1000016 1000014
1000002 1000006
1000017 1000009
1000012 1000020
1000002 1000016
1000001 1000007
1000004 1000011
1000003 1000008
1000009 1000020
1000008 1000016
1000009 1000025
1000003 1000012
1000010 1000001
1000010 1000002
1000003 1000032
1000004 1000007
1000010 1000005
1000013 1000001
1000002 1000004
1000016 1000011
1000010 1000009
1000010 1000010
1000004 1000002
1000010 1000015
1000012 1000014
1000003 1000001
1000020 1000009
1000001 1000027
1000010 1000034
1000005 1000028
1000024 1000009
1000034 1000010
1000004 1000010
1000005 1000018
1000013 1000013
1000005 1000015
1000006 1000024
1000029 1000009
1000021 1000004
1000011 1000012
1000006 1000037
1000011 1000016
1000005 1000014
1000011 1000023
1000008 1000008
1000005 1000010
1000007 1000022
1000008 1000001
1000004 1000025
1000012 1000012
1000017 1000004
1000005 1000034
1000013 1000005
1000012 1000008
1000001 1000003
1000006 1000019
1000008 1000009
1000008 1000006
1000018 1000002
1000004 1000020
1000014 1000011
1000007 1000032
1000009 1000019
1000002 1000007
1000003 1000020
1000030 1000003
1000012 1000022
1000007 1000009
1000016 1000016
1000002 1000020
1000006 1000006
1000027 1000005
1000001 1000028
1000023 1000014
1000024 1000022
1000017 1000016
1000010 1000016
1000031 1000002
1000013 1000022
1000015 1000003
1000006 1000021
1000027 1000008
1000001 1000005
1000014 1000003
1000012 1000002
1000004 1000019
1000008 1000026
1000023 1000011
1000024 1000021
1000001 1000033
1000016 1000020
1000025 1000011
1000001 1000023
1000018 1000004
1000015 1000010
1000001 1000022
1000006 1000005
1000012 1000006
1000030 1000001
1000002 1000005
1000013 1000020
1000003 1000022
1000001 1000041
1000015 1000011
1000030 1000013
1000019 1000010
1000014 1000021
1000032 1000003
1000006 1000013
1000003 1000003
1000016 1000002
1000007 1000002
1000008 1000011
1000042 1000007
1000015 1000025
1000001 1000013
1000018 1000017
1000012 1000003
1000002 1000024
1000024 1000004
1000019 1000004
1000006 1000011
1000018 1000001
1000035 1000002
1000009 1000007
1000003 1000035
1000002 1000014
1000026 1000003
1000012 1000005
1000012 1000016
1000014 1000005
1000002 1000022
1000038 1000001
1000019 1000013
1000011 1000008
1000015 1000018
1000009 1000017
1000007 1000030
1000002 1000023
1000037 1000002
1000001 1000025
1000026 1000005
1000009 1000013
1000006 1000010
1000013 1000011
1000003 1000002
1000005 1000006
1000004 1000026
1000018 1000019
1000011 1000004
1000019 1000002
1000007 1000008
1000004 1000017
1000007 1000007
1000023 1000008
1000019 1000008
1000019 1000009
1000030 1000004
1000007 1000023
1000019 1000015
1000019 1000018
1000019 1000020
1000002 1000015
1000007 1000012
1000034 1000003
1000009 1000014
1000003 1000005
1000015 1000016
1000006 1000033
1000010 1000036
1000016 1000015
1000011 1000001
1000006 1000004
1000005 1000005
1000002 1000013
1000010 1000013
1000023 1000013
1000019 1000007
1000022 1000001
1000022 1000002
1000020 1000004
1000022 1000005
1000004 1000013
1000022 1000008
1000005 1000017
1000003 1000010
1000007 1000015
1000001 1000016
1000009 1000005
1000005 1000007
1000008 1000014
1000003 1000023
1000006 1000018
1000007 1000025
1000001 1000004
1000001 1000006
1000013 1000024
1000020 1000006
1000013 1000004
1000024 1000002
1000027 1000004
1000003 1000006
1000039 1000004
1000024 1000006
1000013 1000003
1000011 1000009
1000021 1000012
1000014 1000009
1000029 1000003
1000010 1000007
1000001 1000034
1000003 1000007
1000025 1000018
1000025 1000021
1000014 1000012
1000012 1000010
1000020 1000007
1000009 1000011
1000033 1000003
1000013 1000017
1000027 1000001
1000020 1000005
1000013 1000009
1000009 1000012
1000013 1000007
1000027 1000014
1000011 1000006
1000002 1000029
1000010 1000003
1000013 1000002
1000010 1000042
1000003 1000016
1000005 1000008
1000022 1000025
1000015 1000014
1000018 1000006
1000001 1000029
1000020 1000012
1000029 1000012
1000016 1000007
1000030 1000002
1000025 1000001
1000011 1000018
1000001 1000017
1000008 1000024
1000028 1000001
1000004 1000018
1000003 1000025
1000031 1000004
1000012 1000015
1000029 1000010
1000007 1000018
1000033 1000009
1000017 1000025
1000014 1000004
1000005 1000004
1000006 1000020
1000030 1000020
1000008 1000012
1000016 1000004
1000017 1000026
1000006 1000015
1000043 1000002
1000020 1000003
1000041 1000005
1000006 1000009
1000023 1000006
1000026 1000008
1000010 1000004
1000008 1000013
1000053 1000002
