500 5
1 7
35 60
29 48
58 55
38 50
73 75
2 48
2 77
36 22
6 26
69 15
9 8
71 40
19 39
33 63
35 73
35 16
12 75
4 52
76 20
38 25
42 85
6 33
11 75
60 40
78 1
60 58
22 73
22 43
13 77
29 74
80 83
73 1
46 3
72 72
5 2
38 62
46 11
8 8
24 26
24 28
8 35
16 25
8 74
50 63
10 81
33 25
62 13
51 35
41 25
79 74
10 76
74 11
25 38
85 29
1 81
58 58
35 48
43 25
11 67
71 41
7 77
33 46
83 23
11 25
7 80
12 27
15 44
4 35
3 26
50 81
52 42
13 19
27 65
46 7
13 54
13 60
49 71
13 82
46 27
39 29
27 31
50 57
14 27
14 28
74 46
40 56
52 53
62 53
65 19
40 20
81 33
46 9
37 56
68 66
63 42
53 42
57 47
15 77
74 84
77 34
84 78
39 31
57 48
59 59
17 10
28 32
47 27
4 83
20 50
18 41
28 25
14 25
58 57
52 72
71 29
36 36
65 54
61 41
82 18
45 26
6 15
40 76
71 11
22 21
63 58
49 73
4 82
49 50
27 25
37 44
23 42
3 46
23 70
14 14
24 14
34 70
35 70
7 14
42 82
29 7
24 84
82 22
25 47
75 83
14 24
23 5
3 24
47 84
41 41
22 13
42 59
81 20
69 55
39 52
72 65
79 4
74 63
11 52
64 71
51 2
28 20
67 38
72 19
7 79
15 41
28 57
15 8
74 39
41 82
49 12
42 55
4 44
45 23
51 33
67 19
72 59
29 75
43 6
31 19
43 51
53 69
73 55
83 21
32 58
72 35
24 17
46 49
84 36
39 73
6 79
33 85
75 45
11 69
16 32
25 72
75 26
26 42
34 47
50 9
82 32
34 79
78 85
21 8
76 48
83 31
35 44
20 81
52 46
77 44
14 47
85 64
4 22
53 51
72 11
81 35
34 17
13 11
41 5
53 45
64 6
43 36
19 22
48 64
59 43
4 58
81 7
58 11
80 41
38 33
47 23
39 63
34 18
32 75
35 35
34 22
5 33
31 63
33 60
81 47
3 60
40 41
11 44
44 60
56 39
76 54
36 51
3 53
71 10
48 37
9 34
24 50
28 70
42 15
13 36
53 22
34 32
37 78
46 81
51 12
85 40
16 39
43 13
65 76
9 56
25 67
35 50
21 80
43 67
18 38
59 15
69 10
31 27
72 32
61 48
78 62
60 39
3 73
13 84
27 32
46 68
15 27
8 23
59 63
63 57
72 63
35 20
26 8
4 54
49 7
48 58
60 48
53 17
75 20
37 77
23 59
55 64
58 72
50 48
28 45
15 61
84 28
21 21
41 49
50 74
33 7
47 8
9 84
6 38
28 53
54 62
9 70
53 54
51 83
55 6
80 31
46 5
34 10
71 66
83 76
11 1
18 67
60 18
42 31
15 54
36 47
22 47
72 22
41 27
47 26
65 23
35 42
54 9
26 81
68 61
26 84
55 2
51 24
67 75
24 6
19 40
37 39
40 82
70 49
18 77
57 20
15 75
63 9
41 84
41 21
28 19
79 56
29 12
14 66
13 49
73 70
59 29
3 14
12 69
80 47
83 81
60 35
38 16
44 36
6 67
24 33
35 51
31 22
61 21
75 2
81 69
73 83
62 1
73 11
55 37
38 79
79 3
29 17
37 66
66 10
53 6
63 80
60 53
64 29
76 41
69 13
26 2
15 67
15 19
37 28
16 83
12 44
67 5
51 45
6 3
17 75
14 80
68 21
68 53
50 23
26 61
12 16
68 73
56 3
63 3
34 35
27 48
53 34
69 23
48 28
1 44
68 65
56 47
70 56
19 35
12 43
37 79
26 62
74 55
75 72
53 13
23 2
52 59
12 5
42 44
21 49
55 16
66 66
72 55
11 26
43 40
37 84
8 24
70 42
70 65
6 39
29 58
56 73
2 18
68 85
11 51
60 45
67 30
28 64
38 74
27 4
8 47
61 32
53 44
74 10
80 5
1 27
75 63
51 14
5 74
84 40
23 3
76 43
82 3
37 10
76 85
42 26
40 27
49 81
69 12
54 73
15 36
53 83
57 58
16 26
12 17
75 37
21 37
26 5
46 73
73 31
54 47
30 20
57 64
63 8
2 4
29 60
10 48
21 33
34 74
70 33
31 72
77 1
72 30
29 71
83 79
49 1
64 84
43 52
70 62
84 41
12 14
9 17
16 40
52 52
