953
20052587812347070 722800521 0
11402711422738912 411023487 0
10970263757260927 395426693 0
13833783237660982 498646752 0
10007248516979521 360715185 0
7519997512579574 271068924 0
20937991339607976 754735653 0
13608789976926942 490538385 0
16279207669629433 586800650 0
16406337450713926 591381566 0
859027780068155 30964282 0
18022733002120030 649646715 0
23165640099187192 835021631 0
4960819451842117 178816375 0
18995704409974739 684705836 0
24492202677109615 882848727 0
14069377722155327 507147674 0
16562342012521350 596999700 0
25668708772291141 925266598 0
8532654266635456 307565857 0
22061374744813560 795210148 0
1516182341033814 54652763 0
17988501709766812 648409065 0
10715840984135107 386257610 0
26398993623162131 951565126 0
20317032340596957 732342719 0
7345132801019916 264757362 0
8084003188315518 291399425 0
15673442715424932 564968675 0
26945454766833930 971281492 0
14537111643952342 524006951 0
21449161530908746 773147740 0
10021018802553839 361214701 0
16837228086852600 606910312 0
15973781270929465 575790112 0
5706463845603694 205695712 0
8065250701241257 290719196 0
9412567847224433 339284967 0
582471469282475 20995530 0
17960553922202642 647407576 0
17613582630760453 634897364 0
1422283177264178 51267991 0
26643491054238135 960376244 0
5732888072080505 206648252 0
19949533807004653 719110413 0
3982794467485223 143564082 0
608704212385351 21941338 0
5811791584952077 209488510 0
19444323543630801 700897644 0
17685512859316617 637500262 0
21503144887844098 775102395 0
8494311878652651 306186044 0
10613873322343147 382583589 0
10307631564285628 371544681 0
16185892747356218 583442865 0
4963509984347370 178914746 0
11911913413939725 429373496 0
2494205826761829 89904625 0
12926443794457728 465942162 0
18455912484704886 665258872 0
7291089683608810 262812954 0
21181892617568776 763518870 0
6760551522285953 243686416 0
10990723575927463 396173383 0
12465866808792277 449338642 0
1479258237481880 53321559 0
655258037726404 23619111 0
7093089181296466 255678710 0
193773110697874 6984779 0
7902763572333991 284865086 0
14948771786801469 538844253 0
4854753414318605 174996435 0
26954264983566460 971574842 0
3310185216751087 119316904 0
3408774846280366 122871009 0
11478732433042718 413757145 0
1785785987983435 64370209 0
23490135534947899 846724113 0
7993398899235194 288131874 0
22139797130153749 798052109 0
977927512556403 35250470 0
1627601914294789 58668283 0
13986636212252682 504165350 0
12494347431115767 450372874 0
9553093256270573 344344280 0
8784318537593003 316637706 0
1339497714524663 48283329 0
17211428902440709 620404009 0
4248441083882188 153136628 0
2911178607166786 104936058 0
675563114629108 24351536 0
6159616079108541 222027082 0
18576232488926987 669601412 0
14749787119659915 531660908 0
23783204433517566 857285256 0
23185869886393603 835764938 0
26244291599886746 946006467 0
9152454835293218 329912849 0
7941078905014518 286240160 0
15364516276386600 553831424 0
11544341289385206 416124717 0
21446110704812217 773046730 0
16672117450058333 600952460 0
3106199553026251 111964826 0
26189954481041607 944038409 0
6459654150241679 232843960 0
9805929024306707 353460434 0
6694215888654249 241298754 0
4757612822167334 171494140 0
5302389659103605 191126879 0
2981650392887435 107476272 0
10466416845419901 377267630 0
22503185845310026 811135756 0
10522075147672766 379279033 0
25502345511418240 919262697 0
24903724011480284 897666927 0
11643209866760540 419690105 0
3901230737218423 140620918 0
8956448048830282 322839544 0
3181063045327423 114662249 0
4464364200096482 160919824 0
19457474553078188 701358084 0
8729163117145685 314651703 0
18680206147330622 673333035 0
11573726979435574 417188938 0
5751805101961781 207330675 0
23489451045673521 846708562 0
21927673209659531 790390250 0
8821864372704336 317990089 0
19429848806749807 700357580 0
15404744829576694 555277030 0
17291776601667735 623296674 0
11999963395797468 432547687 0
20518738817656975 739609664 0
688008748249756 24799712 0
19693800023589836 709868233 0
10450474144557898 376696196 0
19021798596368951 685647345 0
14588969701659457 525871907 0
12393400543114707 446737060 0
16106175100199627 580557413 0
20015653193585149 721470745 0
22107841572101135 796905290 0
18703710147883310 674188962 0
2358897284783708 85028235 0
18396925724900668 663128629 0
553664720296164 19957534 0
16791069652131658 605257065 0
9836455115950638 354562076 0
19186280259563158 691590000 0
11992880112179288 432300180 0
19798023776109095 713631677 0
2969001734857764 107019169 0
6755052100670656 243489112 0
25934700652847755 934852103 0
21684436058779615 781644640 0
2474535061086754 89196187 0
6771357148416402 244075294 0
10348422981177850 373016423 0
23880292617418014 860777119 0
27185730824320506 979931352 0
24502537436261212 883215015 0
14778572621048020 532712651 0
134739360662538 4856795 0
22270566021686105 802766647 0
13099693563060515 472185844 0
27094465291919840 976655859 0
10808116575625075 389589547 0
10479140276523579 377735785 0
6944173168269257 250308450 0
7155633841677479 257933740 0
5983784656254481 215688603 0
2450996914206305 88349788 0
22043211977799127 794568873 0
2656528448676040 95758432 0
4139521076891851 149212915 0
21432854759879273 772556347 0
2533237047843354 91311583 0
8619412075170309 310696508 0
24961754499432656 899771394 0
24766267843485570 892722755 0
8676113658070349 312734460 0
9209204371527268 331958298 0
11374733754353369 410016432 0
3286642599113741 118470714 0
18486133805763076 666350580 0
7466225563264792 269131183 0
13427879388084311 484013833 0
19333815603763593 696895845 0
13343435714004853 480971998 0
19811091188510529 714110971 0
27259378530933306 982604731 0
2606933557557327 93967815 0
6762434017871526 243755851 0
2335221686859313 84173882 0
18814575099131704 678192272 0
21226265692441553 765126605 0
15261140534591352 550108969 0
4638091763999116 167181679 0
22767066442415535 820668090 0
6926994370916493 249690905 0
11429597389174174 411993567 0
21976915781523589 792184010 0
1213932966647815 43757978 0
2992912267305550 107881096 0
13050688975171905 470422719 0
7405627700805434 266946218 0
15755507394408554 567930240 0
13227202236627743 476791283 0
8961481520445601 323025053 0
18646562206847617 672127393 0
13897656759549648 500958922 0
21378964347300898 770612539 0
18848337333681336 679411842 0
23079623026253885 831938718 0
11935202992990702 430212378 0
17670452726848970 636939576 0
27528977589431592 992314801 0
904670856988376 32609112 0
473238427411506 17058162 0
1838583803549980 66273618 0
27458327831058928 989757234 0
943577239062864 34011758 0
1771235667945754 63846041 0
23240487695396789 837714953 0
25858434831069245 932082660 0
11701827971747096 421795440 0
9965934844339749 359236211 0
18814102071134741 678173169 0
24115370499880200 869262046 0
1796689913086894 64762989 0
26958452348461703 971736595 0
20407078045926523 735583740 0
27241500670954055 981934963 0
16029360701115041 577800498 0
24786547810768382 893438277 0
10396651868302147 374752658 0
14411405979806300 519470823 0
11141777331842974 401615024 0
21006934389333582 757216771 0
1212417676186741 43702529 0
6480713895456418 233599710 0
16014312868814693 577255868 0
15228996231488230 548933307 0
11853670980340190 427283044 0
7297675863436191 263051973 0
14206886207116630 512092064 0
24837106932003269 895263163 0
25480314316587064 918448677 0
5002656031510578 180323144 0
16982039598250117 612130518 0
5983982664799977 215696050 0
4857116333632879 175076383 0
5363471904800098 193328172 0
14364491222925959 517772324 0
9866366975812526 355639431 0
7044808894880621 253932178 0
12526129459488008 451508205 0
17172007205084495 618972045 0
9265405023103376 333977648 0
11560729968323485 416718488 0
2234957761029309 80561270 0
12648592618715586 455934408 0
22651367163020805 816482748 0
2442886247698490 88056361 0
26403813887082831 951746378 0
8353571392559389 301109817 0
24256176995188903 874346532 0
15302607523244881 551597223 0
17387354542487228 626734875 0
7123729759389986 256784278 0
25090301338236273 904386507 0
5325957422101324 191980653 0
5659312621654632 203995063 0
25644507084634847 924368728 0
19488214224563611 702471801 0
9685974462322436 349137977 0
2742761748715657 98863986 0
9603329972886440 346155441 0
15742391533221585 567440449 0
27059890334527553 975388282 0
413089261329127 14890018 0
20879756706111793 752637075 0
8122128965753553 292772489 0
25535949537375152 920451484 0
10048477803427505 362209038 0
7392726622933375 266481029 0
23320537987868897 840595349 0
20110270006085969 724893503 0
9886369163901158 356367011 0
20230543183444595 729218132 0
17064559712203129 615100094 0
23745959402517407 855929109 0
21060561908761947 759154637 0
15756804411128268 567975157 0
3647430017036468 131474652 0
10519389093805007 379183600 0
18202754714000494 656129535 0
12935169882316331 466265261 0
17960831301645302 647405359 0
16775849203553977 604699592 0
26692000419348464 962148815 0
20805195172604642 749939144 0
3533138346216072 127353040 0
23144426433853548 834251294 0
11363820322923665 409618925 0
19224947341751819 692971404 0
17340350710542742 625055672 0
27543891530730352 992838411 0
18068487879568661 651304528 0
2204083842144761 79449305 0
20210387433894039 728502362 0
22918132620553718 826105823 0
19008894154745561 685191473 0
16983973714191935 612192215 0
16340211417577957 588993317 0
17660990439379705 636615742 0
25763274154430286 928656902 0
8775256429796215 316312873 0
12250836368582404 441585000 0
24785290545310970 893416883 0
22278123496160200 803038828 0
17075651155096235 615507288 0
16522811025545256 595584538 0
26270795453068770 946955655 0
12060792207731462 434736474 0
23573191620901084 849703975 0
14446107304091557 520724267 0
13493816917887062 486394143 0
17107961761419094 616678391 0
25897454011809043 933508881 0
7467417351165313 269171265 0
3919225648625408 141274284 0
8331455264533062 300310417 0
13505846251554231 486833507 0
22844421098692870 823437846 0
10472524541052263 377494458 0
24454343652275445 881488679 0
22690336299914194 817884404 0
21285370655119171 767250564 0
26769120303696025 964925356 0
7831079189860685 282273951 0
1135490739540982 40929660 0
17854758859465062 643584210 0
16980120580178611 612058236 0
4609191325300683 166144936 0
27118278429904100 977503807 0
15404468552742089 555259800 0
9744423845976592 351251589 0
9970615990616817 359403884 0
389179844350200 14028226 0
23957001573707697 863541693 0
21384394402653849 770828531 0
11137621166625375 401462849 0
22580436220129132 813921749 0
1109298182505656 39986115 0
7506308449345063 270574082 0
13166888922408252 474604592 0
8764170698531309 315907420 0
7048426016419869 254065516 0
20358894573783044 733849747 0
20425870342410383 736259053 0
21757608787340992 784267416 0
26206940422808625 944657883 0
25070491665257913 903692754 0
10342260220771318 372800144 0
24771949477713394 892919128 0
7989133488177737 287977573 0
6217388205431836 224109226 0
13577133257615087 489396500 0
11536056714864577 415823201 0
24887831404446176 897111737 0
17895137128380570 645050764 0
25850837013690235 931812747 0
2072319290908426 74699754 0
13475916130092650 485758141 0
8434869767240200 304044027 0
20970556660226878 755913952 0
16459321174102997 593289207 0
24006371403705790 865326792 0
3933590311676286 141791992 0
17427249181326093 628175766 0
22074322889542957 795683848 0
8525253272228935 307302505 0
19906364842390361 717540336 0
18321027908946035 660408270 0
1557606865265061 56144716 0
19056461065953139 686897812 0
2501204251870366 90156871 0
24769915233958868 892866733 0
24825874244560962 894856988 0
5435409510491105 195920705 0
14337004918485254 516782651 0
24944298288924991 899141056 0
1386726693115122 49985397 0
3111188273884070 112144477 0
17142423746804847 617913696 0
6921658673003634 249498655 0
10871102048446663 391857360 0
21552226480480383 776879234 0
3304620637413875 119119403 0
8298176964333640 299114511 0
3711507852419239 133784208 0
330501293436757 11913283 0
3756793838946661 135415722 0
22603395585763795 814755032 0
1857947862859860 66970964 0
11896232986629846 428811558 0
13528176628357058 487637332 0
2746510005908084 99000089 0
11300463575920501 407336644 0
5581095942992103 201176660 0
23671237175815063 853238270 0
2821677712237665 101711448 0
4584975830364982 165269585 0
17611841440129532 634842276 0
14949464126531401 538862405 0
8725068358578949 314503539 0
25953396162855937 935511717 0
11490724821315992 414188605 0
2058932896183213 74216631 0
11396248762886079 410784581 0
4388175231200001 158177806 0
6144748699023665 221494818 0
1616133518740977 58254854 0
16689574115507730 601582059 0
26422411777068519 952402622 0
14439523839451244 520484057 0
19976729441295286 720089754 0
22430577388096977 808524457 0
2505597419875951 90317454 0
20405348082452190 735528584 0
10027264737896410 361437395 0
19389103066163428 698897467 0
6814339625880769 245630413 0
20810952048951217 750154993 0
17100081742282198 616383854 0
2282131111279680 82260472 0
18371339136315718 662206975 0
15255272151797672 549886083 0
6516301816354089 234886540 0
21513635664098321 775468551 0
24328289520116134 876930048 0
6093785213362434 219655636 0
19348856243132247 697454019 0
9806539567574930 353485182 0
27664247533717277 997198250 0
21815152490114528 786356411 0
21585015768286203 778058586 0
11002294905513209 396585930 0
4587157799037773 165348292 0
21419962676152142 772111889 0
1689687232910173 60906945 0
9660092276017997 348209050 0
6787208733640407 244654758 0
2593270216199533 93476462 0
15593236799733704 562080000 0
6708107475166492 241800781 0
21204641483887618 764351509 0
976568194760415 35201034 0
19476510820538355 702039373 0
24050651897522158 866940316 0
12524024609524728 451440628 0
18082262406702662 651783256 0
16909397254128242 609519681 0
19468496889157610 701757591 0
8061947623672085 290596089 0
360909887202278 13009238 0
24682097601995787 889679393 0
9731491843968659 350784158 0
23052615894551549 830960669 0
5361676363065201 193269053 0
17159696055141549 618544016 0
18402118194094269 663324389 0
23352704057716447 841759124 0
22957072670428544 827496797 0
2280855520447212 82215889 0
13048806416005292 470362925 0
9216465143336599 332210449 0
9133844230760812 329241710 0
20651542156896580 744406081 0
12080695725229847 435452110 0
23785701586312197 857376437 0
27155291428466316 978835236 0
17717971857030191 638653618 0
7565546989293389 272703808 0
18792482510532173 677389533 0
19964747329951856 719640539 0
19100195985108620 688487567 0
18491383375766173 666538889 0
6589748246909954 237530780 0
7909912689739137 285123095 0
24876947312739328 896704906 0
16039974799852410 578173683 0
84544397830558 3047460 0
24109807825217324 869060574 0
17713988391854060 638505438 0
22092995484101667 796373462 0
21331865240792261 768919973 0
421927166408823 15208725 0
12650639413224511 455998993 0
14988065724585489 540260042 0
26577312887314552 958000154 0
6710947510505068 241904059 0
26916729327798208 970242000 0
7638272772130686 275329433 0
21290040475028914 767424706 0
13875914446519178 500165383 0
4159299784439646 149924554 0
6009629437677076 216619704 0
22635436453006827 815909045 0
21942343648515690 790932424 0
1353111661344858 48774544 0
6261382833694848 225694435 0
8204605960389706 295742387 0
10672483647851462 384699597 0
3242158948536364 116866328 0
13667946195248065 492677361 0
8440766400224610 304257688 0
19107163124861964 688724959 0
26164065326000168 943117811 0
2117255559638132 76318306 0
16967444261784907 611607228 0
18726329200268603 674997242 0
13630798003293904 491337136 0
1972983054329188 71117418 0
25189317864816109 907983537 0
13964266782794466 503355357 0
17205824552326178 620201577 0
22013213587556555 793472993 0
8388792478759850 302379818 0
13426187236544610 483952472 0
20851397215715461 751601352 0
2591764177399324 93422281 0
16828030560579881 606574660 0
8401464275323147 302838517 0
26911916014765788 970067072 0
17857997052200181 643716373 0
11596279432436427 418003937 0
5775342870400225 208174115 0
19499912206356367 702885254 0
13774661770117765 496515169 0
16015325029396190 577282388 0
3480303961854177 125451739 0
9987254808429241 359995722 0
4608701736970267 166122085 0
11415588082781377 411483121 0
4836547841016876 174337267 0
24265627609178092 874661235 0
15789251802514226 569143371 0
15926033179580336 574069484 0
12746618967402408 459468064 0
17127804598957814 617391714 0
9690780266159752 349311025 0
15157086711553563 546355863 0
2060504822227594 74271885 0
25979620831122679 936443227 0
15373056125186443 554136356 0
4211468129144039 151804974 0
14503319548622275 522777653 0
17867926163798610 644055971 0
22995013453964831 828881694 0
19001841020121626 684931053 0
26583657234775013 958226611 0
20843028749190724 751292950 0
11322147082682282 408116100 0
18713025567451299 674531961 0
17795726499447684 641465076 0
21576421918714329 777744358 0
26083085786749173 940182035 0
20658953486239171 744681360 0
17451787229554239 629061269 0
20872570254541348 752363947 0
8376493635087491 301936231 0
1244217625878734 44848722 0
8664237144967491 312313982 0
12181579636360787 439090605 0
10228478294428733 368696480 0
20628285096073392 743561724 0
7203311603376986 259651794 0
16654295538887931 600313310 0
8317965715123285 299826772 0
17599849900729391 634393441 0
27555918881495397 993288626 0
21652049046021307 780461676 0
17107114058804789 616646174 0
14313557183503182 515940440 0
24470998518043733 882086672 0
827719641198315 29835539 0
15805421331807692 569718177 0
13409312886862346 483345620 0
22774747864912124 820939066 0
27581913311476045 994228569 0
19813937042321041 714204614 0
20143900624428580 726109585 0
1902467744194065 68576015 0
1247148817157340 44954591 0
2973657821621246 107188916 0
1597891562414036 57598318 0
25473443928057054 918222133 0
15118986613995481 544978903 0
24803092743741592 894054478 0
11328097608186335 408332443 0
7600607286074217 273975105 0
2310116220764255 83268887 0
15127265956232193 545277225 0
12563322514026152 452856072 0
23937414795664197 862831235 0
27317637681188252 984682121 0
27114695313786651 977387615 0
27680426978453370 997775865 0
21509344610917682 775320833 0
23509666980530043 847436153 0
6991883978537074 252028509 0
6275860790120167 226220867 0
518288206167214 18681860 0
19239264070787970 693503888 0
15191834890512837 547607017 0
437650004955303 15775267 0
19721466322603815 710882616 0
25006102769322447 901381980 0
21597134873222830 778484719 0
12897859392753736 464912743 0
15916946924728290 573749587 0
3291762942601386 118653602 0
1479426751624905 53328136 0
3171096535993450 114304548 0
5521311124097140 199018188 0
25358136589739937 914068466 0
23129545574820506 833730669 0
11174546292543675 402789438 0
24716224705342075 890918423 0
10570850665908614 381037394 0
21857069751990993 787867993 0
3752655522245966 135267793 0
4649274085324602 167588378 0
20078073492122932 723735670 0
13031320498783166 469729995 0
332589387187111 11988672 0
8456208478844991 304808614 0
25260062613871049 910532777 0
10435079162101679 376136437 0
7549679933779603 272131328 0
9488721271618969 342033203 0
11429021134076924 411969221 0
7848707605990992 282915821 0
21430798911101156 772495390 0
19556670683566330 704942829 0
10253674719917294 369599526 0
16254626063568782 585919088 0
11854593627347501 427305900 0
19794074107281862 713503678 0
17081280645372881 615710624 0
27037350612851111 974600560 0
15592689877821652 562044150 0
6583138403524618 237298192 0
17443112969220010 628762856 0
16373959167782970 590203983 0
156797264279086 5651988 0
26235136996284754 945664518 0
343244283614301 12372616 0
17602666840592427 634507766 0
15474287636951848 557793418 0
25806155308547078 930197050 0
18119608332671166 653126156 0
7383643389493460 266150248 0
22746958993837640 819932528 0
750606146043430 27056102 0
3281634377542592 118291217 0
11879273859884939 428193521 0
2814096326868163 101436815 0
17897577381430154 645135337 0
24533401889363448 884315435 0
23342918745323859 841411869 0
21810456891275806 786177671 0
18725573697629355 674972104 0
976299752015572 35191499 0
15170406686394945 546821614 0
25832720064577353 931174447 0
20693335436475527 745912523 0
146073072048251 5265368 0
19309111987204398 696015153 0
10478039844345697 377693060 0
17335800488358 624892 0
12831469171512564 462517035 0
24104927473907163 868880397 0
22727919860403318 819234521 0
12495326069796557 450412024 0
3040740089527348 109605795 0
12735804572283701 459068832 0
4583481661772324 165216877 0
16366574028262958 589955902 0
20800084236371493 749744971 0
22903560965135089 825575334 0
4828529024036383 174048824 0
22184851185087915 799660878 0
6396865176118819 230579974 0
17642803862730521 635956332 0
9108150681992215 328316089 0
12097843109987229 436074921 0
22216085946839153 800802974 0
22219266124880705 800919581 0
8150132895593493 293782207 0
10518938261683199 379167526 0
20664854028896544 744885478 0
2155168321638275 77684352 0
24941480156988488 899022099 0
19595361249221266 706337243 0
20084268222807330 723948512 0
1518745312934639 54743901 0
6433580878775839 231907012 0
5166173054803859 186220506 0
21084925925774735 760034967 0
26565172458035389 957564209 0
11695430462374593 421574780 0
22635715281246272 815935381 0
23247864152102108 837981281 0
27500502816993280 991267517 0
6886805834598896 248237006 0
13663716294123401 492514395 0
6739711621551136 242936779 0
20853039527945706 751677957 0
18367256609557242 662060216 0
25434997021413406 916816951 0
1798718561350208 64836218 0
23924053686266590 862363421 0
26714977227600793 962963619 0
458981089778669 16544413 0
5583584345878784 201268391 0
26914960425654984 970163294 0
17205951259872798 620203142 0
2268911616207392 81785300 0
7294071341316373 262920322 0
7334188039068880 264364105 0
22693260109681290 818009518 0
24431628890714734 880649183 0
21144464574560576 762164719 0
16427419070460766 592134670 0
8423568853841110 303636949 0
969769104318404 34956288 0
21126088886818748 761518845 0
15097947928976445 544215823 0
20443045833892659 736892567 0
13031139057875639 469723597 0
19632103539007651 707661828 0
13712968314758735 494300865 0
7540949378561093 271822433 0
14106467189418393 508477701 0
10470214804928838 377413612 0
21135089101978777 761834655 0
19514353676444197 703411985 0
21325349711980986 768700799 0
2047596582293072 73808644 0
22866671434603735 824251358 0
10751110527389753 387529655 0
16368938076363024 590030502 0
6028485683380809 217299577 0
24269368605065181 874808700 0
24800477898534240 893939810 0
5155902555564336 185849259 0
23930313764962047 862593438 0
8963626291810898 323096771 0
11874789814123124 428041777 0
25148285157835932 906499321 0
2043035496121121 73642632 0
9492742717707699 342174158 0
2187612548829696 78854498 0
3882867902471881 139959189 0
19538421069832206 704267339 0
7205287714894153 259719700 0
20401714741129251 735402110 0
11761692754181534 423964021 0
24663104173533590 889014873 0
9788584087741846 352837376 0
2271697617693257 81884110 0
8976988054273362 323582869 0
10624148032577165 382956229 0
4411350140918464 159010650 0
13482723224345917 485997971 0
6496038118592364 234157016 0
2024406485916906 72970987 0
22381290153065444 806744238 0
12538867112763529 451981713 0
1288011266809893 46427662 0
10703472900674350 385820833 0
16452120136392242 593028669 0
13919757578909002 501757267 0
25449294366162717 917355392 0
10157070839886373 366124581 0
3992019265121276 143895101 0
3267562778406800 117781141 0
27563079638391761 993550847 0
27338711485733699 985447887 0
27336160598977655 985364109 0
15947717975620600 574847964 0
4557774883113489 164289064 0
7707680816038793 277829589 0
8548588605344412 308139456 0
16057445841289830 578801655 0
12688926412233038 457390030 0
14748321691215728 531617788 0
26835635392947352 967312289 0
17559565377425172 632957633 0
4205033825366953 151572434 0
6596876201739922 237791719 0
23138385267054643 834042838 0
2866826528307035 103336401 0
16206415515742112 584164963 0
12649428809587389 455966426 0
7563609034006438 272640483 0
1107874655148481 39934894 0
3299790276528593 118944437 0
22939939977761385 826898327 0
15797780662729517 569443940 0
18388098963341553 662818928 0
10147859422455623 365782976 0
17406804044179337 627439952 0
536112377400873 19324833 0
10528105090294433 379493303 0
3649385325051769 131545758 0
16310391085760604 587914648 0
19585549568202682 705979983 0
8767796961042713 316038346 0
10115015528522976 364610322 0
16880951562608251 608485518 0
4134983235940698 149051529 0
7203542373571115 259658879 0
302322089319459 10897633 0
12491843865752033 450271932 0
24794849016310013 893756290 0
401485246529620 14471926 0
12341418001568243 444863117 0
3920228165378772 141310192 0
24900264792129356 897544213 0
24722584485225345 891142769 0
16065179497656002 579083705 0
20252544478706174 730018033 0
23351426320857692 841720111 0
11308036664942740 407605124 0
5436676301864323 195972690 0
14746201289905757 531530520 0
14602241591861538 526358170 0
18063806669921298 651129099 0
10353755017476044 373205218 0
6705728493000336 241714571 0
13688615580976475 493424001 0
19744713015715899 711723162 0
2485491095044808 89591144 0
17128542309671722 617405980 0
217920905843799 7855162 0
21904241673507345 789567795 0
2261246258825586 81507745 0
25412781747439051 916017507 0
9404125231148087 338975602 0
19860468427377083 715887895 0
19794838972678713 713517436 0
5336204184232770 192350864 0
11647607144964476 419850868 0
16484127563352394 594180930 0
20467221293292660 737759717 0
12504328281026828 450725592 0
1278524627980858 46085646 0
11156502254242489 402139642 0
26270960129860315 946969276 0
17148777912392750 618145985 0
10012958534875025 360929364 0
6680445850489689 240805025 0
7090603874470068 255584762 0
12944635698265419 466601702 0
23103032682621722 832778767 0
2095849835110644 75546057 0
1842308656470029 66407178 0
7023694573825591 253171753 0
20377597888970843 734533793 0
9708536124337587 349947152 0
16292463173999508 587273429 0
3725096083372286 134275899 0
2926531268345847 105489044 0
596500765250359 21501312 0
9346682269370037 336904869 0
5504272416284647 198406262 0
23895545957562317 861336059 0
13155033643309487 474182918 0
1063723836723048 38343104 0
8280187683585832 298469936 0
6657593209377904 239979828 0
26532853007741614 956391107 0
285246380810643 10282085 0
1114747731573683 40181501 0
27376281303998234 986815019 0
726032966075812 26170623 0
2728464499099456 98350011 0
27355700494835456 986058107 0
6423358626021683 231537798 0
11115613367530367 400668195 0
10635273223046410 383352002 0
24291435422433304 875610981 0
9504222943308333 342591241 0
13489563116013026 486236849 0
26932753965724088 970821069 0
13682269065267979 493189758 0
11430783714018719 412026221 0
23330169835544299 840946070 0
8817830186100386 317842209 0
15979476382773443 575985056 0
11275645033778157 406446183 0
2426367501750710 87460110 0
490193289705434 17669499 0
27622966059114680 995679209 0
5381843200763266 193993594 0
3488925900886083 125760968 0
24665835082951036 889105635 0
317242448073728 11435292 0
2860974796779544 103127410 0
646503557602610 23303748 0
2449276925825673 88287135 0
12038968568717407 433951125 0
3584051419477459 129190049 0
12631802438009644 455324196 0
6680823359729413 240812714 0
6226314802128982 224429650 0
12862338719952570 463630532 0
1633368314817009 58876604 0
14799628751382424 533460038 0
21033065395321368 758154895 0
19232955055683913 693272329 0
13456953545755503 485061650 0
4366671305696909 157402032 0
25005558062028071 901358807 0
25435349699070975 916836647 0
13908926503925834 501359506 0
4507784782970326 162487845 0
18574850759170157 669548878 0
25878761792143217 932827010 0
23087757992116770 832213618 0
15312767201091624 551967287 0
19546625303104587 704583662 0
12864310029931242 463707727 0
179045111866685 6453934 0
5485698133320323 197737897 0
22633824903063773 815845335 0
26331202215869107 949139534 0
15914705680389013 573663284 0
8439298844400484 304198615 0
23486115369108366 846587889 0
6770322145513058 244043402 0
25059927551494947 903296605 0
8331782753061361 300322585 0
3449671515725366 124345755 0
20740709240594915 747626912 0
14467918101348621 521500240 0
25032940434575211 902323478 0
13754757698966872 495808872 0
739 2
258 3
508 4
873 5
72 6
764 7
674 8
168 9
536 10
159 11
394 12
835 13
622 14
808 15
900 16
764 17
706 18
753 19
879 20
342 21
764 22
133 23
352 24
153 25
23 26
118 27
459 28
764 29
764 30
691 31
54 32
329 33
819 34
558 35
701 36
597 37
35 38
32 39
897 40
632 41
764 42
510 43
81 44
604 45
201 46
603 47
307 48
198 49
639 50
827 51
705 52
839 53
737 54
423 55
52 56
231 57
426 58
354 59
484 60
487 61
95 62
902 63
683 64
591 65
708 66
563 67
764 68
764 69
764 70
891 71
787 72
687 73
873 74
730 75
895 76
766 77
512 78
764 79
409 80
771 81
301 82
764 83
185 84
219 85
343 86
444 87
261 88
138 89
415 90
764 91
152 92
100 93
719 94
534 95
243 96
764 97
55 98
387 99
335 100
61 101
52 102
199 103
220 104
776 105
306 106
573 107
139 108
764 109
720 110
515 111
281 112
89 113
529 114
764 115
119 116
913 117
136 118
275 119
1 120
844 121
825 122
592 123
497 124
764 125
764 126
764 127
482 128
723 129
952 130
82 131
517 132
627 133
834 134
256 135
293 136
87 137
193 138
925 139
764 140
859 141
219 142
764 143
14 144
26 145
781 146
764 147
713 148
360 149
865 150
811 151
395 152
75 153
250 154
906 155
764 156
135 157
769 158
277 159
99 160
758 161
108 162
764 163
731 164
40 165
791 166
764 167
502 168
455 169
566 170
764 171
237 172
663 173
750 174
204 175
695 176
249 177
854 178
923 179
319 180
340 181
305 182
950 183
764 184
662 185
528 186
192 187
355 188
43 189
417 190
568 191
657 192
358 193
587 194
909 195
858 196
764 197
472 198
63 199
764 200
843 201
764 202
764 203
654 204
233 205
918 206
788 207
381 208
764 209
910 210
370 211
764 212
524 213
764 214
624 215
437 216
130 217
764 218
665 219
651 220
56 221
266 222
755 223
80 224
724 225
922 226
707 227
939 228
180 229
551 230
623 231
360 232
65 233
664 234
539 235
244 236
67 237
402 238
881 239
481 240
838 241
138 242
764 243
158 244
621 245
328 246
678 247
642 248
720 249
556 250
733 251
166 252
816 253
902 254
951 255
526 256
693 257
482 258
278 259
361 260
886 261
779 262
764 263
585 264
569 265
86 266
430 267
30 268
313 269
188 270
764 271
293 272
513 273
90 274
486 275
47 276
660 277
121 278
254 279
334 280
542 281
233 282
764 283
764 284
258 285
368 286
98 287
693 288
496 289
764 290
58 291
676 292
841 293
764 294
764 295
419 296
64 297
493 298
764 299
280 300
60 301
764 302
689 303
687 304
734 305
931 306
177 307
764 308
790 309
824 310
749 311
289 312
78 313
727 314
693 315
157 316
669 317
303 318
601 319
120 320
764 321
150 322
515 323
764 324
78 325
718 326
193 327
933 328
564 329
519 330
400 331
661 332
753 333
320 334
84 335
589 336
764 337
764 338
924 339
274 340
764 341
896 342
503 343
485 344
721 345
462 346
682 347
213 348
390 349
200 350
533 351
804 352
764 353
609 354
461 355
764 356
764 357
320 358
863 359
770 360
59 361
948 362
260 363
771 364
322 365
764 366
134 367
648 368
868 369
141 370
282 371
764 372
454 373
450 374
599 375
692 376
815 377
688 378
503 379
360 380
783 381
499 382
817 383
618 384
101 385
215 386
852 387
673 388
63 389
610 390
808 391
841 392
254 393
862 394
104 395
887 396
751 397
578 398
428 399
832 400
764 401
797 402
725 403
661 404
234 405
531 406
260 407
740 408
912 409
101 410
229 411
165 412
128 413
729 414
37 415
764 416
226 417
822 418
777 419
292 420
286 421
39 422
527 423
764 424
776 425
334 426
158 427
697 428
828 429
316 430
928 431
77 432
514 433
645 434
525 435
421 436
935 437
947 438
370 439
267 440
606 441
270 442
406 443
131 444
764 445
614 446
624 447
764 448
764 449
590 450
117 451
656 452
764 453
618 454
722 455
403 456
593 457
80 458
498 459
211 460
189 461
792 462
754 463
849 464
764 465
494 466
642 467
437 468
76 469
764 470
764 471
235 472
764 473
602 474
589 475
619 476
46 477
429 478
863 479
453 480
680 481
678 482
726 483
132 484
685 485
944 486
241 487
649 488
474 489
767 490
160 491
764 492
839 493
758 494
700 495
176 496
272 497
571 498
92 499
806 500
485 501
411 502
456 503
764 504
946 505
191 506
764 507
194 508
781 509
903 510
848 511
312 512
764 513
438 514
41 515
653 516
314 517
764 518
764 519
560 520
764 521
446 522
10 523
21 524
44 525
856 526
741 527
269 528
506 529
951 530
122 531
643 532
625 533
170 534
225 535
860 536
229 537
376 538
155 539
608 540
369 541
469 542
146 543
764 544
563 545
707 546
575 547
915 548
759 549
764 550
831 551
764 552
646 553
33 554
764 555
710 556
565 557
210 558
298 559
280 560
279 561
373 562
738 563
674 564
136 565
425 566
662 567
221 568
114 569
59 570
833 571
260 572
4 573
211 574
57 575
764 576
736 577
365 578
144 579
764 580
234 581
790 582
889 583
764 584
872 585
764 586
345 587
764 588
433 589
837 590
717 591
9 592
800 593
252 594
681 595
566 596
836 597
562 598
169 599
764 600
246 601
412 602
186 603
245 604
719 605
801 606
882 607
315 608
511 609
840 610
764 611
930 612
764 613
162 614
764 615
759 616
764 617
636 618
560 619
335 620
659 621
756 622
748 623
208 624
706 625
187 626
374 627
577 628
400 629
84 630
707 631
796 632
934 633
148 634
607 635
179 636
505 637
764 638
826 639
917 640
785 641
889 642
899 643
764 644
106 645
297 646
265 647
31 648
369 649
764 650
422 651
764 652
850 653
599 654
413 655
331 656
333 657
497 658
173 659
547 660
36 661
16 662
50 663
871 664
120 665
760 666
548 667
468 668
310 669
927 670
822 671
728 672
327 673
907 674
111 675
336 676
86 677
392 678
366 679
123 680
712 681
516 682
745 683
764 684
371 685
733 686
257 687
346 688
251 689
501 690
66 691
49 692
665 693
748 694
523 695
327 696
385 697
764 698
809 699
383 700
377 701
764 702
504 703
764 704
784 705
382 706
769 707
874 708
396 709
24 710
764 711
2 712
735 713
137 714
858 715
634 716
172 717
670 718
808 719
362 720
367 721
414 722
495 723
116 724
795 725
432 726
296 727
394 728
378 729
491 730
714 731
633 732
911 733
464 734
452 735
182 736
190 737
25 738
196 739
845 740
716 741
129 742
681 743
764 744
598 745
764 746
764 747
380 748
699 749
822 750
483 751
764 752
604 753
174 754
396 755
786 756
589 757
222 758
272 759
892 760
71 761
315 762
764 763
553 764
443 765
239 766
451 767
565 768
392 769
554 770
489 771
764 772
764 773
466 774
816 775
206 776
62 777
758 778
908 779
681 780
559 781
292 782
175 783
820 784
764 785
11 786
311 787
457 788
764 789
742 790
488 791
317 792
397 793
764 794
399 795
434 796
667 797
460 798
582 799
538 800
262 801
238 802
764 803
420 804
884 805
164 806
594 807
219 808
151 809
764 810
207 811
761 812
764 813
776 814
398 815
142 816
668 817
764 818
579 819
51 820
300 821
672 822
762 823
478 824
799 825
386 826
408 827
28 828
118 829
88 830
754 831
950 832
349 833
594 834
765 835
635 836
20 837
612 838
351 839
228 840
1 841
800 842
637 843
348 844
276 845
764 846
764 847
460 848
130 849
666 850
764 851
339 852
640 853
532 854
522 855
264 856
55 857
943 858
267 859
181 860
791 861
38 862
257 863
764 864
926 865
764 866
764 867
581 868
35 869
30 870
223 871
543 872
426 873
620 874
549 875
907 876
764 877
251 878
883 879
58 880
522 881
793 882
34 883
435 884
764 885
240 886
853 887
764 888
142 889
421 890
732 891
490 892
758 893
764 894
690 895
128 896
940 897
764 898
259 899
805 900
415 901
358 902
326 903
389 904
608 905
287 906
13 907
230 908
391 909
347 910
145 911
647 912
675 913
764 914
466 915
764 916
112 917
802 918
162 919
391 920
762 921
107 922
780 923
535 924
500 925
938 926
48 927
764 928
764 929
318 930
726 931
458 932
441 933
88 934
572 935
764 936
764 937
761 938
6 939
477 940
300 941
764 942
404 943
154 944
764 945
932 946
628 947
178 948
723 949
890 950
678 951
442 952
832 953
