5 9
28 29 1 1
01000000000001000000000000100
00001000010000000000010000001
00000000000000000000000000001
00000100000000100001100100100
00001110100010100011000000000
00000000000000010000100010010
00001000000000000000000000000
00000000000000000010000000000
01000000000010000001001000010
00001000000010100100000100000
01001000011000000000100010000
00000001000000000000000000000
00000010000000000000011000000
00000000000000001000000000000
00001001000000010000000000001
00000010000000000000000000010
00000100010100000000100000001
00000000000000000000100000000
01010000000101000000000000000
01000000000000000010000000100
00010000000001100010010000000
00000000000000000010000011000
00000000000100010000000001000
10000000000000000000000000000
00001000000000001000001000000
00000100000000000000000000000
00001000001100100000000000100
00001010000010100000100001010
30 27 1 1
000001110001001000000101000
000000000000110100100000001
000100010000101000100000010
110000000001001000000000000
000000100000000000000110010
010101001000100001100001010
110000100000101000010001000
101000100100010010000001100
001100000001010000000010000
000000110000000000101100000
010000110001000000010000011
000100001010000011101111000
000000000000000000000010000
000010000000000100110100000
110100100000100100100000000
000000010000011001010001100
000100001000000000010000000
100001000000100000000000000
100010000000101011001000000
000010000000001101010001001
010000001000010000000010000
000100000000010000100000001
000100001101000000000110100
000000000010110010001000100
000000000000000010100000000
001001010000100010011000110
000001000001001010000011000
000010110000000001100000010
000010100000000000000000000
000010100010000001000011011
29 29 1 1
00001000101110101001101100101
00010000001010100011000100100
01110000100001010000100000001
00000011011000000000110010000
01001000111011000001000000001
01100001000100101000000101000
01000100000000011010010101100
00010100110001000000100000110
00010001100000000011001100100
11000000110100100101000101001
10010101010010100000000100000
01000011111000000101011000110
01000100100000000010010100110
10001000100110001110100010000
00010100000000000001000010101
10100010010010000000011000000
10100100010000001000010001000
01101100010000011000101000000
10001010001010100010001100001
00101000000100000000000000000
11010001101000110000000111011
00101000001011000000000001100
10100100011000100000000000111
00001000000100000000101101010
00101001101000110100001001000
10001010000010100001001010100
10001010111000001000100000000
00100101101010001010000011101
00001001000000010100100111001
28 28 1 1
0011010111010011000000000110
1100100010000111100111110001
0010010001011101100010010100
0001000110000001110101010011
0001100010010011011000111010
0001010101010111010111000101
1010110001101011010000011111
0100011001100000010100000100
0100000001100010001100001010
1111000000100011101001101110
1110110101101000110101000100
0010011100011000110001000000
0000000111001001000100011111
0011100000000111110010000000
0010110000000000100000101100
1110000101011001011000011110
1000110100010011110011000001
0110010011011011000100010110
1001100000111001001001000110
0011110001010100111111001000
1000000010001100011101000010
0010001000000100101100100010
0111010100010010110110101011
0100000011000000101001101100
0100001000101101000000000101
0101101000111110011000000100
0010110010011000000110110111
0100110000100011000101000100
27 30 1 1
111100001010001000001100100111
100000111110101100001111010011
110010110111011011111000011100
100011001110110100001100101000
011011010000111001111101000111
110100000011011100111010110000
000000011011011100011000011100
100010001100100110100000001001
111011000100011101001111111000
011100001100000000111000011101
011101001101101010011110000011
100100100010100111011111001101
100110100010011000001100010110
001000010010100011011111001101
111010011010010000110000001100
001100010011101101001100010010
011011100111110010110101001001
000100010111001010110101010100
101000000101010101101011111111
110110101100101011100001111011
010101000101111101000110011111
111010001000011101001011000000
000100000100100010010001010000
100101100010011000101001011011
100001001100100010110001001000
010111011100101001101010100111
011000101100110100110001011001
