5 11
95 90 1 1
001100000100000011000000000000000100000000000001000000000000000100000010000000000000000000
000000000000000000000000000000100000000000000000000100000000000000000000100000000010000000
000000000100000000011000000010001000000000000000000001100000010000000000100001000010000000
000000000000000000000000000000000000000000000100010000100000100000001000100000000001010000
001000001010000000000000001000000000000011000000010000010010000000011101010010000010000000
000001000000000000000000010000000000000000011000000000001000000000000000000000000010000000
001000000000000000000000000000000000000010000010000000000100000000100000000100100000000000
001000000000000100000001000000000010000000000000001010000001000001000000000000000000100110
001000000010000111000000000000000000100000000000000000000000000001000001010000001000000000
000000001110000000000000000000000000000000000000000000101000100001000000100010000000000001
000000000000000000000000000001100000001000000001000100000001000000000100000001000000000001
000000001000000000001000000000000000000000000000110000010000100000000000000000000000000000
000000000000000000010000000000000000000000000000000000000100000000110110000001001100100000
000000000000010000010001000000101000000000010010000100000000001000000010110000000010000000
001000000000000100000011010000000000110000100000000000000000010000000001000000000000000000
001000010000100000011000000010000000001000000000000100000000000000001000000000000000000000
000000000000100000000000000000000011000000010001000000000110010000000001000000000000100000
000001000100000000010100010000000000001001000000000000001000100000000010000000000000000110
000100000000000000010100100000010000000100000000000000000010100000000000000001000000000000
000101000000100000000000000000000000011000000000010000010000000000000001010000000000000000
000000000000000000000000000101000000000000010000000100110000000100000000000000000000010000
000000000000000000010000000000100000000000000010000100000000000000110000000000010000000000
000000101000000010000000010000010000000000000000010000000000000000101000000000000000000000
000000000010001000010000000000000000100001000000000000000000000101000000001000000000000000
000000100010000010000000000000000000000000100000001000010100000000001100000000000010010000
000101010000001000000000000000001100000000001000000001001000000000000000000000000000000000
001001000000000000000000010000000000000110011000010000010000010000100110010000100000000000
000101100000000000000111000000000101000000000000000000000010001010001000000000000001000000
001000000000000000010000000001000001100000000000000000001000000000000000000000001000000000
000000000001000100010100000000100000100001100000000000000100000010000000000000000000100000
000001001000000000010000000010000101010000001100000100000000000000000000000000000000001000
000000000000000100000000000000000001000000000100000010000100000000000001001000000000000000
001001000000000100000000001000000000100010000001010100010000001000000000000000000000000000
100000000100010000001010000000000000000001000000000000000000100000000001100000100000000000
000000000000000010001000000000000000000000000000000000000000010011000000000000000000000000
000001000000010000001000000000000100000000000000001000000000100000000000001000000000000000
000010000000000000000000000000000100001000100100000100000000000000000000000000000000000100
000001000010000000000100000000101000100000000000000000010000000000000000001000000000000100
000100100000000000100000110000000000000000000001001100000000000000000000100010100000000000
000000000000000000011000000000000000111000000000000000000001010001000000000000000000000000
000001001000000011000000000000000000000000000000000000001010000000000000000000000100000000
000001000010100000000110000000110000000000110000100000000000000000000000000000100000000000
001000000000001100000000000000000000001000000000110101000000000000010000000000000000000000
000000000000000000100110000000000000000000100000001100000000000000000000000000000000000000
010000000010010000000001000100000000000000000000101010100000000000000001000000000000000010
001000001000000000000000101000000000001000000000000000000010000000000000000000000000000100
000000000000000101000000100000000000000000000000000001000000011000001000000000010000000000
000000000100000000001000010000000001000000000000000000000000000000100000100000000000000000
000000000001000000000000000000000010110100101001000000000000001000001000000000000000000000
000000010000000000100000000000001000000100000001000000011001001000100000001000000000100000
000000000000100001000000010000000000001000000010000000000000010100000000000000000000000100
000000000000000000000000000000110001001000010000100000000000000000000000000000000001010000
000000000000000000000000000010000000000000000000001000001000100000000100000000001000000001
000100001001000000000000000000000000000000001000100100000000001001000000000010000000001000
000000000000000000100000000000001100000000000001000000010000010100000001000000000000000000
000001010000001000000000000000000000000000000000000000000000000000000000010000000000000000
000000000000000000000000000000000000000000000100000010101000101000000000000000010001000011
000000010010100001000000001000110000000000000000101110010000000001000000001001000000000000
000000000000000001000000000000000100001000000000001000100000100000100000011000011000000000
010000000000000000000001000000100000100001000000000000100000000000100000010000101000000000
000000000000001000000000100000000000000000010000000000000000001000010000011000000000010010
000000000000100000001000000000100000000000000000100000000100000000100100000010000000000000
000000000110000000010000101000100000000000010000000100000000000000000000001001000000100000
000000000000010000000001000000100000000100001010000000001001110000010000000000000000001100
001000000101100000100000000000100000000000000000000001000000000000000000100000100000001000
000001000000001000000010000000000000000000100000000100010000001000000000000000010000000000
000000000001000000000011100001010000000000000000101000010000011100000000001100010000000100
000000000010000000100010100000001000000000000000000000000000100000000001000000010000000000
010100000000000010000100001000000000000000010000000000000000001000000000000010000011000000
000000000100000010000000000000000000000100000010000000000010000110000000010000000000000000
000110000000000000000000000000001000100000000000000010000010010000000001000000000001100000
000000000100000000000001000000000000010000000000000000000000000000000000000000000000000000
000000001000000000000000000000000000000000000000000000000000000000101000000000000000000011
000100000000000001000010000000000000000000001100000000001000000000000000000000000100000100
001000000000101000010101000100000000001000110000000000110010000000000000000000000000101000
000000000001010000000000000001000001000000000000001001000000000000000000000000000010000000
000000000000001000001000000000000000010010000000000100101000001001000001000100000001010000
000000000000110000000000001000100000000000000000000000000000001000000000000000010000000000
010000001000000000000000000000000000000000000000000000000000100100000000010000000000000000
010000000000100000000000010000100100001001000000010000010010000100000000000000000100000000
000000100100000000000000010000100001000000000000000000000000000000000000000000011001000010
000010001000000000100000010000000001000000000000000000000010000000000000000000000101011000
000000000000000010000010001000100000000001000000000001000000000011010000000000100001000000
000100000010100000010000000000101000000000000000100000000000000100000100000000000000100000
000010000000000000000000100010000000001010100000000100000000010000000000000001000000000001
100010000000000000100000000000000000000000001100000000000001000000000000000001000000000010
000000000010000001000001000000000000100111000000000000000000000001000000100000000000100000
000001000001000010000000000100000000000100000100011000000000000001000000000010000011000000
000000000010000100000000100000000100000001000000000000000000000000000100000000000001010000
101000001000000001001000000000001000000000000000010000000000000001000001100000000000000100
000100000010000000000000011000110000000000010000000000000000000000000000000001000100000000
000010000000001100000001100000010000000000001001000000000000000000000010000000000000000010
000000000000000000000000000010000010001000011000000001000000000000000100000000010000000000
000000100000000000000000110000010000001000000000000010010001000010000010100000000000000000
010000000000000000000000100000100010011000000000000000000000001000100000000000001000000010
97 95 1 1
00010000000001010010100000001000000100010010000101000001000101000000000000000001000011000100100
00000000000101000000001000010001010000000100101000001000000101000000000100000100100000001100001
00000100000000100101001000000001000110000010000001101000001000010000100000100001100000000000000
00000000111000001100000001101000100000000000000000000000000110010000000000000000110000001000000
00000010100000011000001110000000000010100000101100000001000000000000000110000110001101000000001
00000000000000000001000000000110000001000100001110000000001000001000010100000100001000100001001
00000000000000000100100001011000001100001001010000010010011000000000000000101100100000001001000
00000010100000000001001000010000110000010101000000000101000000011000000001000010000010010001100
00000000100110000000000000000001001000000000000110000110000000000000001110000000000001000001000
00000000000000000001010000001000110001000001000000000000010000101000000100000000100001000001011
00000010000000000000100001010000010000000010000001100000000001000000000001100000000010000000010
00001001010000000010011000010100000000010101000000000010000001000011000001010000000100001001000
00000000110000010000010000000001000001001001000000000010000000001001000000000000000000000010001
00000100001100100000000100111100101000000000000000000101001010011000000010000000000000000100001
01000001000010000000100000110000101000100101000010000000010100110000001000000000010000000000010
00000000000110000000000000000000001000001000000100000000110010000100010000000010000010010100000
10000000001000001110000000001101100000000000010111000101100100000010001100000000010010100000100
00001001010111110110000000011000110000000010000010010000000100000100000001000001000011010111100
00000000001010000100000000110100001000000000100010010000000010110000100000100000001000000100000
01011000010000101010100100100000000000010001000000000000010100001111000000010100000100100000010
00001011000110000100010000101001000000001100000000000000100100101000001010000000000101000000001
10100000100000000000011000001100000000010000011001000010000010001000000011101100100010001000000
00000001010000000000100000001100000000010000000010000010000000010000100000000011000010100100011
00000001000000000000010011001000000000100100010000000000000000010010000000000001001010100101101
00010000101010000000000000000000000110000000000100000010000000010100000000000001000001000000100
00010101100000000000001010000000000010000001100000010000000100000010110101001000100000010000000
00000000001000000000100010010100000000001000000000000001111010010000000010000100000010000010000
00000000000110000000000000000000000000000010000100000100000001001000001000000100010000000000010
01000000000000000010100000000010000000000000011011000100000000000000000000000000010000100010001
10000100001010000000000001000100100100110010000101000100001000000011000000011000000000000100000
01000110001100000000100001000110000000000001110100000000001001000001000000100100000011000000000
00100001000001000001000000110100010000000000000000100010011110000001000010000000000000010000101
00101000001000010000000000000000000000011000101100000001000000000000000000000100101100001000000
00000101000000100011011000000100000000000000100000000000000010010000100000100000001101010000000
00001010010000011000100100000000000000011000000000100011010010001101000010010100000010000100000
00110000010000000100010001010110000001000000000000000100101101000000001000010000010001010000000
11000001000000100100101001001001000000000000010000010000000000000010110000000101001000101001110
00000001000001010100000001010000110010001001000000000000000110110000000001101100000000000000000
00000001110010000000000101100000100000100000000100100000010001010000001010000100000100000001100
10010011000100100000000001010000000000000001010001010000000000000100000000011100000011000000000
00100110001000101100000001000001100001010110100000000010000000100000000000000001000001110010001
00000000000000001000100000000011000010100000010100011001000100110001000000011000010010000100000
00010000000000000000000000000010100000010010000010000000000001011001000000000010000100101010000
10000010001110000101000000000010000101000000011000100000000000001000000100000000110000010100101
00001000001010001010000000000000010011001100100000000100001100100000010001001010010010000000000
00000010100000010001100001001100001000010101100000000100010000000000000000100111010000100000000
00000010100100101000010000000000010000100001100010110000000001010000010000100000110000010010010
00100001000010000100100010000001000100001001100000110001000101001000100001010100010000000000011
00001000000101111000100000000000101000001000000100000000011000001001000010000000100000001001010
01000000000000000110110100000101001000000000000010010000001000110100000000111000110000001000000
00010001100100000000000000100000000000000101011110100000000000000000010010000000000000001100100
11001000000000000000000000000000000000000010010001000000001010001010000010011000000001000010001
00000000000101000011011000000000010000110110000110000010100000000101000001001000010000000100100
11000101001000000111001000011000001010100000100000001010000000000010010001000000001011110000000
00100000010010000010000100000010001000001001000001010010000011001000000011000001001000011100000
00001000001010001000001000000100000000000001000000000000000011000100010000110000000000011010000
11010011000001100100000000000000000010000010010001100101000100000010010000000010100000010000000
00011001000000100000000000000000000010010000100000001100010010100000000010000100000110001000000
00001000000010010000100000010000010000000010000010110001001001000000100101110100000000000101000
00011000000001000011000000000001000000000101010100100010000000001100100000000000001100000000000
00010000101010010000001100000001010010000000011000000000000000100000000001001001000000000000000
00000101000011110010000000000000011100001000100000100000001000000100001010100000000000011100111
10000000100000000001010000110010100000100101000001001001000000000000000000001100100111000000010
01100000000001011001000000000110000010000000010001010000100100000001000000000110010000110100100
00101110101100000000000001000010010000010000010000000000000000000100000010101010000011001100010
01010000000100000000000010100010010000001001001100011011100011010000011110000001001000000000100
00011000010010011010000000000000000101000000000000100000001101010001000000000000000000010000011
10100010000000010000000000000000010000010101010000000000000110001010001100001100000100111000010
00010000000001010000110100000100000000010010110010010010000000000100000010001100000010110001000
00010000000010000110010011000000010101100100010000001001110100001010001100000000000001010000010
00000000001000000000001000100001010100100100001100000000100010100000001000000001001000100000000
01001010000000011000000010100100000000001010001000000000010001011010001010000000000000000000000
00000000000000000000100000000010000001000010010000000000100010000000101000000000000001000001101
00010000001000000000010010100000000000000000000001101000000100001000000000010010001000100110000
01000000000000001001000000100100000000010100000000000001000001000000001001000000010000010000000
00001100010000000000011000000000000010000100000000001000000100001000000100001100000001000010000
00000010000000000000010001100000000000011001000000000100110001010000000000000000000000000111000
10010000010100001100000100000100000000010010000010000000100000000000010101000100010100010000000
00110000001000000000001000000000000101010010000010001000000000010010000101001001000100000000001
00000100100110100100001000000000010011101000001010010000100001010010000101100101010001110000001
00101111001000000000010000000000000000000100100000010001000000001001000100100000100000001000100
00000000010001000000000010000100011001000000010000000000110000000011001100000001110000000000000
00010000000101000010100000100000010000100001001000000010001000000001100000001000001001001010000
00010100100110000100000000000000010000000100001100100000000100011010101000010000100100000001000
00010000001000000100010000000001000010010000100011000001000001000010111000000000000001101101110
00010101010000000001000001000001000010000100001001000000100010001001100000101101000000100000000
00000010100010000000000100000000010001000000010000010001010000000000000000010000000000100101000
00000010000001000000000000001000000001000000000011000011010101000100000110000011010000001000000
00000100110100000011000000000011000000000100111100000000000000010000010000100000100010000011100
00101000010100000100000100111110010000100001001100000000000001010001001011000100101100001110001
10001000010011001100010000010000000000001010001100001000000010000000100100010000101010000001011
10000011001010100000000000000000010111000000000000000011011000011000000000001000011100000101000
10000001000000000000000001000000000000000000100000000100000101001000000010000101100000000000011
10001010101001000000000000001000001000100010000101000011100000000000101100000000000000010010000
00000000000000000000011000001100000000000000100000000000001011100000100000100000100000000100001
00010110000000000000000010010000100101001000001100000000110100100000000000000000010000001010101
10110001000000000100000001000001000000001000000110000000000011100000000000110000000100000010000
97 91 1 1
1010010010001000000100000000100010100001000100001010010000000111011101000100000000000000100
0101100000100000001001010000101011000000000011011000101110101000101100010010011011110000000
0000011000010100101100000111011100001010010000011100001001010111000010001010000000011010000
0100010000111110010001110000100001001100000100000101001000101010001000000010001110101000011
1001110100000010000011010011000111000010100000110000100000101000100000110111000000011000010
1100000000000110010000001010100001100001101010000011001000000110110000001100001100000110010
0101100100011100111010011101000100111000000010111011101000101000010000001100100110100011000
0001000010100011000001000000000000000100010001000110010000100000100001011100010101001011100
0110010010000011001101101100010001101000110001100011100100100000001100010001101010010100001
0011001000100100001001000101101100001011010000101000110000000011010101100100011010000011000
0000100000110001010000001111100000000111000001001000101101000110001000001001101100010101001
1000000011000001000010010010000001010001110110011000010110010001000010100000000001101000000
0100010000000100001000110000010001000110001000000000000011010010010010001000000100001000101
0001110010110111000000010100001000110000011001101101000010000010000000010010010000100101000
0110000000000100010000000100000010001000100010000001001000110010100010000010110000010000000
1101000000100001111001000000011000001000001101100000010001000000000010001000111000010010000
1101000000011000100010001101000010110000011001000000010100010000011011000001001111010111110
0101010000001111000010001100011100000011100001001010000001000001000110101100010000001110011
0100000000100111000110001010000000000110010001000010000000010010011000000001101001001001000
0000000000001010000111000011010100000100100000000110001011001010000100000000000100000000010
0101100100001110000000001100000001001000001000000010110010010110000010100000000010100110100
0000100111001111011100000000101011000110010010011000001100000010100001000001100000011101100
1011011000010001000000110010010100010000000001001011110000001000001001101110000100000000000
0001010000111000010110101000101000001000010100000010000100010011100001001011100100000011000
0100000000100000100100100000110000111010001010100101000110000100000110010100010001001000001
1010010000000100000000101000100000001000000001000010001110000100010010000101001100100011001
0000000000100010010000000000001001110110111011000001001011000000001100000100000001011010000
0110010000000000000000000011001001011000100100010000001000001110000000110001011000010110110
0000011000001000000000001000000100001000010100010110010101100100100100011000000001001111000
0000010010000000100010100110000111001101001000010000010000011010001000100000000010000100101
1100100001001001011011000010100000000000000000100111000000000000010001100000000100111100100
0000000100100001100010101100011001100010001100000100100100000001100101011000001000100001010
0010000011001100010001111000010101100010110000100110000010000001000000111100010100100010100
0100100000000001100001110110011100110101100010100001010111110010001000111010001000111010000
1100001001001000100111000000101101111000010011010001000011010011001010000100010000001000010
1011000000000000111100001000001100000000010010100111010001000110101001100001101100011010000
1011100000110001100000100000001000100000001011011000010000001110010001000001010000100000001
0101010000000000010000110000001110001000000000001000100000000011010001110001110010011111010
0000001001100011000111000011001001000000100000000010000110000011010000011011000000100000101
0000100110110011000001100100011000000000100101010000001001000001001000010000010000110000000
1100110001000000001000000001000000000001000100100001000000000011010000001000101000100000000
0011000011110101000001100000010010101000001100011000000101000010000000110010100101010001101
1111000010010100011000011001100000001000000000110000000000100010100011000000000000010001000
1000000001010110000000010010000010000010000110010000001011000001000001000100001000000100001
0100001011001000110100100001010010010000100100000000001101010000010001010000001000001001000
0101111001010000100101000000001101000010000001000111110000010000000101001000000001000000010
0000000110000000001010001111000000100000010001010001000101110010001110000000000100101000001
1110000101001001000111000010010010001101100110000001100101110100101100000001100100000000001
0011110010000110011010011000100100101001000110001010000110000010100100010101001110000100110
0011010000011000010001011001110001110000000001001110100100001000110100100101010010000001000
1001000010011110111000111101000000000000000100100100110000001010010000000000001001101000100
0010000001001101010010001010101010100000001000001100010100001100100011110000000000010010010
0000000001100100110100101000000010000100001001000010010101101011010000001111000000000001010
0011001000000000110001000110100000010001000001011001000000000111000100111000111100001000010
0000000001100000000011000001100001000011111001000000001000000001010001010000011100100000000
1000010010100010001000001100000001000011000011000000000001000111010011000000010010101101001
0000111100100010010001100010100100011100000011100010001011000100001001100110000010000010000
1011101100110100010000100000000101001000101001000010001000100000001011001010000000011110000
0000001010101001010001000000010000000000011100000010100001001101010010100100001100001001110
1010001011011100110000000000001100101110000000000100111000100010000001000111100010000001110
0010000001011001000010000101000011000100011001101001000000110001011100000111000000011110100
1101001000111100010010101000101000001000100001011011000000001011010101001010010001000001000
0110000000110100100000000011101110010100001010010110000010100000000110000000110000110000000
0000101000010100010001010001000000000000011100001101101101110010100100000000101000000100000
0010001110100000000000010000000000000000100000100011101000000100001000001011110111000000000
0010001000100001000000010001100001000101010001000111100001100000010110100110010110100000000
0110000100011001010010110000010000001001000001010010100100000010000100000111001101010100101
0100100010001101100100000000000000011011110000100000011000000000100001000001111000100000000
1100000001000001001001010011100000000000100101111000001000000101101001010100111000000100010
0011011010000010000100000011000010100110000000000000000010001110111000001001001010001000110
0010010001000110000001110100011011000110000101111110001000101001100001101000011001001001000
0010101000100000011001000011010000101111000000100000001100101010001100010000010000001010001
0110010110011011101000000011001011000100011010010000000110000000101000010100100001100100000
1101000000100111110001001000101000010011001100001110000000000001001110000000100000100010000
1000100000010000000101000010101010010000011101111001011100011100000000000110000010001010110
0000010001000001011001010000000000001000000010001000110111001101001000010000011010001000101
0001001101000001010000000011011000100001000011100100000000000110000000001101000001000000000
0000110100000000100101010000000000000100001110010100010100100000100110000010000011001000101
0101000001001101000000001000000100000000011101011100010000000010011000100000100000010000000
0100000110000100001010011000000001000010010011010010001010000000000000000101101000000010000
0000011000110110001000001110100010000001010000100000101000000010000010000000110001000001000
0111000100100010011010000100100000001001011000000000000000001001000000100011000000100100000
1000010011000000000000011001000100010000001010110010000000010011000000000001000101000010000
0000001100110001101010000010100111001110000000100001000000011001000001001101001000100001011
1100110100001100010010000000001010001010010000000111010000111000001001010010100110011000001
0010001001010010100011000110000000000011100000100010100001000001110001010000010000101001100
0001110000010011001000010000000011001000000100000010001000000000000100100100010000100000010
0000100000000100100110100000000001000100000001010010110100000000101000000100010000000010010
0000100110100000011000010010000000101010100010000100000001001000001101100111010100101001100
0000000001000100000100000011001010001000110010100000000000000101001011000110110001000001010
0010000010001000110000000010110010001000100010101000100101001000000010000000100011000110100
0111100111001100000001010000000000000010011010000011001000010001001100000000000010100000001
0000111111000000100000100000000000100101010001000100110000000000011010000000101010000100101
1100100001000110001110010100000010100010110100000000010100100010000100000100000000011001000
1000110010000000000100100010000000000110000101100010110100000000000011000100001000101010001
0011000001000011000000000001000010000000001100100100011100000100001000000000000001001110100
0101000111000100001011100000000110001000000001001011100000000100110010000100101001000100000
98 96 1 1
101100011101001000110001001011001110101010000001011001001101111011000000000001000000100000011011
000110000001100001011101010000000011001001010010100110010011101100000100010110011110110101100010
100111011110001001101001110101101000100110000011110111101001010101101101010000001011110000010010
010101111000001100001010000011100111010100100010101100001000000000001110010010101000010010001110
101001110001100011000101000000010100101110001001010001000010111010001110000100100000000110111000
000011010011100001100101111100011000101100100110110010100010000111110010100110100110000001001100
000100000000000001001010011100000101111101010110010011011100000110010010100011101101101111010011
000000011101000101000110100010110110111100001011101011010001000100100010101010010001001000000000
111000011111110100000011010010110100001000110001000010001111011001000001111000000000101010111000
001010110000010000111000000001101010000011000001001011010000111110011001101001001010100001100000
100011100011001101111010011011101101000010110101000011011100011000010001000010000000011000011110
011110010100010010100101010001110001001000100000010100101100110100110111001011001010100111110101
101000010101100010000111000111001101110000000111100101010111001001000010100101110011111010011011
110101111100011000011100100011010010000010010011000000111100010011000101000001001000010011010010
011011101100100000000010001110000011000101101111000011100010111101000010010000001001100011110111
110000010001000001101010010111101100010101101000111101000111011000101011010000011010001001000000
001110000100010110100010010010000100000000001000101100001001000010010110100110011000111010000011
010001001101100000000111100111010111100001011100111110101111100011000100001000000000011010001110
011100011010101000000100110110010000111000000010000010000110111000101001011000111101100101110110
000110010000101100111001111010000111011110001001001000101110110010001110100010110010100110110001
110100001010011111001100100010011110001000100000000101010010101011000100010101111011000010000000
001000010111100110000101001111001010001000001110011001101101001100001100001101101000000100111101
100000010100111101100110100010011000100000100001000000011000000100100111001100100010010100100000
100011000010100010010110000001011001010011000001111101100000011000000011000100011010111111100101
011001001100101010110010011100101101001101000001111111000010100011000110101001011100101011010010
101111110110000001101001100111010100000000000010111000100000100100011000010110010110101010101101
001011000101010001100100100000000001010001111111010010000011011010100000111100011001000001100110
010000010110111000110100101000100000001101011011010101101000100100000000100000011000010001010000
000001011111100010010000100001000001011000000011110111101100010101011000001011000010010101010100
010100110010010000110000010011100100001010000010100001100010001010110000000101010010011110010100
000000000101000110011000001111001010001110001010011010101101011100000100100101110011101100100001
100110010111000011010001110100101100101111011101011000100111001111110011100100110000000000000001
110010101000000011000010000000111111011110011010010010101011010001101011101000110000000000110110
100111000001011111010101000011111111001101000000100000110000010100000000010000010011011100100001
001011011010100100110001001110101001010101110001011110000000101010010111000100010011110000101010
100011110100001111110011010100110111111000110010101000110011000010110001001111000000010000010000
000010100111010001000100011001000000100101101011000000100001001010101001001010101111000000000101
010000100100010101110100011000110010010100110010010010101101001000100001010101000000010000011000
101001011111100100110000000011010000010010100000000000000101011000011100000101000110001101010000
000111101011001100001100010001000010011001010100100110110010101011100110010110101111000011001000
101000010001111010000001001110010000001001001100100011100000001001110111101000001001111100101111
000101000000110101111100101001000001110100011110100111010101101001001110100001100100100000101100
001111000101000000000001010001110001100000010000000110000100101001001100101000110001110000001010
010001000110010100001001111000011010011010000011001111001000010101000000000110111100101000011011
000110010001010111011000101001011011100011011111010100001010101000100000001011001000110110010000
010111110010101101011001101100000001010010000100101001011010000000111100111000000000010111000000
110111011011000000110000010110110111001101100000001010100001111111000100111000010000100001110000
010010011010000001010100001000001110100011111001101011011010011110100101001100110000011111000000
100001101110110101100000100100010101010011010110100110010000100111100100000101110010001100110011
001111000000110100101000010000000010101011000011001001010011011000000011100000110001000110011100
001111000100000000100000010001110000001010011110000100001101110010011100001110100000010110011110
001010011110011111001000000010110101000010110100000001100000000001101000010010100111101100101101
110101000101100110100100110001010000010001101100010001000101100111001010100101111000000100000000
100010110101000101100000000001100110001110111000011011010111000110000101010101000001011011001111
101000010101111000000011010000010011001000101100001100110100010010011100000001001001000000100000
000000001101001000100110011110100101110010110110001001110110110000100011100100001011000111011100
001010010000000001101010110101110000100010110111101001000001000100110010000000011100101000100110
100100100011100001000000000111001001111010110010100100100001000011100001010000010111111001110001
000000101110000001100000101100011000100001000111100000100110100001000100110001001000000100100000
101000001010000110001010101010000001010000010101000001101111001011111111000000110010101110001110
100011000100001000101011000100000010000110100001100010110110001111010111001000000100101110100001
001100101001111000110000000001010001011010000000101100010010010001101100010000000001001010101100
000011100110110111000001001110010001000010101101010000010000000001000100001000000001101100011100
000010111001000000111000000001100100010001000010101000000011111100000010001000001010001100111000
000100001011101100000101010000010001001000110010000100100001010000110101111010110010111011101100
000010100100010001000010001011000100100100000010110110100010100010001011000111000010100100011001
011011010111100100100010001001011100101011010101100111011110100101101000010110001111100000001010
100100001101000100100101001100001100000001001000001010110010111001001000010000111001101001000011
000001000101001110000111000000101011000001011100001001110110011100010000001000001101010111000010
010000111110000010100100110111001111100100101100011100010100110000000010001011010101011111011000
000100011101011011111011000110010001001000001100101101001011000001011000000100000110010100010010
100101110000001000010001001001100011010001101101101000010011110000000000000010000010010111000001
011110111010110101100100110110101000011100100000010111100011100001101101010001010010011110010010
011110100000000111001100001101010001010110000101010011000011010010000100001111110111010100010010
110000000111100011000001110011100100010000101001010101100000000011010001101111001000100110000000
111000011010001011110000110001000001000101101010000000100001011101000111101111000100011100000010
101110001110000001001001010010110011000111001110011100110101010010010000000000100010100000010000
110101010111001001100011110100110111100101101010000000001010000001000100010011010110011100000010
010010010111100100100100101100010010000110110010110000101000001101110000001000100001101001010001
100000001001000100110000001001100000000000011001110100000010000000101000001111101011001100101111
001110001000000100011110000000011001000001010011010110101010011100110100101010001001001101010010
010110010000001011010110010000001110000000100010000000100001001100000011010001010101011010111011
000110010000010010101001101010100000110100001111110001010101000100101000110011100001100100111111
100010000011011011001000010001000100010000100010100001101010100100010000100101100000011000110001
011001001110111000101111000011001000101000011000100100000110101010100010100011001001011000010100
111010111111101100011110000010110110000001010000100110100010001100000100000111100111011100000100
110100101011000001100001101100000000101100000001100101010000111001101000000011001100001010111001
100100000100000100010111001110010010010010010011001110100110010000101101011000011100101000010000
000010010111100010001011100111100110100101010110010101100101101100000110001111001110000101000011
100100000010101000000000001101111000110000110011011001001111000011100100000000011100000011010011
110000011110110010010001101100000000011100011010010110000010101000101010010011110100110101011101
111011011010100000101101001010010000011101000101010100011110110101100011101010101110011100111000
100000010100010001011000011111000011101110101100001100000111011111100010101100011100110010000011
011000100100110100011100010110100101000110101101101101100010100001110010000111110100011001000000
000001011000000101000000101011001101100011111011001000100010100000001100100101000110111000100000
000000000000100001010001000000000000000000010001111001010000010110000011010010011000000111000000
111011000011111001010100010100010001010001110011110001100010000111001011100001010010100000110010
100001001110000110011000000100101110101111001000011010101100000100001010101100010101100010011110
98 90 1 1
000011100010100001000111011001001000100011010010100101011110001110110111111000101000000101
110000011000000011110101010010001010001101110101110111001100011010011110010111110010011101
101100110110100111001000111010000001100100101100000100101110011001111010000111100010010011
010110011001111101100110100101100110101110010000001100010000110011010101101110010110011011
110110110000011011110100110011100111111100100101001010011110100100010111100000101111111101
000011010000010011000001010111111101000111101100110101010011001110010000000000111101001111
111011010101011011010000101101001100001101110001001110110000001100110010111110100001111011
100101001100000001001100001010001100011000101110101001100101100010001000011101011110011111
110111111010010011111111100101111000000101111101100001100100010011111010111111001000110010
001111101011110111010001010001010000000001001000000010010110010111011110010000101011110010
010010001101101101100111111001110110101110110101101111110011100010110001010001100011001011
010000101010110111010111010001011010100000110110111000011101011110100000110011101011000111
010101110000110011110011100011010011000010010011110000001011111100101111110100010100010010
111100000000011000010010001010000110011101000101010101001010010111011101101010111111111011
110001101011000000001100100101001101100010101011111001010110011100010000110010101101111100
010100110010110000110011000011101101100001000011010000000011101011111111000010010011110101
010111101001001111110001110110111111101001110001000110101100110110101011010111000000000101
101111100000110001001001100101100001110001111111011010001001110011110001100010000110111011
100011110000011001110100011000101110000011000101001100010011000000010111010011011101101000
111110111000111011100110000110110111111101011111101001000001000011000110011101100010111100
100111110011111111001100011101001110000101101011110101001101101010111111111011110110110011
010001010100101010111001011101011010111001111001010101101111011100010110001101100111111010
110111110000011111101000010110110000101011000011100111001001100110010010010010100110101100
100001101101011101010101100011011100001101110000011011111010111011011110001010100011101000
101011101101010110000110011000110001100110101001110001010100010010100101001111100011000110
111101111101111101100100111101011010000001010100001000010110101110111000010010011010110111
010011100111110010000010000110011110111111101001011100110101011000011010100001110111000110
000101000000011101110011111110001010101010110011111011000111000000011101011100101000011001
100010100101000001000110110001111111100101100110000001111111010110110110101101000000000100
010110100010001001100010001001111001100101111001011101000000110101001110010101001100001001
100111100100111011001011111001110010100000010001010001101101101011010110101000111100011011
111011000111000111110011110000110011111000011000100011111110011111001010000000011110110000
101110001111101010011100001111111111101100100010001001001000110101100010100110111001000110
001010010010110111110100101110001001010001000000000101100111101100110101100101111010001111
001100010010001111111010101010000000011100011000001101100011011011111011100110000101100001
111011100110111111000010101101011101111001101101010000000010100001000101011010000101101101
100110011110011010010000001110111000110110001010100011011001000110100000011101011011111011
011101000011001101000100001010101011010100110100001010110110001101111100100101000001111010
110010100110110100100011000111011000100010101111000011000101111001001101010100000101000010
011011011010100101011110111010101110000011100011010111011000010000110000111010111001110111
000011010111010010011000010011100100101010101111100000101101001111000110011011111100011100
111110100010000111101001100001101011001100011111110101100000011100111110100001010101100000
111001100010011000100011100101100100100110111111101110001101001101101010100011011010001101
101000010000100010000000100010101000001100101100010101001011110001000011000010111011000101
001101110101011100000011001110110110000111010111000000111110101011100000111101000001001100
100010110111110000011100010111110111110111011011110111110011011101111011110111111100101100
011100000010100110110100011111111010011011001101110101111110100111000010101011110111111101
111000101011011101011010001101011111101001000001101100001101011111100000011011110110010000
101111010010001111001101100011100010010010011111000101101110010110110110101111001101101101
111100110000011001010111110110010000100100111110000110110100000111111011111010101011000001
001011001000011100000000000110101110001111110111000100101101001100111011101111110100010111
001101110000111100110011100111111001011011111101001110010111000011101011000011001010111001
010110001010110110110001100100001011110001011000101111000011111101000010100010111000111001
001111110110011100011000001000100101011000011010101101001010001111010100001110111000010100
010100000000010100010001110110111010001011111011010000111100000000010000110001011111001000
010111101111010001110011000001001000011010100001011101010001000011011011010001011001111111
010100011011100100110011001110001010001000001000111111100000101110000100001100100011111010
001001100101010111111111111101110100100100101010000100010010111001110101111000110001011011
000111111101010111011111101011011110001101110000000101011101000110111001110000111001100011
110001111001010010101000001010010000010101101000111111000010001010111010110000001111011101
110101010100111000001010111011001111101010111110011011000111100001101011111101100010000001
010011011001100011111101110110111000101100100010111001011111111101100101111111100110111001
001110010111110000110001001010001001010110001000001010111101110011010111101101101101010010
111011011100010111010011011001011000000000100010110000100101001111100110011011011101011001
000100010010100101010001000110000111111011101100000101100000110110101010000110101111001011
000111100000111010110110100100100111101110101011011100101111000110100100011001111100000010
010111001001011101111111101010010011011010110011010111111001111101100100001010110110101111
011011001001000101110011101001010001011111001000001100101011011010100011001001101110010001
100111101010000010010010010011011001001110101010101110110001000001001110111011000100001111
110010010111101101100001100001010111110000110001000000000001111100111011010010011111111100
100100011000000010111000111011100010110010010010100001001011111001101111101011110000110010
011101101101000001010110010001000011101110101010111101100001100010100101010110100100001010
011000011111111011011010000001100011110110000111011100011101110011000111100001001001101111
110111101110001000001111100001000111110100011000001010101111000110011111011101110110111110
010100110101110011110000110001011100010101011101000010001000111111101110001010010101110100
110101000100001100100111110001000011100010111110001100011011011111111100101000010001101111
101101111100101101000010010111010011100111001011111011010101101100010101001111000001011111
111100101100010000011000100111010110001001010011010100000100110011010100010001010101100100
100010011100001000101110011110101010110010111010111110000011100011001000101100100100011100
100100010110100011100101001101010010010000000011010100000001110001010010011111100110000101
010100010010100100111011001010100000010010111111110110101111001000100100110100100110110000
111010001100100000110100011101100111111010111001001101011100000001011111101011101010011010
110111000111000010111000001110100011101110111110010111010100000100001101001100000111110011
110001110010011100100000000010101001101001011011111010011111010010110000110100010100001011
101111010011010010100111100011111011111000111110100010101100100010010000111110001110001011
010001110000011010110010011010011000000101010101111000000001001111111011100101011011110111
100001010000010000000111101100011011100011010101000000111111110101001101101001001001011111
011000000010000011110010111101100111001101010001010100000100110110111001110100101100110101
010101001111111101010101010101001111100100111001001100111100101101001001000011100110111110
010111001111011001100010010101101101011000100101101001110100110000101100110010111111101010
010011101111000100101001011000100001010011011111110100111000001010110110111000110010100101
011110111011010000000001111101001110000001000101011111011100001101111001001001010110011001
011010000100100010111101101010100100001011010011110101010011110111011110100101001100000011
000111000100011111110110001100000000000000011111011001100111101000110100100110000111011110
000100111110001110111010100101010100111000111001010011001011001101011010110100011101111111
110000001000001111010000010001111001001110000111101001101100010010110000111100101111011110
110000101100001001000101000000001100100101111011101100110000110011000101110110110100001010
010011111000011001010101001001010110011110101101001010001001101110011010101010110010010101
