5 7
10 10 1 1
0000000000
0000000100
0000100000
0000000000
0000000000
0000000000
0000000001
0000000000
0010000001
0000000000
9 10 1 1
1000000000
0000100000
0000010100
0001000001
0000000000
1001000001
0111010011
0000000100
0100001000
9 10 1 1
1100000001
0101100010
0010010000
0111010110
1001000110
1110111000
1111001100
0000100000
0101000110
10 10 1 1
0101011000
0110100000
0010000111
0110100000
1110011101
1000101000
0110110100
0011101100
1101001000
0001000000
9 10 1 1
1101111001
1010110010
1001000011
1110110000
1110011111
1010110010
1100110111
0111001100
0001011010
