5 10
48 50 1 1
01001000001000001000000000001000010000000000000000
00000000000000100000100101000000000000000001000000
00001000000100000100000000110000000000000000000000
00000000000000000000000000000001000100000000001001
00100000000000000000000100010000000010000000000100
00100000000000010000000010100000000000000000010000
00000000000000100000000000000000000000010000000000
00000000000000000000110000000000100000000001000000
00000000000010100000000000000100000000000000000000
00000000000000000000000000000000000000000010000000
00000000000000000000000000000000010000000000000000
00000000000000100000000000000000000000000000010000
00100001000000000100000000000001000000000000000000
00000000000000000000000000000100010000000000000100
00000000010000100000001100000101000000001001001000
00000010000001000000010000000000000000100000100000
00010000000001000100000010000000010000010000000010
00000000000100000000000000000010000000000100000000
00000000010000000000000100000000000001000000000100
00001000001000000000100000000000000000000000010000
00000100000000000000100000000000000101010000000000
00101000100000000000000000000000001000000000000000
00000001000000000000000000110100000000000000000000
00000001000000000000000001000000000000010010000000
00000000100000000000000000000000000000000000000000
00000100000000000000000000000000111000000010000000
00010010000000100000010000100100000010000000100000
01000000100000000100000001100000000000000100000000
00010000010000010010000000000000000000000100000001
00001110000010100000000000000000010001000010000000
01000010000100000000000000000001100000010000000000
00000000000000000101000000000000000000001000010000
00100000000000000010000000000000000100000001010000
00100000100000000000100000000000101000000000100000
01010000010100010000000011000000000000000000110000
00000000001000010000000000000000001000000010000000
00010000000000000001101000000100000000000000000000
00000000001100000000000010000010000000101000000000
00000000100000000000010000100000000001000000000010
00110000000000000000000000000000000000100000000001
00000010000000000010010001000000011000000001000010
00000000000000000100000000000000010000000000000011
00000000000000000000000000000100000000010011000001
00000001000000000010000000001000001000000001100000
00000000000000011000000000000000000000000000000000
00010000000000100010000000000000001000000000010000
00000000000000000000001000001000010100000000000000
00010000000000000000000000000000001000010000001100
50 50 1 1
10010100100011000000010000010000000000100000000000
00100000001000101100100000100010000001100100010000
10001000001000000010000001000000001010000000010000
00000011000000000010000000000101000000000110000000
10000110000000100010010000110001000011000000000000
01001000000000000101010001000010000000000001001000
00000100000100001010000000000010000001000000010000
11000000000110000100101100000000000000011000000000
00000000000000000000000000000100001000100101001000
10000100000000111000000001100000000000010000011000
11010101000001110100000000000001010100011010010100
00000100000000000001000010100000011101000000100000
10010001000101001010001010000000000001000000011000
00000010110101001000001010000000110000000010000001
00000001000000000001000000000010000000000010101000
00000000010000000100001101010000110000110000110000
00010000010000110000000100100010010000000001000000
00100001010000100000000000001001000000000010000010
01010101000001000000001000100010001000011000000000
00000100000010100001000000000000100000100000001001
00000100011000000100110010000000100000101000000001
01000010110000000001000001101000100000000000000101
00011000100100000011000000000001010000000000000001
00110000000010000000000000100000100000000000010000
00000110010000100010010000100100000000011001001001
00010100000100000000000000000100000001101000001100
00011000000100000100000000000100000000000100000001
00000010011000110000101000110101000000010010000000
10000000001001000100000011001100000100000101010000
00000100100000000101000100000001000000000000101101
10000000000110001001001101000100000000000000000000
00100000000000000000000111000010000000001001001000
00001000011010000000000000000000000010000001010001
00000000000000000010101000100000001000100000110000
00000000000100011110000000000000010100001000001000
10010011111000000000000000010001011000000000001000
11010100010000100001100100000000001000100000000000
01000001100110010000000000000000000000101100000000
01000000000000000011000100000010000000000001000000
00010000000000000000001011100001100000001000011100
00000000100100000000101100000001101010010000010001
00100000100010000000110000000100000000000000001001
00000000000000000011001000110100000001000010000100
00000000100000010100000010000000000000100000000000
00001001000000000010001000000010000100000110010100
00000001001011000001000001100010000001000101000100
00000001100000000010010000000100000010100000000010
10000011000010100010000011100000000000000101000011
00110101101000110001000100000000000101000000100000
00110001111000000100100101000100000000110000000000
49 46 1 1
0011110011010110000110000100000100000000000010
1011001001000100000000001010010010100000001001
0111000001010000110000110000111100000110101000
0011000100000000100101101010110011010000000101
0000100011101100000100010001011101001001000000
0001001000011101010000000011101000001101001110
1000010010000100010010100100000000010100100000
0000001010010000010001100000100000100101000000
0000110100010010001010100001001001000101010011
0010011101100100010100010100101000000110001000
0010100000000001000100101001011010101001000001
1100011010001011100000010010000100001000010101
1000000100000010010010001000010000110101000000
0010101100111000100000111011101000000000101100
0010000101110100011100100011000000000001010110
0001000110001000000000000100001110101111001100
0000011001011010000000000101000011100000100100
0000111000000000000000100000110100011011001010
0000100110100001110011100011011010001001011110
1100000010100101010001100000100000000001100111
0001001011000100001000001001001100100010100101
0000111110000110100000001101001000101010100000
0101000100100010001000010001001110100100000001
1000000110010100011010100000011100010001111000
0011100010000010000000110011001000000110110001
0000001001000010100101011000010010000000100000
0100001100000100100110000010001010100100100000
1000101000010000001010001000000010100000001010
0111000000000110100101000100000001000100110011
0001010000100011011011001000000001100110000001
1010100000000010000001001000111001101010001001
0100110011010011110010101000100010110000000000
0001001001011001010100001000010000101001000010
0011000011010000100100000101000000010000000000
0010000000000100101101000110010001110100010000
0100000001000000001000000010000101001101010101
0000001101000001100000100010000010000001000000
0011000010111100011001100101000000000001100000
0000000100010101101010000110101000100000110000
0001111011010100010100100010010011111001010011
0101010010000001000000001101101001010010110000
1000000110100100000111100001000000010001010101
1001000110101101110110110101001000000001010101
1001000000110000100100010001000010110000000100
0001000011000001110010011000000000100000010000
1000001001000000100001100010101001000110110000
0000001100010000000000100000001100000010001000
1000010000011100100010000000000000000101100100
0100000000010000000001000000011000011010001000
46 48 1 1
100000111101101011001010000101000000010101000111
010011100100100000000110100111101110011010001100
001110000100001110010001001110010111110100110000
101000100000011100101101100011100100100000001101
000101011000000101101010000001010001110100111000
001010111100101110000001000100111011111100101001
100000110110010101001110000001110100100001100111
110001100010100011101100010110000000001100001000
100100011101001010010000010001101001101000011110
100100100111000100100010000010110000100110010010
000010101011010000101101111000010010000100000111
001010010011101011111000010111001100011001110100
011011001010100000111110001001001001110000001001
001000000010000100101100011100100000100110100000
000010101010010100100011010100010010000111001011
110000111100010111011011010000000011000010100010
010101100110010001011000000110111110011100011100
000100000100001000001000100110110100001001000001
000110011001010100100110010000001110111000110110
001001100000000001111110001000010010100010100101
111110010110000001000000101011101101000001100010
000000010010001010100111011011000110101001010110
010000011000010010101001000000010010101000110000
000011011100010010101000001010000001110000101110
011110001011010000001110001000001010101010100001
100111101001000010000010001000000000100011010010
011100000100101100000000000000001110011111100111
100001010111110111110010001110101010011010010001
111001000011110010001010000000000110000000001110
001001011100010000110100010100101111000010100110
000001001000110001101100100000001101011000100100
001001101100010001010011111001010001111010000000
010111011001010000100001001010100111000010101100
000010000000000110101000001010000010101000001010
111001100011101000110011001110000000001000101011
100110100011010101101010101000011001110000000110
000100001011111100000101010110111100001011000111
011101010011000110101010000111110000010000100001
011010011000101011011110010110000001001101000101
001000000010000100010111001010011000111110100110
100110000101010010100101001101000010001000001011
111110001100100001100000010001111001101010100010
100110001011001011100101000011001010011111010110
110100110010111000001010101100110001111101100000
011100100100001011101111010010110011011000111000
101010010101100100010000000110000101100010101100
49 50 1 1
00101000101010011111010110010100001100010110000111
01010111101011101000110101100101010010110001000100
00010110000001111010001100001100100111001000010010
11010110111010111001011001011110011110110010010111
11111010110111101110101000011100001101010111100011
11010010100101100100100110001011011000100011110110
01000101110000000000101010100000110101011110010010
11001011000111001110111111111110010001010101001111
00101000001010110101100111011101101101010100101000
01111000010011101100111111001100000110011111010101
11011000010110111001101111001001010010110011110010
10000101101001110100111111001001010010111010100101
00111011100110100100111111111111001000000100110111
10011110100011111011111101101110011111000100001100
00100101100100000111100110111110110100101000000111
00001010011101000001011000101001101111111000000101
11101100001001100011100101000000110101111111100110
10010001111000000110101100100101000101010111010101
01011001100000010011010000101110110110111000011100
01100001000100010010111011001001101111101011001100
01001110110100101111000000110110101010001011010011
10110010110101100110110001111100110011000110110001
00110111000001111011100101011011100011001110100101
00001000010010111111011011111001111100011101100011
00111010101111011001011110011010000000011100101110
10010010010000110101110111111111011010011011000101
00010010110110101100110101010101100010000000000110
11000100000100000111101100100010111111101000010000
10010000000100000111000011011001111011011110000001
10101101101000111110001010001000011101010110011110
11101001001010011011100111111000111000010011001011
00111010110001010111001000100111111111100001101110
01011101101110011011010000101111000100110100000000
10001011100000010000100001111001000101010110001000
11001110101110111011101110001010111000011000111000
01110111110110110110100000000010111001010111111001
00001100001011111100001111010000100010001000110010
11010011110010001100000011101010001100101100111101
00110010110101111000001010101001110110111100101110
11101101001011100001000001110011111100010111110110
11101101110101000110110011101001001011101110000000
10000111000101010011111001111101010101100101111111
00000000010101111010010011111101111101100101100001
00011110010001111101000111101010111010110001111000
10001110100111010011110001110001100101110001000111
10010101011010110110011011101111100010100011000110
11011110101010101100000101101101101011100100101000
01100111111000111110001110001100011110111101001011
01000111001011000010001110101010010011001011000111
