40206056459952
31102701371903
22040591903644
29242861635616
23150931329106
28470613252887
30683550840310
22462054969441
30942659939149
30565815940715
35688860808536
26119573396887
22224253959404
26093094410917
27127773484960
26463960447379
22310005535454
21359719514334
34109845370909
31436618773049
26770457610901
20398845239677
20056570128873
23561768201372
26075356702115
20609527538054
21164980031960
37249661883204
28809332194773
28690895290475
35309942032951
20248727081090
24480845822864
19684332941498
28018313134555
20441312121284
25732174810860
34404918561115
30986375825433
24666767478097
27767819027962
22020597415481
28534144682199
31154141922185
20864314812950
25539641048813
21609374255349
19903121985472
30355726181069
30544815687715
25538613640810
27571129243978
22692294455451
23394507048018
23788629453833
22872991036431
35562400250416
27455766085428
25091051102049
19756784922634
28332781632813
27814386779013
34632040260203
35157191589099
20262418841689
23852491209114
24980171707706
34881097099792
30285213235475
20038398272845
22908249131293
21646456787837
32928844539903
24078537202975
25261209852399
37121304879479
27238499973286
37017621270392
20002121911349
23240342113836
21830030387587
22988323207250
27951150444076
21684394316494
24080117913667
34855746115519
31750014990142
31649957410414
31608352177802
21646097536207
31843505439792
28081732614778
24043833420044
20363098836443
26732260437479
26972423727896
26951712984015
25557225568259
24872489498559
20497553624227
23977229929346
23917486132047
23826777350694
29263046833486
22250507910861
22602371889077
29562315145523
21344171268990
26702754175018
21507374702917
19793179478107
22261043695931
27147105036035
28334652892862
25661533362579
21727929335467
22101027700472
35739614946973
21913109606671
21746086884767
21882641144551
24770696690145
34507537008933
27102705438961
19754731158819
22347005126767
29268456353299
23148701252158
27637900491027
24748082638330
22602682639153
28693091461527
23090378822581
21408503416825
28173186231011
30986950061664
19958969747720
20080100627044
30098723127521
25818615623579
26557111603439
23029068656901
29866343023792
22501956436219
22460822286507
25940327799145
33051129988731
26813250485391
31081429012412
27720013785390
30798326857597
33639475168969
24579367915581
21782524844036
21082155096837
25168989153382
30797159058244
23130818015240
33224240160177
32611212480824
29890813339017
20262766271616
23028630268788
20132476634007
23848264772802
21309672851599
21971631099733
21450334505559
22141907485933
21784768399573
23627144431254
21214979452959
24515137112571
30053524989304
23498408728341
26294322129153
33172918321259
34954965910601
20022104618375
24125627020607
22990818998532
21466518399292
21957109924249
25472963615561
26292384090534
20286792800366
25799850662963
35182198721494
30871564131632
31055491903486
25863111860109
22703501733693
26091846162672
21188412532553
27260583702994
20595455784254
32059410071860
31749642883238
27769252419742
28674891327325
29562591624713
32928907985696
19869168700994
20576250828278
22043701781187
29657544300712
21489553929376
29401130820602
23253153738458
20439148521115
19980573174455
33813327591018
22220502441160
21511605446767
21903875550667
22324258120705
19717803694422
19717748298258
24815457819866
32057346984829
24330078561179
24143405681496
23173189846451
26269227633487
20822216080116
19659288625730
30891621444484
38979341641937
27900438926003
29935857893190
33346338255954
23651115725355
23172480102850
22370339996980
21234341449448
24835747100089
26532943268596
20383765012743
20691693889058
21040027884809
24084481852367
26971687799087
30445646553004
23299347286869
27145311509062
26055764911222
25604149586850
27192374462018
29447991183003
26973638842171
21488738876917
24862852796035
26725729937501
34757306181766
33495447898897
24287798008543
21528100968527
28805580012261
21069357843073
22622079717110
28674384536260
36682938452110
33960087689217
20116231622387
19946312812031
20862118968539
24873277079197
22911970516957
27459680735102
27480017745928
24161948072415
25555826312565
26710108241243
21430135078234
20038652812723
32394895804821
23726236005607
26666399331329
31013149977645
25815903006364
24872347683668
27012445952752
26549151129073
25641699222067
22905332224449
28311970808928
22202130647620
22985985851961
25091382769110
29889585753839
28107354921327
29887342052702
21902249263488
29838966599987
23192072097753
22304588818016
28674352675433
20011800587364
28691575019487
24074928578295
21581982021373
24286593959867
25240528163736
23425353733175
28697216625524
34332770510239
26465538553782
25131977522659
20453981654678
25899228897366
20325449314680
32836541843818
30303607463795
38792895830777
22836086290310
25663282158163
22623045280730
32760944742791
25776893467021
22344916686683
36605293201599
24076679497437
19830870980669
24645765294305
26774472696506
22682682152996
24558283692851
30469442617871
20214220149031
25474001833795
27839559910008
30123500786644
26551086337847
21387627954613
20302130644867
23009019582623
32177640456141
20517068200568
21767370853227
26250445109172
32177675847722
24108359997458
24137919499345
19964509021685
22181460055922
25534389819728
20000000426040
20979862555221
33889750055463
25925192350074
37301816947872
21351663161427
19671855178389
19706264060368
24333839186054
35638339456512
29244301149561
21703958687842
21540483631487
23623205881584
33053366081045
20748073494294
25581398357112
38635277939199
24627456974019
22472109686158
27504153127318
26532987841488
31679297786895
33835190330861
21804572854910
26222234330703
30145290676370
23622598548836
25898020779916
24369677267255
24248466137327
28130414982987
21516887733484
28083126742833
34255832962795
20438064409064
23253303499761
28599707926815
34158923034220
22511638887963
24388571203135
20246647267293
31460839877762
25133351452440
23876108212002
33540498442056
31773510024815
37147197674765
23090123596497
21694275089386
22671258918797
20330628576740
25325835272063
22191042895702
20813707867125
34454590947323
32734509096670
28261024102014
25277525579846
24326383958099
24561589014876
28013168469532
26689142984405
26317032495742
23723752258178
31222871701309
19678744808226
20609587418200
24018110401684
25925885104251
28219309490333
28218250643041
32982435677576
21041541482645
22161057615541
25987072324986
29631618949517
20399735344061
31369951279179
29866495315295
19795998676524
26441800553818
20022077546021
30215086322887
22280925693223
24160998408475
30492968844020
23232284799407
24724317408986
19954521251666
29703360019083
25662646119313
23437877863569
27816643229457
23890166673820
34906363255544
28600830704738
27347237254853
21174964308774
34186291275441
35007068176213
25404449392829
36863503662789
20697776729289
22604219158700
30685079844686
22163862941948
22040543739983
29240530083086
23335761702279
35661591841761
20210885089315
31769579311753
29377807231001
22502140471067
26207205026516
30070427564927
26334843505495
20824455205332
26245500382498
25024018142881
23213691076932
21931806646778
19774482453963
30168593136270
26686994770811
21922517460644
37095399037175
25194748036256
20052791359671
25085141198553
20338180664314
19774426439856
33442623897995
29380816805294
30258013354329
24562914203294
28153731786409
21605308986910
19803799068105
31673915228910
31745825915424
28289472067581
38057034393984
25623065403920
21883279228853
20288058344846
27370933743803
20902432059903
32206813048251
34009406812332
23190611236382
32591622556950
26248945704282
21019423797843
23479456654416
21411024649895
19875110427863
22722760963119
31651844626446
31486863597215
24810012961010
25521490039243
23869672709449
25514958013181
23212158724905
24225313219813
37095305089544
29016939134202
28855951192247
22805546562463
30380929970670
22080500658874
25052051118080
29056857599012
24351002812914
20419098502504
20268464818662
31369026724979
20003070863702
27697662515983
32255780815855
25840165700097
20422537086685
26819020319327
24883194758437
19717591592228
29631294413973
21074331657278
20304945952201
28763790322996
33489843878682
25329021025617
25232927221275
20672325761864
23312387126646
26905501069362
21026275017566
28604852051877
32445454372335
23343431575725
21019696895169
20903168155736
29451066693773
20861692440057
32853448061199
35132084354410
22061044355828
34060323581544
34037198176708
22885020237158
21862362103437
20921444961180
25681896918725
20402971393054
29612820072709
21136796189902
33466975217597
29289007811710
38767999498717
23913274298824
31751120351551
22846000235689
27276667320047
20027568100670
32907406948827
35182662210405
29336031126551
20628184552076
20229562618279
23911771574844
22482495846241
19903419771068
28170690537274
19752857003282
27899848155285
26750163249764
30379839599257
21629371029530
26594922784650
37250583189168
22988023391249
21605439726120
28425126324800
24519669417066
20076639752003
26883316517822
28741192060600
20533977211137
22601229641552
33663683809149
33495365221510
23479976156603
35941020514586
24310556187574
20377442796707
25257037169154
23911416771963
21844235211607
20249176881042
27856128490816
20038145585648
20373832347978
24078411399327
24310122232633
27017517744462
33026395009662
32543345441939
29268725727102
26709445810815
19948518009992
27126627245786
22683714092211
22263136197957
22461071041074
22200367492208
29561143051785
22489177642597
26795595869942
24371080215341
27525615303101
24140005085059
19830285640808
27192914677477
21503960404936
32467644443073
26775825283574
28152743465933
35865884173914
24748314040746
35813731061202
30140552556855
23456067871369
28041001736338
21134433432984
25729619736614
28357046908577
25003508923376
20398013589836
20653016256020
26229297930682
34757691738228
21922172172698
20210580858808
26732327304632
25239451884182
37510184144000
29268760448226
26070773088545
24583704355597
22084114164053
28011376880226
21439273793321
35057477131471
33442297159320
27011940114841
20186188089959
23049527876869
23152325105167
34035926106859
26485986175569
23393352712785
24767645982323
25323239775267
23169192350739
20478523754893
23623215495466
23919595952782
29171778443975
22904717854476
34504858050265
30706871753609
35788579604952
22384650425703
24347841011228
23091789881449
20285356658307
19920586022446
25710360434062
25732072530237
31703577045596
23871642220961
19945950258145
21332531369813
21753199041727
21586307602733
31387590811724
29561462355786
24015968769648
20193830128469
29128313032549
20066664244519
20133570950065
29176765195624
26840525591870
22642166751313
30030918632608
29607422757041
26401962057835
24726821667320
20649959182001
25882140932129
32637308104317
23705196112684
35535488587035
24098076368822
20345018869630
29101011572838
23959087340035
26249180237281
20924433341560
19913800936836
21293036199197
35006120539181
21151425289696
22674736045708
30751183636551
21890449081515
26140466445186
22101665644990
24063744309314
20333218298741
26732092796410
23888365035373
22024375258517
25409975859196
21824168772409
23293056099868
20230591106077
22041396395241
26376182048539
20197277224530
24412882790472
29542964574449
22926818444213
23333751975068
21584689511652
19947373869972
30633104484873
24790460663253
25280158142349
28966150955384
21193202833677
23108360943775
30168531420976
20466473023086
27817333170592
24772716653120
28923112427055
27638409484345
23273731884635
19773019359192
20077941526424
23850799438573
20845517635395
33146291549044
25646013136249
24454200046237
20171790444154
21882250904048
21272913385137
23355848907146
29378294003866
29683301762312
26818196976268
35005300792679
37353807563091
23622974686704
28901296099139
33663367134373
31368246668668
22081265365631
25384288606388
27257423150457
19877787282953
24562666143434
25965364162885
22968246162818
28125530433681
28087049092410
19940295122026
25966417625020
25855653658649
21739057301397
35459538864232
23171502313337
25667361662514
28943421640058
21113622376249
27148428474715
24200159338474
32587139044165
19747304905361
30096485208346
27430959375606
27974011390417
23376815636031
32134747496611
19941712561311
24327444865034
25346195775449
21414584253336
38188188809233
19792512430702
22767060416927
20192429652635
20239506019094
27192782650059
31530632370836
25686438059498
29034458272740
22202180250501
29612315714614
33124317242708
20171614334860
25070172943468
24418711292413
30446898997100
22785256050275
26034992258183
22351112010720
23955230898896
28308269544624
33098383003268
28647847346321
24140480695433
22335723333366
24411393214162
23291672336534
21546156459290
22502378175898
20763700157310
25256458640140
24262890742991
25475138496306
24493699181439
26100604291843
26309849103668
31038419135575
28899848742439
22340156717817
26029546010992
23213562899415
20908001654446
23374982631548
27632399157215
27320733038195
24330707882886
29198889991587
20228788132417
19732668710174
25341713029412
23520329814395
25234798088089
27771861893961
20997279346674
22825982100933
27884378527304
27766570221427
31203773920473
29887470152845
31342590833697
28764461420943
24224297528969
23424375828755
21645906029679
28697031602221
21000918714358
21187437722564
24663251444931
19790567183860
23850471429211
29060132158784
20728832160781
32690845899817
24895320500572
24179221731994
22082762472724
20092238005290
20658973113430
24693893401260
25362352157146
32133552468120
22934264952739
21331585095687
23232954645408
26183869953957
29980220019967
23080816447134
21094252388485
23828924063122
26442929571911
24558134123897
25775036531725
38213634332411
32833638178668
24436061650680
21527071612533
25661533362579
38688659876496
20536885738780
28989167567407
22161056272817
22168710635460
30282392885426
20077964499465
22743279606199
21763923637286
21412596876027
20612619136505
27568901522981
33175144063510
33664925835851
25563223039906
21330796445693
28674878814218
20019338540672
26571189073625
23561915016156
20384235161920
25989003683934
28081772224044
37613437174889
24940189788180
27037405045002
22180244517026
25665019718729
21490355691949
34680789116387
25087228195623
27215347261414
21906057768347
20680438193294
31488997448276
30238528721339
22947145093595
20453954485787
37198362327881
20805993206808
22805293486143
25947544355348
21158054442053
29263050144256
23444696762171
21165501216841
23499272081029
27325492338452
32131875565986
20919644190907
32472904694631
25770604022432
24625180721904
35840310520468
29867312499693
25073945299836
25063466405688
20844836331698
30896763302023
27011056825074
33935126700602
22165332774901
31104455805156
35585786233734
27055523915041
24704203721077
32467934212142
32834561308290
27039827691806
27320004607179
29979482697996
26599770206043
26157790335406
24038375081999
36171488183418
24987400630788
20757419481668
20073184050822
28286094917057
35737584868181
27744264529946
26376351926074
20732828637333
20250372787207
34856313768890
23397370122016
29172901508798
24631163984733
25792470102185
29039712567713
20331300583871
20134704764667
20022721417008
37172494526162
26507887268252
28153262039274
27968323516850
26753804713024
24520165983950
24204556283661
23893792578408
20946603350504
24851258125139
30707575781073
29016363781264
29128059704998
30098637922028
21943933803966
36044184025021
21647259093507
23140214373682
33495874821368
32638224079868
27016284016741
20960955440513
30750936559645
32928691976078
21469349047873
22874560350796
29700699083747
31369041423610
30942155404974
23603527344624
25472458167548
21391270536672
27769583702295
34358648959053
27659329241070
28855117342500
21488916770234
20480404936430
30280797424769
34062614757424
25001021763165
28854321463801
24039331388338
25818335956092
37979520406990
22180869822260
26092580972990
35307651627201
22602520003653
20260205444105
20056737374654
24897911470487
20382253031742
20020866544629
26622376159404
20128876216753
29680917127566
21884811616431
23747064265783
20109934361099
21438663495262
22422178276426
31031474468809
37224415797224
24410086690192
21429771668062
31038488473452
23353392129340
26551450714442
28923592087852
25218678393583
20574404396532
21901883605724
22945803555531
20951454881660
35940975734328
23137471181981
27327060235642
26252531247728
19686073754827
23172592886318
31227776086912
23580955626966
20191746846031
20343580123322
36965728075072
29795527873594
23335202565613
29360823502639
33813731120629
28262891075850
22926636797314
21782263186983
27699474758633
22803728896331
24624859550692
24247277603682
23273790610833
25170614385739
26142252737694
21852683886651
19664225030588
32395519751609
21530066995189
22482463896381
34406320699030
20135209141549
35083023781261
38767673338880
25367023057618
24163485389942
23233149046762
22161482281546
25132172768526
28599009025867
21273029900244
28040592855616
27815648369205
25816895741526
32618167119997
32836549901273
21038771837823
33466824585044
23028515349590
20877166721505
24536769609829
27769688921189
38057088156243
20614483072704
23579500632574
20289395537761
20086008498115
23171765226967
23919531161884
25792133021230
24503869283534
20779846560222
19777156444456
21704258803698
26051499787799
31128716404099
20466875082252
19718419675303
37821499790371
21212759284077
24264869045447
34431089547174
28401227057650
28760943818300
31631841988329
27145568556822
24083834746902
33029105097423
28942974290610
20248101375262
32155871986113
27904004559353
24057255602110
35234556164472
22945461972301
36350287921842
32033632897590
21621524339515
21687548636904
26029655022481
27393742230296
28561134742332
21236644573500
20993697723839
20364929817804
23951315912289
22131212783008
32157694034608
31223220834390
20414663131991
39857394791261
20060539148989
21212158418579
20210404471702
21559930860198
21348345984842
28289637547379
21019467852026
24379601958702
22148760626411
36992345298169
25582411035692
21195286675781
35006819342343
25711750712927
31037197764676
33838831726123
25625096092465
27187538890829
22129587382844
24229708456486
27923568189504
25052748400507
20172680785900
37561583013222
29312331828984
26818318652103
38504375687185
26318561034405
20420363619245
20549809296225
21311214274583
21773582078837
31868003001283
22913919343757
22531954238588
27945701540626
24686396752407
19943952687556
30446898997100
30562709620505
20970789839383
24305008482495
21447612434168
22913908300854
21213886955211
20550086779266
34956534947325
33318751475080
22344329795842
19944069274707
20861906369332
23092365879395
19983127204638
27570285085687
21403617628502
27038164947396
30920462137696
23335184950977
24841183876948
24296053505865
32639415377383
30028911243295
23702217555526
25127511393536
30449317563168
21762393108964
37535991596832
32929561639567
20552682519767
29958454407613
20460948234861
20212210822126
31201642493837
22561877266681
23685006606394
25539062321047
22310270516377
26491068418478
21505846927014
20380715092394
30305749735385
21038798099824
22168986739166
36375847011198
28737704070234
38110425884508
24496016152051
19697577831142
27632524611652
21616708083799
25068657625257
20653259602353
26053712400708
22227771413401
28130248677415
24499913459956
24326317517387
25023240627158
24062631667905
35006261555274
26901182323970
32618178309694
20422071712037
21964224609666
30426996633121
21803216961071
23029443566363
27038306476301
19867824872413
27213763207339
26551541972973
20060615468716
23580669346853
20137487439404
20802575764685
25577046490651
25839599360335
20918900116566
20210604496774
25988349709042
20549482737757
29909426494834
29590485852693
21021967199714
26485266112839
26470110986247
26031903744898
26636889966989
27237826164588
24641086412189
25385945517104
28742914588528
29153010472738
20716363991274
23157829471017
20772044183973
23994027328244
27922580609370
20940542867900
39323732625885
25281564753181
22662321048865
30002877293795
26380315495253
23241556079970
20903203717319
26883505701566
19771234290150
25751033477529
38583324410668
29105886159917
27659225394934
21582391136037
24310270561490
26969871082478
33739007942289
23454968327520
27548367258972
24292407186213
26398251771192
24389803981726
22141251442008
20864365822608
26992534879473
27946645976696
28969504263228
24377164131017
29938346043003
28852157523650
23935671069450
22783423198914
21844098758238
20278598694981
29537221248036
20018856049033
22170497523242
37121130341266
21917518007597
34482201752174
26749134421323
21134385413056
31062189817950
35157534647650
26950640844066
24853661613026
36273640642476
19984883471969
24181266108988
23752206824157
31626408165655
31062568178713
30008104380567
19704350561251
28080667613782
22062028466619
29585827463055
21469457735326
20131807911640
24099224033149
21811742708836
29538774160585
25405644444350
24308063874883
31057842417249
20671108863093
23995439692814
20041948306455
23953803154528
32977565673069
29566347738992
23446253490655
30212181760137
20285057650197
30562005109654
21902564178579
20557512802941
32255507903321
21645778202855
22281263365749
26230092486558
19868527088611
21858426053591
22221838151376
21241106974527
25666632078946
26659187021280
31346395436874
21508981352173
30685479706776
28925496405034
28875057175243
20169106276544
30357529178996
34010408588550
21783679143587
37018154725739
20091673969189
20135188911816
30142544035748
19849977284396
26840280681856
19798617686131
21722847501317
28742632104332
22583709675991
28742215658967
34307720131712
35537199104733
36401419291574
30094519149654
28924664687766
32470292333025
21252055556197
26158808077371
30186974919375
22366890922920
20709006902120
28877500555930
20571620434850
32227718707753
32177669881990
25597112433122
19808835475830
29245787846079
23932624683180
20058944836165
21000507357867
35942304162079
30164593401074
22723270795112
24494423380009
29770048806846
30707313967132
20518335665938
23829160272905
20555140627777
29840721213613
19829403989374
23396785821114
31199509211732
28041216513897
29405057095641
19855404065629
21624381239613
25282911156371
22937322608125
29586383584453
26246494855233
20978533730655
30656401673943
23373956158506
22344800203084
20628770868569
22542295287696
20937461918618
33444173796775
32635286189473
21015876484424
22301209824674
37043956500756
24137556791577
20363617215728
20321042023816
24619986844768
25596278707525
36478095543094
21177422160146
33319694905174
22510357755581
28714781816173
19912101150857
27303730464134
29360697528391
31011366981054
27077280537256
27680101946531
24777542253393
26336327845932
21565410220959
21705594121241
20918661065936
23233581268499
26468696601450
24205467548284
23748280595590
25170976024525
1202537121570
2602172458115
3421816756873
173665802850
10789745386243
7228523513501
814355865360
11426804664645
4287452720891
1562435759020
7892192426972
18875189158699
7360751385134
17238947372781
14697721179227
599057330763
21348374483224
3690012576779
18114535016607
9744308060004
2403868179180
22784172308862
10283592217106
216798746201
7514285842632
19415412728586
109052325313
70096382000
9170478901991
1036094161989
4655492858119
190257482097
1011057080369
11255364900627
273789117323
2166850480304
40022500609
2622047791705
5644317288031
7162173552257
254572819988
13822265558920
936383000804
66531187407
21331155179065
3015167827968
3241917508168
38441639515
1515575069421
23827392680573
3092265209565
11423838141200
849972197450
67857433798
1220046512437
3347973805438
6078862332537
1445847873563
317180999698
15825915142442
3327158703575
3131578682581
451505565428
919859228747
196748366660
2075288330125
476108794351
25155190217
10763873554725
15557231093118
1261333724039
3914616221857
20633726937003
49500408441
2391263534358
3841197870295
42462460038
4082697568460
70183116087
14184421888296
399531313582
734882454995
224208770351
288529554
403105468037
5208232725903
2425063964415
226782013503
1679098324105
7093742509585
6929337298974
2402781678899
238378975509
672808876794
21704975783741
32685818230326
208836943
233049081029
9831724177566
30853727356
1709460909284
753134289056
1822246787440
1042048051691
129316942329
9982052477570
8770934695301
3561074531492
234935668549
3374749013247
4238609491
1108871547040
7588385945747
236318736457
258000950063
6529310881281
3675204876718
3863648328676
8144262771106
19434321969003
2055846840378
519659586455
394284488639
13798995669488
5373986938134
4369533177
16574227807791
2409000266047
8444842716764
2218069361673
28946584065810
3255342730098
16977058266066
1272205471871
172757767733
3608616745084
5782325321883
2692351666109
1360772497
8123231162999
1595881138818
12716174603253
3830268527769
1381039392484
1158072456948
125601870878
334413891120
1395454260722
2053276017587
3152149719975
2021357849751
1851159566470
23197904356606
753737386243
211081588077
19191697273949
16871134423970
4219465157282
33750757765
1231784276182
9419891088
2535950661586
1092630362847
11596620325142
20767520509521
1379694747259
387848631818
2537162218681
2692811942462
328259758296
43299373240
9837755851
345004370293
323468213134
26053704992979
65582140632
6770207598740
3485490118439
12169767876489
28444017298480
1145702113496
4575824466487
64565816290
8451724220
925146544972
8242724198111
66938233904
18269972626793
3406859462625
402038273504
1180624484689
2576218337645
255609839189
1220044049708
3705256185391
9604759648473
11414065632119
7997753240
5622142809096
2762356908927
74957403561
10536039141314
5334486383
10341179612013
12663300104407
1305492209871
6626885451362
182374996397
931288925864
1778605369362
18730312530534
1051922887965
932351255583
287960243163
27923450355743
3682413260250
1235897453100
1014312167314
3158605103908
763733094524
90793291824
3709318580624
801737051410
2481040013975
6824460438460
6668856040
17593939538089
7042384400733
8451033944189
788494628833
6990052209952
11486588615907
297413804680
29562223574169
24605613749387
9626743880558
5488054177546
919033068202
3347235635
7484803839906
2297340189941
14872417982470
16200045749465
7541814346805
1875365365705
2304628098653
6594473881038
1298296070050
914868038576
8538190589712
9624378531203
280447784723
2512877554132
14216884488180
6433676850843
4196746904402
817269280618
2873024476491
486670250464
6137108519037
74034487
9688763243
2309171505775
1381874266480
657284129422
6167225364806
6632136048760
1630622232
1240663665492
6404088001309
536620653671
25962212383
21361893067346
3674339209795
13556273165607
2982610393641
1492947824685
1159402045891
599346218415
1922103588
26973050074
6823262040696
11182499777687
17010883035110
12253158011504
1203703150580
20825524318192
56652156
9140933985109
3458628674629
3442761867217
6037956390959
3541089682214
1207621530627
1573293641910
17897292862
383372324559
80325540221
3098047825019
13256954419
1313630367147
28334937140741
4392264594647
12118067198884
32191895143
16114165236495
24332812532
12678385254788
18348225632922
7413887269606
8038773561234
1396459291332
6329948564968
6675315595192
1549089295918
491918916106
19310024043817
787361036750
2704402815781
12617285134144
21250692448890
2551083010
100642467755
14602645905812
1164313294955
6222824353347
472588564033
925105622142
6039739066085
16644820144775
5199825465710
7143811006453
2693550485240
12647138095934
2712267314051
896714878076
265493666932
3331901014960
1955462682151
9119354590626
3293075474213
3427519805366
1283567284193
1299990526166
10801266430546
2435031274
12111191137060
4406574536676
7071402163515
2576684835138
446860400236
5253117796310
15459588797787
5408120479034
2309191371188
157079185723
8123154632299
1855623507920
32685877074815
29495420787506
3319316424408
367537870084
164991140009
13818842363439
774647962541
12511931865590
1872282306215
215890238194
1573485781600
1188565562307
412823519378
626026790493
25882251847688
181735104305
846253551588
22181834518901
352037314771
4878507544590
18221322035495
9928153307512
26404697681780
208057595978
8330108823733
7667669899940
2078103839172
1232369471504
4157727288
1020601269428
14027249104693
352700405671
65424538604
8297964608592
13172268883328
1868642201379
2027931325137
24058131709709
83555193720
944404381925
2058184177021
25111833754946
1451109037462
8341028655936
15162222430974
38240991438
13199739361350
16935980168006
21166865779227
4600484422842
1016972904519
4381872526914
26165002589501
1512348238049
1640444760010
2176808981997
10919031731144
3923802855137
262379672309
5505223
1738425280867
650986435731
1824884878820
221017030589
477255223898
17185560763628
10347844610649
21058261677396
15656564983156
8231982871793
12816230702835
6195328478182
8466957273083
32688948749152
7984479035399
760671008490
113113414041
2629132487157
3252656632226
416066888071
18064372508948
7540404101042
21684419370834
62200295512
4304144318908
2116671181139
108686164
1469730696223
237465416263
1947221559132
801329222132
538295366246
31870887214152
3110248332761
11095496117792
11270474544162
3298124908468
32979748366159
775248289244
6631746291585
9096744964143
2126752768
20900045726
14139525787384
5917929732864
30079793273
3913577886729
999943042484
27816760775393
29314417278021
8037518687624
4829597881193
45805348077
719913623050
1140556534713
29654542063217
5511740469661
18916830747271
9558315360687
631346105
4051064743168
4903223916657
459217964254
672853306407
519562484769
60939614302
15160999228038
25066360344708
6654059528986
21787145307094
14086186162028
1376967035973
9469263044699
1430949850650
36683125784778
91212121225
134450750806
10024893090071
1050708889669
11751717672
2544410489463
4205805822050
2085531051532
1704279237334
31219241119
2687905894596
22626027042109
17935640161471
15795356026956
13522370342625
11403822629
3857117268374
18078091668349
7658325098574
22020620568166
2281017120728
39164205789089
10252699477632
22723524111238
20637663257757
4271560040661
1627435248621
4002009875177
5573202539970
5330055271040
354825312485
539683875868
1605959026983
222730191695
185662052602
6579157600471
13821975240946
5755759869562
125739192198
898171745203
8914545561845
5990865593666
3594935877562
5217865198088
7237074815549
9704659085113
18023456646996
10580151316436
6707796030902
12182272853174
15858706470659
1905035710882
11411585798525
23997203275
4743358568662
1969486984061
9008496409324
9570131385
826126682856
8704081642883
3537114185449
10494356035742
4148961297600
20405448646894
7094047
25088400764
342860020896
4685841588862
16974608322365
3605423728304
27835510162
5140385090464
3185544089194
311403522052
15276060409957
6053613562743
11284045621228
25302076257302
3872706246904
11687379719467
13494280653125
93187390273
19775946517123
574865331643
14312538282694
150344047328
31957629352
18603110705821
4882555215659
1655330786074
4837288266265
7717588612092
3758893604211
21157194401157
16167850939989
9587327011949
8562560474378
21061207113016
17103483979589
4989689231337
13443658745946
11326204655565
2099839296400
6344765972886
3619282743714
2744022855466
9610183158671
15792096475155
7969028387694
1376303147405
13502752854168
7476038898452
657431200554
1565551282020
13913935563034
35691508125
18770281069247
21270192125829
11832449497724
348719120913
25175054389
13082385
17846144549160
793355387697
4372740591541
23147364198
16777964097451
8218227548533
12803642432883
21704882584839
779285791332
2164527506395
1622313625
4199199186960
2371750650078
705891475158
11729238581909
6414868194767
1182505828811
34780788399702
14666278690
25683635873304
1562935427939
3675480545039
8353355802869
56001288182
8815468917294
6218407721222
1851290895181
3293914971735
9652832042245
388101629
18950188388762
33490653571830
63465817156
4110821193201
6307389856793
32249936942790
5889537589027
5488765520539
479002328744
2270220989716
81436355
3334387883732
6923140400075
35789849156724
20245889157404
346876357578
23232733456474
1530787442427
21321972555576
1898633423408
1711883218009
3725322924274
6182414022083
12288974738261
4151144818360
4196620336165
846183516591
1380102059961
9185329163608
2135950604345
347630688956
205074383567
5512853538543
11950405884855
45266553311
839948396810
7182239556368
29821716888613
823474933116
11479303028714
26527441453145
5100197498441
1425467298437
4713886515643
20083480755875
262023369520
10394454668707
1630587577
14945134092844
95624313935
3254893660798
5455049197283
166856256873
810173002614
4798625585781
2615576761299
3955999810603
664806462
865535348800
9824714435400
532133456072
542093230
1252889831282
72539168874
209511420891
823440163949
25520475908
93178862392
10156753275330
488748108738
2704995998063
17416851559723
4242541671779
411063483806
354742953069
10989528636759
17754097124016
15342989222005
13399798307678
15942332820482
82144192190
2137628435578
63881677918
8390741865490
205398495344
461492928375
18042620107761
305211837785
3188107532735
2541440298939
550050971806
301152779655
1116950342707
15677211910686
7091240134358
127386578513
580434361172
5259436213525
8739048970373
1453264224191
26030423592969
4120439649563
9931974283854
19857667428675
4115332228542
920711720951
1881615258701
10297162200635
7012532745
10563195153226
2915476920649
870708437121
1456813951870
9914943364746
466731311403
4626164197068
22975051451218
3412804276668
2683061826877
985013052568
681730748080
788418831762
7739464399798
9333179467372
12847047550235
707770958943
545852010817
25560453234982
1009666573710
9070635908564
3562795915732
15761368715552
3093447650439
295927811122
2718608156530
18835540297678
1784747674417
9703525159906
17344355961888
669741710
50082472669
6903273951995
318235266788
32071649055
28488931822318
1730989746268
1098909122548
15493515124002
10873784109052
31204116026049
426864587027
1815919085239
410204738073
10105094480914
7481850863759
3155185072818
3077295812123
6182485634525
32491918514858
6606374634646
412402159085
15276588825939
1225707005375
17771252181402
2278777572627
77744449238
16105136571
16911197538433
3882075898297
12891904187414
51638429995
3163077067309
16217686926722
20821604743868
7159794723858
17098869685103
4488323384369
28833583767472
576100468297
242889335276
2539293530912
15360485658
5843268480162
1759457766670
12411368679525
5323198102389
9123381391410
31292422035825
13367928552128
14309444372762
8378705133443
11718126216424
3307233649
1063958129111
2896711463200
15360261348507
363310024556
35763325335023
933781374438
1039232624847
13292258067240
4869225298496
1340271278280
8101641089232
22907923711714
660458541128
82696620825
20861875285238
338827226868
236991701862
186980456514
14911233395467
10859961422896
6144602678009
355663007205
10295162314868
10129262340814
14524527599883
89896871108
7674751717331
5720411164529
368291831187
51351481870
14361092191728
2967819067434
4015009552743
7773364083060
889159673191
282355967186
28109543912489
1155815410492
70598320626
334324580169
13368517763446
19603112990892
514885424294
6551865363617
1221991792
6025657008013
2403714207086
11328986433907
69674506770
41959592843
5872958787366
313280132872
9004996528623
749115431207
16261856172496
22070814293574
6081821213289
1430871760577
33359643235
21055348097463
2057392221325
27039344693248
24815585336410
2183057674702
156205170901
48062612190
1103007767351
5322939726047
1160326095036
3220417415395
3170725187245
9837138698738
4723857341268
18639760630442
1790156250548
229178210107
137996520546
3747469486226
209760981957
7917620982414
2295141511793
358498406926
23582622251146
13587426697092
258331921523
423215714567
5216248619355
1008861550151
2419349192270
18658223263149
9071355996750
30562521601071
219039812494
58114650569
35535163730910
779950571946
8703869362297
35687338169489
29613446725548
9653312870775
359639038316
2443261597853
981899062659
4408181006619
1714315101726
7288979511944
28373134080975
6729978722243
8394043256152
2061907915
277565414150
9870555982968
10722488709119
196617060681
13926082188376
614219111413
902471022475
139542775196
311795404408
2366197177090
1571526466981
236676821616
13540681562734
1846221031188
4945005482144
8282342549531
196582991005
6979521836038
10993855818
875501567077
3160868160440
15676356696
5808953200181
16612190673769
22048945341318
242376846324
6019650415634
1428683557524
12634957950579
4129379585780
19757656384148
640341723035
5996063940
52916166376
51301087474
2368929231
15896193914744
10186143938552
115772052287
4705413618785
247396608458
13930648827871
21931381610629
5350608184946
15927491419372
3742264695600
12830793507712
2001155873319
3167967717853
68720432597
14464556811
71322641154
794367636839
346049344419
6070919711339
8150856115769
9335450768743
485422600127
678307086519
128142620974
12970237698
95179666318
5273592830654
920109253252
5833145873386
16300409438
8676028612500
366939194564
5118510329951
19166145936961
2419163692913
3924691997564
7264978147239
2437090199627
4162754819084
10609693564942
8178277444293
261414916581
3072144190268
4669053592013
11745975598711
1873225185569
407174664181
1529397606261
2522321988865
713380703427
5655638570264
10521529740181
3176282790350
10391576990457
4177968942
7322134256497
386356038656
576690687378
28198625602066
36502920912522
52221337788
1089459435246
1393442584424
1630508313495
190879642220
1884040074216
736666834669
9452786660973
1922629869604
1383900050940
5353907097254
1600468056021
24724686925747
1593166310422
15059943513986
17947747967911
1815650073062
2077611576727
10475944131026
222758222
16755651394
729694682032
1046829818050
21449044758520
5873038976788
610985472798
4147382301341
25043450342733
15593548995356
133523520308
2350175308695
2501219953201
14344589103060
6283833777435
1678788543073
778974241577
7702305896098
729431130937
4862119256761
142869052874
664355781115
585749807172
24682000967179
110310477
4745905419345
1664370581180
21096947313871
25882479873180
6697578946357
1817052465601
15990896501907
19493180883386
1721595322390
57979468029
2033400960183
4472208487876
2562808415789
57457306339
59084899073
7255369646718
18675855317622
11138905496171
242159663682
2371039259
5309938773054
44565942996
7707677625128
14570303250137
520697929065
1963547889724
212880371591
17879424627302
86976434169
8219783648774
17663952116488
365732019068
472127093292
3763267316365
8889943635539
171837771283
3533641505179
114955558011
1855962548874
5111377791323
15254907767870
3981975407661
2073929343084
10118559151524
3147612297519
2314084075364
10402620198764
12825837323208
5211222853819
2778542611778
27727210862725
1886788769834
150085698764
7377900121703
813667351528
576617926943
12024288400918
1787021837811
852415002787
1494357976388
179297790027
18096541791557
340463675361
1344267257900
5172963399032
4986270347316
52119163128
3157803518845
4367073226040
11208208093375
21450820816609
3855851599207
599500572123
5856640434501
6399776532596
14443129978714
830302817062
1723807094458
6743921701847
2483290900069
8110399749888
4648897910830
17342500635804
6115413685510
18934060683434
7320856569507
8075584457830
394009177142
4906016588777
1026990742283
22361037814195
9289240312218
5167637248581
6639702666449
9131948091599
14201835173003
3575534367047
95612062981
619794711184
156452965637
3891212203480
14604779064685
1413291813225
3270156789707
14843818398161
12339480307043
300415109411
6055941388412
4638135610391
5222132928419
20573557030535
26078475733946
901202758259
17400298157367
9902643780246
967447190276
4852816697653
11307711906402
1590550795610
2955240804405
1167653873121
2357173192702
26249983460
7264899231348
10787857961817
300921845401
13246034759191
333101709912
1536242537882
3295408117095
14554204615758
11687278226255
4381670918334
6187544195793
21796000184099
22686524875111
335992619486
3265376229292
22183244570411
2272132355662
3833603693730
3022024684371
16944290337562
2407711468769
6715872027064
295385791027
114503553329
32616683726264
27103649
13321945559614
1800644541434
9932106156196
36126079
11136792701859
8036600813
17789674774568
2011057795183
5979881221847
273241282419
634989055103
76546897513
10841947459146
7621099617765
5921676484
5653901798828
21514696369325
1038852848870
3889356311550
8076770278093
9021395396761
17522664046003
22579534089
1600287613922
3388020091088
525338942643
2744465693151
3057046037569
100840438626
231263629466
9506154101941
9033340421991
501032437089
2162914806313
2034748757695
3370087964649
800618626616
15744715339278
2534525443238
754007923437
34294218761
18768935586629
10020498387332
130959670687
804610629589
898644506265
667688499127
16542064585952
1537064171655
5006749721981
2585904100
25405728940649
2783795191253
3158414700323
3208896415400
29655080372414
478460439119
128177103805
4330397215643
222912120705
796684383078
178028136300
1742325546787
1840962845136
414184411919
5163970259653
41464277387
28810637463649
217583542093
12053681483
29520946494024
572862838612
1869774596325
18919460224552
6179769545835
4419728776700
274940798298
3206607660379
25341721967082
5944698823108
5653359510032
1189189030213
13618286172542
1980774917004
7866652679418
497458603503
9156868405026
7110264750124
7416833534034
609473219147
5274170029160
238575466956
36673688745
4258687762082
29083772632909
392491856803
389759985495
11321068502187
9045873834734
4286991038
8930851593340
457702529556
28217257908767
6910947291324
6385350810555
12214360529080
1298836476034
4485415317611
11894565717159
3617869699674
10261305107227
21102859400
500167902262
10743001312
20806611891398
99181881609
9263532932235
25194011886779
13195758076724
213124225598
2347786301643
12288310536159
13484616230474
1047911264477
6595204560562
4484006704846
362714505878
321740967
16356953331195
7980533147838
23526705441833
12749875445572
976778081879
15240837852552
216228090086
161275542221
28286060961324
16506407216642
12666541384400
4248276572967
612591599981
14556926416178
14074591016474
1975110331250
3974562515851
2067411382282
942159452743
26905554722102
2480289602169
167255197538
17222509654878
16071216782
6259314132849
644351578173
27839234405841
3546137712878
63254050377
5779962780640
18863323440334
3114270477981
744769266386
500698764523
13980776069118
78411336465
8188697580070
1731881995774
8716290387634
10104902330357
7858395630315
889384881112
1639241348605
4286967396562
203483273670
16739162795411
6202638870751
366450035244
11660290460425
4173189121614
8863588378771
17472086357916
31086154817295
804713852458
20669281146916
5419474807806
9484560875503
19754954206388
8930232414511
891718602342
6620139706612
7424927284614
1651779841506
15108752639066
25724559157354
73485851682
117774616857
17745801257247
421533406532
11509411929176
35057172976363
5699421970824
1518396992699
4425845715745
7219107200878
6083193202735
689826394748
2416509099106
157632238608
1554003605717
18137286175549
583993401211
808556785003
12892710701529
2147757966587
3038065338861
23786897407
25684702225884
204245563883
4514924932368
1422939095336
6908963571630
2239033404670
360761989212
9800171545568
35409685160498
2195971772322
4727167635580
4091721519910
2135935240284
372713949138
5261400539409
607349634166
7958396594973
24266954833214
3275904859789
4415704821960
7525818023203
268778503255
1399605398100
2018741428133
16327286344636
7085475316
9691733128388
1269102810307
9758237408371
6096549541683
6718267829166
9378202030881
15951863195
5999467047360
4987300535601
3199616988902
6406879654781
3102104036324
4406381753153
2880315801865
2155717094708
1761241829580
2596864626511
69392303303
40552616168
19345478811432
1136832277194
32880844906535
