40215407189923
28473212930514
30689293264758
22464103417527
30946745354068
30573551559436
35696532341486
26123406341435
22222979171353
26100348250511
27135756380679
26469471376536
22316238161527
21363388695037
34117103848766
31442873240128
26775958078231
20402778389177
20064003507977
23564507607300
26079925591059
20616319685453
21170828486313
37257703071381
28813736055466
28697765011572
35317026495213
20249017108786
24492090421557
19690360568224
28024425198464
20450920268948
25744952288149
34411998478555
30990541667445
24668020060382
27773256530378
22024401130951
28538654364439
31159322755304
20871751927696
25546899338880
21608689292820
19908850439799
30361911215078
30549066705432
25540224621679
27575892634379
22698892844489
23397836991275
23790314806211
22880926592943
35569720659078
27461019380258
25103043807911
19755970940598
28340578240134
27817512196439
34638636020505
35166202785119
20266686605467
23862974741756
24983178210158
34889975414935
30292104749547
20046351141032
22909156001873
21647914433230
32935747323071
24085677095611
25268300704692
37129587288940
27250112289547
37026819502992
20001961300403
23248234038227
21836855763202
22991129579779
27956883574142
21686127737520
24087967401850
34862018688616
31755389939362
31657744230158
31613675418077
21647780449924
31849511319783
28087868576332
24053290549253
20362000531999
26739546162178
26977682945600
26964688936549
25560385507643
24879186499314
20498881931755
23987470911499
23928215093967
23830811912412
29268353696079
22256297080950
22605284951977
29568555200619
21349172600399
26711162810087
21510673617360
19792929701515
22265576255824
27150165297733
28337739168052
25669266352236
21737823975337
22105070266092
35747378955718
21919899622387
21752309624033
21886330255592
24777305627570
34515284416356
27105718110432
19752233227022
22355276446731
29271522353585
23153570292846
27641946585398
24753985181381
22605548530612
28697130799309
23096113780802
21410459216965
28177345128212
30991537831223
19966131857350
20078033030623
30106054348357
25829932150406
26564154107219
23032125456912
29870577958141
22504903717055
22464343816344
25948869214952
33058316494489
26820933954723
31085737287056
27727188424774
30802842166215
33646457379812
24585595605856
21787139172368
21090069273572
25176608469344
30801371143250
23134083674439
33231345824200
32618452698311
29895961944204
20267375460473
23031370321218
20135416171846
23852247442054
21315244884897
21976593638316
21456431311895
22153007907148
21786520380984
23637123836231
21221369573984
24519860726553
30058580043564
23503507400087
26296297016775
33180328483637
34961331130896
20030021095620
24136346524627
23001351019255
21472003643397
21961646853462
25475554979639
26297620251770
20287358456218
25811551402444
35188080362975
30875874174163
31063688716843
25875402858591
22708397490070
26100660565179
21193269718645
27274760407283
20594604820717
32065620225975
31754234471143
27773156630013
28677606438141
29567778942815
32936610603655
19868580162357
20575659963025
22048893033183
29664480396465
21495291555377
29406740485013
23260924658259
20437671171062
19982259002830
33820273845687
22223845649864
21520741936918
21908551126366
22323002206961
19726868915510
19716547471039
24823832278381
32063968655361
24331679779084
24153738276302
23172933594437
26273238270943
20828471574107
19667347615656
30898768220478
38987864172642
27908039372916
29943633012051
33353239145230
23659252181534
23183996489582
22376396227595
21241939114065
24836945126910
26538234078411
20383202914257
20691435581671
21040622349681
24094603262700
26973946058550
30449960515812
23308595066526
27150184391409
26068787535212
25611398166755
27195450292248
29453388820479
26982148946706
21490014488574
24871786414978
26733117579181
34765376738456
33501456811285
24289620549648
21529922329098
28811061532147
21074614241222
22623862402789
28677748415573
36689887304283
33966843501131
20115884832331
19954123494267
20868587681169
24878222356088
22920785791001
27463491597371
27483705286007
24169010966037
25559649027653
26719790267893
21438479320257
20039600656159
32401878047822
23728191860572
26675868210487
31019975589081
25821611262485
24879408218964
27018299885455
26557806926562
25646288750342
22910512836110
28315084449687
22211543020534
22990639689659
25100861762184
29895728128084
28111539619998
29892728418636
21913954931882
29846355792699
23194364450394
22304410944924
28678287308992
20015238204967
28697571379629
24081735621868
21587445038296
24292949106750
25248986267843
23432525856068
28707461771174
34339349834743
26468988833438
25139233261957
20459168615264
25902407415784
20325468795219
32842384330955
30311619976368
38801488234485
22842586067155
25667778325706
22626777843893
32766526234493
25789295919636
22344348683191
36615180175489
24080699853555
19828461229484
24647511981966
26779996034160
22684432811563
24564628125785
30474374115761
20221592779691
25475721244547
27849493990028
30126884116719
26557555206786
21392346007258
20307063014531
23013718975336
32182557817074
20525813682454
21766638192118
26253522977013
32182534709294
24115140515199
24144537738183
19972728902816
22183848756738
25539400802863
20007701499276
20980983828567
33896481037809
25931382455901
37312136477031
21352820785052
19674950100423
19710256558674
24345192381142
35646058538080
29249717897054
21706550289931
21545572576707
23625942935540
33059483564851
20755140542970
25583251965008
38643405807653
24639108937348
22479038470032
27508117480074
26538371300374
31685607287483
33841878838572
21806325038466
26231023924352
30152594060062
23625439008821
25905516197190
24373128213089
24259252313306
28139485575121
21520822771980
28087306557916
34262404483234
20441261335397
23256842766193
28606554401552
34166652855245
22517491929604
24394530122444
20253814383273
31467838006308
25145748682898
23886561494914
33547784416223
31778816737461
37155523925062
23093577527969
21698563184533
22678760581628
20336524705949
25335847934497
22197348553687
20817282088922
34461585817357
32741991026390
28267980234802
25280389056533
24331009239226
24569714347501
28019674971142
26702754893692
26327413485365
23728531487865
31229329763138
19687288222106
20616331100415
24028267308765
25927960829762
28223704228042
28223038373369
32988732582273
21050589349561
22164054355599
25991082428825
29636714040128
20402874162145
31374755491245
29876559700370
19793970952576
26447969223526
20021275279221
30221273512587
22282954418978
24165655408463
30497688307705
23237206733426
24731211663374
19958130345183
29708186808785
25665641305518
23440195336602
27820707834279
23894392906376
34914776014074
28606649195414
27351770296645
21180498484824
34193396303232
35012916919707
25411476324957
36871718009108
20701386294724
22615590147687
30690346736579
22162350537383
22042756919787
29245874974717
23337786342213
35671232577267
20212117512713
31777196588882
29384217530750
22504242367109
26209677410875
30075436701862
26338427619509
20823096326718
26249184534254
25027399597861
23224862149710
21936730864735
19774434926416
30175601391399
26689847535906
21933446519890
37104159258802
25201098028631
20055416888923
25090776837994
20341955226511
19772440705836
33449799665828
29385643991076
30264722195119
24573617810112
28157254878933
21607585672320
19806992557596
31681487461910
31753777788074
28292491482348
38065830412680
25629512320475
21888075146304
20287282651954
27374727599056
20903381608800
32213099498477
34016143592620
23192986084639
32596703888106
26253199265306
21020385534378
23481548912457
21417131028580
19879596572367
22726451149369
31658231432500
31492081970997
24816029267428
25532258117827
23873620559469
25520804257205
23216460230738
24228132882742
37104664313014
29020134265547
28864847593977
22814679764535
30385243426506
22084250766639
25062113270855
29062485101436
24352633418607
20423691626734
20269373434579
31373691620751
20011022289062
27704904217499
32261168958622
25851512765953
20422252013537
26832275197914
24892702813240
19715139817649
29637302479224
21079464591597
20306581879226
28772739332072
33496554842806
25339314703981
25240606114964
20671199459870
23316784086904
26910015255806
21031082456531
28610578500382
32451200058568
23350270573950
21028323953337
20901865982812
29459849484495
20865723832128
32860754999800
35141079224379
22064474419663
34067539352562
34043687906153
22888347073891
21866645498346
20927305433948
25690323566628
20411468029612
29616631692310
21143221586613
33474392976614
29297438644079
38776722109875
23914870553356
31757282618052
22849269153814
27284677045843
20031413509314
32913152127453
35191406122187
29344326506371
20633819578339
20229923017950
23914684132960
22493344297105
19907684324384
28177064217448
19757311905776
27907482857330
26753576262562
30385155791563
21639041784404
26600601648844
37259357645405
22990564066295
21607194641979
28434477757386
24520941827829
20074361500850
26888020969282
28746464374412
20537658632387
22605535233554
33670767383176
33501388545057
23491191782041
35950709090252
24320260460170
20382585635216
25261098747727
23917982051410
21848984078165
20249284034552
27863411586094
20042452465885
20377791113770
24082745816436
24319159747903
27028914140180
33034083425520
32548404424636
29271744496663
26722215230546
19955139799800
27130359166253
22686843453543
22268020098493
22462918063340
22202169122148
29566499518739
22496317917375
26800184988845
24378063045825
27529705528544
24143061703776
19839603943735
27196778194881
21509955243966
32475218374541
26785535846517
28159752271389
35874229738926
24754619528307
35823550112792
30148331910124
23459532373865
28045561037184
21139944462440
25736185798006
28360344129395
25007159116898
20405010513935
20662583391795
26235640067374
34764677380445
21923739230995
20210805502678
26740015292819
25252398193821
37519285348497
29272513817441
26079225085528
24594061119270
22094903822374
28019076110798
21445418513652
35065367690937
33449729721459
27015865390769
20190555967780
23056812091489
23153163374076
34043076478987
26491044396696
23399182518240
24772650909095
25330235739525
23174773901655
20478979048029
23624913418381
23928413213305
29177292005099
22908783592059
34511673609162
30710986612899
35797998964066
22384653517364
24351751072465
23092203516601
20292680847601
19923483930723
25712038606013
25745628463890
31709588649957
23873289459145
19945230404662
21333538882107
21757858169012
21587310859812
31395438814870
29566779567337
24020747085121
20192299455000
29136846127492
20070473691108
20131389114670
29179670247328
26843505245866
22644372182285
30035544917435
29612759198537
26406168889427
24732704188168
20652911135821
25883897297445
32644889320613
23709765870215
35544829157222
24101933579198
20345587914062
29107521431199
23969860899164
26253314621609
20923778241992
19917709723762
21300533657795
35012220478354
21156462569024
22681097435834
30755502831229
21896558599921
26142981304247
22112377880540
24073797132979
20336516916937
26742658439898
23894352858262
22023106698183
25411651131465
21833740638865
23295495481806
20229838610854
22045708059001
26379948961845
20202664797707
24415908174740
29548706053529
22929492197505
23336756604376
21589909313323
19944934088230
30639052283445
24796256905090
25287060957616
28971186606994
21198540632630
23112870251579
30175319699408
20470364257524
27828120967358
24773722023427
28928965660197
27652373083087
23276009769658
19774151533779
20077472452683
23852502880783
20845285757152
33152978035816
25658808093445
24460481281884
20169107805772
21884373330458
21274007479707
23361263186198
29384272954070
29687493032331
26821859221237
35011712080283
37363626104960
23627198609698
28910135068138
33670559512380
31375275516359
22082995299328
25389397630045
27260587120005
19881714663545
24572975089336
25969489149338
22977484684630
28132584768440
28097477648626
19947060452157
25969748740485
25862679606230
21743416300878
35468840470631
23179880771970
25669028140458
28949030649000
21118414392654
27151675542279
24206408504176
32593644133052
19750351458002
30101788540821
27438803358431
27984155580024
23378857884091
32140637601703
19945665828476
24332440572659
25358965230206
21422399520280
38197064244588
19801802011499
22765778537941
20191744725793
20243232863382
27196692945653
31538301338653
25689498360876
29040057232599
22213570387686
29620699742847
33131612462635
20179219344567
25079743690699
24429145720170
30452384776806
22788837633044
26045243527077
22357028667985
23957100770416
28311782858844
33105061107161
28651775584864
24142228042571
22340888475031
24417844261346
23297308825551
21547700667376
22505646676959
20769524355117
25260035738621
24269285295758
25486435052069
24498469029809
26109359252984
26317726016034
31043948977508
28907871568128
22342535828759
26033322088879
23214453303771
20914842127439
23377555314319
27640070531363
27328631974508
24332078950942
29209677269977
20226987426700
19737192867925
25345898746338
23527962498385
25237802626797
27775945139346
21003448010459
22829640048176
27894449820751
27774081316672
31209513347241
29892946393566
31348343918997
28773441753514
24228700170014
23432749244350
21647706924122
28701055471211
21011045698365
21192205109780
24666787323632
19798463956359
23854430580965
29066858848594
20729420836659
32697073737361
24898938653363
24185627469802
22084373061918
20098748364027
20662792936880
24702567505794
25367618330676
32138410346574
22942475227502
21332148142226
23236828809555
26189533088190
29986078484086
23088045526240
21099033238778
23833526720606
26447237086507
24561739599691
25788654356600
38222480905559
32839468037044
24445080281808
21528035428585
25669266352236
38696960978332
20536618895361
28993811496311
22162563447542
22175527870414
30288104160566
20077234947109
22745391883256
21768719427005
21411586379930
20619263150446
27571826750487
33181627137567
33672481396143
25574508922181
21331889207602
28677628056055
20020431431836
26579631427443
23563953285255
20383925328793
25991477867253
28087876698711
37623626081618
24946883656970
27042164356553
22182062535598
25671458160935
21490271561331
34687116559325
25091936722381
27219458935544
21905382391832
20684634080100
31494925792546
30245748937883
22949615321029
20459107855341
37206380698497
20806799881536
22808064781194
25949130282777
21157546354617
29268217019787
23453498474822
21171503195883
23503596200263
27329658164987
32137436928023
20925839671027
32478557524986
25776036523405
24633761700057
35846211228450
29872783229380
25083821513412
25070161757315
20845486329672
30902249813106
27018205761450
33941968899942
22175094692822
31111674198914
35595274664218
27061864026124
24709037150821
32475307437916
32840064339262
27052784922291
27327870019693
29984059149484
26613349711926
26165934651778
24040319944888
36179541572611
24998629503070
20761376411834
20080201883446
28289653087478
35747379787821
27750829745313
26383357893800
20740585236516
20259038000726
34865012714769
23399265794161
29178211759872
24639393094672
25797156030537
29042501486779
20336316798375
20143414164338
20021292553464
37182329638471
26512301810572
28158890571999
27975681418745
26764798720000
24529117063236
24211814212058
23904445852413
20953769690584
24857978060877
30713692375167
29020556007780
29132832821446
30106290443125
21951501854414
36050599475417
21653650264607
23145943704457
33502393905173
32644902307105
27020594091195
20961880089981
30757387370335
32936426009283
21474718851814
22881015984334
29706284163389
31375545071547
30946587325765
23614295436606
25475214562674
21392386857349
27772536543239
34365837160515
27663520311011
28859708133178
21490415306432
20479394676250
30288199457294
34069616380672
25006539992866
28862250155292
24049767258857
25830397705703
37988676589070
22182255273225
26100892652238
35313724121825
22604863599051
20263700572118
20064305819859
24905175266871
20389672203000
20020865764312
26635540960131
20132948270698
29688612721338
21885726035101
23750829012826
20112867551793
21444763763443
22425962230853
31039901140241
37232499310174
24414190989445
21430933305484
31043854872490
23356667038240
26556217458146
28929040152489
25230681458976
20582056023418
21903490441352
22950405566991
20956544480811
35950695555963
23146251989232
27338854425441
26265083237438
19690458260282
23183973565904
31233390950237
23585875793090
20192104422545
20350639876337
36973263578599
29800633119473
23343236128809
29363871378435
33820592112573
28266870507288
22928901578002
21786738942232
27707095804046
22805985816096
24626416772313
24248310801346
23276162384514
25175494984366
26148321349385
21857251074329
19661960016873
32402823599710
21540088306300
22492125745714
34412855983784
20135296617203
35090413329823
38775897196328
25369045342973
24164818852254
23236825052155
22163907253894
25134552873749
28606010282576
21274112359472
28047081179798
27819948275770
25820447622961
32623878335461
32842253063554
21049683723372
33474160947004
23030653559094
20881464995304
24540450889894
27772698086029
38065885380007
20613825828300
23583610796722
20287723130720
20089824505022
23178333064168
23928446666389
25797584930233
24512998068404
20784153093423
19785228175235
21705920323372
26056330929287
31133593341261
20470503078064
19719478901720
37829665221206
21218090285327
24268671054872
34437627226061
28405681230880
28765713648296
31637535742744
27150167518717
24094624431385
33034956827789
28948553290839
20255691878099
32161520943749
27907090279257
24064090339932
35241544736273
22949129435779
36358247722032
32040980362694
21627423475378
21687550276651
26034931242104
27405213901659
28564482884626
21245867989203
20998548357202
20374497447427
23955421225183
22138026674923
32163862604196
31230323008766
20418555985071
39866217453204
20069050573295
21217726945560
20210835643727
21565061446222
21353208142937
28299135024593
21020047989119
24387117030436
22155537390581
37000558894018
25595509668166
21193774162402
35012749347192
25721417715607
31041354078155
33845405264618
25631767566694
27194501080837
22135825568687
24240655519980
27930989843549
25062538432800
20172544234062
37570228760018
29318344136623
26820487951349
38513128182286
26331262259536
20427511416751
20555021183855
21322897959554
21778945091702
31873253964139
22921777164995
22538068133967
27953039121262
24689519860813
19944590301303
30452384776806
30569162034396
20975842774889
24310746689106
21451623311272
22922274921866
21215115111676
20555379820647
34965348890377
33325410894941
22343054782615
19944514098779
20868311047341
23103085523349
19983799109131
27574431705928
21408577496604
27042112036054
30925853766053
23341386522336
24850461823389
24303404666460
32644959003750
30036285899000
23707975499159
25133431035106
30453059181839
21766515102781
37544952278660
32936422408458
20559271338957
29963047524838
20460605394107
20211824961637
31206234827611
22565455544779
23688284997071
25552222607105
22316409934108
26502497534038
21510728466050
20383933668533
30310071615211
21049934647765
22175586264885
36382480461423
28742741758642
38119528743099
24500582545895
19698642824976
27640212058611
21622993185341
25070611021538
20652684623460
26059697923784
22235032092997
28137227285842
24510573756263
24331593596304
25027897073132
24073775138150
35015296002840
26908105492767
32624173556664
20421312471019
21969648417767
30432185891003
21804750952708
23039348069979
27042544835829
19876649656854
27216601096227
26555826676771
20068813433032
23584523611860
20145100020698
20808539021581
25580357145747
25841238163277
20923355190624
20210772026981
25991415162874
20553654826800
29914575712773
29593703244824
21031037436919
26488718428404
26477683428071
26037810990558
26645323115927
27241534913597
24646049244581
25389270785841
28746542241701
29156785555685
20720639019629
23166681554798
20779381877231
23997776431663
27930223743111
20946341144677
39332192806267
25283596000049
22664722470833
30007614445942
26382359762156
23248051053720
20910069510619
26887877943886
19775289488684
25757632635291
38592237791400
29112558738784
27663517815910
21588593253749
24319938937907
26973546750435
33746677206511
23461092880907
27551911147899
24303374113389
26404286724307
24393673741325
22144054467487
20864910207796
26995560044393
27952306482000
28978135068354
24387284847666
29942475412981
28856698284536
23945952569748
22787671919974
21846070613522
20282337798075
29543183696987
20026489781764
22176152932747
37129236295086
21922403046490
34489903693674
26753515750668
21137029826284
31066377710710
35166571975450
26954216404615
24856674266375
36280158999130
19983268120325
24186270855496
23762460927901
31634273524803
31066982565703
30012182834753
19709321163183
28087320915779
22063629927597
29591186027195
21467885730067
20135141722013
24103790104846
21817046042544
29545001133923
25410624201669
24314957592241
31062427031719
20679712033720
23996315571092
20039765554844
23955047206197
32985344180323
29571931208485
23452887987535
30217946703775
20292259553789
30566517385830
21913759668648
20556633243251
32261425109687
21648723699669
22283144137791
26236712695149
19877591143254
21864544519722
22223545051627
21245576942151
25673309457143
26667112441409
31351702546967
21516307821061
30689250017281
28928690232503
28879900993101
20176118822344
30361885760948
34018474313126
21795174589285
37026422096776
20096394158614
20135543725344
30147149638286
19849668247693
26845638449336
19803714225400
21727709947317
28753742341058
22594857074028
28746608243152
34315512433471
35544727404420
36408102472697
30101468601800
28933882246839
32475248312319
21254350407169
26162422838935
30191849274086
22375389182341
20715237476565
28883679767640
20578063659847
32234265988483
32184685248424
25604705603147
19814350810132
29248811075660
23939808474767
20058454264877
21000576916796
35950455225790
30171267874804
22728352253328
24499144667430
29775982511227
30713164107552
20517666219339
23833572096260
20562382407040
29846823004949
19832365702525
23402385040056
31206531177153
28044622533122
29413685116967
19860466975339
21628812523480
25290314757533
22943789331949
29591797602723
26250365401896
20984616699663
30660631257934
23377470281625
22343419120225
20635209196558
22546259854951
20942308567345
33451056639808
32642486477009
21021022469528
22305022893256
37052236760413
24144014759399
20372409254502
20327716467837
24626139062292
25604565749680
36484763257486
21176960457613
33327319785249
22517381978689
28720765907750
19917272164632
27307442600523
29363667295979
31016678252303
27085431091782
27684737657837
24786972949023
26341985336505
21570182260966
21707092733126
20923731881307
23242484430418
26474512129857
24214669557470
23757510546657
25176486945597
21352928215356
21333708544315
20632672386162
32693420444879
288489839
228980405010
9837499880502
28337818337
1719492580469
750570362518
1821253252273
1042991279930
129354412498
9979996062444
8764883806640
3575689338286
235307162054
3380554374634
4153062993
1112499041845
7592052786354
236792297669
256021252969
6536445011163
3670398610174
3867858235421
8154630671947
19437781065060
2058652431330
517077699444
395807866674
13799864540924
5381472599927
4298313405
16575366509127
2410525290645
8443815830267
2222055504304
28955207260659
3246302058925
16973345943881
1270392483045
176577010918
3616571677231
5774586653485
2691908783851
1320402088
8130425263410
1589853558039
12719146379492
3834207964679
1385849858784
1158642984604
123016830898
339424900862
1394847040505
2045990364876
3155408754278
2020471931928
1853294663924
23206830137002
753618589921
210209637125
19196843705497
16869693267241
4215793679782
33435169637
1236654925051
8962113363
2553202601114
1090790463330
11594734521471
20774574773298
1380661751444
387440996389
2541610859356
2698353903184
327078212591
43099662937
9555267806
350266423499
326030529796
26059677711174
65625342718
6776262468850
3488704528348
12171836594536
28447354438102
1146413967156
4569992708415
66106674592
8243606918
922371391474
8239788912940
68243009819
18272722717841
3411767210783
401355968572
1182905219702
2569811531673
257271325631
1218282936769
3709634528901
9599762754683
11413695860099
7746891992
5628337084961
2769341318556
75089558325
10540477613924
5024954138
10351333376006
12661229690796
1305437643260
6627926089075
182851484878
928950750235
1784577978205
18731675802336
1059185263421
929267275836
287703727999
27930879019581
3697550034466
1235076500550
1012082363785
3174915797619
768328498773
87949975845
3703643623052
798147379652
2476051706584
6831021148311
6701881387
17592009923653
7038444296653
8447451971151
780688605657
6998239625914
11486541209820
296647454213
29567926714774
24617706442068
9621070868065
5478804572846
915673844575
3884029649
7487166845665
2288319421752
14873319146157
16202983681455
7549881291156
1876419821257
2304551170602
6595786220134
1289050193266
913398630105
8538887409674
9624294747140
279416321055
2515864857302
14213857582141
6441783591969
4201630671436
822065763197
2884319587245
491440598026
6138361979861
98077496
10035832886
2311423385462
1380683682607
657725328843
6173915801741
6628816639287
1945617094
1236119800627
6414384317003
531973400901
26471823723
21367573547753
3689334075958
13555998510088
2983898887465
1490954527090
1162540977588
592500255544
1825226746
26457481425
6830719703939
11181682164497
17014318573935
12254950692098
1194199865053
20826005301152
42453553
9143324401905
3452391520497
3447447497573
6031255569363
3542166349145
1214641380701
1583573129967
17373767798
382188400552
76942882843
3095257246283
15449309125
1314695485954
28345264736703
4396568401853
12116790768845
32960022191
16111880468503
24853865713
12680119920743
18349210150780
7406440462281
8046069593791
1394227428158
6320455462271
6672803489310
1556698558500
490629864283
19315439478468
788848599989
2700834663194
12614391434764
21256445846028
2416894514
100470140809
14598416958955
1166767954909
6215846783795
470508564941
926489392435
6043601342256
16651069004742
5199812492037
7139915553380
2694914088848
12650091589972
2716878954355
898120269164
261102539833
3334650180995
1963399057124
9121866126353
3285169204875
3417926858840
1285692585960
1302372093378
10800241565445
1907716744
12110165729538
4412150114326
7074567669871
2579001972380
444241045436
5245459536863
15456372603913
5399458913251
2300758369007
158412211950
8131709885697
1865608073079
32693417989473
29500497214440
3323435633173
368990505266
164069600423
13819688030808
774432492591
12509414992975
1885770762146
213023507325
1584289692044
1193950467962
418121781919
625932037116
25885195506006
183012046611
846646255158
22192952081704
350897189418
4888464271774
18222565029568
9927896008835
26417465419606
207138913310
8338614011126
7672262229759
2082499690793
1234961874395
4652740738
1018163079011
14021287362068
356694720105
67254167878
8296463766600
13175451888996
1868313215174
2027352137808
24061911715736
80385214545
950085415850
2060195614451
25113085841429
1449235333601
8341912057434
15165340238398
37024116329
13199174996568
16938894181645
21172145378042
4612509418623
1019527232776
4384012214228
26171667531089
1514293851507
1647704418910
2168846835601
10923513830766
3920153737507
264172225448
4020150
1736564149701
648915129252
1821882331172
219210018204
477781252193
17188257074416
10345837644052
21059741272632
15663877398105
8239339976469
12811687035926
6203468553785
8481673982905
32694241020057
7993306808117
757723062589
113556408511
2633416409838
3254282959898
413073205574
18060493656803
7539529788848
21688899250452
60110862911
4307777214103
2122243768192
69389765
1467400717380
233694816590
1943215480010
801954236997
535697569877
31876822876222
3114411472231
11097915461568
11268669792040
3293203170039
32986707025030
780414905121
6623018968172
9095818995202
1759868987
21199860290
14143843679898
5911779429091
28606442820
3917922157854
1003364468209
27821401897363
29317550932013
8034757812326
4829589213764
48306742436
722603722066
1146154827744
29659540384690
5506349885907
18917151149036
9568418916284
645406340
4056594431505
4906797575550
455279914883
669231417767
517236530400
60527217663
15161542183972
25072191979021
6645005319916
21786441629191
14087144071652
1367151476231
9476280534484
1432522419519
36689547084143
89290756320
133582487430
10026894104720
1051384985901
11357424990
2548399852289
4211189254264
2084579820305
1704061440670
33149640274
2694181887943
22626055487194
17933624851933
15795700987667
13519248829317
10898736852
3849729897780
18086285599542
7676661707609
22024130099676
2282059903748
39172422110429
10250283173308
22726287723702
20643953095929
4281377029569
1636691477001
4008971304838
5574748037113
5337586205738
354730328551
543544699338
1607686742666
227509841490
181507119422
6574710895569
13823071862346
5748830539249
122944852813
899877111987
8908429839958
5995212115278
3588106484852
5222849049369
7244694920851
9702086167033
18020931798806
10578610582440
6698824911174
12182079592939
15865487185339
1908880084601
11410145458991
24485586414
4747073928094
1962270537684
9020444849947
10235658433
827783718632
8701566439539
3542312334175
10500754709801
4160280002993
20413010382064
7341163
25899398440
341757825043
4692889344600
16984964928068
3599511262375
28220745116
5149967497320
3190176236552
314468275601
15278803178549
6065171926284
11280943669828
25309174697341
3866041434468
11683469149051
13494020254600
96732221188
19775086392726
573614382432
14307582566110
151441951582
33431247392
18606246891058
4887627187051
1649632114043
4828308954420
7724269135017
3749080661565
21157280097491
16165821103823
9581731589184
8555665039803
21070207789580
17106631994599
4983768555637
13438816288654
11324432942749
2099676000131
6351759675006
3613751733951
2749869202007
9610332706263
15789212078730
7972499738782
1377350586368
13502241024241
7473000362651
658145764521
1573193336722
13911366285897
35845203060
18773546475981
21275725530040
11840521092103
344390932174
25904702689
25356904
17849411589637
793780815031
4366196738052
22616782659
16778829472940
8215430505897
12804582638463
21706181893127
782071682553
2166074536929
1870697152
4206443941417
2373235048034
710266735902
11740398430723
6428765302516
1182509273294
34789717530488
12961168128
25689645281705
1564758753562
3668370609080
8356797412560
55728617521
8816071544301
6221725851558
1851701529815
3294032539782
9653461603377
381827489
18958813338054
33497417971240
63502536289
4101536355329
6305705572807
32256896332025
5886632924873
5479822838433
472399885655
2273007026639
235338032
3336632695800
6926749053642
35797923143583
20249931248968
351931167596
23240700325448
1533975550437
21327988554539
1897872576365
1700839380928
3728560754292
6178801419262
12287205925161
4147485546058
4201572080311
848792582547
1377734013277
9183549369851
2135439241817
351203663821
203785980677
5524207966716
11955202474993
46137511718
836425453149
7184253430901
29825197070366
825381179108
11482944394098
26535929740144
5105365416723
1433217547624
4721834545374
20088228964741
257787570189
10392309767057
1596749395
14950708817657
96700490310
3257562644268
5463051994365
167283515716
813846325327
4809040831562
2615836095696
3960016340878
554261203
866740133314
9832827493013
534098336844
692826370
1252591710616
70656373938
207128286461
825334768930
25692118880
93166299422
10168250982102
486091743292
2712709923456
17415266031319
4254741222581
408976230185
352674764201
10992404126214
17751697136221
15338067742318
13395487066115
15943486922245
84620379781
2138281755652
65685570054
8399781339031
202250352179
461675915668
18049955510309
307179034643
3192404756123
2547908808215
546065596726
303788023565
1117800648837
15677441340033
7092111315726
130883239541
578663028899
5272201963090
8748070708716
1456975031174
26034231846795
4113046560838
9933093473810
19861667370584
4116629531618
924058417813
1881271092691
10301160554500
7533410327
10569688600027
2918344385482
869399636144
1462843054719
9909696638103
461378010475
4639130706998
22983077991042
3426430041404
2674926931595
982946358226
679698894753
790584888173
7737767896581
9337908811418
12842150970956
705724049785
544170371316
25572548448515
1012651696938
9070221218567
3565870884621
15765135598352
3095071324826
293970731810
2708976447223
18838042427793
1784634804181
9702325568854
17343251297897
592943347
49176012479
6904976342630
322313211136
32099632093
28492764621981
1733881398069
1089766947801
15496611440643
10870176819516
31209547824308
427851848674
1815255575337
412079315989
10101122463375
7480696244180
3157606177070
3089463021835
6188748764695
32499222087976
6610432513838
418165611146
15280766024515
1233254764422
17769618334281
2277427413591
74963154860
16788927122
16906858996273
3873233680066
12896928364925
52890093466
3181093761121
16225300580541
20826754893632
7163729120059
17099315122242
4500464799771
28843709308884
578801846827
245285964694
2530749908159
15757834617
5849695239951
1756986581213
12412385179363
5328011242623
9120878962238
31300337793899
13363774045949
14311387900440
8386464033151
11718715648478
2462040381
1070617473453
2899125217486
15358214507612
364763572503
35768880597526
936010164423
1040305031938
13294077376602
4879660602703
1338651808007
8102641693741
22909134463758
664186892289
79611053437
20868268477974
337390790185
235062683196
187945828011
14910863137773
10856438015129
6149359116991
352370866630
10291339621256
10124534251189
14526971019857
89501633193
7684726877057
5727402618771
366280320843
50843061390
14358741682516
2969141815185
4021821427426
7783359981965
891785415769
284422725445
28120333133731
1150988454809
72076240591
333864077092
13373109683758
19611245210410
519379274510
6565201684163
1177516570
6015536905932
2408043782131
11330102164296
70703284994
43607608938
5879881090350
312505239836
9019686706116
750137709279
16261689842984
22076166892376
6089675095919
1422894937641
32729479524
21061081050075
2057489045094
27052007486650
24827901587973
2184353317599
153491381466
49410439930
1102070671228
5317998532236
1157893970142
3223027266840
3174518617353
9836071053375
4730896694271
18638779588145
1789130638815
230755694869
138408389956
3743488885958
208388967610
7915543010533
2298813405741
354380180754
23584484622739
13588136664210
255045860051
422338476506
5207415659992
1010914889136
2410528531495
18657696148444
9065704168260
30569264125183
215220227484
57003260051
35544703597141
784219052653
8703533687881
35696763564379
29616846652352
9656336122035
360798029851
2454701711948
982202019887
4400650191649
1725840020854
7306853818578
28380162342774
6721220640137
8394510212554
2426165521
279505853461
9879327515713
10722210971013
193130386639
13925847821788
611446682143
905317791274
141419058830
310369225433
2369593712638
1561017553060
236403660673
13542339413470
1844352953441
4936999089547
8288070712136
195706269275
6972933360172
10788137143
875395339618
3151287124577
16564376816
5800296960764
16611292876982
22055744778201
242631064099
6035537173040
1428676593446
12638872798284
4142511240599
19756649619912
637987124214
6115170905
52975569565
49684781716
2743973808
15900413443172
10195855178714
115360280125
4698336641133
249700446155
13931712654634
21936585124934
5356990281052
15924106538627
3736576212280
12836122404472
2004064821055
3173117330539
71600225633
14376005704
74587019027
791391567164
344488709874
6074031790663
8149489049008
9347106673657
482985458513
674169017705
131220325076
12651512809
94713268053
5265074214747
913902983672
5826298009294
16236388781
8670244701753
363598193343
5110310377455
19170019738538
2411346418300
3914090750474
7272429069990
2451691796210
4154047621418
10611687957962
8185619673897
261881019627
3061950051421
4660640972660
11745652236940
1874416566612
404848293712
1532130469598
2515754223598
717959266516
5650832737146
10528804348103
3178031483520
10393261302100
4264414141
7325449830970
385305360395
577894376445
28202375305083
36512462027793
53295094866
1086750017285
1393306732153
1633061769780
188738571848
1897358333173
737528027743
9451575956768
1925492995907
1383733754462
5368111049587
1602272839457
24731221061605
1598361304108
15058300454137
17959742512310
1820229256929
2081636595830
10474287894962
314380917
15697639400
722933959412
1046554002244
21449836791950
5866491223190
613877957051
4154467429278
25047739548635
15593761684621
134318915252
2355237852037
2495956104282
14341975871508
6286798487963
1667687882762
777609660274
7712154543701
731472751139
4869143732333
141202146632
666572962279
579527709915
24688896826459
116547226
4749210282526
1659891631085
21107618170352
25885108902781
6688836638468
1816114105743
15992741258702
19492430178731
1729399676850
58123572473
2030131481999
4476177902857
2567785160616
58333599468
58610382041
7247792025024
18680164540980
11136645537341
238491244386
2479394458
5306764856809
43589270944
7708985708679
14569898637572
519853364651
1963685220130
214568920761
17881560975853
87002242741
8219497729079
17665048864846
364003883862
473863942353
3770235843823
8892820469019
176053362847
3545069519915
113504821115
1866876013306
5106809910680
15253966220006
3995863433811
2079216443625
10113124701610
3148043346743
2305168284353
10396897748175
12825168748753
5203434475435
2781308014504
27731406536956
1888656898181
150983295933
7385594849606
816031770841
569901388753
12028423491070
1797143665273
856865597570
1496776149827
181408201561
18098574439935
339968885832
1340600093358
5165038026738
4991438671263
54493953457
3156412147990
4372663396673
11212053554860
21451063947326
3870542958642
600655550841
5872713097881
6406725216256
14437943449819
831698721204
1726301029583
6739328276029
2484794940885
8108196555831
4656913082677
17354254648082
6122826881638
18932002249080
7325076708611
8091032097246
392388347837
4917534376375
1024822067272
22363184074321
9287550952934
5161876437025
6645896715301
9133191574896
14197955752517
3579579046808
94483755951
623852809952
157649160271
3880800611167
14606497207922
1412759715088
3276345420310
14842604722476
12338710721850
296661932883
6053780427828
4648725663782
5217509998193
20575452386983
26085353874853
902256299730
17407372346981
9900496350035
958821219737
4859731378114
11306738772197
1591790770450
2956495814998
1167975383758
2373510289207
26939358118
7272537290152
10783835783767
299637549851
13245525052361
336218740541
1540720384446
3299111225835
14549863565052
11687149638325
4385639648167
6204983743298
21801813251057
22697204792165
333640427502
3259220465333
22190073125338
2276000882657
3826742435706
3038085548456
16948599499431
2399057254464
6729221482492
291055133439
114765848170
32623222171247
27945338
13326700230755
1802791226776
9932653771874
60877818
11135741537759
7986146895
17788022088614
2005434512399
5987176627852
275582103467
638119147972
79447286385
10845309967895
7624516524281
5697146610
5664238524613
21520576597570
1041505198362
3894441473475
8077706387405
9033567516654
17520677089133
21863202796
1603544404023
3387371226191
527036799831
2748174442103
3060526431764
98840520891
232531501015
9499845530340
9027696768724
498093320660
2162089465108
2026194302876
3372768760928
801594578705
15748334509679
2536589806817
751821611845
34895450905
18771702802506
10022671753427
135034572966
806334048212
903810707061
672624519861
16540636514152
1536610515745
5009720777930
2376443258
25410822710840
2800121114755
3161815148911
3201934581201
29659964068135
481714017565
130667248364
4337924494242
224064424463
788717393081
180495819872
1745124785823
1834140502767
418454764658
5172842674478
41545570288
28814953285907
218950520989
13081131429
29525931294295
577599753989
1861370046166
18916560969827
6179940000070
4424950741319
269952485101
3208274740807
25346200101303
5953773614617
5668207578307
1188472404994
13622189914345
1981910776609
7857815867502
500163235529
9166189046649
7119387318779
7428566531650
614544777731
5278922841260
240765215209
35086117513
4271740416601
29088014647267
395066704751
384799875564
11319936506002
9058904359589
4642803521
8929698226903
462452111076
28222885145726
6920653662153
6376854980303
12213107457074
1296702911092
4493267924857
11894783702537
3623906979076
10268378775611
22007774867
501624581290
12147840208
20816504490645
97449508851
9258128080711
25199452071569
13191660202891
215782639911
2339260852219
12286797406145
13486897595602
1047158979625
6614098126294
4480453266612
364684909416
399370715
16352967264250
7982099347784
23535789350954
12749511432911
973844732407
15247652250971
214700721011
160270648444
28289189694921
16513514340099
12668263217884
4253789132759
613554250383
14555703462265
14069108908409
1981986579979
3968892844311
2066874695218
945134948990
26909958154016
2480892266950
168214171236
17221010903902
17150464448
6266896741084
644029150642
27848624170742
3539579045252
61639894648
5789281553118
18870121447585
3129184332501
744395684472
496576596069
13983810288372
79180070531
8181127339831
1729428290876
8714995830669
10101156094698
7858554310252
891087872083
1638246621766
4292891297132
206196316334
16741074021951
6216343639776
361781915513
11662561222876
4177961245694
8872318086966
17476394648471
31090723088992
805500328948
20671726309465
5414728243433
9496733918639
19752110920273
8926627702698
888025435900
6611801371332
7431760764629
1658700490389
15115529025853
25733281475126
74261689666
121545523355
17748455104933
418631683248
11510189273265
35065438294063
5692759328781
1519497744278
4430537183091
7226947237711
6089747115559
693148422221
2433196892547
155731643512
1552146333475
18139415834322
588549368671
810722552510
12896379969308
2153144046657
3042322226680
23195583469
25689820717187
205770650656
4509938851357
1425759453159
6905058075161
2231018561272
360647790561
9798451445329
35418440008579
2197409052787
4730051854814
4098142845929
2140580423126
372490186977
5269798398598
603836955885
7950590168773
24268749766734
3265771037344
4406170745677
7520993475440
269453800494
1400579952120
2014511625504
16328498160618
7339438334
9686855259764
1260634131509
9759643485227
6089510558563
6734147830750
9378810140977
15108778450
6001427741926
4980022370763
3199511247498
6413651020643
3111620791795
4413197625768
2892095771772
2159495160821
1760501084889
2614488235870
69635373700
42274855246
19344490155455
1144002787115
32887765459298
1910145454477
12404359255351
10324565979407
356484403745
21807170177864
6988668623990
12020335905666
4112301078225
8444026025586
1518178684960
690919074007
18981406931606
12013487613691
72501662438
190424778660
359694511677
4099486510244
19127340098
7293210600234
20003198011281
20814872833469
17709417525495
687783324767
15330447661053
13154669288017
7643000181551
2498229737042
14108040165
4834605191500
2612958074138
261428141997
773783183814
13488665772175
130348263678
10400612586336
129825676960
15862862987960
6138184624433
9446073418357
9461819255
156775785143
102588447668
443319686052
10931077685648
417553191128
13178897033277
376579447283
10266118369792
8150549397275
1886280973442
24387092315901
3380595337234
291035318954
2116900375928
39289355958
4944449701040
625453313747
586877237240
226740100580
1221750899006
14853228509175
4305145510599
8472760319064
1189017568700
7387353218249
1073550497956
3986048631042
225211144545
11823143403997
16672251868790
2450975129503
291706188946
546707463416
1369601227730
4113154410595
519151312704
41069061858
3543674007057
2265877899275
3658603958528
6406951984018
240751039304
16094009708544
4521133395752
17170099138996
19503136749653
1805367321906
36473469649
769107890216
13025252883981
3997212424429
83336966788
883793457939
9739686269032
1032989467344
14118279848508
