40184823834717
26955803491255
22228935847946
25888117162514
23161821278709
22629748084474
20966308289652
30355251231971
29221320168914
28419961509740
23713745743311
21575766706848
35122192290088
32225006837037
19822682748069
34002609535683
25497598744349
25327366506625
22936542274243
32198777758697
20600411162451
33930489041386
23568101726483
22572697525546
31793459144570
25303915929392
30377508513301
28466894447461
21614666137485
24989440753264
22109197377789
20277770350099
22413795244146
35599645801509
22829787319659
25490319897387
25343347717200
22668457533482
20644052007771
24755989764333
22049115093432
27838905015254
20375485971198
26385793334782
36006350059429
22575213678130
26780347551301
21946590909546
23243948687627
27569430439873
22896623946084
20257001491191
21285888410776
30728523773870
29382549627446
25970510827150
23077728819816
23181148991219
25012505959694
21090544399301
26975299771411
35450187807946
27219223273386
26817799239068
37419072486313
29681704126237
24966759871690
24548498045625
28987338148473
23692701925869
23346236499939
29655316742104
22554026623083
25054145460206
29033105524391
27954911374645
23506693243085
19803797968954
24905886841152
33925321493602
19920511624954
22674888922591
35525979855787
23858065662551
29032120176063
25343149404635
20740364181740
35502660341407
25321789873131
29104379847567
28805293649720
22049590875981
25819891377643
37755224767216
22894707452844
23875559107160
25661684615839
21024302211025
22307137191465
24142071224941
27610819949390
29520947449978
30371389998776
19859192398544
21344389950897
28714890376719
21182776114147
21493866414716
20564167465004
24879152219559
28375420913311
26446939679043
30751743885400
27238243546007
21498981378432
21124090124642
21795219427947
27344440242765
22992190142540
32417675276450
30515103231536
25819662010874
20577036201434
23093788640990
34899844515667
25438699380178
36184466302830
24017289534278
21476897741045
24018355568797
21283381637014
22593009319299
20069048965466
29998128924346
25308780582516
22307132578151
30001310804090
21735277052639
22453928334735
23427557547835
22669553343940
26775272763869
22148913991694
31035373984828
21032802034628
20166693823358
31059149835549
27110703439478
26295191929511
20715405122471
33170093043643
28269398750056
32317978957891
25605345578153
23819951702569
26430735086880
27524105937154
23465665760473
22692424899213
26040179308179
25608818041657
20915483579926
20125908530571
21656421331696
22790201985780
24990624193875
26540270794663
22344622341863
25203554774740
31810723468610
32120432470000
21454771110888
25200257024991
33903230181938
33631168774033
25086519425810
25239866674124
28472377073703
36364193706264
32800804004766
31601714344749
21988189580005
20634691872757
21549057612724
22958194073315
27419868503654
36466715249552
23340583299672
37365916750495
26278970473146
23832145047636
20143896921858
36057775513061
24948383585196
24730005151130
34350934558710
26949969585028
24067871183300
24566241982190
30845184877458
19842104097643
22112189514669
20585287505745
29123915843490
33505988588018
23646232692222
29103551580978
26863039830127
24357017804616
34247718004620
28266075382095
23797917872438
25048945793566
26251519605643
28937961422342
20606617121916
27504679098857
28984880384251
25802253683748
33929511084997
30932689939930
31771052689581
27104890737616
25325928499492
32417805656192
21183923064538
21579158952137
32058036929065
30026928618888
20488886710739
23345001741250
19855479448254
26317470761375
22204864318086
27686816924173
20699430119164
22293412526282
26955385153183
23836033781730
29379408749991
20680264393541
21437283444274
21047778896566
30447196966048
19950654810327
24562229955399
25690546206314
22935275614656
20564184115198
21143818478590
39357695548609
25502694400779
34252140208946
25626213209219
22794824418905
20239622421793
20393519080335
22548493727129
36645725388417
20389466720799
19671721134948
32178009499767
23482061160201
21567782576067
22151791566117
25373659628405
31580472960997
29867425162016
22972498941253
26987632616532
24906551505158
24440021015120
21831158785565
25690794207443
30776578148551
25262069788504
24755687898032
29655339370854
23461437331283
22393407633118
22957672338161
22434060298975
28085099848301
38146679085724
26168931153957
26446988493968
22472841866553
22313065317284
29606280149868
23140501659178
21835139296796
21579268938052
25949190941759
29911797665690
30050934761293
20050856678482
27747875980537
21631479831996
29198585465578
25221207442599
34546753271113
27932409777725
26581007407569
35072356270559
27331068857265
22612602728069
24067922441392
22008111955417
20737164478985
31984912696587
20665180109092
31224716648647
29488034699456
35954345122310
33438450644760
32538617335245
29145457309442
28736222815509
30448460345185
24541641854534
21737015321886
24737632126524
35447831971395
21770864678298
21894070588500
34649833427298
30072412716689
23504384965172
33758332357120
33364785536130
24684496884162
25862348010418
21143820707920
26800137558734
30165007193380
23654252021028
36518586466392
22312953195508
22149090990489
32610176589971
37807800325138
20136619502293
20238002015119
38591608026854
24275919991053
26774179151527
30471620327106
23440416259940
22187040852094
21253968788512
26579090115243
20738056650257
24611606074787
28556421673739
20834902431555
21697784400715
23630675714022
32730042378716
21030564919091
30376568165312
20778225648325
21010035046599
27198841739168
30190282051020
28224468847910
22890604625224
20891615024408
37808301353418
26430716406234
27506691115570
20013247247759
28856768914652
37005333455100
28336749088540
27663935069839
27254109774559
27193011942455
29353622892924
26452953714919
30800233975281
21948370257676
30635590667384
36850994840312
28332782879982
21521070701371
29936430827402
22354032470726
21632850639698
26667217367010
35502609183215
33267631739180
27309091020969
35222559869697
20331530178334
20737262464288
21854011864570
21002790182584
23798391352571
23502824111952
24485791484698
26932359537689
24670158568891
28134525566306
19840126386920
29860741932740
23117540583315
31082308028152
28511544394706
21364044013039
27820608128594
20970233612624
30796689622356
35249288010271
27775920891991
21028496451537
28653589855446
24027366658840
26278091328875
23566082487249
30588835193042
20912107416215
22029010966806
32679210468483
28044827138294
29612564843585
30262276948983
20622745671797
31317466369125
25819827835549
37573304818953
34475904095518
20586563282582
23175044405266
23305316063364
31221951959650
20663288363283
21695699167727
25408543194194
22794510477318
25640608967685
20489695017326
23359363825408
24294252110009
24756005114618
28971658341797
33216926792475
34774251668942
25989519844365
22053640766269
31247915728048
22766745657250
23257150270304
22103787152894
24483658662271
19724589259586
39596433356519
31437767087530
23674948455790
24463766171056
31485049348707
21119642792685
27772637225632
21025027779954
24193109205969
23300534276033
26430155976673
30610076774134
24401211122961
34326797563441
23259916515827
27265170366014
25160719276430
20260698594993
21717208107874
22213010068776
26796311925464
20788728070045
39383809556786
27952490585058
24901675296528
32226021824346
25426904213316
30884551393800
24293083623060
31890149614067
27476903186686
26889475044752
21807220173638
25927284793715
26997970297313
25468490881547
36030943767299
28335384087163
33314972730510
29398287348820
30261931884739
23923617577011
19860196211036
24358843466721
27406647346159
21478239132152
36212562677682
31721901035369
21598703242832
27107015351180
24601268769785
34100784604499
22628007887962
32392117867486
24359706753403
20600482155744
25094174552975
25033845774516
26060032696171
29129193633548
21459508469328
35274236852092
20050190591670
19936490222211
29084685680123
23117775929445
22364708125465
28013317140581
31913126544305
23427447593746
27043883191270
23154035362416
25266911423980
22128323600916
23379133502092
30774426162070
27108047989956
31270263088215
20239056106509
22534443944084
25075891779019
22493443533005
21552778691887
21930072996334
21221758106660
37417792813261
25904420000393
23757151940301
32196181827512
28373343695650
22292913810802
19996052262498
25563387219760
22614178497144
22448390823816
22029300286566
20203692526400
20433488761366
24629901772352
34079022424857
32948522574159
29466233997445
30189135135980
20698827801443
28603372294205
28382106634826
20583412547822
27586924328262
32563602466809
30416515225890
26506728461647
30894332044828
21339709813756
20296429101766
23609442695659
27977366329706
20891720600354
22353493180200
27571511062205
22978754337924
24964873752651
19917577457081
26448236318935
33977860482132
23736503531386
19898766485116
19785819128121
25118099364822
22327293585766
25052535976274
31936927379940
20934703009007
28873935428447
27809300047974
28149957343518
27103437797845
22030256207247
20969023108449
23139220619691
22352855516361
30681485973296
32465629514069
28540407693825
21432820729446
27922334285105
25096731936958
22876508370769
20875924586709
30234231146329
19882231344279
27415149025706
21028606429413
28876870580608
31342724801369
22270875396834
36439132248667
22750761344698
19762194765370
24374541231089
22768736253770
29034927215091
21730745825024
23039121271297
27949113622031
21456487325909
22534075617371
25093813974503
19974843255881
21891140698353
20814041065039
24370686568673
24603622184777
21008602919013
26671231807930
33462778090986
25351471097473
25438192485562
20125940701780
21673285248181
28782460864477
29888803828190
21187116243234
26561773861833
21380968687926
19821149969999
33677719295157
34847839070308
23551844620479
20489569347134
26515536655610
20928136507224
25781327223590
21006670485363
26402473808213
24249336094090
23094452118161
30720864658164
24706046576315
26819351848547
23132816954430
27641401427615
20814118699242
37056099818802
23899540551745
25048761622662
24737599827626
21730420384995
23407264864653
38775681105732
37315534437654
27531487481435
31938284036231
21814312143196
25044075063047
21245866824483
20526921517264
27131003299327
19972460902126
30774641375389
22408286108490
20892126327688
24988275599849
35954387824119
21914735526529
19879980520961
23283545366481
20348093483919
27064201391444
23303661225265
20808531267451
27362300297385
28987698126883
34650186239972
19861425486887
27655697809588
27100143296729
25816784460909
20601503800684
28335963577822
28721707951652
27686175131662
34400758891733
24504014071315
27103718842206
27015648896352
27880825871019
25846003441013
28178087335990
25289236460069
21813620180854
19788491328370
25970269447035
21732795787212
23685681759755
23297839461899
20545721667883
20717757914213
21183164149270
25513068915612
27637313273649
30799003082999
23789753318863
22433461839857
23114810937348
21635667539185
32057018434672
25520594999032
30493126952166
26573405338949
23039913601612
36746839785526
28172388932510
29085949080853
33460766179211
25135070909202
23838806105555
24549196781002
25814443447757
25266802300020
29519861044929
32707521145909
32877810588234
36697063790706
39437545453365
22951541469238
22231793229831
24130340226990
23093661045399
34849918018343
33534404949167
21712843077369
19758893979737
23586151511805
19706989552412
31032469162426
24969882837028
21954801967844
30752671434136
28600254350699
20682847874813
36007791053654
33979809155032
32925725433753
29681053901633
26126832245745
22109323172573
21362923649378
30351672380972
21338507549555
22129220775705
23731058074673
35828758464094
33116517251345
27569841055640
23523266377866
30378388081249
27398261794538
31341052643409
23943232465722
32058194323811
23819403787012
27821018744284
19975112017061
29914113176790
19749278876225
22614750154620
20578799190615
29258263648782
21177238385789
30122094276242
26430710203915
27569833027641
24928732867399
26649076726314
20661535918083
22911988736426
26549275782546
20637630333805
26649276477443
35276019856663
20981969069019
21416730829696
25583702578411
31452204519386
22288132578536
20607428227641
19993408535796
21954549249644
19971153142130
35399421496445
31224194902714
28332585376213
34721936357041
26824413270432
20511203848610
19693122143032
23592490370638
24860356203960
21206259164414
25044157910451
23281395692661
23346029177495
37834021005206
23275558620583
20315479075138
27993691903961
21360505647651
19804985165151
22896008263441
26038453743633
20223960500604
34575160212657
20062832732013
27264266850558
24336000352112
20970400734138
22050374553342
23099056339099
23420115668247
22574849930542
20063743564413
21809572018142
31792271919553
21815890798932
34447598879136
27909634622550
27699249151718
22508199721620
22414350624222
20866511297458
33043997929853
31960934554800
23427189728306
27218008646529
20337108788925
32803080718145
25412484049888
20510341084060
21790794790058
31199132470790
21687653516686
28788926665413
23941582930744
20602375838159
33631168774033
21536083243964
21772112642371
37004379791100
30932906998160
20597781638969
20643612037969
21577872824943
19826352363507
22114150453796
20182817134472
23674736208316
20490542645769
22168721364300
34699972378399
27687204992628
19784762314320
22329460031515
19729296234527
21165882496202
30776578148551
23053052791919
21183898533938
35956355876177
28039625464013
36059912900725
26169887710694
25049568600084
21752330433691
22489772461799
30753337132909
32852691258459
20875674875187
23378916910698
25493766675224
34522264463249
30657229360820
24226426646320
21109156057979
27814982972090
29075130045181
33855857377032
27479566109040
24706224375069
23653800271084
23264288887419
34597028108260
25797974742906
20683949835344
19798691380613
30329797946788
19690486782247
33144965339944
25974311215146
20916346726391
24065267642204
23523202675333
34054460619212
33980078081147
22293415712426
26494735270616
26360676339460
25889276271745
35728509147384
19818427934668
22128565545174
22048625464255
31625417746960
20278268768594
20393686477619
33630301542033
33243445059990
25437392125995
31012218981856
20643883009000
21281655674621
34271782186411
25110470049900
31097694995324
20270970387247
31059397621035
36159143058707
26485367163909
20471852022459
37367010095141
32999424807782
29840369895997
21475455930025
19748388113263
25287843615046
27509006928495
25946845026515
23551520650926
23510028670194
30767429301569
32490013749537
25460487743584
29377137357232
23175691218578
21069529735350
23345988297917
27836925122515
33681701804441
26625977572515
31508769554255
32873880129603
27104396536176
27375768165254
25437178273715
31841337097166
25673075363572
30262313484535
30884921074236
30846717788844
22127399892389
37573362098011
21085079512453
24020120125598
35072576282594
32316947803712
23174936606436
27819670657978
27686991874014
23320189044295
34495456639253
31461598400870
26731562249029
28332357935821
25191475078409
22775526498059
21188323291413
20468801075056
21810631874707
28336813652356
22253445357738
22088878126190
28944442299635
25181862831232
24058684133876
29195236143388
20529244410594
20083676536993
29539462583913
22448558325089
25012350051201
20583327425516
23919934362770
22193328329269
29243343701193
30094013666739
27574965849801
30721050434279
22208375033224
21595223511692
33267078385891
22287030238502
25345833610026
25218144861537
21616234560813
23263378271715
25331571997086
21911801836260
35550329108906
31414243089642
39489984288887
20721204301551
29448296920360
27907234534178
27063662292712
29812490216844
22488765078199
30214577312789
27570375499184
24905886841152
33754750708162
25391441403269
20179332608038
36439244841604
21067104102323
28131354595185
22688931571111
26101042584325
25043429576370
27837024841019
26797970923151
19713079344532
24501860416176
22153317680699
32442111787615
25566748163275
19732071271331
24062804585019
22668744477942
21854740494830
23955459525231
26931847045768
22252216348925
30750273494571
26972569399235
19767058431101
35095925942271
25972635457102
22931602059866
25759240978026
34872171686242
20279493661127
37211693472964
23626097586021
34874721250800
27078725957181
23528413230394
38094990727019
25991125790876
25204552045273
23093599493202
25324390458577
26005088443408
20778468109331
22735270108315
21790281606707
23385057175491
25583380337875
24376086959532
23979903438610
34146881880483
22750598687680
30136106113323
27308875027130
26207293046748
33389437443842
31553601801874
24417124105922
20392553812625
27308317768927
22673632244682
29723767367809
29729082393804
22755599923847
35551682545945
25246180725234
28109275039320
24548928488074
25854151893547
20866416120757
19860564817371
31053052043212
31437969803416
30075156077373
24151636986072
24171650644403
20808052442016
25004938530296
25626481718513
20854984024223
19804454827365
25884546632461
27817940540372
30206935974584
20293085219352
24797383452421
28201899767307
38986818274893
24884251151738
26279070338949
27192741806518
24988045091251
28624155486994
33072062401974
23653975375339
20124759898103
22534138499941
22488302965386
33314094769427
21872752258667
19839983447573
20358263288205
20954174951401
35047495411458
21358943649305
23707456807693
32464218566476
35249776877283
19862879086410
27743515197974
21266322421226
20777153288523
28710286259581
27569840176267
21144952945392
29589547640946
20294098431573
25200257024991
22545842156391
32196884797406
19951949898451
23179717274545
20069072780156
24211920301486
21396169095997
21756783990511
28691507682608
25393166054967
25072812629341
34525665517097
30020261663729
19936415986312
23305296303358
24664131125610
22324280693695
28562542865831
33878594575099
27684178592229
24706721123111
29959545961318
21756593120924
21511511291597
20374447340303
25588628354640
23284580524386
26511201764382
23897465419425
21729942451835
22856871285262
19913307086201
28149985522615
20798856905756
26877255685927
34054086578853
19880914185888
19913372799987
34372882023289
21420434119128
22271646623886
21518609069418
28993066210928
22054362682894
21008863396101
33782997089644
20891643815300
25538603341145
26448001179535
29797984192952
24336027500705
34470028821226
21554899342070
20128734526872
20643012414522
23277677057254
29890115577012
22735330576543
21260228964253
21612650652078
32561942201434
34026532952555
21204707591265
21754354830923
21048046850232
30915196302121
30562590599952
32853534973927
22649452024704
20696970726679
24293223390559
24307929639571
23400431954124
24213781490188
23570396158321
27708967684191
24456819798101
30471034446638
26691616962227
22527705279298
25136849709326
20661269840023
21011046172353
21498874165676
28988997130053
26602112095943
23893234378546
25704699709988
27436290483277
26539711660265
25779980987669
35425257642533
27229414494468
23813278674854
28939885253913
26534616292691
35983529425586
20012184895290
22554853977795
25054860974729
20530669855163
19856770659320
27131313778819
22835312988931
27838471481056
21755003096303
29975415494667
19972764095286
22931287601795
33610096519416
30401792978943
22787555109979
24005553837880
22004558671183
22575248284497
20567029841292
36390139546320
39224874411025
35704804501049
25630744964208
22992411249573
31793575383252
27664944078315
20931523593368
27900571933467
26408914657451
25976044916095
28105015815478
31864340144014
26140454088820
27519273482039
32922292301569
23898950279381
23488039235858
28870535854295
27809601356931
27998755422539
22505457989142
22152953507463
20372832449755
27304089487691
27063992453997
24026091699646
21227341496595
29283714769402
20354135526953
31838241902539
34323360523224
33041021578998
25458811517507
28196553934507
21540204251031
20698503945306
21087948244886
20137532827994
20181889243391
23915718751501
31674317105604
25756593957668
25780469911880
25883868737113
24503581737173
27771740638640
22958863512815
29841852217293
30917961237286
20277187174118
23468924176402
20103119065309
21379309600988
28948063726930
31816538562066
28086689264177
28848223650621
33581311392083
22769555766872
29475729540762
22431431164658
19879552527493
29911692601085
25224023082587
21930179784545
30276715351901
32534218305093
19740964171720
31628035036248
25942326478789
20179269717087
30487272333406
23297831881781
27396141958109
33072613211329
19936125546359
24231171560218
29176799875718
22708927040317
21107388876433
19853056065743
36413330457071
23203066650306
39066375956730
24838073194851
25154344285299
21378079388389
23810628422101
21688732535451
20835408807540
27571802484692
25709529952356
26723487642131
30164401022445
21106966610303
24483658662271
21835040772042
26715002179310
33682364770198
21793423247188
28583457936747
27819694174760
29261742935438
21320710015841
23793042495952
26083192609212
26971530758680
32222033524435
21828441809822
21051106939601
31859771912935
33211896322086
34202164403453
23346052950471
19936376390686
26813434102618
26577639567921
24043948297582
24843320755200
21812025730948
31984641382247
22958576882180
25065266290589
20041338143080
25602703078192
21815931639697
19749765309676
25886763462118
20523460686600
27022035388592
26954732613006
28062273815781
21304157916938
30813892641415
29006599781925
20032121670743
21520484265015
19917985723641
34797095381110
33072456701391
21441290974605
26061593733996
32776753150356
23523164001406
21031209224725
20010073934371
20031519951227
24881797551219
27436222634540
20933440295193
22893826674717
28283545030079
24211079706478
22327213775221
31461444803660
28353760814512
34699104765098
19728479084511
21421854787827
22453765221611
19694388824919
19785629993191
23522969485062
21062547357160
30051007077632
20546905607724
24626679441509
21510094016121
27164536952064
19764976368548
31221196297728
21854324228388
27342926460677
24758108646288
32296770361223
33733100130990
25127923631309
25995968658421
25370550287056
24107524949677
28733866356859
27264823358136
20277770350099
34446863862270
35247978142570
29955479269002
19742256568550
23840492502100
29928566541260
29352072213286
24336097770868
20165565926122
22830002611959
34974288297846
21458554495468
23384797945657
26643186900703
23874488892941
19855456667747
26577947276164
22917303205166
28921752316560
29359256949740
21262124321378
28918062815609
23038113870356
28130706045423
28403393423719
20041939868831
25691021321197
30796456237677
29582496511474
22918195168037
31221401613223
23920614766105
28488034703763
21441190127583
25755393451103
20904961060698
26332209276709
20892911296324
19766941090530
21362771044352
31694312728774
28201495313450
20277625085992
22837072452962
23214210366045
23571608183104
28710722640525
32581906044650
24169770705937
6477229246879
261725421526
5928339519064
332898620848
1462400229250
4808647133551
2901859223715
122766599908
10899941687071
8278904427597
29241737949673
2569259703992
8505054607173
693138184323
3653143372097
745751430241
434523930240
265215172134
810328134209
9765435970300
474060706412
10283808266509
5461277883224
6982693129814
5995181015403
8452652545026
2851288918935
543441135413
21397586229045
6368121170604
4492501892529
1035239091761
3777160298453
28471915134185
15689482698605
5760839782
275549761851
18074802765888
330057225762
1569911924267
1116218476878
25315524857
19486790879491
12638212070469
1780159648568
5115430420955
17029640916686
9215799278489
3510400797575
1257737726096
18299027879
619783011903
18374889498497
1780446347906
1730703256851
6107227701136
11731753591988
4539039558083
33928756018582
1650550741363
2709017567404
9932335901548
1976534195604
23964171066192
9588787199467
2170032892420
23178779268
14217274624851
2603410748581
153468205339
886208086667
6683018005492
22634890239309
9342059661586
124902280894
1796593439321
9870930538183
2058866287956
3187038201229
1369932651334
1678541234179
8749446519544
8458782625701
2116664470379
6189176680153
473840692609
11935058999070
3818516119018
11214877568077
3732082947902
2859369888655
1881092389006
8509989147931
880636370282
23653473020
12897119499975
14036938472382
1033348276596
1194855853982
56702007845
4383662753289
2299812509963
20602801971745
13356248763613
400143872236
15621507149523
58771401
328840341752
2007149054643
678125493231
10593461476511
3719438069960
1571148310743
543380926554
7120107
14102297598
363208546879
1914954101245
3441363377811
27436668303117
6870038864
1086344412661
1891057195690
2691114229183
15820019690076
1170599323958
11761868758911
7642471279374
586280552568
1269803161545
3770026536858
10437300699585
9056324811784
9588287574638
16406295154079
223987744095
253418132425
234261568408
126777569261
9380620785
12905318389467
1075351322820
984216499446
10917764761636
5088972475126
6367682094075
16379262858626
452620036529
15778782396134
2798565687616
1079262473190
13363403098400
2349073998540
14017396995681
3344042520393
8430516533052
1122600480450
1027010534836
347206019838
2786478393590
14198196442988
9339885146825
2598178862459
802496385452
5909068030806
403695725151
4635691325324
1170483300652
16484979294578
436060008989
25803309347199
2525608449027
27193294954303
5707592126088
16659482835315
44073840080
5883586725
10255964167871
900733825994
324800315324
4455562443127
1521054132271
8680956566327
1703897737755
5525607716
234666084402
6289039848503
6022334872792
4784235867977
112513635562
977976229766
22889850214652
9000289941214
173315806054
927132467612
3931733422
4952132456575
3638477457388
8059423195461
221155531949
7603115887912
13592291811701
3967843364095
6203582153714
13237368534149
28022540754
21536995182852
116300014194
5027051173524
1321518115724
1078153437453
5035918272759
32853411168
431645514149
3509567123044
7999158483918
463692655796
15772372368186
12779286314596
1465824422665
5583942229610
12462908215818
2118417746625
1345901739751
521577563916
215362006767
20145405505811
98142194453
4953207766113
31127753644746
901510249292
140591816037
10309449234323
649801521062
31533006983373
1566255588744
31913645325778
2438628605175
3441146141696
557259730191
1420647450204
292816642763
17724296113742
111978397753
15096237025444
21383588118651
713820915607
2146967701757
10234657958080
150775865983
389817627562
8932225278023
21538841420
4114605093
7821529749398
2194480987602
5589461331744
8562342903127
44506242886
1576336811831
1807706627920
48510357923
103883950732
30703166100345
364524816599
18363365017045
20165163965700
2994414704550
4085197135452
3005069895312
7303848574357
3190086336710
1183355483506
2805642020015
4643329351684
1013503814974
26666302330902
22013134591860
4155509823896
27303164862020
5194413705386
28312743327
1712048190693
1012281838713
430534570625
10322708491221
357744997075
1323988577054
400962949853
9076719222530
30955228947449
839569911064
8254454123512
8526263058
4086562627236
5463836525576
105038865230
13458485149770
29742029491
15257333619012
3763761363
18176053654965
593021329491
19236168041284
792404683931
548893751816
11328662625056
5408892673109
935846119487
3404590578510
6587253511513
3993507471978
11094457316877
11500079314999
19475701701364
1776689511772
4821462135017
2300232377
14347120870591
316023198568
20703662775765
11428089938604
8084155405693
4512062598985
442051110185
6298640612
128754576776
5009637927429
1780896564935
318548758549
14473003092838
17539187946269
5278586766427
14093787031992
23914440513
13925630236682
612852503698
1966119013583
17272924044361
2864687027488
13877661413351
238164539862
155405164088
1958081456
273673152519
1301815706037
1981234811826
2093374760434
5813754407751
23771749736557
24003347607865
44528879587
9621187217774
1559136903624
372725295629
2020395185143
173973021221
762356255236
5400500165206
96644078082
20856563097804
776783470619
178325297442
6706512911595
1239459229
4510817983571
26946582120689
3950087117788
15560263228461
3495469132210
15660930892208
27836177619897
12697439440907
14132814960392
2859739024067
1268583954854
68306363507
14550458537736
18945332566884
5944745018050
1806952314900
4633775445633
5887356444685
239329117566
6784877188909
18904904531550
4537741274918
22051721780568
2322599864219
12904801483267
13919050484169
45250777316
632208713930
425890632210
3828306388787
22436713
1955976420709
82045239547
3801225627728
143999920731
1624835863761
352831795138
6453737693858
364456036735
8932606305301
169065197021
250881970090
9369001617856
1415939780381
7389313277207
1853415900353
26430275437533
17649402813
6151612586008
9989756299548
2757251039088
1530401789753
15990318704
8131616059003
650271045715
4724159139496
892358413437
1181167361966
5526333536318
2599932803
2094695377
1031317456946
19076425525
3624304113668
54764307280
22687895552060
11128176985692
88475089097
15605647526357
10913990907
6985081391718
5929174909947
22957990657717
33072322705251
235919315182
7811653202769
2215852364332
2792389644455
9555411817607
20258901038884
9613390596532
339892873210
6575788976589
89206148123
2222308862817
6401096076933
249594532290
10954777496
13920219386369
3734004256900
2222987482789
702686565785
7195379760358
3204080387839
6222173685119
581580939630
7655116982057
129612869968
610729273489
6140482997656
6667379993504
713850300830
1052309222308
2194023775775
2812761896317
4020582071808
34252724822
32201041452844
21771269194695
3384468435060
11993730799269
4192517324333
1729994364065
11120331888028
703781228934
13500455504
11351969013548
27235991303822
1765866593
30486287287
2757204418408
5409130551264
2099611199294
13746948389614
9239213351298
27863378449290
11514590974630
15605598482596
34647479367926
7430380988683
279213898427
33194435048250
2217524026
2494824100112
773814353900
2612167988856
8339532158409
24691683481189
1962342604456
25198853840481
1290856042015
6057717558037
5128831445978
1395014364856
19880047603645
119835475007
22978597639742
37496424644356
3009839503794
28067200326092
540276336527
3106129823299
223684989070
9213545865191
2515241069526
3191749701
5819995571
2100337808318
9258833880062
1281946601841
3524862286240
6972156225691
17161413583352
2910136901565
14052552582989
22769394785236
15711459075771
3490398195068
5249126880436
5683394429214
672294945317
55769114256
2557997636691
3568011505094
375472448325
2456597955
10876481593149
119016202863
503067821091
10422952939481
3642461522155
18700611582278
327727859488
953667229760
225498682428
440765753732
9528203260286
324132970395
12995967863213
4663772747269
15169478717121
3478783881078
666753640858
292571243757
14996143628626
190031787967
284692802
375914593364
8272052493482
5392784810523
1624750037580
6022805166290
20463936628
1534689401290
573208215681
11463550857750
25430030284745
4920693093473
50475085355
6310835110209
543447023749
7818980561690
6653236423466
3711242496391
413958823122
8401051280255
271830765030
639459238156
7631786009462
269479759968
544290568914
1713526162176
3790834249104
5632483924811
6233180952497
2194046485318
4551299637184
6793980959181
8959131129257
643733393699
1426538458783
16951665488002
1041239414769
327783947018
647136846654
686268171603
28375827776611
47696821629
7878220699552
834380677324
9198762824007
31153447215353
14769905413567
131130858222
225074495740
25903755305554
1074052522
3113658291794
10323114699906
14325937520868
16784829423555
1140762420380
4215249094786
66865219624
9911048341126
1970946251733
412658221647
16927387472
5915652175139
5023224359332
4801628950481
8573338054594
755019638459
1986121687159
886164171137
197071551230
1952268082774
13064910099328
5952583231901
9377256035777
3868378612284
240902113072
6523087491263
1169553467763
602310634374
6117321012751
11133934085927
4333357981408
18720409571491
18978226272650
717263132871
251188768964
6224966973916
3339768902396
1783164198556
5417202969083
21816133150924
813687843645
151588514343
36644462461610
2303888634697
17373808316508
2897822283129
2966894657904
6489603250772
2877160141646
2171830024536
16892524872
6395173254
2413791315224
9694238098513
6256215771580
2212226665373
185737984074
18708107363618
597207392824
21378319842225
17555773959128
178816196992
4686920953366
86994854810
9501738138660
8026731391078
9984729775303
15750479509
4608114202622
3346895600385
12591251182982
476007697233
296579270192
702737139740
20409242459509
6509984488018
28856922978694
38486764155794
375489333077
13525334729749
2328443095
5558603319
2667943774691
115612888206
3570811700570
17345803722
3852295838274
1993946221154
13611379787056
23633358465749
27817916640934
213953459756
1146991764178
1943796399299
2643778470246
510930162463
1475057026300
7659632023232
4124056679541
4157590490796
2647585934699
6263551150140
10495370801789
30884739871030
839476246262
844338880638
16296432689
10478734851082
9166151823353
264679464162
3524566306614
7830571099284
3835873037749
1253833667911
1322047847710
14031035613361
5500979102805
13684419666249
16998118552524
1527138270564
10494853889270
21381972589889
136370389896
3382332779713
4472055292492
16796623319229
31721347938098
864924328908
3171468923256
4958401513555
3716987032709
14699733217716
290387297091
1676260657851
89023496329
296654618622
156853354296
2124444405469
14008967698272
2921232586609
31673197491884
6134661909411
9790376880078
3932012664712
12512188324188
263665647500
4046728944168
10464773561981
24317929593336
5971893935931
3877563383007
5287000745726
14436672513662
417178337877
6320972951
343694581781
1949590014947
2214144524366
6486115445474
222121942691
2943796548360
1153206275739
64380268998
340765650296
13134156017384
838750207300
556790194256
2841323615012
974146758013
9687196233602
2710775848789
17814448575264
46618691374
10612113952438
1530516040725
1201729863363
2961107808281
3045751405492
9423406250049
10797398629918
6728986375267
2256765594606
1371150839304
3548979566912
27680911939782
383303802556
3645832924570
1493349512896
14324473420749
16146356856851
246533739051
14291634187527
247453145714
15690076111182
7469816269025
12342045865277
7128357430236
5887696564878
19541631808008
5034943573200
54518568674
4996085648844
16201548432972
4016310843501
14108716627213
6130460242441
3901765607793
250762449400
83977768733
4895451649372
1565825699621
540962130950
11674020402519
11657964689438
2042301010280
1962724247164
276590409631
15203593370052
1089750979371
16553105374458
910442129979
9278128143705
24109442366322
752919270994
901192410232
3263159858842
5990827093157
3485626394427
843117427740
24844428855726
1418580651725
9483431865243
1315424588934
9795763643803
608779662733
11242904387328
26018530973415
8347224284382
24580512703152
2452310360065
9578683628992
399198784451
6379800450
12161616811728
39118907763035
5069534739510
21456228714816
390405141358
486262604143
2091901007292
1977132246300
15431003652460
23302911348040
693773965847
2060976083655
1339347437599
5201003381817
4605280181177
9060190443233
4453492729106
1069530508676
6993524809295
100206648854
2663409180168
23798759352570
5245990345119
23749598607044
1924268576383
12677712747381
18870285400833
16147204721104
3609452214801
22775897957907
1703395091080
17876265064427
842816886711
1766797372
6028161294257
2754051551418
2972801728539
137775287069
215845430672
992488096817
89448033213
68066323805
16693526442511
1478631053946
3709904370765
2915725165114
26135226139201
1796644064735
2966655196612
1483904708849
825600191975
14672159863881
7929517941693
8823428715736
200979251045
14106028271445
795926789
872192641149
19282484136929
479584282417
2598089251287
3598870168941
6531849985265
2742200113465
90477154143
3805051392406
59261541080
3249834298690
5186855976604
1279941262239
22608997677585
3070789846296
28809286762676
602748584044
10020489436806
2309025554707
995947098697
8057962226035
8046875107911
8191168988504
246152761118
642357868440
1553166498154
26403395137014
3202720086697
44793430833
2110052464740
15385111654181
354795749389
11276257876798
25716861310220
2494808380644
101199193974
612098949296
16956438649553
1738474718801
4307424528301
1477129573939
1431942717686
577356804100
7195191117628
4005575517164
196671657299
270846450806
26802689711177
23406360313
10326121526749
31222254535853
9947540051006
1160999063957
10018230426677
1276485378923
12965990989257
2173152996688
1945586941927
6755126699781
38591429269597
6484569199489
15201950162444
2800940508482
14316658868256
443923693825
31092019080
1915497310206
15461196174751
26471962110605
2608044124295
36388696908680
5105001139929
3644483883498
12706922615068
9385800295172
960842229447
19713275138797
37517498088
307599019289
3561323540402
15522217156215
319315816
418478909203
7199101899504
13676897435420
381921675185
35155503197
7951125810074
5288035789774
176813839040
5545863744619
5758780796
434131067239
1982168383425
10697853649858
9165611915093
2374458156911
198628341886
3071443093004
5190024848254
14516782584311
529788305760
92079625916
20109794449707
21864931946836
2471938408809
7807679582075
56787506302
21420417431001
3950844235077
1373454088675
2256790266447
1539433692194
208903036053
6232571519339
4787996850041
39145987544316
62382198903
19785684534103
12243983145865
446146175149
696155055998
182283904854
4044870652148
383213674965
672853059122
6319386007863
431363187827
9492570288130
2814217980892
3337986830492
2804875846
9274921401541
15973786334413
416565881552
2801402882772
281974851469
6780846717183
2805495351555
7472386641365
190711936358
9428291556933
1682061354821
4321918922260
461311133512
6686673382384
24059717360434
2017693958033
453554441071
685731060
1201634544551
566888377628
5987886917875
38124920588
11358800990
82507426989
4507284013065
1073120817033
7340113134016
92077067935
5484515405634
14954810033696
6025934742267
3919101291558
20470144067110
22488678254239
1726635813631
6933146801005
12103581921708
3286542256889
25646694594
2046251321092
577550676398
669999620763
18855049320459
18213100566683
563916507135
3840913976537
8313340337342
38906467872
7152245719840
8081253716326
1234169353286
40411519075
3867063455305
4588698491574
1278009333219
181105797917
3240648572044
5992324259169
20088048832587
574148104385
5590011158804
14297254916
650629087987
18911785769
9724091025816
35475326133695
20285654789
14549406899920
20795839894182
115708794999
1449567544301
203613520016
7495326652499
2403971680375
556861463601
2744755649878
24221577112
233771057447
599695725850
13558905542377
32877904436
1471356490747
1210220073714
64914353494
3773966362408
17965430764230
428108685394
35349117315088
125618458008
6623908066966
1615233275967
16301084343575
5553866821658
670388342635
19020896344075
2539467614
18110542616916
540257319523
6503719990288
33097406878
2196322870292
15439914166961
1617540797621
3266551353589
139229873422
4681448641763
9987220043108
3706274514350
439282787253
3620147381241
1039447418534
28285109175399
5076721539422
33169704633301
4911382763648
8833264271023
14898559866016
4159152936272
11317095458237
4783738972163
638653393847
10962778005638
4004856192758
22992738958587
1573494943139
7574795978002
17944651805986
244501141057
8920943016847
1087032058974
32353858633
168577608201
24317860065378
123014834177
6132751606494
173457114811
7616376050334
3644367549853
14357399582592
12030201801361
13161629917860
21558620920921
860679826744
1213438824573
948712374251
791258318053
2794265803671
165993469093
807565324190
4987441861311
12839200128343
6523320000664
32009520065297
34748742494971
833751241464
6098903856576
284083379368
31380234316402
2178496879132
95560776567
14029512199801
9097846213234
14249139598035
151390728112
5527640597983
144507715589
2915791762436
94296913870
850564607677
2347025061019
3598358067503
18033305667545
2413759225174
5195855454113
6524461784820
8071128302593
1677172875348
161443512240
5751182406482
56565926885
91614945993
13171368102592
283840008448
1379507202694
1066934513685
3703213498500
23120159933801
111034934305
58592459111
17889516642731
19450920932246
826138067045
1309675160592
3637065668349
21124045445557
10444534566375
4278585692463
11054932021065
14994645042
20585727343
6235843109435
9447588295994
317687886792
14196925537654
9057403497190
27176689760322
438402898205
18890524201984
4990210367321
8437535965533
1847244215278
18472190543039
2953357374331
71087550998
1071017072141
4479015423984
6587760117396
209255601884
10132657060063
2202205380999
414450932318
10565049859
669813982861
11685269977503
4157863493104
3832244726269
20856424060761
104536885
9359818126271
1766392741976
343629660887
587615811184
4544211214908
36979008549609
20619636036379
9987333677261
12351647805472
4841325660800
1269972980985
2210766670042
125559727264
27350657585071
1543814177596
21892989656
8530585204627
491312379769
1095295602703
3674304843529
642270211255
15307324027168
487167485536
364904447201
241006235017
3488543702681
5209316779520
171238153208
3481356504317
9812542151139
1724749899348
156503634485
11838174652200
1650694194
334452312010
18163570372729
2030511097085
99199865804
4489543415974
21415165810035
7409286633061
3343127552788
2458156837027
11037445549604
474906492537
1297027957800
4414526231365
145312129853
17022676852419
3788370038977
16338429404751
679334146921
8270306869302
3461743789161
938254678662
4760399380365
566601089533
2968797600983
1882770826263
85942865331
8488104317537
22898473003861
1174936657788
7320142557574
10392236839493
12802948337173
7819457695592
1284882703896
1118325590435
4250789817617
643423853728
12965597966922
6074878726711
87776008141
17894287004124
32050963034
4798282122130
24608796408586
12149767240278
9654885759910
8262587304
9605467133712
3168316565917
15388880476397
384638993067
2257640277795
3060605357
2471960588907
951636559342
659887571726
7901151510697
12229836603165
481227002773
5819442398046
4357714632118
25883936514640
16853512148631
66829376431
10660826150574
10161041003770
1813963718840
1620068676195
23680059038
388768188047
6829096208711
3784384882256
2132001795713
3440761450779
615218867327
1252275454569
4286470121920
5608771799201
493917326368
6652142380231
6853710117074
448741850499
827652286003
77032843270
20909261198029
2836199943453
10340279537150
1060618393144
3163210317892
34002677219933
1687440285116
3048308768513
7658680541807
12641143776660
9881183717953
2343630865740
7962864357914
1946731048049
2816416167013
1507778005858
923881556944
3802580849860
3633671285362
11135947303661
6047312878496
11745658260941
4035774539744
27634951673371
12280571489049
328896317382
2201762569058
10509270922
2470584865591
20777073373309
971352771488
391535984544
2011111591151
2228927411039
11213562742382
11438649420616
1324754321168
4500514288693
6125325625115
13306400541743
624310189919
7675097944900
38646195242
55485357790
10734287227254
1295077497666
3003493168629
71238329490
708843837771
164988584998
10604919470247
955316555000
2542783710067
4383921507359
233317550786
221072207834
20259846658243
4681638220541
1602593027734
1117686144972
18124692046364
28079319493703
13331047749
5605389621716
9216036368093
3358598540078
3716492783642
10729645218042
2041131974741
1419335341515
22627905268
21377253527116
2994768374163
35050218509471
4934438194466
11969546227718
2956166263757
13258516181285
23906523537
5593028790505
2176148946098
13489875167707
556243241496
478234717385
54383614473
1866644920819
4330900343391
83862916902
2350082976718
3481670003938
2659712239661
1548503329930
3337892039379
958200813019
4403221867583
31642146657
920404845593
7855591704157
4347286571687
374532661
10834102733388
1429599497490
271779071880
7008524557712
28112019281317
833887743881
2441626875043
1476380502132
26430480324007
4172147006954
