10
160
145 113 85 36 71 90 133 11 128 98 48 23 149 34 38 134 30 88 41 119 124 103 156 137 47 84 53 6 76 146 123 16 73 10 141 37 12 69 35 57 42 93 8 51 78 49 3 159 116 63 21 65 157 112 60 138 126 106 115 29 31 121 62 72 139 91 125 5 18 97 131 39 111 40 26 43 80 66 27 155 83 79 1 64 147 87 74 117 55 132 24 92 33 136 152 153 4 150 54 101 108 142 9 130 104 127 81 58 129 109 45 19 105 151 56 14 110 46 25 32 7 107 114 44 86 135 96 89 118 13 59 154 52 102 70 122 68 100 67 20 99 120 15 160 82 75 17 94 28 140 144 158 2 22 148 50 77 143 61 95
65 34
121 65
121 124
124 96
96 126
126 22
22 91
91 149
149 144
144 145
145 69
69 50
160 50
160 94
118 94
118 119
46 119
110 46
110 148
142 148
142 51
134 51
134 61
113 61
151 113
151 1
1 138
5 138
27 5
82 27
82 135
30 135
30 47
47 100
33 100
60 33
60 29
67 29
157 67
3 157
3 70
99 70
62 99
123 62
147 123
147 49
6 49
6 146
7 146
7 32
23 32
19 23
4 19
136 4
136 43
43 128
88 128
88 139
158 139
158 122
52 122
52 159
37 159
37 10
10 93
93 117
120 117
101 120
101 140
140 24
24 84
84 73
16 73
48 16
63 48
63 20
104 20
11 104
11 130
130 115
2 115
108 2
102 108
102 133
133 83
55 83
55 81
28 81
28 90
90 12
78 12
153 78
153 150
17 150
109 17
109 72
66 72
66 107
9 107
103 9
103 87
154 87
143 154
53 143
53 14
26 14
152 26
15 152
15 112
76 112
68 76
111 68
111 45
45 156
54 156
54 13
13 80
137 80
92 137
92 86
125 86
42 125
75 42
74 75
74 129
89 129
89 131
58 131
77 58
98 77
132 98
132 57
97 57
97 155
8 155
59 8
21 59
85 21
40 85
35 40
35 114
114 31
31 64
39 64
105 39
127 105
41 127
106 41
71 106
44 71
18 44
18 36
36 79
79 38
38 56
56 116
95 116
95 25
141 25
160
153 155 3 4 5 6 7 8 9 10 11 12 13 14 15 16 17 18 19 20 21 22 23 24 25 26 27 28 29 30 31 32 33 34 35 36 37 38 39 40 41 42 43 44 45 46 47 48 49 50 51 52 53 54 55 56 57 58 59 60 61 62 63 64 65 66 67 68 69 70 71 72 73 74 75 76 77 78 79 80 81 82 83 84 85 86 87 88 89 90 91 92 93 94 95 96 97 98 99 100 101 102 103 104 105 106 107 108 109 110 111 112 113 114 115 116 117 118 119 120 121 122 123 124 125 126 127 128 129 130 131 132 133 134 135 136 137 138 139 140 141 142 143 144 145 146 147 148 149 150 151 152 1 154 2 156 159 160 157 158
2 153
153 154
154 1
1 155
155 3
3 4
4 5
5 6
6 7
7 8
8 9
9 10
10 11
11 12
12 13
13 14
14 15
15 16
16 17
17 18
18 19
19 20
20 21
21 22
22 23
23 24
24 25
25 26
26 27
27 28
28 29
29 30
30 31
31 32
32 33
33 34
34 35
35 36
36 37
37 38
38 39
39 40
40 41
41 42
42 43
43 44
44 45
45 46
46 47
47 48
48 49
49 50
50 51
51 52
52 53
53 54
54 55
55 56
56 57
57 58
58 59
59 60
60 61
61 62
62 63
63 64
64 65
65 66
66 67
67 68
68 69
69 70
70 71
71 72
72 73
73 74
74 75
75 76
76 77
77 78
78 79
79 80
80 81
81 82
82 83
83 84
84 85
85 86
86 87
87 88
88 89
89 90
90 91
91 92
92 93
93 94
94 95
95 96
96 97
97 98
98 99
99 100
100 101
101 102
102 103
103 104
104 105
105 106
106 107
107 108
108 109
109 110
110 111
111 112
112 113
113 114
114 115
115 116
116 117
117 118
118 119
119 120
120 121
121 122
122 123
123 124
124 125
125 126
126 127
127 128
128 129
129 130
130 131
131 132
132 133
133 134
134 135
135 136
136 137
137 138
138 139
139 140
140 141
141 142
142 143
143 144
144 145
145 146
146 147
147 148
148 149
149 150
150 151
151 152
156 117
159 119
160 117
157 107
158 24
160
155 154 153 152 151 150 149 148 147 146 145 144 143 142 141 140 139 138 137 136 135 134 133 132 131 130 129 128 127 126 125 124 123 122 121 120 119 118 117 116 115 114 113 112 111 110 109 108 107 106 105 104 103 102 101 100 99 98 97 96 95 94 93 92 91 90 89 88 87 86 85 84 83 82 81 80 79 78 77 76 75 74 73 72 71 70 69 68 67 66 65 64 63 62 61 60 59 58 57 56 55 54 53 52 51 50 49 48 47 46 45 44 43 42 41 40 39 38 37 36 35 34 33 32 31 30 29 28 27 26 25 24 23 22 21 20 19 18 17 16 15 14 13 12 11 10 9 8 7 6 5 4 3 2 1 160 158 156 159 157
1 2
2 3
3 4
4 5
5 6
6 7
7 8
8 9
9 10
10 11
11 12
12 13
13 14
14 15
15 16
16 17
17 18
18 19
19 20
20 21
21 22
22 23
23 24
24 25
25 26
26 27
27 28
28 29
29 30
30 31
31 32
32 33
33 34
34 35
35 36
36 37
37 38
38 39
39 40
40 41
41 42
42 43
43 44
44 45
45 46
46 47
47 48
48 49
49 50
50 51
51 52
52 53
53 54
54 55
55 56
56 57
57 58
58 59
59 60
60 61
61 62
62 63
63 64
64 65
65 66
66 67
67 68
68 69
69 70
70 71
71 72
72 73
73 74
74 75
75 76
76 77
77 78
78 79
79 80
80 81
81 82
82 83
83 84
84 85
85 86
86 87
87 88
88 89
89 90
90 91
91 92
92 93
93 94
94 95
95 96
96 97
97 98
98 99
99 100
100 101
101 102
102 103
103 104
104 105
105 106
106 107
107 108
108 109
109 110
110 111
111 112
112 113
113 114
114 115
115 116
116 117
117 118
118 119
119 120
120 121
121 122
122 123
123 124
124 125
125 126
126 127
127 128
128 129
129 130
130 131
131 132
132 133
133 134
134 135
135 136
136 137
137 138
138 139
139 140
140 141
141 142
142 143
143 144
144 145
145 146
146 147
147 148
148 149
149 150
150 151
151 152
152 153
153 154
154 155
160 67
158 89
156 83
159 109
157 38
160
27 66 140 36 113 107 62 99 46 26 23 17 32 82 5 69 134 52 67 111 60 65 34 4 16 54 1 13 137 143 148 155 132 147 10 12 142 125 98 122 85 11 53 96 51 29 41 151 97 50 138 109 127 88 37 6 129 150 42 90 59 2 8 84 47 61 40 72 58 91 133 74 20 39 87 106 77 30 136 15 152 92 68 103 93 118 71 49 153 144 135 123 130 101 128 22 100 25 43 105 76 33 102 126 115 149 81 104 56 108 14 28 80 75 154 114 110 24 121 139 83 35 45 95 141 119 21 19 7 89 78 44 64 79 3 70 120 117 112 57 145 86 94 116 124 55 31 63 146 73 131 38 18 9 48 159 157 158 160 156
73 14
73 41
73 81
73 34
73 22
73 125
73 82
73 115
73 151
73 121
73 99
73 107
73 87
73 57
73 30
73 51
73 88
73 119
73 68
73 129
73 39
73 20
73 104
73 122
73 61
73 97
73 117
73 66
73 120
73 141
73 135
73 80
73 23
73 152
73 114
73 2
73 70
73 45
73 60
73 50
73 100
73 65
73 131
73 90
73 12
73 132
73 24
73 29
73 144
73 6
73 155
73 54
73 8
73 105
73 1
73 16
73 62
73 78
73 101
73 53
73 46
73 52
73 5
73 91
73 153
73 33
73 146
73 83
73 145
73 111
73 63
73 110
73 96
73 75
73 134
73 137
73 19
73 113
73 89
73 7
73 10
73 85
73 28
73 148
73 72
73 49
73 26
73 9
73 147
73 71
73 36
73 102
73 109
73 3
73 86
73 140
73 64
73 18
73 95
73 139
73 103
73 98
73 48
73 149
73 37
73 42
73 128
73 116
73 93
73 55
73 76
73 44
73 118
73 59
73 25
73 150
73 74
73 43
73 32
73 13
73 35
73 40
73 142
73 21
73 130
73 11
73 69
73 27
73 124
73 67
73 143
73 84
73 15
73 4
73 38
73 106
73 127
73 92
73 108
73 126
73 47
73 123
73 17
73 94
73 31
73 77
73 58
73 56
73 154
73 136
73 112
73 133
73 138
73 79
159 110
157 153
158 79
160 145
156 123
160
78 118 119 120 121 122 123 124 125 126 127 128 129 130 131 132 133 134 135 136 137 138 139 140 141 142 143 144 145 146 147 148 149 150 151 152 153 154 155 80 81 82 83 84 85 86 87 88 89 90 91 92 93 94 95 96 97 98 99 100 101 102 103 104 105 106 107 108 109 110 111 112 113 114 115 116 117 79 1 77 2 3 4 5 6 7 8 9 10 11 12 13 14 15 16 17 18 19 20 21 22 23 24 25 26 27 28 29 30 31 32 33 34 35 36 37 38 39 40 41 42 43 44 45 46 47 48 49 50 51 52 53 54 55 56 57 58 59 60 61 62 63 64 65 66 67 68 69 70 71 72 73 74 75 76 158 157 159 160 156
80 118
80 79
81 119
81 79
82 120
82 79
83 121
83 79
84 122
84 79
85 123
85 79
86 124
86 79
87 125
87 79
88 126
88 79
89 127
89 79
90 128
90 79
91 129
91 79
92 130
92 79
93 131
93 79
94 132
94 79
95 133
95 79
96 134
96 79
97 135
97 79
98 136
98 79
99 137
99 79
100 138
100 79
101 139
101 79
102 140
102 79
103 141
103 79
104 142
104 79
105 143
105 79
106 144
106 79
107 145
107 79
108 146
108 79
109 147
109 79
110 148
110 79
111 149
111 79
112 150
112 79
113 151
113 79
114 152
114 79
115 153
115 79
116 154
116 79
117 155
117 79
1 79
1 77
77 78
2 3
3 4
4 5
5 6
6 7
7 8
8 9
9 10
10 11
11 12
12 13
13 14
14 15
15 16
16 17
17 18
18 19
19 20
20 21
21 22
22 23
23 24
24 25
25 26
26 27
27 28
28 29
29 30
30 31
31 32
32 33
33 34
34 35
35 36
36 37
37 38
38 39
39 40
40 41
41 42
42 43
43 44
44 45
45 46
46 47
47 48
48 49
49 50
50 51
51 52
52 53
53 54
54 55
55 56
56 57
57 58
58 59
59 60
60 61
61 62
62 63
63 64
64 65
65 66
66 67
67 68
68 69
69 70
70 71
71 72
72 73
73 74
74 75
75 76
78 76
158 152
157 33
159 32
160 143
156 76
160
136 106 128 58 72 78 44 31 91 118 135 154 40 8 57 85 151 77 53 100 97 71 139 152 50 70 121 150 51 125 156 95 23 66 96 146 20 79 22 37 98 19 103 35 21 46 130 157 9 153 87 34 101 45 82 27 48 81 142 147 86 129 14 12 84 120 114 138 144 56 41 61 63 32 38 4 18 109 43 131 126 123 113 107 83 68 49 119 117 30 65 94 105 88 74 122 36 6 11 1 55 134 60 108 159 90 93 124 59 75 25 116 143 133 17 149 115 26 137 47 5 110 2 69 80 54 148 67 39 140 111 104 15 89 158 52 145 7 3 155 99 29 10 24 62 64 13 127 160 132 112 73 42 76 16 141 33 92 102 28
44 138
53 44
41 53
8 44
17 8
34 53
140 44
27 17
61 140
32 44
102 53
96 61
82 44
1 140
98 82
128 98
159 98
72 102
106 159
81 1
56 41
26 138
95 44
52 1
113 41
10 61
36 82
39 44
20 41
74 27
69 106
133 17
83 128
48 53
67 48
137 159
115 67
112 20
125 48
91 69
76 61
21 98
103 34
9 56
24 48
135 56
64 69
68 53
25 27
118 113
157 133
85 135
150 96
87 138
144 25
30 83
146 133
156 82
33 113
35 138
28 56
19 150
47 144
108 35
73 108
2 150
49 33
58 26
92 95
114 9
40 138
126 74
132 126
13 35
143 91
116 150
158 137
23 30
16 115
37 34
60 83
155 41
71 115
152 132
18 8
122 92
86 32
7 146
89 20
31 30
153 73
107 89
130 24
70 144
90 34
97 82
45 28
57 130
105 122
145 150
139 137
22 125
111 17
148 41
6 130
54 24
121 128
15 146
110 72
43 108
55 156
147 20
62 27
100 18
151 71
136 55
65 49
75 116
93 151
12 20
104 43
141 21
120 40
11 54
59 71
3 32
134 157
29 159
127 136
154 113
124 76
50 31
101 15
119 145
66 56
99 27
51 59
77 87
14 60
131 110
46 144
84 151
149 107
78 133
129 149
123 23
94 152
80 46
88 29
38 60
5 49
142 18
79 136
109 138
42 49
4 27
117 73
160 139
63 37
160
15 125 26 93 80 75 51 68 19 157 134 35 38 33 92 102 148 7 91 67 127 62 39 37 47 152 160 151 83 140 116 101 45 111 115 130 88 147 146 17 105 153 77 154 63 142 31 27 25 23 108 131 149 150 65 13 86 32 117 69 36 56 141 138 94 122 34 159 82 121 132 1 99 114 11 76 4 20 8 50 66 119 9 24 89 103 48 97 135 41 78 3 118 123 21 143 71 28 124 110 113 44 98 144 30 22 74 14 2 29 18 42 59 155 79 120 54 87 60 126 139 64 40 156 109 46 43 12 57 55 85 73 145 112 100 61 106 72 158 6 81 107 137 16 58 84 133 129 52 95 49 90 96 5 104 136 70 128 10 53
107 124
131 124
59 131
122 59
108 124
63 122
55 59
156 59
49 131
79 156
114 108
33 124
44 122
112 122
77 79
17 79
57 112
134 124
21 107
10 49
121 156
61 63
41 77
94 79
66 61
139 10
83 94
86 134
153 33
75 121
60 153
16 112
150 153
97 108
129 94
18 86
136 41
133 139
105 94
130 107
15 150
2 61
117 112
143 44
90 133
88 124
155 61
76 94
140 136
89 140
111 15
22 75
98 114
14 15
72 112
45 76
48 88
43 45
118 66
74 83
81 107
50 150
26 98
25 63
32 2
30 156
101 140
125 63
65 153
51 74
23 130
149 75
8 118
24 61
19 2
145 25
29 61
157 79
5 114
11 101
35 122
158 35
64 122
148 122
1 63
4 25
13 24
120 124
126 19
36 16
80 88
31 120
141 134
34 35
116 125
20 61
70 149
67 70
115 136
53 44
85 118
135 60
151 25
109 72
103 90
138 86
142 74
146 24
128 26
37 64
52 139
154 33
132 117
119 90
39 79
102 20
159 111
96 122
110 111
84 25
47 15
68 85
7 30
42 50
106 114
92 81
123 112
40 68
82 85
127 45
54 26
152 117
71 14
69 154
99 69
137 83
93 22
28 82
95 77
38 15
62 19
87 95
144 117
3 143
56 154
27 33
6 143
46 94
73 35
147 39
104 42
113 71
160 116
91 21
9 76
100 32
78 85
58 84
12 18
160
18 47 17 82 63 44 86 90 139 155 140 129 59 160 131 119 79 142 43 147 61 75 123 89 153 1 145 71 98 23 112 15 65 54 88 130 67 154 99 49 78 28 111 46 68 2 126 80 117 109 138 29 92 48 107 70 103 39 41 52 135 152 5 87 85 108 35 77 50 20 144 100 101 6 151 55 66 60 56 95 72 33 157 105 158 132 93 34 81 83 159 156 4 121 12 40 146 149 38 73 57 113 84 11 53 116 3 14 122 21 120 51 16 37 30 104 32 8 42 10 127 36 19 62 124 74 110 150 25 76 13 45 125 136 118 22 102 115 91 24 31 143 128 27 9 141 26 97 69 133 58 148 114 137 96 134 94 64 7 106
75 150
96 75
9 150
119 9
34 75
31 96
5 75
19 96
87 34
159 150
135 96
8 34
13 31
139 34
33 34
149 87
25 159
116 34
155 87
52 8
40 135
147 13
90 9
88 155
115 13
123 88
93 90
78 52
104 87
6 13
146 90
98 149
81 119
45 81
134 90
136 33
137 81
124 135
86 115
110 25
74 31
79 40
113 150
64 8
109 31
112 25
48 124
62 79
16 96
94 86
27 119
118 136
63 136
68 40
41 137
117 62
76 88
61 123
10 16
156 13
26 16
42 76
148 123
66 104
157 136
17 113
128 117
152 78
100 136
103 113
18 115
70 40
46 79
69 45
160 90
143 61
55 45
2 18
102 26
126 128
105 136
101 78
133 102
53 147
23 143
158 124
142 98
30 147
130 79
120 156
107 137
83 123
80 126
51 147
140 100
12 101
131 51
36 74
59 104
85 158
58 126
71 76
125 59
7 88
77 6
132 13
38 96
121 103
3 74
114 87
111 107
15 103
151 16
29 71
92 53
28 151
43 77
67 66
32 119
91 121
65 111
95 115
73 92
154 113
144 121
153 19
54 134
47 40
89 62
108 113
35 6
14 134
84 5
56 128
22 67
24 79
39 71
138 150
11 105
97 121
49 121
141 94
60 58
122 61
127 59
44 61
20 91
72 56
106 63
1 9
57 157
4 118
21 69
129 136
99 131
145 4
82 19
37 131
50 2
160
123 84 121 60 153 97 106 144 15 21 99 48 111 156 6 132 96 12 102 141 142 85 27 80 147 22 57 7 110 100 117 152 145 24 28 70 137 104 43 19 62 126 103 128 26 58 66 17 41 2 8 118 33 95 88 74 23 108 50 114 119 109 81 63 45 82 91 40 77 29 158 5 32 53 39 116 139 124 55 46 65 42 115 1 125 75 112 20 120 59 35 16 38 56 76 13 90 113 143 72 44 107 134 67 61 89 151 98 79 9 36 73 159 18 92 130 127 93 160 101 149 64 150 133 148 83 105 3 10 94 78 140 31 87 37 131 4 51 154 146 122 71 129 47 30 14 136 155 157 54 135 49 52 34 25 11 86 68 69 138
17 37
41 37
113 41
120 41
14 120
67 37
36 67
124 36
76 14
129 120
156 36
122 67
111 67
49 122
54 67
48 14
92 37
44 37
153 156
87 113
40 36
73 54
20 153
47 36
80 14
121 73
106 44
23 17
33 80
145 129
63 36
42 121
138 36
160 124
116 121
131 121
155 87
94 138
45 145
157 23
100 120
77 36
159 122
15 44
119 153
22 48
101 157
151 100
154 36
72 151
93 49
146 160
90 93
52 93
21 49
70 20
65 23
96 42
61 131
97 80
118 159
78 76
32 154
150 77
127 61
60 52
123 154
43 116
126 72
19 70
2 87
57 61
133 121
64 61
125 123
53 52
46 156
30 70
147 155
13 49
75 49
134 19
5 32
98 63
88 80
27 156
16 145
140 93
102 17
158 36
4 147
7 118
38 16
139 48
66 131
35 33
34 94
104 98
79 7
152 37
25 125
115 133
110 102
9 126
10 157
91 78
143 131
112 40
59 20
12 25
107 127
135 63
99 49
144 118
114 64
130 77
128 61
136 123
85 41
86 129
1 32
55 15
24 115
95 60
84 17
39 147
62 19
117 125
69 47
74 114
142 131
68 100
89 1
105 117
6 49
149 91
29 44
26 60
51 75
148 153
28 21
3 2
108 118
50 128
58 157
56 9
132 73
137 66
81 14
18 36
11 41
83 127
103 147
31 42
109 65
71 94
8 131
141 157
82 22
160
53 157 123 158 90 143 89 10 28 81 116 8 88 95 131 147 151 160 142 133 79 29 125 55 65 156 16 159 103 120 57 33 43 22 140 91 25 153 112 145 97 150 68 106 130 154 138 98 80 47 64 41 110 124 48 121 102 63 93 105 122 70 77 86 62 9 7 12 3 72 87 135 37 32 54 96 108 118 76 137 2 66 31 107 149 6 14 18 84 38 100 61 36 58 35 1 42 24 113 44 20 69 27 51 128 45 129 126 34 104 92 60 52 101 59 139 17 115 144 99 4 152 78 148 109 23 127 13 141 11 94 134 56 146 74 71 155 82 40 85 111 83 39 75 132 26 30 19 15 49 136 67 5 21 46 114 73 119 117 50
39 98
110 39
62 110
96 98
18 39
124 110
22 98
29 98
26 18
157 39
70 110
154 62
37 96
142 39
14 98
67 110
6 14
82 157
19 67
52 124
64 157
81 154
106 14
74 96
34 98
93 96
137 37
2 154
23 82
32 106
120 82
25 37
24 26
76 74
35 142
101 6
155 64
132 29
43 64
12 101
53 32
45 24
150 76
133 25
36 37
79 70
99 52
90 99
46 2
116 99
141 116
92 82
145 52
84 26
28 39
100 53
130 101
13 79
51 150
47 150
126 74
140 98
149 120
127 12
87 90
58 53
83 23
55 84
144 101
48 24
159 35
41 12
118 24
112 142
156 28
33 23
56 98
42 48
103 2
139 100
138 18
77 149
4 22
136 56
15 47
104 34
88 120
160 14
153 142
72 156
21 67
152 137
5 43
49 47
97 84
60 88
27 52
86 106
148 15
57 47
1 72
17 60
73 28
8 45
115 45
68 37
108 82
59 144
40 19
75 120
9 150
66 75
122 138
7 96
102 19
123 136
69 7
30 17
50 22
44 106
119 67
105 123
117 26
20 5
114 14
134 41
3 42
38 127
61 105
54 76
111 145
121 106
85 150
65 39
91 5
131 160
95 83
109 114
11 24
71 73
125 109
63 41
135 84
113 48
151 30
78 67
89 101
94 151
147 34
107 42
146 100
129 71
16 102
143 51
10 56
158 47
128 109
31 14
80 109
