10
160
72 114 57 37 84 89 23 71 95 1 59 43 85 83 159 74 147 121 143 119 151 93 120 145 42 111 36 123 146 135 70 60 20 127 35 53 7 139 22 54 16 17 28 126 2 49 157 10 41 31 24 9 55 65 94 39 81 160 90 122 80 125 82 118 30 32 103 131 136 96 150 154 3 67 113 27 107 134 132 14 11 140 78 69 73 4 77 45 110 44 124 105 76 86 63 97 133 6 141 18 155 156 50 87 100 47 56 128 98 66 109 148 137 79 129 144 58 91 116 13 52 99 61 19 130 112 21 138 33 34 5 142 88 158 25 106 29 46 92 38 102 64 15 115 51 62 101 48 68 26 12 117 152 8 75 104 149 153 40 108
55 136
26 55
121 26
156 121
156 34
34 130
104 130
68 104
61 68
70 61
157 70
134 157
94 134
94 117
117 22
22 86
51 86
44 51
44 71
71 142
59 142
56 59
56 72
128 72
128 20
139 20
139 107
107 93
52 93
52 7
144 7
144 102
24 102
24 96
96 115
115 150
150 23
120 23
54 120
54 37
67 37
67 25
73 25
73 66
66 84
21 84
21 1
8 1
8 32
122 32
46 122
46 42
42 125
12 125
64 12
64 81
81 147
39 147
111 39
105 111
78 105
78 82
82 140
140 41
41 17
17 123
123 100
100 4
132 4
28 132
28 69
69 83
13 83
30 13
30 127
127 103
99 103
90 99
3 90
6 3
6 45
5 45
109 5
109 114
114 33
33 10
14 10
60 14
155 60
155 149
149 43
43 135
135 138
138 9
119 9
119 146
146 151
18 151
18 158
158 124
16 124
91 16
91 85
85 129
129 89
79 89
79 15
160 15
160 77
77 31
133 31
133 57
36 57
36 108
108 145
48 145
65 48
159 65
159 58
58 80
88 80
113 88
27 113
76 27
137 76
137 131
35 131
35 92
87 92
87 11
11 112
112 98
47 98
47 101
49 101
40 49
152 40
95 152
126 95
62 126
29 62
29 19
148 19
148 74
74 110
110 97
97 50
153 50
143 153
143 116
116 75
63 75
38 63
106 38
106 53
141 53
118 141
118 154
2 154
160
153 155 3 4 5 6 7 8 9 10 11 12 13 14 15 16 17 18 19 20 21 22 23 24 25 26 27 28 29 30 31 32 33 34 35 36 37 38 39 40 41 42 43 44 45 46 47 48 49 50 51 52 53 54 55 56 57 58 59 60 61 62 63 64 65 66 67 68 69 70 71 72 73 74 75 76 77 78 79 80 81 82 83 84 85 86 87 88 89 90 91 92 93 94 95 96 97 98 99 100 101 102 103 104 105 106 107 108 109 110 111 112 113 114 115 116 117 118 119 120 121 122 123 124 125 126 127 128 129 130 131 132 133 134 135 136 137 138 139 140 141 142 143 144 145 146 147 148 149 150 151 152 1 154 2 157 160 158 159 156
2 153
153 154
154 1
1 155
155 3
3 4
4 5
5 6
6 7
7 8
8 9
9 10
10 11
11 12
12 13
13 14
14 15
15 16
16 17
17 18
18 19
19 20
20 21
21 22
22 23
23 24
24 25
25 26
26 27
27 28
28 29
29 30
30 31
31 32
32 33
33 34
34 35
35 36
36 37
37 38
38 39
39 40
40 41
41 42
42 43
43 44
44 45
45 46
46 47
47 48
48 49
49 50
50 51
51 52
52 53
53 54
54 55
55 56
56 57
57 58
58 59
59 60
60 61
61 62
62 63
63 64
64 65
65 66
66 67
67 68
68 69
69 70
70 71
71 72
72 73
73 74
74 75
75 76
76 77
77 78
78 79
79 80
80 81
81 82
82 83
83 84
84 85
85 86
86 87
87 88
88 89
89 90
90 91
91 92
92 93
93 94
94 95
95 96
96 97
97 98
98 99
99 100
100 101
101 102
102 103
103 104
104 105
105 106
106 107
107 108
108 109
109 110
110 111
111 112
112 113
113 114
114 115
115 116
116 117
117 118
118 119
119 120
120 121
121 122
122 123
123 124
124 125
125 126
126 127
127 128
128 129
129 130
130 131
131 132
132 133
133 134
134 135
135 136
136 137
137 138
138 139
139 140
140 141
141 142
142 143
143 144
144 145
145 146
146 147
147 148
148 149
149 150
150 151
151 152
157 125
160 135
158 153
159 136
156 123
160
155 154 153 152 151 150 149 148 147 146 145 144 143 142 141 140 139 138 137 136 135 134 133 132 131 130 129 128 127 126 125 124 123 122 121 120 119 118 117 116 115 114 113 112 111 110 109 108 107 106 105 104 103 102 101 100 99 98 97 96 95 94 93 92 91 90 89 88 87 86 85 84 83 82 81 80 79 78 77 76 75 74 73 72 71 70 69 68 67 66 65 64 63 62 61 60 59 58 57 56 55 54 53 52 51 50 49 48 47 46 45 44 43 42 41 40 39 38 37 36 35 34 33 32 31 30 29 28 27 26 25 24 23 22 21 20 19 18 17 16 15 14 13 12 11 10 9 8 7 6 5 4 3 2 1 158 159 157 156 160
1 2
2 3
3 4
4 5
5 6
6 7
7 8
8 9
9 10
10 11
11 12
12 13
13 14
14 15
15 16
16 17
17 18
18 19
19 20
20 21
21 22
22 23
23 24
24 25
25 26
26 27
27 28
28 29
29 30
30 31
31 32
32 33
33 34
34 35
35 36
36 37
37 38
38 39
39 40
40 41
41 42
42 43
43 44
44 45
45 46
46 47
47 48
48 49
49 50
50 51
51 52
52 53
53 54
54 55
55 56
56 57
57 58
58 59
59 60
60 61
61 62
62 63
63 64
64 65
65 66
66 67
67 68
68 69
69 70
70 71
71 72
72 73
73 74
74 75
75 76
76 77
77 78
78 79
79 80
80 81
81 82
82 83
83 84
84 85
85 86
86 87
87 88
88 89
89 90
90 91
91 92
92 93
93 94
94 95
95 96
96 97
97 98
98 99
99 100
100 101
101 102
102 103
103 104
104 105
105 106
106 107
107 108
108 109
109 110
110 111
111 112
112 113
113 114
114 115
115 116
116 117
117 118
118 119
119 120
120 121
121 122
122 123
123 124
124 125
125 126
126 127
127 128
128 129
129 130
130 131
131 132
132 133
133 134
134 135
135 136
136 137
137 138
138 139
139 140
140 141
141 142
142 143
143 144
144 145
145 146
146 147
147 148
148 149
149 150
150 151
151 152
152 153
153 154
154 155
158 96
159 55
157 87
156 8
160 14
160
137 45 34 74 103 17 108 134 95 3 64 21 136 126 101 61 55 133 66 31 145 23 99 24 56 39 43 18 71 75 92 49 115 81 138 106 72 111 87 100 14 122 35 76 27 119 38 20 146 13 51 67 121 70 93 48 4 25 102 88 114 19 96 8 120 42 41 152 54 77 91 36 15 139 85 69 83 89 79 62 107 116 135 86 1 5 9 144 90 104 2 33 94 128 44 98 46 10 30 130 29 154 6 124 125 82 52 143 57 142 110 127 147 97 105 58 113 40 11 148 131 12 16 153 151 78 109 22 155 117 149 63 53 84 65 7 118 60 150 37 123 50 47 132 140 73 112 141 32 28 129 59 80 26 68 159 158 157 160 156
152 15
152 73
152 18
152 79
152 140
152 63
152 67
152 83
152 139
152 80
152 51
152 145
152 1
152 118
152 114
152 88
152 112
152 76
152 37
152 26
152 100
152 123
152 20
152 10
152 99
152 130
152 36
152 47
152 58
152 143
152 149
152 151
152 45
152 65
152 142
152 72
152 141
152 116
152 124
152 86
152 57
152 119
152 49
152 35
152 52
152 29
152 136
152 17
152 104
152 102
152 90
152 34
152 128
152 62
152 89
152 77
152 64
152 55
152 69
152 32
152 21
152 38
152 84
152 85
152 2
152 43
152 82
152 155
152 131
152 50
152 144
152 48
152 106
152 12
152 41
152 92
152 105
152 3
152 46
152 42
152 9
152 16
152 107
152 74
152 53
152 27
152 24
152 146
152 94
152 113
152 14
152 153
152 70
152 148
152 25
152 117
152 137
152 132
152 8
152 81
152 68
152 111
152 71
152 121
152 97
152 78
152 103
152 93
152 109
152 122
152 95
152 126
152 87
152 108
152 28
152 11
152 154
152 7
152 40
152 5
152 98
152 133
152 127
152 129
152 30
152 138
152 54
152 31
152 135
152 60
152 4
152 23
152 13
152 134
152 101
152 115
152 39
152 66
152 6
152 150
152 22
152 96
152 33
152 19
152 59
152 110
152 56
152 120
152 91
152 75
152 61
152 147
152 44
152 125
159 109
158 145
157 21
160 53
156 40
160
78 118 119 120 121 122 123 124 125 126 127 128 129 130 131 132 133 134 135 136 137 138 139 140 141 142 143 144 145 146 147 148 149 150 151 152 153 154 155 80 81 82 83 84 85 86 87 88 89 90 91 92 93 94 95 96 97 98 99 100 101 102 103 104 105 106 107 108 109 110 111 112 113 114 115 116 117 79 1 77 2 3 4 5 6 7 8 9 10 11 12 13 14 15 16 17 18 19 20 21 22 23 24 25 26 27 28 29 30 31 32 33 34 35 36 37 38 39 40 41 42 43 44 45 46 47 48 49 50 51 52 53 54 55 56 57 58 59 60 61 62 63 64 65 66 67 68 69 70 71 72 73 74 75 76 156 159 158 160 157
80 118
80 79
81 119
81 79
82 120
82 79
83 121
83 79
84 122
84 79
85 123
85 79
86 124
86 79
87 125
87 79
88 126
88 79
89 127
89 79
90 128
90 79
91 129
91 79
92 130
92 79
93 131
93 79
94 132
94 79
95 133
95 79
96 134
96 79
97 135
97 79
98 136
98 79
99 137
99 79
100 138
100 79
101 139
101 79
102 140
102 79
103 141
103 79
104 142
104 79
105 143
105 79
106 144
106 79
107 145
107 79
108 146
108 79
109 147
109 79
110 148
110 79
111 149
111 79
112 150
112 79
113 151
113 79
114 152
114 79
115 153
115 79
116 154
116 79
117 155
117 79
1 79
1 77
77 78
2 3
3 4
4 5
5 6
6 7
7 8
8 9
9 10
10 11
11 12
12 13
13 14
14 15
15 16
16 17
17 18
18 19
19 20
20 21
21 22
22 23
23 24
24 25
25 26
26 27
27 28
28 29
29 30
30 31
31 32
32 33
33 34
34 35
35 36
36 37
37 38
38 39
39 40
40 41
41 42
42 43
43 44
44 45
45 46
46 47
47 48
48 49
49 50
50 51
51 52
52 53
53 54
54 55
55 56
56 57
57 58
58 59
59 60
60 61
61 62
62 63
63 64
64 65
65 66
66 67
67 68
68 69
69 70
70 71
71 72
72 73
73 74
74 75
75 76
78 76
156 114
159 120
158 41
160 92
157 5
160
126 34 95 133 31 147 75 111 89 90 7 57 91 98 79 122 131 127 136 93 104 18 101 3 150 39 86 16 87 110 113 40 13 73 102 55 124 15 59 5 105 49 130 52 36 97 143 32 99 115 11 138 128 153 48 83 77 82 27 54 65 137 121 132 135 14 88 117 94 17 141 148 63 100 125 9 140 30 69 62 120 76 154 4 19 66 60 20 37 26 144 129 92 107 67 109 22 42 114 12 78 156 70 44 46 38 35 118 56 151 85 152 33 84 41 149 43 53 142 155 134 146 103 8 159 112 50 10 119 81 123 1 74 72 160 145 68 116 108 47 157 24 29 80 139 71 51 21 6 23 58 2 25 158 28 106 96 64 61 45
149 63
82 149
58 63
68 63
106 82
24 58
96 63
121 68
134 58
126 121
73 106
100 126
122 149
44 106
130 82
120 96
160 100
30 149
128 58
7 149
114 100
43 73
90 128
64 121
146 58
155 126
145 155
131 82
156 24
36 126
144 120
86 58
157 134
139 30
153 63
4 58
59 122
56 139
12 100
148 145
107 56
87 107
159 44
23 128
53 36
102 157
94 107
16 44
17 68
108 73
79 12
115 36
51 145
18 36
6 23
39 4
10 56
77 155
40 68
150 148
74 128
136 155
151 144
62 6
33 160
72 136
158 122
119 115
101 51
14 114
141 58
46 159
112 53
5 108
110 79
111 4
35 149
41 114
3 72
52 44
69 155
1 77
55 1
84 108
20 157
95 72
9 108
81 100
117 114
118 150
99 68
76 43
92 14
61 120
22 146
21 35
142 18
27 122
123 102
103 40
31 36
47 20
143 156
127 126
37 157
129 112
113 129
78 20
132 115
147 64
57 43
13 145
88 24
105 6
104 47
83 88
60 9
133 27
75 46
80 76
91 90
29 134
19 118
8 110
25 121
32 131
152 73
140 5
124 20
97 17
138 129
98 59
34 153
11 64
42 80
66 68
49 69
2 143
93 88
54 13
26 7
45 126
48 74
65 25
67 58
28 150
89 32
135 52
70 34
109 87
154 34
116 49
85 61
125 157
15 100
71 145
38 1
50 72
137 53
160
98 23 77 122 146 91 1 83 28 155 46 69 20 29 64 4 15 90 119 42 80 54 113 52 72 108 14 75 35 25 121 95 70 34 71 68 41 126 103 109 61 120 21 3 47 140 22 38 132 33 101 89 58 11 151 92 141 45 13 19 117 50 81 111 6 131 73 96 5 100 40 17 157 66 82 30 118 44 86 105 136 88 156 99 139 56 160 110 59 158 37 124 78 24 127 87 137 144 97 153 39 150 48 26 142 9 67 8 18 60 135 154 145 112 147 125 102 16 63 138 116 53 85 106 74 57 148 43 149 128 10 93 65 133 129 134 84 2 32 76 115 55 123 79 49 36 12 51 94 130 159 7 152 143 62 27 107 31 114 104
95 27
121 95
158 27
107 121
142 158
18 95
109 18
19 18
54 107
148 18
93 19
88 19
50 107
105 88
92 121
60 93
102 93
52 93
128 54
104 121
86 158
45 27
59 92
26 18
131 92
38 158
115 93
127 52
89 38
43 50
71 105
81 86
16 52
1 121
91 109
152 60
77 81
129 50
140 127
14 152
138 60
6 45
139 104
90 43
57 148
24 91
74 86
111 127
63 139
137 89
159 107
42 152
62 42
100 1
20 38
141 148
153 148
23 107
84 62
94 142
130 38
5 18
8 62
67 137
80 63
40 63
37 107
58 142
25 62
13 23
87 84
96 102
48 107
143 148
35 143
51 80
125 74
4 107
64 23
132 14
144 138
154 132
9 16
56 9
36 16
110 43
66 129
151 38
17 8
31 20
120 90
49 102
82 80
83 63
126 36
78 132
155 24
68 56
21 126
122 9
33 126
112 80
114 71
41 16
157 20
136 144
146 84
156 52
134 16
85 41
99 38
147 25
133 157
22 99
108 37
44 128
3 99
15 114
29 49
145 36
98 43
46 90
97 128
28 23
79 77
106 87
34 156
72 120
39 147
61 54
75 152
124 19
150 46
12 71
135 35
123 62
11 99
69 156
55 114
119 64
65 124
160 71
70 107
32 134
53 151
76 37
73 85
118 88
10 32
117 35
47 38
30 50
2 124
101 87
7 1
113 38
116 83
149 114
103 160
160
141 92 76 7 19 107 16 111 57 137 93 75 60 105 119 154 10 29 97 106 109 130 66 24 82 45 28 73 99 112 48 9 88 17 86 11 27 5 121 65 87 139 138 148 133 71 104 146 61 84 77 108 152 126 72 31 35 37 151 50 4 15 3 34 67 6 69 123 90 89 81 33 96 156 110 125 49 42 43 140 100 1 46 102 54 160 38 132 41 26 32 85 115 98 58 36 153 55 158 117 144 124 83 53 122 145 129 22 95 150 116 134 64 63 101 103 21 135 20 79 120 30 127 131 12 78 13 40 70 52 80 114 147 94 118 25 18 91 56 62 149 2 14 44 155 159 23 157 113 74 8 128 59 39 68 47 51 143 136 142
18 135
102 18
15 135
147 18
56 147
118 15
121 102
52 147
1 102
111 147
42 102
152 102
139 121
136 147
54 136
71 54
93 102
38 102
33 136
159 18
142 1
106 152
50 121
155 52
86 54
84 135
157 33
90 93
109 118
72 111
2 56
29 33
94 54
144 86
43 86
76 54
158 102
138 121
87 15
126 111
59 109
39 135
140 38
83 2
104 59
70 152
4 158
131 102
48 2
120 140
127 1
85 142
23 121
141 93
64 157
9 104
99 93
105 140
154 83
81 104
65 23
130 157
55 48
101 94
62 15
134 131
137 99
26 48
60 127
92 141
148 121
74 23
57 99
160 62
27 65
78 160
103 50
37 64
66 140
61 78
44 102
40 59
77 109
19 57
22 19
75 9
30 81
117 140
124 75
113 27
10 38
153 62
46 109
114 90
149 160
20 102
6 144
115 117
31 65
151 31
13 106
63 27
45 154
108 99
95 159
11 103
107 46
125 111
91 42
145 66
69 131
100 26
82 139
51 158
122 50
21 61
7 27
110 139
156 93
3 121
58 71
67 61
8 154
123 131
28 94
41 111
146 154
80 7
143 102
73 69
112 114
132 127
34 22
79 60
53 8
129 44
16 106
119 124
98 82
36 84
150 130
88 44
128 100
17 135
97 79
96 53
5 39
12 145
47 8
25 148
116 98
68 55
35 20
49 42
14 142
24 100
133 80
89 56
32 114
160
53 27 157 61 126 90 28 85 23 87 48 55 107 127 72 21 14 125 129 37 106 99 82 13 149 32 3 9 4 148 18 158 138 156 151 141 52 46 35 10 29 84 30 59 75 36 153 5 65 94 91 44 119 45 12 71 41 26 43 104 64 25 120 56 145 152 110 50 98 139 16 68 63 89 155 105 140 86 109 11 95 78 116 2 97 137 40 111 81 100 79 88 160 38 146 143 103 123 49 93 102 108 7 122 101 74 17 92 133 132 34 1 112 128 66 80 96 62 124 58 113 24 136 117 15 114 150 121 60 39 6 144 115 20 31 51 131 134 54 42 83 135 142 70 57 69 19 8 77 33 118 154 147 159 47 73 130 67 22 76
113 115
112 113
94 113
71 113
91 112
9 91
17 9
98 94
156 9
77 156
35 17
73 112
22 71
95 73
74 73
149 77
19 17
31 115
137 98
27 156
131 17
40 113
12 40
76 137
123 115
57 35
133 27
139 95
58 156
7 17
8 156
23 58
5 95
64 71
52 112
101 27
119 76
111 74
106 137
55 5
16 74
158 95
72 7
102 101
148 8
60 91
11 58
81 98
33 72
89 58
50 102
116 89
29 139
39 74
110 115
147 17
145 119
32 139
118 111
159 33
63 9
13 115
4 40
65 17
75 11
80 81
37 74
124 94
15 158
151 5
18 55
68 133
10 31
129 131
30 32
78 148
155 68
49 95
43 145
79 131
56 7
26 95
90 56
45 30
109 102
120 43
117 11
51 22
48 151
70 43
144 137
100 12
67 137
128 137
97 35
92 109
93 94
88 9
3 128
108 109
154 22
132 111
46 133
114 74
59 145
44 90
42 123
96 33
150 27
82 19
34 154
130 154
83 158
105 90
20 12
28 124
136 48
36 68
140 77
152 51
25 39
41 158
84 119
142 145
85 152
141 17
21 12
62 68
47 11
121 77
160 140
69 9
103 147
6 132
99 76
87 5
135 128
157 130
53 20
138 4
38 22
107 51
125 100
127 65
61 116
153 50
104 13
143 152
126 89
2 130
66 4
24 48
122 73
86 53
134 5
54 124
14 7
146 116
1 7
160
156 64 81 47 85 79 80 145 18 84 138 59 140 88 109 1 49 65 30 99 71 86 66 137 148 115 129 104 97 9 8 50 151 110 51 146 102 21 57 125 73 5 118 25 160 111 78 95 75 117 53 135 23 4 92 149 60 61 134 93 142 122 123 108 128 43 27 24 120 56 32 20 90 132 31 13 124 12 113 42 10 33 152 112 72 41 94 39 150 143 36 101 76 114 3 158 131 11 70 82 54 28 6 16 100 17 107 44 106 130 68 22 46 58 40 52 105 127 157 147 63 126 45 144 159 141 155 133 37 29 103 34 98 62 69 96 55 136 153 48 26 15 116 74 14 89 154 91 67 38 87 35 7 83 19 2 139 121 119 77
78 97
7 97
10 7
81 78
108 7
73 108
143 10
83 78
56 81
113 10
19 56
57 108
85 19
18 78
5 73
38 57
80 73
51 5
4 73
146 85
152 4
111 57
160 80
53 78
92 51
157 4
44 157
65 53
42 143
105 65
87 143
62 92
29 97
122 87
69 42
2 97
21 105
115 51
75 5
144 83
6 5
22 105
95 5
9 21
100 9
66 44
45 87
139 95
14 105
137 80
34 62
89 18
3 6
74 95
40 3
15 81
91 137
102 56
71 97
33 71
107 42
84 108
88 5
116 146
156 29
63 137
141 100
27 152
103 18
120 111
25 2
12 75
49 80
151 56
99 49
136 25
123 44
90 18
37 6
127 113
117 57
46 100
124 69
31 2
128 9
126 53
155 63
32 46
148 117
72 7
41 53
79 117
101 14
112 83
109 120
58 27
35 157
106 107
130 120
104 117
20 29
142 160
26 87
133 84
110 12
43 148
129 18
8 73
13 3
17 104
30 109
118 9
67 75
68 40
121 122
135 113
159 26
23 78
1 81
86 95
93 31
145 31
125 57
114 91
138 146
94 139
131 143
48 136
59 123
47 49
154 116
52 131
98 86
28 7
96 129
39 78
54 35
55 109
16 115
64 66
61 105
119 95
60 79
149 112
140 52
134 152
82 94
76 136
132 13
11 103
147 133
50 8
70 48
24 41
36 69
153 88
150 25
77 81
158 132
