10
160
115 48 83 103 76 109 37 116 35 77 55 102 3 2 81 137 54 19 129 1 93 75 12 6 106 130 58 108 131 122 42 15 40 32 9 150 118 158 146 60 159 120 89 29 18 104 45 88 66 7 127 133 124 96 28 74 52 113 57 70 91 123 22 24 141 85 107 82 126 142 135 97 49 156 44 90 61 34 160 128 132 41 121 65 138 147 68 145 112 64 117 25 136 39 21 98 110 47 38 155 152 71 92 125 63 5 154 23 14 143 43 16 134 100 151 73 50 4 95 153 72 17 30 140 111 144 69 157 94 87 59 33 84 99 67 8 36 10 26 86 148 78 149 79 11 139 105 53 114 51 46 119 31 27 101 80 62 56 20 13
125 11
11 35
35 53
53 28
28 122
36 122
36 33
33 25
25 86
86 76
109 76
109 39
51 39
51 92
92 149
90 149
90 99
148 99
6 148
114 6
114 84
88 84
88 145
145 134
42 134
42 129
22 129
8 22
14 8
95 14
95 66
68 66
68 43
43 59
73 59
73 123
123 56
54 56
54 117
117 41
41 142
126 142
126 34
46 34
46 141
141 135
153 135
153 9
30 9
30 60
119 60
94 119
75 94
75 57
113 57
113 155
155 97
97 62
62 74
83 74
83 16
16 140
20 140
20 81
124 81
124 139
139 77
150 77
150 132
132 91
112 91
112 121
47 121
103 47
104 103
37 104
2 37
2 50
50 131
131 4
4 18
154 18
102 154
102 87
63 87
63 133
133 13
23 13
61 23
61 120
116 120
96 116
71 96
71 21
24 21
24 111
111 136
151 136
93 151
93 64
105 64
105 72
72 137
137 44
101 44
101 98
98 152
152 52
52 115
115 143
143 65
12 65
78 12
45 78
160 45
80 160
147 80
118 147
118 127
127 82
82 31
79 31
144 79
26 144
89 26
89 146
1 146
1 110
128 110
128 158
158 29
29 3
3 106
159 106
58 159
15 58
138 15
69 138
27 69
157 27
19 157
38 19
38 67
67 130
130 108
49 108
107 49
5 107
100 5
100 10
10 32
156 32
7 156
17 7
17 48
55 48
55 40
70 40
85 70
160
153 155 3 4 5 6 7 8 9 10 11 12 13 14 15 16 17 18 19 20 21 22 23 24 25 26 27 28 29 30 31 32 33 34 35 36 37 38 39 40 41 42 43 44 45 46 47 48 49 50 51 52 53 54 55 56 57 58 59 60 61 62 63 64 65 66 67 68 69 70 71 72 73 74 75 76 77 78 79 80 81 82 83 84 85 86 87 88 89 90 91 92 93 94 95 96 97 98 99 100 101 102 103 104 105 106 107 108 109 110 111 112 113 114 115 116 117 118 119 120 121 122 123 124 125 126 127 128 129 130 131 132 133 134 135 136 137 138 139 140 141 142 143 144 145 146 147 148 149 150 151 152 1 154 2 158 157 159 156 160
2 153
153 154
154 1
1 155
155 3
3 4
4 5
5 6
6 7
7 8
8 9
9 10
10 11
11 12
12 13
13 14
14 15
15 16
16 17
17 18
18 19
19 20
20 21
21 22
22 23
23 24
24 25
25 26
26 27
27 28
28 29
29 30
30 31
31 32
32 33
33 34
34 35
35 36
36 37
37 38
38 39
39 40
40 41
41 42
42 43
43 44
44 45
45 46
46 47
47 48
48 49
49 50
50 51
51 52
52 53
53 54
54 55
55 56
56 57
57 58
58 59
59 60
60 61
61 62
62 63
63 64
64 65
65 66
66 67
67 68
68 69
69 70
70 71
71 72
72 73
73 74
74 75
75 76
76 77
77 78
78 79
79 80
80 81
81 82
82 83
83 84
84 85
85 86
86 87
87 88
88 89
89 90
90 91
91 92
92 93
93 94
94 95
95 96
96 97
97 98
98 99
99 100
100 101
101 102
102 103
103 104
104 105
105 106
106 107
107 108
108 109
109 110
110 111
111 112
112 113
113 114
114 115
115 116
116 117
117 118
118 119
119 120
120 121
121 122
122 123
123 124
124 125
125 126
126 127
127 128
128 129
129 130
130 131
131 132
132 133
133 134
134 135
135 136
136 137
137 138
138 139
139 140
140 141
141 142
142 143
143 144
144 145
145 146
146 147
147 148
148 149
149 150
150 151
151 152
158 14
157 28
159 66
156 8
160 46
160
155 154 153 152 151 150 149 148 147 146 145 144 143 142 141 140 139 138 137 136 135 134 133 132 131 130 129 128 127 126 125 124 123 122 121 120 119 118 117 116 115 114 113 112 111 110 109 108 107 106 105 104 103 102 101 100 99 98 97 96 95 94 93 92 91 90 89 88 87 86 85 84 83 82 81 80 79 78 77 76 75 74 73 72 71 70 69 68 67 66 65 64 63 62 61 60 59 58 57 56 55 54 53 52 51 50 49 48 47 46 45 44 43 42 41 40 39 38 37 36 35 34 33 32 31 30 29 28 27 26 25 24 23 22 21 20 19 18 17 16 15 14 13 12 11 10 9 8 7 6 5 4 3 2 1 160 157 156 158 159
1 2
2 3
3 4
4 5
5 6
6 7
7 8
8 9
9 10
10 11
11 12
12 13
13 14
14 15
15 16
16 17
17 18
18 19
19 20
20 21
21 22
22 23
23 24
24 25
25 26
26 27
27 28
28 29
29 30
30 31
31 32
32 33
33 34
34 35
35 36
36 37
37 38
38 39
39 40
40 41
41 42
42 43
43 44
44 45
45 46
46 47
47 48
48 49
49 50
50 51
51 52
52 53
53 54
54 55
55 56
56 57
57 58
58 59
59 60
60 61
61 62
62 63
63 64
64 65
65 66
66 67
67 68
68 69
69 70
70 71
71 72
72 73
73 74
74 75
75 76
76 77
77 78
78 79
79 80
80 81
81 82
82 83
83 84
84 85
85 86
86 87
87 88
88 89
89 90
90 91
91 92
92 93
93 94
94 95
95 96
96 97
97 98
98 99
99 100
100 101
101 102
102 103
103 104
104 105
105 106
106 107
107 108
108 109
109 110
110 111
111 112
112 113
113 114
114 115
115 116
116 117
117 118
118 119
119 120
120 121
121 122
122 123
123 124
124 125
125 126
126 127
127 128
128 129
129 130
130 131
131 132
132 133
133 134
134 135
135 136
136 137
137 138
138 139
139 140
140 141
141 142
142 143
143 144
144 145
145 146
146 147
147 148
148 149
149 150
150 151
151 152
152 153
153 154
154 155
160 131
157 139
156 144
158 148
159 72
160
133 140 73 9 152 93 56 38 78 68 132 104 13 137 147 120 90 48 50 88 126 98 87 103 102 53 25 121 114 33 54 92 47 16 113 46 61 43 149 142 11 21 6 79 138 99 31 8 62 134 118 89 67 130 27 15 26 72 143 44 100 141 84 74 107 97 110 71 105 19 4 119 127 5 7 94 108 111 12 2 32 1 10 101 42 39 49 29 136 37 17 109 30 77 124 70 131 123 24 85 91 41 14 129 115 151 18 112 144 122 69 34 51 52 83 40 117 116 125 145 81 20 80 153 150 55 66 3 28 148 76 58 35 139 60 23 65 154 128 86 64 95 59 75 45 106 57 63 22 155 36 135 82 96 146 159 160 158 156 157
14 121
14 117
14 97
14 84
14 46
14 79
14 85
14 38
14 128
14 152
14 10
14 139
14 13
14 37
14 149
14 134
14 110
14 96
14 107
14 83
14 25
14 61
14 54
14 53
14 9
14 122
14 57
14 150
14 86
14 106
14 21
14 58
14 74
14 143
14 99
14 69
14 67
14 7
14 34
14 135
14 108
14 92
14 137
14 30
14 56
14 26
14 142
14 141
14 76
14 119
14 62
14 136
14 72
14 113
14 29
14 138
14 6
14 39
14 36
14 100
14 125
14 15
14 105
14 32
14 22
14 89
14 75
14 103
14 116
14 73
14 87
14 148
14 78
14 145
14 49
14 2
14 77
14 109
14 133
14 42
14 88
14 90
14 154
14 140
14 127
14 104
14 44
14 35
14 20
14 68
14 155
14 51
14 91
14 28
14 146
14 111
14 95
14 8
14 17
14 33
14 19
14 123
14 24
14 131
14 18
14 4
14 120
14 115
14 82
14 93
14 102
14 40
14 31
14 130
14 147
14 66
14 129
14 1
14 153
14 3
14 124
14 65
14 71
14 12
14 98
14 59
14 94
14 144
14 48
14 118
14 151
14 81
14 23
14 43
14 55
14 45
14 27
14 63
14 132
14 101
14 112
14 60
14 64
14 80
14 16
14 126
14 11
14 70
14 47
14 5
14 52
14 41
14 50
14 114
159 155
160 114
158 130
156 68
157 134
160
78 118 119 120 121 122 123 124 125 126 127 128 129 130 131 132 133 134 135 136 137 138 139 140 141 142 143 144 145 146 147 148 149 150 151 152 153 154 155 80 81 82 83 84 85 86 87 88 89 90 91 92 93 94 95 96 97 98 99 100 101 102 103 104 105 106 107 108 109 110 111 112 113 114 115 116 117 79 1 77 2 3 4 5 6 7 8 9 10 11 12 13 14 15 16 17 18 19 20 21 22 23 24 25 26 27 28 29 30 31 32 33 34 35 36 37 38 39 40 41 42 43 44 45 46 47 48 49 50 51 52 53 54 55 56 57 58 59 60 61 62 63 64 65 66 67 68 69 70 71 72 73 74 75 76 159 158 157 160 156
80 118
80 79
81 119
81 79
82 120
82 79
83 121
83 79
84 122
84 79
85 123
85 79
86 124
86 79
87 125
87 79
88 126
88 79
89 127
89 79
90 128
90 79
91 129
91 79
92 130
92 79
93 131
93 79
94 132
94 79
95 133
95 79
96 134
96 79
97 135
97 79
98 136
98 79
99 137
99 79
100 138
100 79
101 139
101 79
102 140
102 79
103 141
103 79
104 142
104 79
105 143
105 79
106 144
106 79
107 145
107 79
108 146
108 79
109 147
109 79
110 148
110 79
111 149
111 79
112 150
112 79
113 151
113 79
114 152
114 79
115 153
115 79
116 154
116 79
117 155
117 79
1 79
1 77
77 78
2 3
3 4
4 5
5 6
6 7
7 8
8 9
9 10
10 11
11 12
12 13
13 14
14 15
15 16
16 17
17 18
18 19
19 20
20 21
21 22
22 23
23 24
24 25
25 26
26 27
27 28
28 29
29 30
30 31
31 32
32 33
33 34
34 35
35 36
36 37
37 38
38 39
39 40
40 41
41 42
42 43
43 44
44 45
45 46
46 47
47 48
48 49
49 50
50 51
51 52
52 53
53 54
54 55
55 56
56 57
57 58
58 59
59 60
60 61
61 62
62 63
63 64
64 65
65 66
66 67
67 68
68 69
69 70
70 71
71 72
72 73
73 74
74 75
75 76
78 76
159 57
158 23
157 116
160 147
156 119
160
41 10 101 154 46 99 129 40 89 142 26 94 34 159 155 88 63 132 75 158 140 125 47 61 72 42 82 149 70 44 118 113 147 104 1 55 17 87 112 128 150 100 15 68 81 64 56 153 95 54 151 124 24 67 114 143 134 57 19 108 119 2 59 8 58 145 28 45 116 122 123 86 148 71 79 130 107 98 106 103 69 50 5 51 77 37 120 146 7 21 36 16 33 109 85 117 53 137 78 115 6 35 102 126 73 135 49 32 121 152 62 105 23 111 133 39 31 29 9 144 30 20 131 156 48 91 18 3 110 22 60 14 80 83 25 12 65 97 13 76 11 157 74 52 4 139 43 136 90 127 160 66 96 92 38 84 93 27 141 138
18 110
68 110
51 68
81 51
144 81
59 51
65 110
13 18
152 144
47 51
112 110
138 59
73 68
94 110
20 65
142 47
64 144
6 138
153 59
32 20
146 110
37 59
41 59
160 37
107 47
97 73
52 64
136 97
30 112
148 73
33 152
123 81
3 81
158 37
21 112
74 94
157 41
87 157
36 64
67 52
27 123
129 33
12 97
131 153
9 158
7 157
53 36
57 53
98 27
151 52
16 12
150 9
124 57
26 74
56 131
96 65
80 110
108 57
109 32
115 81
5 73
60 131
29 138
31 107
8 13
85 27
43 53
92 80
42 18
1 153
28 124
82 65
79 21
49 6
91 64
113 41
145 96
39 52
40 8
128 64
76 136
147 31
72 144
19 151
48 91
62 9
93 87
139 96
78 36
103 40
15 147
54 129
34 82
63 73
2 72
24 29
130 6
58 41
45 59
75 98
22 150
121 22
134 29
95 73
14 34
23 136
99 40
46 81
69 139
125 78
88 115
126 33
119 22
106 145
17 29
4 126
104 5
137 80
105 23
10 34
86 106
102 129
84 56
155 76
55 42
50 145
132 160
70 137
44 49
100 22
159 12
11 146
135 99
61 134
83 108
140 30
156 2
120 158
90 8
117 125
127 42
143 90
66 146
116 98
25 128
101 109
35 108
133 41
77 15
149 42
38 126
111 5
118 27
89 57
154 17
114 84
122 45
141 29
71 129
160
14 111 140 129 37 47 12 85 131 105 73 119 75 138 26 5 101 100 123 137 29 45 66 63 87 142 127 54 146 40 149 114 93 36 158 84 148 58 31 153 91 81 159 49 128 7 23 125 82 25 76 151 39 20 117 95 136 88 97 43 139 102 69 132 50 156 90 27 160 92 6 143 53 67 103 78 10 48 33 133 150 57 65 99 86 52 154 70 34 42 147 83 19 120 55 74 18 155 44 9 8 16 98 134 121 113 64 152 11 112 1 51 32 21 3 71 68 59 115 107 28 104 126 157 62 124 72 110 108 60 30 135 61 122 116 56 118 2 24 79 35 109 89 145 17 38 4 13 22 141 15 144 106 130 41 94 77 80 46 96
46 102
3 46
68 3
71 68
21 102
83 68
58 68
139 58
16 102
66 68
24 71
152 58
156 71
155 3
12 156
120 155
107 16
40 102
74 120
51 152
1 24
26 66
127 120
73 26
18 58
153 73
138 51
52 152
141 127
90 73
151 66
37 46
49 71
61 49
100 61
81 139
87 153
85 46
29 46
137 26
128 152
48 18
47 40
23 120
60 66
5 87
101 40
10 127
63 29
122 155
133 60
39 58
13 1
150 128
28 51
125 87
112 1
65 68
109 63
159 137
4 101
77 138
116 13
94 77
80 138
149 66
160 24
84 151
146 149
76 100
88 109
54 84
86 81
9 74
142 94
14 141
111 58
79 107
64 120
62 14
53 127
99 149
104 29
158 53
103 24
91 14
59 5
92 3
105 138
135 4
124 66
34 63
131 54
2 128
136 84
70 156
33 39
130 112
106 60
11 80
108 1
132 16
19 37
27 2
36 46
121 18
95 85
6 106
20 106
129 24
147 62
119 107
145 150
35 150
41 88
123 52
89 46
57 152
32 152
55 40
96 18
69 121
17 79
114 109
38 92
157 104
134 27
42 46
115 87
154 26
44 137
15 74
43 125
143 4
7 44
98 109
45 6
118 34
75 108
56 87
148 73
113 57
8 129
25 59
82 66
140 37
93 123
97 116
78 149
22 2
31 89
110 68
67 104
50 5
126 124
117 17
72 119
30 116
144 129
160
123 43 107 35 147 23 130 67 151 128 129 71 120 15 138 149 142 93 3 12 55 24 16 109 114 61 74 75 20 32 38 95 102 44 4 85 52 42 133 10 100 68 39 139 11 48 108 33 88 146 113 159 98 17 154 13 6 96 45 72 56 2 92 97 145 90 80 18 121 8 40 152 137 58 81 57 60 73 127 34 111 77 112 86 59 37 65 105 76 36 157 46 51 5 140 131 156 31 115 49 119 153 116 106 79 29 143 134 110 89 41 132 136 103 62 70 30 124 117 99 125 63 78 122 27 148 1 54 53 160 155 19 9 26 144 28 126 14 82 84 104 141 83 94 91 22 118 87 66 25 47 50 69 7 64 150 158 21 135 101
131 69
46 69
138 69
27 46
127 131
76 69
74 69
140 69
155 131
18 76
143 76
106 46
147 27
12 127
64 76
24 64
53 155
16 76
32 140
89 155
80 74
5 32
21 89
33 53
4 138
102 76
132 69
56 64
42 24
29 53
52 74
108 4
37 143
67 132
149 106
151 132
62 32
82 62
73 138
121 67
55 106
150 32
99 73
66 18
3 80
122 64
54 37
91 140
11 62
135 150
19 140
81 21
145 147
148 37
104 150
103 102
2 53
133 103
93 69
146 103
113 138
86 140
109 3
116 104
10 5
77 73
114 138
120 81
137 16
49 66
45 143
7 53
87 150
157 99
43 7
35 155
57 3
59 89
22 104
126 150
6 86
156 43
79 55
152 6
83 56
84 150
88 62
26 127
1 103
130 113
44 152
36 52
98 88
31 56
17 33
95 156
92 56
134 93
75 120
9 69
8 116
136 55
142 89
119 131
30 133
25 135
65 66
105 103
141 21
34 102
139 145
28 75
60 136
14 36
85 19
110 14
144 87
58 25
72 110
117 105
23 3
158 117
39 43
160 31
15 49
100 56
97 108
90 21
107 98
51 19
63 103
125 46
68 31
78 23
71 63
50 81
123 63
118 66
41 1
40 43
129 135
153 114
115 36
38 156
20 155
112 53
101 9
48 68
47 2
154 39
159 5
70 147
13 16
124 154
96 100
128 57
61 49
94 112
111 73
160
69 44 117 115 143 42 76 54 147 4 126 14 151 61 36 149 107 63 25 21 12 123 38 146 82 104 71 93 31 99 153 41 140 47 45 110 95 78 134 58 92 97 52 98 23 16 66 77 73 15 30 154 48 19 35 86 37 79 8 72 85 109 50 124 150 27 29 96 90 80 144 122 13 125 145 2 6 62 40 81 113 116 159 10 137 102 7 138 75 135 34 28 51 49 139 33 88 114 136 65 83 1 26 121 118 64 152 17 5 157 160 39 156 91 119 32 105 70 20 67 155 132 120 128 53 46 127 89 68 103 87 59 22 142 133 24 60 108 112 106 158 129 111 3 94 18 57 148 11 84 130 100 74 56 141 131 55 101 9 43
33 141
94 141
40 33
135 94
153 40
35 141
157 35
14 141
42 33
143 35
67 35
4 143
127 94
124 157
56 40
7 4
71 4
98 94
151 40
160 98
110 151
149 4
137 98
102 35
16 40
156 67
148 141
39 42
3 157
57 143
90 98
51 98
96 143
77 96
115 35
74 90
21 98
86 148
48 90
13 115
50 127
54 160
111 21
38 141
61 42
103 42
49 148
112 111
60 50
41 103
147 149
109 49
117 109
145 103
132 61
85 109
53 38
154 40
29 145
92 102
9 154
1 98
15 74
63 1
64 39
66 42
138 13
68 157
27 143
139 74
131 92
129 66
87 154
99 92
93 102
75 71
58 75
119 29
22 42
10 124
128 16
20 128
59 160
121 54
45 54
158 3
104 9
5 151
159 112
55 135
100 4
122 145
6 137
82 124
126 27
150 14
108 27
81 33
88 4
114 16
125 131
76 112
43 129
25 55
34 41
12 35
26 126
106 112
24 82
84 74
8 137
142 135
65 151
146 58
32 90
155 128
2 106
73 149
89 73
80 147
91 42
95 8
152 93
28 16
113 104
37 45
70 146
46 85
97 40
140 121
118 32
78 137
31 51
44 37
52 156
144 145
47 88
17 47
18 100
72 157
123 20
83 9
69 84
130 66
62 137
11 137
136 16
120 151
36 59
105 64
116 153
19 138
79 125
107 18
30 108
23 47
133 16
134 147
101 103
160
150 112 66 76 72 122 10 32 158 50 13 99 152 19 102 85 20 94 106 93 65 4 133 1 59 139 52 68 92 33 58 137 140 44 156 110 123 47 104 159 64 121 83 88 97 69 22 6 31 57 30 28 151 80 82 89 9 155 77 107 100 96 11 27 154 46 95 17 116 23 117 124 136 131 128 37 78 51 43 14 5 16 119 24 70 39 134 105 42 25 142 49 132 108 54 157 7 34 101 127 148 125 84 135 45 41 38 115 15 67 35 40 113 61 73 149 81 91 120 153 141 2 71 103 48 130 114 143 79 55 129 75 126 21 138 36 147 146 86 29 90 145 56 144 18 111 62 118 87 12 98 160 26 3 109 53 63 60 74 8
110 16
96 110
41 96
116 110
135 41
90 116
107 110
147 116
7 110
43 90
58 96
99 16
40 43
84 135
100 90
92 43
72 99
45 110
62 96
154 41
101 43
145 72
155 107
32 100
63 62
153 90
31 45
66 16
125 62
57 16
39 101
113 58
36 84
71 39
4 58
56 96
70 63
89 32
79 110
46 153
106 32
61 79
35 57
108 99
23 145
34 116
74 72
137 155
104 113
86 7
68 147
120 153
18 68
150 104
118 7
87 99
126 16
97 68
51 58
50 96
49 45
156 79
5 31
21 49
64 50
158 68
25 46
91 126
30 101
8 57
67 90
109 106
77 31
151 116
27 135
114 64
124 104
136 30
13 147
80 158
103 150
131 13
119 91
9 64
29 50
160 43
149 120
76 51
159 90
81 106
142 72
95 64
133 31
48 87
65 124
75 107
6 116
73 7
42 21
148 153
47 107
122 120
82 122
38 51
19 149
132 46
44 39
11 109
28 122
105 77
20 84
121 29
102 72
1 40
141 4
152 110
146 155
138 77
2 82
134 73
94 135
22 45
15 154
88 96
128 114
157 6
60 44
144 125
12 147
3 66
93 103
115 118
10 118
53 108
130 68
55 40
69 89
112 68
37 148
54 126
85 50
129 56
139 148
24 125
14 49
111 120
98 25
123 56
140 115
52 97
127 12
17 142
59 31
143 89
117 105
26 141
83 63
78 85
33 111
