1 2 3 10 15 4 88 19 36 51 137 5 108 74 39 64 160 50 54 8 21 119 139 49 153 93 26 31 56 143 120 47 20 126 18 97 117 52 124 96 110 11 41 72 103 92 136 42 48 70 140 57 69 37 46 128 17 38 121 109 145 24 80 122 59 98 67 40 34 144 33 113 84 101 43 150 134 77 100 123 63 71 9 158 44 14 118 25 95 12 132 125 53 78 107 65 32 102 35 148 149 45 13 155 105 75 91 82 29 104 142 27 115 131 90 79 156 135 7 151 147 106 112 87 111 16 146 58 85 94 68 157 66 152 23 141 30 130 154 76 6 138 55 86 28 62 89 116 81 114 22 129 133 99 83 159 60 73 127 61
1 6 153 21 3 12 60 73 140 67 31 93 76 53 111 11 14 38 135 157 19 56 89 158 121 95 155 15 10 147 118 94 128 114 120 160 9 96 72 90 61 139 23 66 42 62 123 106 20 130 28 149 50 104 124 16 49 27 112 101 64 154 100 136 71 75 88 148 54 26 63 57 116 46 126 102 109 142 25 47 58 41 86 43 37 24 22 70 99 133 8 119 152 87 143 108 127 44 91 81 156 145 74 2 51 69 40 18 33 97 129 65 13 125 30 7 29 84 17 59 144 68 150 80 117 131 4 107 83 45 105 132 138 146 113 78 5 122 55 92 39 134 52 137 98 159 85 82 35 141 79 151 48 32 103 110 77 36 34 115
1 151 2 4 8 3 17 50 15 5 63 28 26 141 75 35 149 7 148 105 49 107 145 86 20 78 18 123 66 108 121 135 160 32 106 6 158 155 102 150 55 43 80 64 90 58 126 48 95 22 27 61 21 140 120 94 24 16 70 46 54 13 84 77 139 10 97 109 133 153 111 118 85 159 31 103 83 88 128 12 42 112 41 29 69 117 119 138 60 14 116 115 40 137 99 91 89 134 147 127 72 101 51 73 100 93 37 39 82 96 34 152 122 30 74 114 98 76 47 25 11 144 113 156 143 142 65 124 44 79 67 146 62 92 59 81 71 125 132 53 33 56 68 136 130 110 157 38 9 36 154 87 57 52 19 45 23 131 129 104
1 2 137 97 6 8 118 55 46 16 85 37 25 34 11 32 26 22 111 12 109 142 74 7 152 69 10 53 79 127 14 30 20 78 54 157 33 149 124 121 40 15 94 61 148 4 143 19 104 105 3 87 153 132 88 49 5 27 86 103 145 159 68 44 90 112 50 101 47 72 150 56 89 43 122 102 70 95 155 110 84 52 154 75 92 131 140 99 62 96 144 151 36 136 48 83 158 82 67 146 57 24 65 28 156 120 38 18 114 130 51 107 123 76 71 9 134 66 119 13 35 93 133 41 139 73 115 135 147 117 128 116 160 125 29 45 31 39 113 100 77 98 59 138 60 106 23 108 21 64 80 81 17 91 63 129 42 58 141 126
1 4 70 93 27 74 7 61 150 124 41 47 75 157 151 21 35 98 55 49 89 84 10 128 53 14 103 82 59 44 6 39 24 67 54 31 51 8 134 117 110 87 15 114 109 135 2 62 83 81 138 17 153 56 3 12 18 33 9 76 106 73 86 65 43 78 46 107 144 37 23 100 152 140 90 156 48 133 139 69 19 94 159 85 42 38 60 125 142 158 25 147 104 92 52 57 34 91 146 145 58 116 36 71 149 126 29 80 120 45 132 131 77 137 5 11 96 97 105 154 123 122 127 16 112 40 66 88 111 119 30 160 102 20 148 121 101 13 32 22 68 136 113 26 95 99 115 155 143 141 129 130 50 28 64 79 118 63 72 108
1 3 4 5 6 7 8 9 10 11 12 13 14 15 16 17 18 19 20 21 22 23 24 25 26 27 28 29 30 31 32 33 34 35 36 37 38 39 40 41 42 43 44 45 46 47 48 49 50 51 52 53 54 55 56 57 58 59 60 61 62 63 64 65 66 67 68 69 70 71 72 73 74 75 76 77 78 79 80 81 82 83 84 85 86 87 88 89 90 91 92 93 94 95 96 97 98 99 100 101 102 103 104 105 106 107 108 109 110 111 112 113 114 115 116 117 118 119 120 121 122 123 124 125 126 127 128 129 130 131 132 133 134 135 136 137 138 139 140 141 142 143 144 145 146 147 148 149 150 151 152 154 155 2 153
1 3 4 5 6 7 8 9 10 11 12 13 14 15 16 17 18 19 20 21 22 23 24 25 26 27 28 29 30 31 32 33 34 35 36 37 38 39 40 41 42 43 44 45 46 47 48 49 50 51 52 53 54 55 56 57 58 59 60 61 62 63 64 65 66 67 68 69 70 71 72 73 74 75 76 77 78 79 80 81 82 83 84 85 86 87 88 89 90 91 92 93 94 95 96 97 98 99 100 101 102 103 104 105 106 107 108 109 110 111 112 113 114 115 116 117 118 119 120 121 122 123 124 125 126 127 128 129 130 131 132 133 134 135 136 137 138 139 140 141 142 143 144 145 146 147 148 149 150 151 153 154 2 152
1 3 4 5 6 7 8 9 10 11 12 13 14 15 16 17 18 19 20 21 22 23 24 25 26 27 28 29 30 31 32 33 34 35 36 37 38 39 40 41 42 43 44 45 46 47 48 49 50 51 52 53 54 55 56 57 58 59 60 61 62 63 64 65 66 67 68 69 70 71 72 73 74 75 76 77 78 79 80 81 82 83 84 85 86 87 88 89 90 91 92 93 94 95 96 97 98 99 100 101 102 103 104 105 106 107 108 109 110 111 112 113 114 115 116 117 118 119 120 121 122 123 124 125 126 127 128 129 130 131 132 133 134 135 136 137 138 139 140 141 142 143 144 145 146 147 148 149 150 152 153 2 151
1 3 4 5 6 7 8 9 10 11 12 13 14 15 16 17 18 19 20 21 22 23 24 25 26 27 28 29 30 31 32 33 34 35 36 37 38 39 40 41 42 43 44 45 46 47 48 49 50 51 52 53 54 55 56 57 58 59 60 61 62 63 64 65 66 67 68 69 70 71 72 73 74 75 76 77 78 79 80 81 82 83 84 85 86 87 88 89 90 91 92 93 94 95 96 97 98 99 100 101 102 103 104 105 106 107 108 109 110 111 112 113 114 115 116 117 118 119 120 121 122 123 124 125 126 127 128 129 130 131 132 133 134 135 136 137 138 139 140 141 142 143 144 145 146 147 148 149 151 152 2 150
1 3 4 5 6 7 8 9 10 11 12 13 14 15 16 17 18 19 20 21 22 23 24 25 26 27 28 29 30 31 32 33 34 35 36 37 38 39 40 41 42 43 44 45 46 47 48 49 50 51 52 53 54 55 56 57 58 59 60 61 62 63 64 65 66 67 68 69 70 71 72 73 74 75 76 77 78 79 80 81 82 83 84 85 86 87 88 89 90 91 92 93 94 95 96 97 98 99 100 101 102 103 104 105 106 107 108 109 110 111 112 113 114 115 116 117 118 119 120 121 122 123 124 125 126 127 128 129 130 131 132 133 134 135 136 137 138 139 140 141 142 143 144 145 146 147 148 150 151 2 149
