10
160
62 23 10 93 138 70 66 33 111 98 28 125 53 104 114 57 43 84 82 149 157 88 87 21 115 75 58 47 144 153 135 110 65 113 15 39 156 59 11 78 148 152 52 41 63 159 130 61 68 2 74 34 90 145 122 151 120 60 20 102 44 126 71 35 133 79 27 55 146 81 31 64 134 73 94 160 12 85 42 124 154 127 30 101 45 7 24 48 51 128 118 49 140 99 100 9 67 150 29 105 17 137 32 38 112 106 86 107 117 139 96 103 54 3 143 141 37 155 6 56 83 76 1 77 97 129 26 36 4 80 158 132 46 108 18 131 25 121 91 19 22 147 92 50 89 40 69 123 5 116 72 142 95 14 109 136 119 13 8 16
138 147
83 147
83 109
102 109
150 102
160 150
160 43
94 43
15 94
80 15
18 80
18 23
71 23
127 71
127 2
2 70
8 70
8 149
17 149
17 120
135 120
135 155
155 38
38 60
60 119
88 119
88 66
66 46
46 122
122 35
35 29
29 117
156 117
156 37
145 37
145 44
45 44
137 45
28 137
28 89
69 89
69 90
90 143
143 153
153 115
115 54
54 82
107 82
107 100
100 42
61 42
16 61
16 129
129 142
96 142
96 78
99 78
99 14
14 7
6 7
6 22
22 72
72 41
52 41
52 59
133 59
133 4
95 4
85 95
77 85
51 77
51 87
87 139
98 139
98 79
79 141
131 141
131 3
104 3
74 104
74 140
53 140
108 53
108 152
11 152
11 10
124 10
124 93
93 123
75 123
116 75
116 114
114 39
97 39
97 111
111 106
76 106
76 19
19 36
36 33
31 33
47 31
47 110
58 110
148 58
148 105
112 105
112 26
26 146
34 146
34 1
57 1
57 64
113 64
126 113
62 126
24 62
24 40
118 40
118 132
132 157
157 55
55 92
92 159
159 21
21 136
136 130
121 130
121 49
49 125
20 125
20 65
65 9
30 9
25 30
48 25
68 48
158 68
101 158
73 101
73 13
32 13
32 67
67 27
27 103
103 63
154 63
154 91
91 86
86 50
50 84
84 134
134 12
12 128
128 151
151 56
144 56
5 144
81 5
160
91 70 112 94 31 19 34 155 40 32 97 136 71 17 68 150 49 120 148 141 85 124 46 95 130 157 106 16 134 105 36 61 67 139 42 140 15 86 30 66 151 135 152 20 123 158 7 8 101 107 63 84 118 78 72 11 160 79 103 89 132 25 73 159 96 90 10 149 23 6 109 13 131 113 52 74 43 58 100 55 102 99 51 5 116 59 53 75 54 98 76 129 27 142 126 125 156 3 37 138 62 56 2 18 87 60 114 83 127 12 121 41 115 111 93 88 128 153 143 122 154 9 28 35 108 47 82 104 45 137 119 24 145 110 146 69 50 26 92 64 29 21 144 39 22 80 1 14 48 65 77 147 38 4 57 117 44 133 33 81
70 75
90 75
90 66
66 20
101 20
89 101
46 89
46 113
113 146
146 110
110 117
117 108
125 108
125 111
111 68
9 68
9 15
15 6
26 6
26 122
59 122
59 24
132 24
132 64
64 92
92 55
55 47
16 47
131 16
116 131
11 116
150 11
150 28
37 28
63 37
63 109
109 91
91 43
43 5
5 50
50 118
36 118
36 133
133 98
22 98
22 53
17 53
143 17
143 126
126 52
144 52
154 144
25 154
100 25
100 73
155 73
106 155
106 8
8 76
76 71
96 71
86 96
51 86
51 87
87 142
142 58
58 102
74 102
74 2
2 18
83 18
45 83
137 45
137 39
29 39
29 128
128 67
67 32
4 32
82 4
14 82
49 14
49 160
160 140
140 40
40 114
139 114
135 139
135 148
149 148
84 149
84 153
153 112
112 103
103 57
57 13
13 115
115 81
138 81
138 145
145 56
124 56
72 124
72 30
93 30
93 136
136 159
80 159
35 80
35 48
48 38
38 120
42 120
123 42
123 7
88 7
10 88
134 10
134 21
21 94
94 1
85 1
85 61
61 151
147 151
147 105
105 119
129 119
129 121
121 130
107 130
107 104
19 104
78 19
78 69
69 60
34 60
12 34
33 12
33 97
127 97
127 156
156 62
62 158
95 158
95 157
31 157
31 141
65 141
3 65
3 44
41 44
41 77
77 99
79 99
27 79
27 152
152 23
23 54
160
15 16 159 58 55 67 70 115 52 23 44 73 8 88 95 86 140 71 80 68 148 27 66 53 17 122 38 99 50 65 48 93 47 54 87 13 121 51 134 9 153 57 94 24 33 41 160 136 132 85 7 76 62 141 119 64 78 105 1 125 128 144 49 135 21 22 116 124 156 120 112 69 152 32 12 83 39 10 138 74 30 155 154 6 107 60 31 146 40 5 2 101 158 96 37 139 29 26 84 91 102 97 109 35 92 131 34 130 43 113 147 90 151 111 108 100 19 46 143 133 42 56 25 129 79 149 118 103 18 114 14 45 77 72 117 123 82 98 145 63 61 142 59 126 4 104 36 20 75 106 28 11 150 110 127 137 89 81 157 3
89 23
29 89
29 6
6 13
13 144
144 56
142 56
142 149
149 140
141 140
141 88
10 88
10 5
5 14
14 67
67 22
85 22
3 85
3 104
104 110
52 110
52 15
15 152
152 90
33 90
61 33
76 61
46 76
46 125
98 125
98 19
127 19
91 127
91 139
21 139
62 21
62 77
77 135
93 135
131 93
131 81
123 81
123 99
99 37
34 37
147 34
147 84
84 49
49 148
80 148
80 94
64 94
24 64
78 24
122 78
122 151
151 16
105 16
105 68
68 59
59 117
117 60
40 60
158 40
158 121
121 48
136 48
136 1
126 1
126 70
160 70
47 160
47 143
143 79
17 79
114 17
100 114
100 92
92 72
102 72
134 102
134 26
26 8
8 20
38 20
38 18
44 18
63 44
53 63
55 53
153 55
86 153
120 86
120 119
35 119
73 35
28 73
28 154
41 154
41 58
58 31
12 31
74 12
74 108
65 108
65 118
118 69
69 107
107 27
27 4
130 4
39 130
39 83
103 83
103 7
7 124
109 124
51 109
155 51
155 112
112 111
30 111
30 42
11 42
87 11
106 87
106 36
36 157
129 157
156 129
156 133
25 133
25 113
96 113
96 137
45 137
45 146
146 138
128 138
128 71
71 82
82 54
54 43
43 57
57 150
150 32
32 159
9 159
75 9
75 95
95 132
145 132
66 145
66 2
2 116
116 97
101 97
101 115
50 115
160
129 140 5 144 101 36 67 143 121 108 141 87 103 91 33 138 50 9 14 76 71 23 15 86 147 7 39 122 148 142 24 28 157 133 115 19 96 29 63 134 136 64 43 53 118 88 22 30 45 158 149 90 61 93 25 82 77 26 135 34 69 89 27 124 74 21 16 145 107 112 75 100 4 32 65 46 58 97 150 54 2 60 119 47 106 13 130 66 38 49 116 137 111 84 146 6 128 40 80 109 99 104 120 81 92 110 94 62 113 10 102 1 160 131 70 42 151 153 78 85 83 123 155 52 68 159 105 56 35 154 59 126 139 117 114 98 73 152 95 156 55 31 125 3 18 17 79 57 41 72 132 127 48 20 12 11 44 37 8 51
122 65
122 120
53 120
53 110
110 61
54 61
153 54
66 153
99 66
57 99
115 57
115 105
105 158
108 158
128 108
128 16
59 16
59 125
125 117
50 117
154 50
119 154
119 78
133 78
155 133
150 155
150 26
26 75
47 75
47 27
68 27
68 139
139 160
160 123
123 107
107 1
93 1
93 132
132 80
67 80
118 67
148 118
79 148
23 79
142 23
142 127
127 81
81 28
28 30
30 19
157 19
20 157
91 20
34 91
103 34
25 103
25 88
4 88
89 4
159 89
73 159
73 31
31 98
98 45
45 104
104 24
24 14
14 111
111 36
36 8
141 8
141 85
85 13
13 131
76 131
12 76
12 63
124 63
44 124
44 42
42 9
9 22
22 143
55 143
55 77
5 77
5 137
137 151
151 134
121 134
121 46
46 102
51 102
51 126
126 116
116 144
144 97
97 95
95 113
114 113
29 114
149 29
3 149
138 3
32 138
32 43
43 94
38 94
38 62
18 62
60 18
60 52
41 52
21 41
112 21
72 112
72 64
64 15
15 74
90 74
87 90
87 37
58 37
70 58
70 129
71 129
11 71
11 109
146 109
48 146
17 48
17 106
106 33
33 96
49 96
82 49
40 82
92 40
92 136
156 136
156 84
100 84
2 100
2 56
135 56
135 140
130 140
10 130
10 39
86 39
86 152
152 147
35 147
83 35
6 83
101 6
101 7
7 145
145 69
160
119 49 16 160 24 157 106 114 137 81 97 46 32 15 138 109 44 59 122 79 145 120 117 37 102 83 96 5 9 111 146 107 144 77 68 54 60 139 25 1 58 129 82 103 57 130 86 88 10 62 28 31 6 121 136 39 147 40 33 29 108 22 42 84 51 7 26 75 94 71 126 110 159 56 152 8 3 104 85 67 73 50 69 43 113 19 151 116 48 61 100 30 21 20 141 90 156 80 41 131 128 13 66 63 89 124 133 125 154 64 53 27 115 92 70 127 65 52 112 135 45 23 140 98 35 47 105 150 14 142 78 158 123 134 4 91 99 2 34 143 18 74 17 12 149 95 36 76 11 93 153 101 118 87 148 155 72 38 55 132
48 3
142 48
119 142
119 136
74 136
74 157
157 15
82 15
5 82
5 70
70 16
98 16
98 59
9 59
33 9
33 40
47 40
46 47
26 46
26 12
12 39
39 107
107 75
32 75
32 34
156 34
8 156
139 8
139 85
43 85
51 43
60 51
60 151
151 138
138 28
87 28
87 129
129 153
6 153
146 6
146 41
97 41
97 52
52 141
141 93
93 160
160 158
61 158
114 61
103 114
96 103
65 96
84 65
84 120
120 154
135 154
130 135
101 130
99 101
95 99
95 149
149 89
89 145
131 145
131 27
27 24
24 144
144 94
94 50
118 50
118 72
55 72
122 55
122 23
126 23
124 126
124 81
81 62
88 62
150 88
137 150
137 92
92 20
134 20
134 25
25 100
100 110
58 110
128 58
37 128
37 71
71 63
38 63
19 38
73 19
22 73
143 22
11 143
11 127
127 140
56 140
56 121
91 121
91 80
80 125
125 116
13 116
2 13
2 86
86 42
42 113
113 17
31 17
54 31
68 54
18 68
147 18
30 147
78 30
1 78
117 1
7 117
10 7
10 83
83 14
14 111
111 106
106 108
132 108
132 44
44 53
53 102
102 123
35 123
35 45
45 112
105 112
105 64
66 64
66 148
148 36
36 115
115 4
77 4
67 77
69 67
159 69
159 49
49 152
152 90
57 90
79 57
109 79
109 155
155 21
21 76
76 104
104 133
133 29
155
153 155 3 4 5 6 7 8 9 10 11 12 13 14 15 16 17 18 19 20 21 22 23 24 25 26 27 28 29 30 31 32 33 34 35 36 37 38 39 40 41 42 43 44 45 46 47 48 49 50 51 52 53 54 55 56 57 58 59 60 61 62 63 64 65 66 67 68 69 70 71 72 73 74 75 76 77 78 79 80 81 82 83 84 85 86 87 88 89 90 91 92 93 94 95 96 97 98 99 100 101 102 103 104 105 106 107 108 109 110 111 112 113 114 115 116 117 118 119 120 121 122 123 124 125 126 127 128 129 130 131 132 133 134 135 136 137 138 139 140 141 142 143 144 145 146 147 148 149 150 151 152 1 154 2 2 153
153 154
154 1
1 155
155 3
3 4
4 5
5 6
6 7
7 8
8 9
9 10
10 11
11 12
12 13
13 14
14 15
15 16
16 17
17 18
18 19
19 20
20 21
21 22
22 23
23 24
24 25
25 26
26 27
27 28
28 29
29 30
30 31
31 32
32 33
33 34
34 35
35 36
36 37
37 38
38 39
39 40
40 41
41 42
42 43
43 44
44 45
45 46
46 47
47 48
48 49
49 50
50 51
51 52
52 53
53 54
54 55
55 56
56 57
57 58
58 59
59 60
60 61
61 62
62 63
63 64
64 65
65 66
66 67
67 68
68 69
69 70
70 71
71 72
72 73
73 74
74 75
75 76
76 77
77 78
78 79
79 80
80 81
81 82
82 83
83 84
84 85
85 86
86 87
87 88
88 89
89 90
90 91
91 92
92 93
93 94
94 95
95 96
96 97
97 98
98 99
99 100
100 101
101 102
102 103
103 104
104 105
105 106
106 107
107 108
108 109
109 110
110 111
111 112
112 113
113 114
114 115
115 116
116 117
117 118
118 119
119 120
120 121
121 122
122 123
123 124
124 125
125 126
126 127
127 128
128 129
129 130
130 131
131 132
132 133
133 134
134 135
135 136
136 137
137 138
138 139
139 140
140 141
141 142
142 143
143 144
144 145
145 146
146 147
147 148
148 149
149 150
150 151
151 152
154
152 154 3 4 5 6 7 8 9 10 11 12 13 14 15 16 17 18 19 20 21 22 23 24 25 26 27 28 29 30 31 32 33 34 35 36 37 38 39 40 41 42 43 44 45 46 47 48 49 50 51 52 53 54 55 56 57 58 59 60 61 62 63 64 65 66 67 68 69 70 71 72 73 74 75 76 77 78 79 80 81 82 83 84 85 86 87 88 89 90 91 92 93 94 95 96 97 98 99 100 101 102 103 104 105 106 107 108 109 110 111 112 113 114 115 116 117 118 119 120 121 122 123 124 125 126 127 128 129 130 131 132 133 134 135 136 137 138 139 140 141 142 143 144 145 146 147 148 149 150 151 1 153 2 2 152
152 153
153 1
1 154
154 3
3 4
4 5
5 6
6 7
7 8
8 9
9 10
10 11
11 12
12 13
13 14
14 15
15 16
16 17
17 18
18 19
19 20
20 21
21 22
22 23
23 24
24 25
25 26
26 27
27 28
28 29
29 30
30 31
31 32
32 33
33 34
34 35
35 36
36 37
37 38
38 39
39 40
40 41
41 42
42 43
43 44
44 45
45 46
46 47
47 48
48 49
49 50
50 51
51 52
52 53
53 54
54 55
55 56
56 57
57 58
58 59
59 60
60 61
61 62
62 63
63 64
64 65
65 66
66 67
67 68
68 69
69 70
70 71
71 72
72 73
73 74
74 75
75 76
76 77
77 78
78 79
79 80
80 81
81 82
82 83
83 84
84 85
85 86
86 87
87 88
88 89
89 90
90 91
91 92
92 93
93 94
94 95
95 96
96 97
97 98
98 99
99 100
100 101
101 102
102 103
103 104
104 105
105 106
106 107
107 108
108 109
109 110
110 111
111 112
112 113
113 114
114 115
115 116
116 117
117 118
118 119
119 120
120 121
121 122
122 123
123 124
124 125
125 126
126 127
127 128
128 129
129 130
130 131
131 132
132 133
133 134
134 135
135 136
136 137
137 138
138 139
139 140
140 141
141 142
142 143
143 144
144 145
145 146
146 147
147 148
148 149
149 150
150 151
153
151 153 3 4 5 6 7 8 9 10 11 12 13 14 15 16 17 18 19 20 21 22 23 24 25 26 27 28 29 30 31 32 33 34 35 36 37 38 39 40 41 42 43 44 45 46 47 48 49 50 51 52 53 54 55 56 57 58 59 60 61 62 63 64 65 66 67 68 69 70 71 72 73 74 75 76 77 78 79 80 81 82 83 84 85 86 87 88 89 90 91 92 93 94 95 96 97 98 99 100 101 102 103 104 105 106 107 108 109 110 111 112 113 114 115 116 117 118 119 120 121 122 123 124 125 126 127 128 129 130 131 132 133 134 135 136 137 138 139 140 141 142 143 144 145 146 147 148 149 150 1 152 2 2 151
151 152
152 1
1 153
153 3
3 4
4 5
5 6
6 7
7 8
8 9
9 10
10 11
11 12
12 13
13 14
14 15
15 16
16 17
17 18
18 19
19 20
20 21
21 22
22 23
23 24
24 25
25 26
26 27
27 28
28 29
29 30
30 31
31 32
32 33
33 34
34 35
35 36
36 37
37 38
38 39
39 40
40 41
41 42
42 43
43 44
44 45
45 46
46 47
47 48
48 49
49 50
50 51
51 52
52 53
53 54
54 55
55 56
56 57
57 58
58 59
59 60
60 61
61 62
62 63
63 64
64 65
65 66
66 67
67 68
68 69
69 70
70 71
71 72
72 73
73 74
74 75
75 76
76 77
77 78
78 79
79 80
80 81
81 82
82 83
83 84
84 85
85 86
86 87
87 88
88 89
89 90
90 91
91 92
92 93
93 94
94 95
95 96
96 97
97 98
98 99
99 100
100 101
101 102
102 103
103 104
104 105
105 106
106 107
107 108
108 109
109 110
110 111
111 112
112 113
113 114
114 115
115 116
116 117
117 118
118 119
119 120
120 121
121 122
122 123
123 124
124 125
125 126
126 127
127 128
128 129
129 130
130 131
131 132
132 133
133 134
134 135
135 136
136 137
137 138
138 139
139 140
140 141
141 142
142 143
143 144
144 145
145 146
146 147
147 148
148 149
149 150
152
150 152 3 4 5 6 7 8 9 10 11 12 13 14 15 16 17 18 19 20 21 22 23 24 25 26 27 28 29 30 31 32 33 34 35 36 37 38 39 40 41 42 43 44 45 46 47 48 49 50 51 52 53 54 55 56 57 58 59 60 61 62 63 64 65 66 67 68 69 70 71 72 73 74 75 76 77 78 79 80 81 82 83 84 85 86 87 88 89 90 91 92 93 94 95 96 97 98 99 100 101 102 103 104 105 106 107 108 109 110 111 112 113 114 115 116 117 118 119 120 121 122 123 124 125 126 127 128 129 130 131 132 133 134 135 136 137 138 139 140 141 142 143 144 145 146 147 148 149 1 151 2 2 150
150 151
151 1
1 152
152 3
3 4
4 5
5 6
6 7
7 8
8 9
9 10
10 11
11 12
12 13
13 14
14 15
15 16
16 17
17 18
18 19
19 20
20 21
21 22
22 23
23 24
24 25
25 26
26 27
27 28
28 29
29 30
30 31
31 32
32 33
33 34
34 35
35 36
36 37
37 38
38 39
39 40
40 41
41 42
42 43
43 44
44 45
45 46
46 47
47 48
48 49
49 50
50 51
51 52
52 53
53 54
54 55
55 56
56 57
57 58
58 59
59 60
60 61
61 62
62 63
63 64
64 65
65 66
66 67
67 68
68 69
69 70
70 71
71 72
72 73
73 74
74 75
75 76
76 77
77 78
78 79
79 80
80 81
81 82
82 83
83 84
84 85
85 86
86 87
87 88
88 89
89 90
90 91
91 92
92 93
93 94
94 95
95 96
96 97
97 98
98 99
99 100
100 101
101 102
102 103
103 104
104 105
105 106
106 107
107 108
108 109
109 110
110 111
111 112
112 113
113 114
114 115
115 116
116 117
117 118
118 119
119 120
120 121
121 122
122 123
123 124
124 125
125 126
126 127
127 128
128 129
129 130
130 131
131 132
132 133
133 134
134 135
135 136
136 137
137 138
138 139
139 140
140 141
141 142
142 143
143 144
144 145
145 146
146 147
147 148
148 149
151
149 151 3 4 5 6 7 8 9 10 11 12 13 14 15 16 17 18 19 20 21 22 23 24 25 26 27 28 29 30 31 32 33 34 35 36 37 38 39 40 41 42 43 44 45 46 47 48 49 50 51 52 53 54 55 56 57 58 59 60 61 62 63 64 65 66 67 68 69 70 71 72 73 74 75 76 77 78 79 80 81 82 83 84 85 86 87 88 89 90 91 92 93 94 95 96 97 98 99 100 101 102 103 104 105 106 107 108 109 110 111 112 113 114 115 116 117 118 119 120 121 122 123 124 125 126 127 128 129 130 131 132 133 134 135 136 137 138 139 140 141 142 143 144 145 146 147 148 1 150 2 2 149
149 150
150 1
1 151
151 3
3 4
4 5
5 6
6 7
7 8
8 9
9 10
10 11
11 12
12 13
13 14
14 15
15 16
16 17
17 18
18 19
19 20
20 21
21 22
22 23
23 24
24 25
25 26
26 27
27 28
28 29
29 30
30 31
31 32
32 33
33 34
34 35
35 36
36 37
37 38
38 39
39 40
40 41
41 42
42 43
43 44
44 45
45 46
46 47
47 48
48 49
49 50
50 51
51 52
52 53
53 54
54 55
55 56
56 57
57 58
58 59
59 60
60 61
61 62
62 63
63 64
64 65
65 66
66 67
67 68
68 69
69 70
70 71
71 72
72 73
73 74
74 75
75 76
76 77
77 78
78 79
79 80
80 81
81 82
82 83
83 84
84 85
85 86
86 87
87 88
88 89
89 90
90 91
91 92
92 93
93 94
94 95
95 96
96 97
97 98
98 99
99 100
100 101
101 102
102 103
103 104
104 105
105 106
106 107
107 108
108 109
109 110
110 111
111 112
112 113
113 114
114 115
115 116
116 117
117 118
118 119
119 120
120 121
121 122
122 123
123 124
124 125
125 126
126 127
127 128
128 129
129 130
130 131
131 132
132 133
133 134
134 135
135 136
136 137
137 138
138 139
139 140
140 141
141 142
142 143
143 144
144 145
145 146
146 147
147 148
