10
160
114 104 79 52 122 37 81 151 117 13 128 83 106 146 69 82 94 76 123 102 139 51 44 22 23 54 86 135 6 43 88 32 67 28 27 153 33 26 42 98 7 113 156 17 73 105 1 20 103 38 152 18 57 59 119 108 10 29 15 2 41 78 127 53 46 134 64 160 90 125 47 39 111 115 16 141 40 65 112 121 149 126 155 138 148 75 74 4 70 129 77 107 116 49 131 31 101 25 30 120 21 60 136 100 96 85 133 91 93 89 45 118 97 62 12 3 143 8 48 92 87 56 158 132 145 110 130 140 61 147 68 144 157 84 95 9 36 11 109 14 99 66 55 80 19 71 150 159 154 63 24 58 5 142 72 124 50 137 34 35
107 108
108 139
72 108
153 108
108 57
108 147
108 85
108 109
4 108
108 33
76 108
108 17
108 55
108 7
10 108
108 31
130 108
56 108
108 37
108 124
52 108
34 108
123 108
108 104
108 68
150 108
108 137
44 108
12 108
15 108
27 108
108 88
103 108
108 141
108 35
69 108
108 5
108 102
39 108
100 108
127 108
75 108
65 108
126 108
43 108
47 108
128 108
108 28
108 142
116 108
66 108
160 108
152 108
108 29
94 108
83 108
108 155
108 84
48 108
81 108
46 108
108 79
6 108
108 21
108 22
114 108
24 108
30 108
108 74
105 108
108 145
140 108
108 90
108 129
108 14
125 108
119 108
95 108
51 108
144 108
108 112
108 60
108 13
32 108
111 108
108 131
133 108
25 108
108 80
108 159
108 70
138 108
108 158
117 108
151 108
108 1
87 108
108 156
20 108
134 108
59 108
108 61
108 58
89 108
108 36
108 101
108 148
53 108
77 108
108 49
108 41
143 108
108 132
108 67
96 108
64 108
108 16
108 23
108 62
108 42
108 157
108 154
38 108
108 19
108 2
108 91
108 121
92 108
45 108
108 122
108 98
108 54
108 135
108 3
108 97
108 8
108 120
108 99
73 108
136 108
108 113
149 108
108 11
115 108
26 108
18 108
108 50
108 110
78 108
40 108
108 93
71 108
118 108
108 9
82 108
146 108
108 86
108 63
108 106
160
54 53 151 22 123 13 91 98 77 27 74 12 31 114 6 159 99 111 139 80 3 18 150 47 21 76 108 156 95 153 43 42 46 158 41 64 149 137 24 36 96 59 16 11 154 20 57 25 142 130 78 38 128 30 29 33 143 133 2 119 37 147 66 131 8 100 110 126 107 116 71 67 17 40 49 103 26 129 140 122 102 113 9 79 55 90 5 83 152 81 117 138 52 145 120 34 86 127 146 89 56 10 97 23 105 84 14 104 92 69 115 73 75 70 51 1 62 32 87 93 132 58 124 121 50 106 68 44 35 4 63 118 88 45 28 112 160 136 157 94 19 60 148 48 15 39 85 144 155 61 125 72 65 134 101 109 135 141 7 82
21 10
21 32
21 52
21 109
126 21
36 21
160 21
156 21
21 34
21 130
21 128
68 21
119 21
7 21
21 144
21 147
45 21
67 21
83 21
57 21
21 60
21 108
21 116
21 59
21 65
21 64
21 51
21 31
135 21
44 21
21 111
35 21
74 21
21 37
94 21
21 122
77 21
28 21
21 91
2 21
131 21
21 27
114 21
146 21
21 61
95 21
86 21
43 21
21 80
102 21
1 21
158 21
81 21
19 21
137 21
39 21
23 21
58 21
155 21
150 21
21 123
143 21
21 159
70 21
21 62
21 152
21 46
120 21
5 21
21 101
11 21
21 153
21 66
21 22
149 21
21 85
33 21
121 21
21 140
21 3
21 107
100 21
24 21
50 21
21 141
21 103
21 25
21 87
151 21
127 21
63 21
21 4
55 21
49 21
145 21
113 21
13 21
73 21
21 124
21 53
154 21
132 21
56 21
21 106
17 21
21 54
21 82
8 21
20 21
21 138
110 21
41 21
40 21
21 79
21 139
21 42
21 9
21 75
21 38
142 21
21 48
97 21
115 21
30 21
21 26
69 21
21 157
21 12
21 29
21 99
21 78
21 98
21 125
134 21
21 15
104 21
21 92
21 6
21 118
84 21
136 21
129 21
88 21
21 112
16 21
14 21
21 71
93 21
21 89
21 133
18 21
21 117
90 21
21 105
47 21
21 72
76 21
148 21
21 96
160
100 126 2 129 140 31 135 114 19 139 120 85 142 125 158 12 60 23 24 52 121 48 22 56 47 138 112 159 37 53 65 67 105 155 13 17 49 122 94 45 83 106 16 84 152 131 132 26 156 147 75 118 62 4 33 119 136 160 128 95 82 151 141 50 8 157 70 154 61 59 79 20 15 34 117 101 91 86 149 30 103 57 123 42 35 90 9 27 68 7 69 78 5 130 39 88 133 41 80 111 153 46 1 25 21 109 81 64 146 89 113 54 28 150 74 92 63 6 98 58 18 108 36 10 73 32 76 77 115 144 40 145 110 11 104 14 29 143 134 137 96 43 71 97 124 107 102 51 93 38 87 3 55 72 44 66 99 127 116 148
51 114
70 51
52 51
51 121
89 51
111 51
119 51
75 51
103 51
51 32
59 51
51 133
31 51
51 80
51 33
51 148
60 51
23 51
51 100
151 51
19 51
51 28
51 17
51 45
124 51
40 51
51 141
50 51
116 51
51 58
51 96
51 41
51 86
140 51
51 68
155 51
51 122
77 51
51 8
48 51
51 5
37 51
54 51
42 51
51 2
51 149
74 51
66 51
15 51
129 51
43 51
51 34
51 9
113 51
51 53
99 51
51 27
51 97
51 109
51 85
51 108
51 71
51 4
51 142
51 160
51 57
51 65
51 137
51 87
51 11
51 91
51 67
51 156
110 51
26 51
51 79
12 51
144 51
125 51
51 132
51 22
51 47
51 136
51 69
51 10
51 72
154 51
51 18
51 138
51 127
51 135
159 51
51 93
51 123
90 51
51 38
62 51
81 51
101 51
134 51
51 131
7 51
49 51
51 14
51 16
51 61
51 36
51 55
78 51
120 51
51 29
51 88
51 150
13 51
51 130
51 146
107 51
51 104
51 20
51 35
51 126
30 51
3 51
51 106
153 51
51 94
1 51
51 139
51 83
51 46
118 51
51 143
84 51
51 44
51 152
145 51
147 51
51 112
56 51
51 6
24 51
51 102
51 25
157 51
128 51
39 51
92 51
51 64
63 51
51 115
51 158
117 51
73 51
82 51
105 51
51 95
51 76
51 21
98 51
160
35 146 78 7 104 118 47 13 147 80 31 148 8 126 136 115 30 73 85 79 132 95 70 57 94 44 54 77 100 26 43 59 38 76 88 74 102 120 110 39 101 52 24 142 160 125 139 61 113 123 149 42 62 36 156 50 66 91 159 10 96 64 145 158 92 14 107 138 1 16 143 19 127 114 90 111 41 33 51 141 129 131 32 29 93 121 67 83 97 82 81 21 25 128 119 108 151 18 122 99 98 157 72 60 11 6 45 55 133 103 124 53 20 22 34 75 134 17 137 155 15 84 116 65 48 23 69 49 2 106 135 4 87 46 3 89 109 144 117 68 5 63 130 56 37 112 58 105 71 12 28 86 152 150 27 9 40 153 140 154
79 33
33 100
33 104
67 33
33 91
83 33
55 33
32 33
77 33
33 89
160 33
48 33
33 136
33 63
33 68
33 69
140 33
33 107
111 33
33 16
33 61
1 33
33 37
103 33
158 33
33 30
33 53
12 33
88 33
86 33
132 33
33 143
33 82
33 7
14 33
33 40
44 33
33 38
127 33
33 142
33 93
33 78
106 33
33 152
33 101
33 51
33 129
33 154
33 49
148 33
33 23
33 25
33 8
33 71
29 33
33 27
33 17
33 41
46 33
33 34
13 33
124 33
33 139
45 33
105 33
33 81
128 33
33 73
33 10
131 33
33 121
26 33
92 33
97 33
146 33
33 80
64 33
33 6
33 119
123 33
58 33
33 2
33 9
33 134
33 102
5 33
33 21
156 33
108 33
159 33
126 33
35 33
33 62
87 33
33 15
149 33
74 33
33 147
18 33
33 24
153 33
137 33
112 33
33 95
117 33
33 150
33 116
33 42
33 120
33 144
33 70
33 133
33 19
33 90
33 20
50 33
43 33
33 75
33 36
3 33
11 33
125 33
33 60
33 130
33 57
33 157
52 33
33 22
33 72
155 33
33 31
4 33
33 135
114 33
33 94
99 33
115 33
33 65
33 98
33 141
122 33
33 109
33 118
56 33
33 59
33 113
33 85
151 33
33 76
33 96
33 54
138 33
84 33
33 28
145 33
33 110
39 33
47 33
33 66
160
108 46 76 29 130 116 55 17 52 1 138 86 146 133 112 100 124 38 114 48 37 118 69 56 5 50 98 58 160 35 8 59 148 83 110 127 63 44 34 99 27 32 67 80 119 20 106 155 60 126 2 81 107 12 24 42 51 128 14 117 49 30 122 54 71 137 62 6 147 145 150 36 74 26 72 131 41 153 15 91 77 129 66 140 18 142 105 95 96 152 87 125 159 134 19 3 47 157 149 151 21 93 94 144 136 115 97 57 79 64 123 143 85 92 139 4 154 156 73 113 31 82 68 40 45 121 65 7 43 39 109 10 88 89 61 141 33 9 16 28 101 103 53 11 120 102 132 104 84 23 13 90 135 78 22 158 70 75 25 111
45 109
117 45
45 103
45 120
45 82
45 145
45 111
11 45
91 45
97 45
45 77
45 3
45 29
45 108
45 15
45 70
45 85
7 45
152 45
80 45
150 45
45 115
84 45
63 45
128 45
45 69
45 131
151 45
45 36
52 45
157 45
45 1
45 39
73 45
45 46
45 9
45 104
94 45
107 45
20 45
45 76
45 32
114 45
45 141
45 110
45 142
45 47
26 45
53 45
45 153
45 16
45 25
45 48
102 45
45 136
160 45
45 140
45 24
118 45
45 61
45 42
45 132
45 66
45 86
116 45
55 45
122 45
127 45
45 10
45 60
45 100
45 130
45 144
45 4
45 27
68 45
45 149
6 45
45 21
105 45
2 45
45 23
134 45
112 45
45 81
126 45
45 64
45 57
45 41
93 45
45 14
45 38
65 45
45 154
45 17
96 45
54 45
40 45
45 159
19 45
45 89
119 45
5 45
45 129
35 45
45 12
137 45
147 45
34 45
18 45
45 78
45 49
45 101
87 45
92 45
45 133
30 45
51 45
45 158
37 45
50 45
45 44
28 45
45 13
45 139
67 45
143 45
45 71
155 45
45 95
83 45
79 45
113 45
121 45
22 45
45 72
62 45
59 45
146 45
45 88
45 124
98 45
45 99
45 106
45 33
123 45
45 56
31 45
45 148
45 125
45 90
156 45
45 75
8 45
45 135
138 45
43 45
74 45
58 45
160
43 126 55 39 127 51 37 128 129 72 88 64 16 23 34 136 93 7 94 8 33 78 140 35 138 61 107 28 110 71 148 68 113 85 101 139 112 103 141 31 79 2 59 18 132 157 97 92 19 120 70 158 109 123 124 49 134 44 11 118 102 57 82 69 62 38 95 27 106 100 96 36 142 117 137 99 104 41 90 47 22 60 125 143 89 13 116 20 152 66 114 77 154 131 26 76 84 153 144 30 105 122 150 5 6 73 63 52 14 133 147 54 151 24 121 9 15 1 75 25 29 32 53 155 21 45 145 108 12 111 87 91 130 48 156 80 146 86 4 40 81 42 10 46 74 149 83 58 135 159 160 119 17 50 67 115 98 3 56 65
130 3
65 3
88 3
3 84
3 59
125 3
3 116
3 62
3 141
3 133
126 3
10 3
3 19
3 46
12 3
3 142
53 3
64 3
3 36
138 3
3 93
3 14
26 3
3 40
151 3
114 3
25 3
3 16
82 3
3 132
3 6
57 3
3 145
8 3
160 3
3 129
3 35
154 3
3 97
3 74
3 52
104 3
85 3
3 28
3 22
3 109
9 3
144 3
3 91
67 3
3 83
3 143
18 3
3 41
3 21
108 3
78 3
81 3
150 3
3 123
3 68
135 3
90 3
3 23
3 87
3 153
3 156
3 140
3 86
3 79
3 11
3 51
3 60
124 3
3 63
3 95
111 3
47 3
20 3
120 3
3 38
103 3
3 131
3 147
94 3
3 61
17 3
3 24
3 45
3 33
127 3
3 2
121 3
3 148
3 158
72 3
102 3
3 118
15 3
27 3
3 49
98 3
50 3
3 149
3 7
66 3
3 58
146 3
136 3
110 3
137 3
119 3
117 3
13 3
37 3
3 69
89 3
3 39
92 3
139 3
3 43
3 54
56 3
30 3
3 159
80 3
3 115
76 3
34 3
44 3
3 107
3 113
3 70
5 3
3 112
3 106
77 3
105 3
3 71
3 48
3 100
73 3
1 3
32 3
3 101
157 3
3 55
99 3
122 3
155 3
75 3
3 31
96 3
3 128
4 3
42 3
3 134
3 29
152 3
160
87 147 65 71 28 48 32 46 138 62 68 2 54 124 85 60 148 86 100 16 64 99 75 107 1 131 149 36 25 94 101 38 70 142 127 144 41 26 128 5 27 111 153 130 19 10 67 103 118 88 74 158 73 53 112 79 93 77 157 89 37 121 156 42 104 102 29 134 155 55 145 24 76 122 140 44 33 81 132 18 141 135 49 6 61 95 47 109 133 66 159 151 22 105 129 91 52 143 34 136 15 57 30 3 96 58 125 43 113 20 106 108 12 82 137 78 98 13 63 21 84 31 56 4 117 90 83 50 9 150 154 23 7 59 80 92 146 8 40 35 152 116 114 123 11 97 110 120 115 139 45 160 126 119 72 69 17 14 51 39
141 102
69 141
74 141
141 108
141 52
13 141
118 141
141 43
38 141
123 141
141 83
30 141
141 130
146 141
45 141
135 141
141 33
115 141
141 79
141 9
70 141
141 24
141 4
80 141
104 141
141 26
97 141
107 141
141 93
141 150
112 141
141 39
128 141
141 143
141 73
28 141
122 141
141 12
141 145
141 37
133 141
141 60
59 141
20 141
149 141
141 105
22 141
141 136
42 141
159 141
141 127
50 141
65 141
10 141
141 57
6 141
36 141
157 141
141 94
53 141
54 141
56 141
32 141
141 40
77 141
141 84
141 81
85 141
141 117
141 7
89 141
14 141
141 91
138 141
62 141
141 47
88 141
141 125
141 49
11 141
64 141
141 116
141 67
141 153
31 141
141 48
92 141
141 139
87 141
51 141
144 141
71 141
141 131
132 141
106 141
141 3
44 141
78 141
110 141
18 141
99 141
141 34
141 156
141 129
19 141
35 141
141 100
137 141
23 141
141 16
141 63
141 29
141 103
141 152
109 141
141 121
141 15
141 8
141 41
27 141
141 96
141 21
141 82
141 126
86 141
141 66
141 101
141 111
68 141
124 141
58 141
134 141
141 148
120 141
1 141
160 141
119 141
90 141
141 72
141 5
140 141
141 55
2 141
113 141
141 154
141 25
75 141
141 98
141 114
141 155
141 46
141 76
141 95
141 151
158 141
17 141
141 147
142 141
61 141
160
72 53 102 30 97 75 9 94 39 12 119 84 25 135 52 120 122 59 113 160 6 104 57 124 56 54 23 44 87 45 61 140 22 58 89 158 133 20 69 7 156 143 76 18 48 47 55 141 127 27 152 80 35 43 109 146 137 41 139 108 138 24 21 51 36 153 5 11 63 157 42 95 159 106 151 40 28 148 82 150 4 19 116 37 144 125 111 26 16 147 98 91 31 136 86 79 2 46 100 105 8 13 103 74 17 71 29 134 107 34 123 68 129 70 154 49 101 149 38 126 131 66 81 62 117 10 78 90 96 93 1 128 88 110 15 121 112 92 60 67 142 64 3 85 114 77 99 32 73 115 33 155 118 145 65 83 50 132 14 130
17 85
84 17
3 17
17 141
22 17
110 17
17 131
17 41
17 60
157 17
17 19
24 17
124 17
15 17
17 103
136 17
17 8
17 73
17 16
114 17
17 35
17 158
86 17
100 17
17 92
55 17
127 17
66 17
17 26
83 17
17 109
128 17
17 125
153 17
1 17
13 17
17 9
150 17
17 140
122 17
17 146
17 149
17 133
143 17
79 17
17 121
74 17
30 17
17 87
82 17
17 50
17 76
70 17
46 17
17 99
112 17
56 17
159 17
17 97
94 17
62 17
17 44
17 59
39 17
17 58
31 17
130 17
17 75
17 65
61 17
98 17
17 126
105 17
111 17
17 134
17 27
123 17
108 17
23 17
63 17
17 67
88 17
17 78
53 17
17 45
17 115
2 17
25 17
77 17
138 17
36 17
17 42
17 113
38 17
17 18
17 20
101 17
104 17
17 10
64 17
17 120
17 156
17 118
69 17
96 17
17 81
28 17
14 17
116 17
17 91
17 93
160 17
145 17
17 144
17 154
148 17
17 5
4 17
48 17
17 34
107 17
17 40
17 139
29 17
68 17
17 21
57 17
17 71
7 17
72 17
17 47
32 17
135 17
17 90
17 106
155 17
17 151
119 17
17 89
54 17
11 17
17 49
17 132
17 52
142 17
17 147
17 102
152 17
17 43
12 17
95 17
117 17
80 17
17 129
17 33
17 51
17 137
37 17
6 17
160
88 67 58 97 81 13 96 51 148 10 132 14 1 153 82 138 28 56 152 130 76 113 120 21 124 78 109 147 44 143 43 142 154 121 18 42 37 24 160 111 6 9 75 104 38 53 101 107 46 66 125 15 123 64 115 48 136 34 118 50 25 39 91 145 11 30 71 112 119 100 52 62 135 103 134 40 159 155 57 16 87 47 4 49 95 45 128 22 77 54 12 98 60 69 158 17 68 92 7 116 8 90 139 32 79 137 3 72 150 85 74 156 99 61 157 80 146 149 140 131 27 93 122 70 36 105 127 108 126 5 114 35 117 110 89 151 106 86 19 133 94 26 31 20 83 129 65 144 84 63 55 73 33 2 23 29 59 41 141 102
114 152
19 152
23 152
158 152
35 152
152 82
51 152
90 152
77 152
87 152
155 152
145 152
152 143
38 152
152 70
37 152
152 58
39 152
55 152
151 152
128 152
137 152
152 50
152 29
107 152
2 152
89 152
152 31
61 152
104 152
20 152
152 1
118 152
152 94
127 152
152 100
121 152
124 152
66 152
152 115
152 25
152 76
111 152
63 152
22 152
33 152
152 102
149 152
152 44
9 152
152 160
152 131
152 71
59 152
152 88
152 84
152 16
105 152
152 8
86 152
136 152
54 152
79 152
152 113
152 18
99 152
152 159
81 152
152 62
120 152
78 152
152 144
125 152
152 147
123 152
152 68
52 152
134 152
152 109
152 67
152 140
152 32
152 26
106 152
139 152
152 64
24 152
56 152
152 3
21 152
152 42
15 152
152 27
152 156
141 152
152 60
17 152
41 152
130 152
153 152
152 80
152 34
72 152
12 152
152 97
148 152
101 152
152 98
152 85
83 152
152 14
93 152
152 146
152 47
152 126
112 152
152 73
116 152
46 152
152 129
152 110
75 152
150 152
152 45
36 152
152 28
92 152
152 11
13 152
152 65
74 152
133 152
91 152
5 152
152 95
108 152
152 48
152 117
122 152
152 119
142 152
43 152
154 152
30 152
4 152
7 152
10 152
152 157
152 57
152 40
152 53
152 6
135 152
152 103
138 152
132 152
152 49
152 96
69 152
160
29 101 114 142 108 16 94 107 5 119 50 140 125 43 85 157 56 33 57 113 59 152 131 73 21 34 38 121 137 136 104 58 102 148 127 82 90 135 156 46 55 155 40 144 32 103 86 116 76 130 13 20 48 109 100 80 77 28 23 26 53 61 126 36 27 65 106 138 158 79 145 160 154 81 39 159 54 88 64 45 93 41 134 120 105 1 141 47 98 95 69 149 15 11 3 22 68 42 25 70 128 117 123 10 31 150 151 96 18 12 67 6 17 35 87 14 9 112 99 62 63 97 139 83 8 153 122 49 51 74 24 71 66 129 19 143 146 60 2 52 89 133 92 75 124 84 44 30 110 7 4 147 37 118 78 91 132 111 115 72
156 103
156 21
97 156
156 82
69 156
92 156
156 15
156 130
121 156
156 104
156 3
56 156
57 156
156 70
102 156
142 156
157 156
156 87
72 156
156 129
136 156
156 123
49 156
74 156
124 156
150 156
156 100
156 48
8 156
42 156
77 156
156 108
156 107
18 156
156 85
146 156
156 38
156 50
158 156
67 156
156 20
36 156
156 1
154 156
149 156
156 58
156 131
156 55
156 94
53 156
156 25
112 156
156 148
5 156
156 141
140 156
156 44
156 152
139 156
156 2
156 160
156 81
156 79
156 122
120 156
156 71
9 156
75 156
128 156
156 34
91 156
80 156
144 156
52 156
93 156
156 60
133 156
14 156
156 99
6 156
4 156
156 32
156 17
111 156
147 156
156 135
156 62
105 156
13 156
125 156
65 156
39 156
84 156
118 156
115 156
43 156
156 7
156 137
156 12
28 156
156 89
54 156
156 127
51 156
134 156
61 156
40 156
156 88
24 156
33 156
156 96
156 78
68 156
156 145
113 156
156 30
41 156
23 156
138 156
156 64
156 73
31 156
98 156
35 156
156 45
156 11
156 66
156 159
156 76
29 156
153 156
156 83
156 155
156 117
132 156
119 156
95 156
156 22
156 47
156 59
90 156
156 126
156 63
156 109
156 27
116 156
156 37
16 156
156 10
86 156
143 156
156 151
156 106
156 46
156 101
19 156
156 110
156 26
114 156
