1 2 16 40 3 4 5 7 45 19 63 79 73 144 18 127 6 10 108 15 66 41 120 88 35 55 104 12 21 67 123 111 153 81 135 57 42 100 110 117 17 56 72 43 119 52 26 82 60 34 145 58 157 133 159 13 38 106 83 112 22 109 28 24 97 139 151 124 54 20 30 101 8 107 138 99 118 146 103 142 92 78 59 36 27 9 91 32 39 50 155 84 47 160 158 86 61 29 156 122 140 53 137 25 74 121 69 77 87 154 116 85 94 96 14 148 70 11 141 147 65 125 152 129 31 37 131 62 75 90 115 150 33 95 113 136 71 48 76 51 23 64 68 149 126 134 130 102 143 44 46 93 80 128 49 114 89 132 105 98
1 3 56 50 98 23 58 4 9 151 15 27 42 62 135 5 101 88 40 127 25 82 68 79 26 140 152 70 105 78 2 45 112 86 43 39 73 22 31 8 131 59 81 6 132 157 148 66 143 155 30 160 92 87 14 65 111 102 52 142 77 139 146 72 84 159 20 124 134 24 89 37 115 13 100 128 71 74 55 137 150 36 80 63 123 116 122 107 136 138 99 129 18 35 67 69 90 104 94 106 103 153 97 91 53 46 48 16 119 21 51 149 17 109 130 7 85 38 11 75 114 141 41 64 118 60 44 54 125 126 10 57 145 133 49 147 144 29 110 28 47 95 96 158 19 117 12 32 113 34 156 83 33 120 93 61 76 121 108 154
1 3 5 55 92 44 10 108 29 25 64 4 9 6 21 18 115 80 19 156 110 14 160 2 52 94 33 7 69 12 89 148 95 46 66 130 111 26 37 139 28 112 11 134 87 68 79 96 23 65 53 38 81 105 91 76 54 60 42 39 56 50 71 154 103 59 117 82 142 20 141 121 84 58 8 140 147 74 40 31 123 49 67 150 63 51 109 77 126 144 159 70 106 22 151 83 43 78 124 125 135 153 155 34 13 149 57 131 17 119 61 35 136 133 98 97 116 75 122 88 120 102 72 41 152 128 100 146 47 132 114 30 62 16 158 118 107 113 145 27 90 15 129 48 104 24 157 85 101 143 36 73 127 138 32 93 137 86 99 45
1 4 2 108 125 8 3 41 137 79 120 7 52 14 50 90 15 103 88 38 22 68 124 34 87 71 132 92 158 43 10 5 42 150 23 62 89 129 36 126 117 49 142 98 77 30 93 99 143 106 152 138 121 64 31 67 65 95 26 69 136 112 111 75 86 128 11 29 133 151 144 114 84 56 96 78 91 59 53 127 149 145 156 39 35 123 74 40 160 21 140 25 47 94 97 13 134 61 46 141 122 135 115 37 45 130 16 80 55 63 85 76 17 82 159 105 19 116 58 81 155 72 6 113 107 146 28 24 110 44 102 83 18 32 48 66 139 154 131 27 119 51 73 54 20 118 60 104 100 109 157 33 70 12 147 153 57 9 101 148
1 5 2 112 100 56 9 10 75 13 34 76 149 86 148 85 125 78 155 99 67 20 18 129 57 135 60 81 65 106 28 31 16 157 126 35 88 114 64 115 33 90 15 82 77 79 121 41 156 118 61 62 107 110 92 53 21 119 45 117 23 24 123 159 97 42 11 7 63 14 66 91 138 74 154 133 158 83 25 140 141 87 17 72 153 96 80 49 134 131 137 39 120 50 43 98 105 122 40 26 139 142 104 73 113 19 143 4 89 3 128 54 47 27 93 70 102 111 95 160 127 144 22 58 8 130 108 68 145 101 147 48 152 109 59 69 38 116 32 51 37 52 146 44 124 30 55 136 84 150 36 151 6 46 29 103 12 94 71 132
1 3 4 5 6 7 8 9 10 11 12 13 14 15 16 17 18 19 20 21 22 23 24 25 26 27 28 29 30 31 32 33 34 35 36 37 38 39 40 41 42 43 44 45 46 47 48 49 50 51 52 53 54 55 56 57 58 59 60 61 62 63 64 65 66 67 68 69 70 71 72 73 74 75 76 77 78 79 80 81 82 83 84 85 86 87 88 89 90 91 92 93 94 95 96 97 98 99 100 101 102 103 104 105 106 107 108 109 110 111 112 113 114 115 116 117 118 119 120 121 122 123 124 125 126 127 128 129 130 131 132 133 134 135 136 137 138 139 140 141 142 143 144 145 146 147 148 149 150 151 152 154 155 2 153
1 3 4 5 6 7 8 9 10 11 12 13 14 15 16 17 18 19 20 21 22 23 24 25 26 27 28 29 30 31 32 33 34 35 36 37 38 39 40 41 42 43 44 45 46 47 48 49 50 51 52 53 54 55 56 57 58 59 60 61 62 63 64 65 66 67 68 69 70 71 72 73 74 75 76 77 78 79 80 81 82 83 84 85 86 87 88 89 90 91 92 93 94 95 96 97 98 99 100 101 102 103 104 105 106 107 108 109 110 111 112 113 114 115 116 117 118 119 120 121 122 123 124 125 126 127 128 129 130 131 132 133 134 135 136 137 138 139 140 141 142 143 144 145 146 147 148 149 150 151 153 154 2 152
1 3 4 5 6 7 8 9 10 11 12 13 14 15 16 17 18 19 20 21 22 23 24 25 26 27 28 29 30 31 32 33 34 35 36 37 38 39 40 41 42 43 44 45 46 47 48 49 50 51 52 53 54 55 56 57 58 59 60 61 62 63 64 65 66 67 68 69 70 71 72 73 74 75 76 77 78 79 80 81 82 83 84 85 86 87 88 89 90 91 92 93 94 95 96 97 98 99 100 101 102 103 104 105 106 107 108 109 110 111 112 113 114 115 116 117 118 119 120 121 122 123 124 125 126 127 128 129 130 131 132 133 134 135 136 137 138 139 140 141 142 143 144 145 146 147 148 149 150 152 153 2 151
1 3 4 5 6 7 8 9 10 11 12 13 14 15 16 17 18 19 20 21 22 23 24 25 26 27 28 29 30 31 32 33 34 35 36 37 38 39 40 41 42 43 44 45 46 47 48 49 50 51 52 53 54 55 56 57 58 59 60 61 62 63 64 65 66 67 68 69 70 71 72 73 74 75 76 77 78 79 80 81 82 83 84 85 86 87 88 89 90 91 92 93 94 95 96 97 98 99 100 101 102 103 104 105 106 107 108 109 110 111 112 113 114 115 116 117 118 119 120 121 122 123 124 125 126 127 128 129 130 131 132 133 134 135 136 137 138 139 140 141 142 143 144 145 146 147 148 149 151 152 2 150
1 3 4 5 6 7 8 9 10 11 12 13 14 15 16 17 18 19 20 21 22 23 24 25 26 27 28 29 30 31 32 33 34 35 36 37 38 39 40 41 42 43 44 45 46 47 48 49 50 51 52 53 54 55 56 57 58 59 60 61 62 63 64 65 66 67 68 69 70 71 72 73 74 75 76 77 78 79 80 81 82 83 84 85 86 87 88 89 90 91 92 93 94 95 96 97 98 99 100 101 102 103 104 105 106 107 108 109 110 111 112 113 114 115 116 117 118 119 120 121 122 123 124 125 126 127 128 129 130 131 132 133 134 135 136 137 138 139 140 141 142 143 144 145 146 147 148 150 151 2 149
