10
160
95 93 74 42 94 113 109 152 141 28 34 45 89 158 18 86 121 119 39 63 155 132 6 24 20 50 108 19 61 122 124 111 22 78 21 11 157 53 116 130 71 54 112 80 118 76 138 149 88 154 126 9 125 142 143 13 129 145 103 16 27 73 26 77 115 144 44 7 107 147 92 117 65 134 114 41 96 64 105 59 46 10 12 67 49 69 51 137 29 14 120 148 83 31 139 47 60 146 8 123 82 159 15 40 90 62 43 66 140 2 151 153 30 36 150 136 160 25 127 131 98 48 33 68 72 99 91 1 23 3 104 55 4 87 106 56 52 37 100 110 81 156 70 135 128 35 97 75 58 38 85 79 101 57 102 32 133 84 17 5
58 13
6 13
40 6
17 40
142 17
142 52
103 52
61 103
61 10
89 10
89 53
53 83
83 145
146 145
146 152
152 79
41 79
149 41
149 143
49 143
49 38
38 29
12 29
73 12
73 65
65 96
60 96
60 2
147 2
132 147
115 132
47 115
19 47
110 19
110 124
124 159
20 159
20 30
30 134
7 134
92 7
92 74
141 74
141 111
154 111
56 154
56 59
59 87
87 129
112 129
109 112
90 109
82 90
44 82
44 158
158 35
46 35
34 46
34 8
8 91
91 78
153 78
153 160
118 160
118 100
100 64
64 122
122 26
26 37
37 11
155 11
155 125
125 127
27 127
27 39
120 39
120 68
68 85
130 85
71 130
16 71
16 135
135 102
25 102
116 25
116 101
42 101
81 42
137 81
108 137
48 108
80 48
80 86
28 86
76 28
15 76
15 151
75 151
93 75
93 57
105 57
105 14
14 99
54 99
5 54
5 67
67 106
106 126
51 126
22 51
136 22
136 140
156 140
63 156
31 63
77 31
62 77
62 98
98 97
97 69
4 69
84 4
18 84
18 24
114 24
114 32
43 32
50 43
148 50
148 123
117 123
117 88
88 55
55 66
139 66
139 1
1 107
36 107
36 144
133 144
133 128
138 128
138 70
70 33
33 45
119 45
121 119
9 121
9 150
104 150
131 104
95 131
95 157
157 72
23 72
3 23
113 3
113 94
94 21
160
153 155 3 4 5 6 7 8 9 10 11 12 13 14 15 16 17 18 19 20 21 22 23 24 25 26 27 28 29 30 31 32 33 34 35 36 37 38 39 40 41 42 43 44 45 46 47 48 49 50 51 52 53 54 55 56 57 58 59 60 61 62 63 64 65 66 67 68 69 70 71 72 73 74 75 76 77 78 79 80 81 82 83 84 85 86 87 88 89 90 91 92 93 94 95 96 97 98 99 100 101 102 103 104 105 106 107 108 109 110 111 112 113 114 115 116 117 118 119 120 121 122 123 124 125 126 127 128 129 130 131 132 133 134 135 136 137 138 139 140 141 142 143 144 145 146 147 148 149 150 151 152 1 154 2 158 156 160 159 157
2 153
153 154
154 1
1 155
155 3
3 4
4 5
5 6
6 7
7 8
8 9
9 10
10 11
11 12
12 13
13 14
14 15
15 16
16 17
17 18
18 19
19 20
20 21
21 22
22 23
23 24
24 25
25 26
26 27
27 28
28 29
29 30
30 31
31 32
32 33
33 34
34 35
35 36
36 37
37 38
38 39
39 40
40 41
41 42
42 43
43 44
44 45
45 46
46 47
47 48
48 49
49 50
50 51
51 52
52 53
53 54
54 55
55 56
56 57
57 58
58 59
59 60
60 61
61 62
62 63
63 64
64 65
65 66
66 67
67 68
68 69
69 70
70 71
71 72
72 73
73 74
74 75
75 76
76 77
77 78
78 79
79 80
80 81
81 82
82 83
83 84
84 85
85 86
86 87
87 88
88 89
89 90
90 91
91 92
92 93
93 94
94 95
95 96
96 97
97 98
98 99
99 100
100 101
101 102
102 103
103 104
104 105
105 106
106 107
107 108
108 109
109 110
110 111
111 112
112 113
113 114
114 115
115 116
116 117
117 118
118 119
119 120
120 121
121 122
122 123
123 124
124 125
125 126
126 127
127 128
128 129
129 130
130 131
131 132
132 133
133 134
134 135
135 136
136 137
137 138
138 139
139 140
140 141
141 142
142 143
143 144
144 145
145 146
146 147
147 148
148 149
149 150
150 151
151 152
158 3
156 61
160 58
159 79
157 89
160
155 154 153 152 151 150 149 148 147 146 145 144 143 142 141 140 139 138 137 136 135 134 133 132 131 130 129 128 127 126 125 124 123 122 121 120 119 118 117 116 115 114 113 112 111 110 109 108 107 106 105 104 103 102 101 100 99 98 97 96 95 94 93 92 91 90 89 88 87 86 85 84 83 82 81 80 79 78 77 76 75 74 73 72 71 70 69 68 67 66 65 64 63 62 61 60 59 58 57 56 55 54 53 52 51 50 49 48 47 46 45 44 43 42 41 40 39 38 37 36 35 34 33 32 31 30 29 28 27 26 25 24 23 22 21 20 19 18 17 16 15 14 13 12 11 10 9 8 7 6 5 4 3 2 1 157 158 159 160 156
1 2
2 3
3 4
4 5
5 6
6 7
7 8
8 9
9 10
10 11
11 12
12 13
13 14
14 15
15 16
16 17
17 18
18 19
19 20
20 21
21 22
22 23
23 24
24 25
25 26
26 27
27 28
28 29
29 30
30 31
31 32
32 33
33 34
34 35
35 36
36 37
37 38
38 39
39 40
40 41
41 42
42 43
43 44
44 45
45 46
46 47
47 48
48 49
49 50
50 51
51 52
52 53
53 54
54 55
55 56
56 57
57 58
58 59
59 60
60 61
61 62
62 63
63 64
64 65
65 66
66 67
67 68
68 69
69 70
70 71
71 72
72 73
73 74
74 75
75 76
76 77
77 78
78 79
79 80
80 81
81 82
82 83
83 84
84 85
85 86
86 87
87 88
88 89
89 90
90 91
91 92
92 93
93 94
94 95
95 96
96 97
97 98
98 99
99 100
100 101
101 102
102 103
103 104
104 105
105 106
106 107
107 108
108 109
109 110
110 111
111 112
112 113
113 114
114 115
115 116
116 117
117 118
118 119
119 120
120 121
121 122
122 123
123 124
124 125
125 126
126 127
127 128
128 129
129 130
130 131
131 132
132 133
133 134
134 135
135 136
136 137
137 138
138 139
139 140
140 141
141 142
142 143
143 144
144 145
145 146
146 147
147 148
148 149
149 150
150 151
151 152
152 153
153 154
154 155
157 148
158 67
159 109
160 112
156 150
160
84 95 53 149 57 18 102 72 49 52 12 87 66 31 143 76 121 131 35 128 20 45 60 104 70 43 120 56 146 36 38 42 63 73 9 6 108 4 106 33 112 19 98 114 147 135 22 37 101 1 103 61 80 133 93 65 96 99 113 50 105 48 39 144 100 129 40 41 7 153 34 11 82 71 115 118 81 107 27 92 28 79 136 111 140 89 130 151 125 155 137 64 24 141 23 145 26 132 32 154 142 148 124 139 90 29 152 122 59 77 58 54 91 69 47 85 116 21 13 110 8 55 138 16 123 117 14 150 68 10 67 97 5 126 62 109 30 15 75 127 78 46 2 83 88 25 17 44 134 86 51 3 94 74 119 159 158 156 160 157
70 116
70 43
70 2
70 66
70 26
70 29
70 146
70 80
70 95
70 48
70 7
70 108
70 113
70 9
70 106
70 129
70 140
70 120
70 50
70 111
70 6
70 139
70 121
70 142
70 17
70 89
70 88
70 153
70 82
70 84
70 109
70 81
70 32
70 35
70 155
70 99
70 115
70 94
70 63
70 103
70 76
70 154
70 85
70 68
70 4
70 97
70 69
70 24
70 110
70 11
70 61
70 14
70 36
70 47
70 45
70 34
70 10
70 5
70 87
70 119
70 37
70 130
70 16
70 144
70 44
70 33
70 20
70 133
70 127
70 58
70 135
70 71
70 136
70 141
70 8
70 15
70 96
70 118
70 105
70 25
70 137
70 30
70 51
70 54
70 126
70 13
70 114
70 72
70 83
70 42
70 143
70 131
70 145
70 60
70 79
70 59
70 112
70 107
70 75
70 90
70 117
70 46
70 91
70 31
70 93
70 62
70 138
70 98
70 152
70 128
70 57
70 123
70 39
70 74
70 27
70 148
70 147
70 49
70 125
70 77
70 102
70 22
70 122
70 52
70 151
70 12
70 19
70 67
70 23
70 132
70 18
70 21
70 1
70 86
70 124
70 3
70 104
70 134
70 78
70 38
70 149
70 73
70 92
70 100
70 40
70 65
70 53
70 150
70 64
70 41
70 28
70 55
70 101
70 56
159 64
158 88
156 61
160 34
157 142
160
78 118 119 120 121 122 123 124 125 126 127 128 129 130 131 132 133 134 135 136 137 138 139 140 141 142 143 144 145 146 147 148 149 150 151 152 153 154 155 80 81 82 83 84 85 86 87 88 89 90 91 92 93 94 95 96 97 98 99 100 101 102 103 104 105 106 107 108 109 110 111 112 113 114 115 116 117 79 1 77 2 3 4 5 6 7 8 9 10 11 12 13 14 15 16 17 18 19 20 21 22 23 24 25 26 27 28 29 30 31 32 33 34 35 36 37 38 39 40 41 42 43 44 45 46 47 48 49 50 51 52 53 54 55 56 57 58 59 60 61 62 63 64 65 66 67 68 69 70 71 72 73 74 75 76 157 159 158 160 156
80 118
80 79
81 119
81 79
82 120
82 79
83 121
83 79
84 122
84 79
85 123
85 79
86 124
86 79
87 125
87 79
88 126
88 79
89 127
89 79
90 128
90 79
91 129
91 79
92 130
92 79
93 131
93 79
94 132
94 79
95 133
95 79
96 134
96 79
97 135
97 79
98 136
98 79
99 137
99 79
100 138
100 79
101 139
101 79
102 140
102 79
103 141
103 79
104 142
104 79
105 143
105 79
106 144
106 79
107 145
107 79
108 146
108 79
109 147
109 79
110 148
110 79
111 149
111 79
112 150
112 79
113 151
113 79
114 152
114 79
115 153
115 79
116 154
116 79
117 155
117 79
1 79
1 77
77 78
2 3
3 4
4 5
5 6
6 7
7 8
8 9
9 10
10 11
11 12
12 13
13 14
14 15
15 16
16 17
17 18
18 19
19 20
20 21
21 22
22 23
23 24
24 25
25 26
26 27
27 28
28 29
29 30
30 31
31 32
32 33
33 34
34 35
35 36
36 37
37 38
38 39
39 40
40 41
41 42
42 43
43 44
44 45
45 46
46 47
47 48
48 49
49 50
50 51
51 52
52 53
53 54
54 55
55 56
56 57
57 58
58 59
59 60
60 61
61 62
62 63
63 64
64 65
65 66
66 67
67 68
68 69
69 70
70 71
71 72
72 73
73 74
74 75
75 76
78 76
157 81
159 34
158 70
160 18
156 147
160
44 150 104 51 107 25 73 43 96 101 118 53 68 20 131 97 136 109 41 122 35 160 79 67 85 99 10 56 133 69 117 102 32 119 114 108 71 92 140 157 47 145 21 62 24 72 148 87 7 6 105 27 84 138 75 120 54 124 88 65 110 63 29 158 59 115 8 49 70 12 129 60 64 26 78 126 76 37 83 42 154 2 45 23 81 18 116 80 48 34 4 36 16 90 144 132 113 93 153 146 17 30 77 100 151 139 111 134 98 137 57 46 33 128 11 9 103 149 66 3 135 123 50 130 1 52 112 106 95 40 38 141 31 142 147 61 55 127 121 22 15 58 125 82 5 13 19 152 28 86 89 74 156 94 143 14 159 39 91 155
99 35
59 35
45 99
32 59
6 45
10 35
131 6
33 6
145 59
31 10
62 59
83 131
64 35
103 131
155 145
18 32
57 31
11 35
127 31
125 18
129 32
12 32
150 129
67 125
17 32
104 150
119 104
154 103
43 17
95 59
156 103
73 99
111 131
120 127
114 155
68 17
107 59
3 68
93 156
46 64
8 107
7 62
136 68
144 3
72 64
113 68
102 10
123 67
21 103
39 127
137 102
69 10
81 64
142 3
27 11
37 27
56 155
38 31
85 119
51 6
30 68
76 123
66 155
79 131
134 43
130 30
152 37
148 66
141 144
96 152
105 46
149 111
116 67
26 35
92 43
13 113
40 149
126 31
29 96
115 27
160 31
58 155
23 114
135 130
41 123
88 116
97 141
101 148
109 30
71 32
48 57
147 37
98 7
146 45
60 46
55 85
9 71
34 130
65 18
25 147
108 68
49 18
133 43
52 38
77 126
28 59
74 45
158 12
70 11
87 74
159 55
100 13
89 116
1 43
128 154
15 99
151 69
2 21
84 68
112 107
91 155
44 27
117 60
110 134
4 29
5 60
140 117
14 93
118 101
94 135
24 145
19 100
124 15
157 55
153 24
139 104
106 135
80 118
78 60
61 115
121 29
16 88
90 118
42 154
143 98
138 9
53 52
82 129
54 17
75 85
132 128
22 68
122 95
50 156
86 110
20 148
47 85
36 102
63 115
160
34 31 138 30 101 99 147 130 11 25 48 2 104 128 54 109 67 4 90 157 120 81 86 125 9 156 87 159 153 123 154 59 136 140 53 129 141 106 132 96 69 105 12 112 66 115 3 39 7 143 103 108 83 40 58 133 41 27 127 139 36 137 84 117 148 15 10 151 160 13 70 64 71 18 74 80 91 5 88 55 78 42 20 126 14 85 152 8 6 102 89 61 146 57 111 47 56 113 19 72 149 98 100 158 135 150 22 94 118 44 77 95 63 29 52 51 124 75 23 116 21 107 49 82 43 155 37 92 65 134 119 32 60 114 122 24 35 76 93 1 45 73 121 28 16 33 144 50 46 145 97 26 62 142 79 110 38 131 68 17
92 60
40 92
12 60
48 60
78 12
147 12
53 147
9 12
128 92
44 60
127 44
76 53
99 92
133 147
93 76
107 99
118 78
52 118
50 93
100 78
122 50
58 127
83 48
26 133
17 127
108 44
55 93
101 127
59 118
84 122
154 84
3 93
72 12
126 48
132 122
38 93
21 92
74 93
11 132
97 52
145 83
87 53
111 118
103 38
139 78
18 107
32 38
110 12
8 154
16 72
68 3
23 93
20 111
4 72
81 108
28 118
141 32
155 84
13 118
125 127
115 154
112 101
113 50
130 13
158 107
45 112
49 78
65 16
63 40
123 81
150 8
120 12
117 74
30 145
5 12
39 141
129 48
34 107
156 40
64 107
75 21
46 100
27 45
149 92
2 68
82 110
71 50
86 81
135 45
73 60
57 82
51 155
157 12
160 51
140 113
119 82
79 84
94 125
131 150
70 119
88 122
19 55
98 52
47 17
1 154
15 98
41 11
33 60
136 98
89 40
96 33
144 30
105 12
90 13
14 136
106 55
138 4
134 49
69 11
143 115
137 3
153 3
36 131
35 105
146 132
56 145
29 64
10 69
95 113
85 95
91 53
102 45
124 120
77 145
152 10
104 145
25 103
22 137
7 29
42 10
31 71
61 127
80 41
159 118
109 77
66 100
54 158
67 113
37 41
24 25
6 76
114 55
151 92
121 119
116 45
142 117
148 57
43 104
62 54
160
153 112 106 55 81 92 57 17 42 37 113 27 128 77 7 9 141 110 71 125 24 64 5 76 8 98 131 78 107 61 53 139 100 156 108 31 45 104 89 60 69 44 80 160 2 48 21 152 96 16 121 103 40 32 137 116 129 70 52 119 62 135 134 94 154 140 130 1 38 157 122 63 30 14 159 145 133 56 84 126 50 6 20 4 111 86 39 155 23 123 58 114 132 85 83 149 54 47 144 12 91 124 65 95 68 115 97 46 151 143 72 28 75 29 51 41 88 36 66 33 79 93 148 35 142 87 101 49 74 43 10 138 147 102 120 73 150 117 90 59 26 109 82 25 19 127 158 11 3 118 136 18 13 67 22 105 34 15 99 146
10 121
17 121
33 17
99 17
144 10
51 99
79 51
26 10
66 17
124 17
19 99
117 26
31 121
34 31
147 51
21 26
50 124
14 33
24 144
74 21
12 117
145 21
41 124
53 21
70 26
59 74
104 53
111 144
140 99
149 140
97 51
82 17
20 121
60 124
153 149
55 99
4 26
102 10
103 34
65 55
45 26
148 24
76 145
109 59
13 104
7 55
159 144
112 124
129 66
89 19
118 51
61 74
134 97
107 17
146 14
72 61
88 4
63 107
151 140
126 146
110 51
77 111
25 129
123 82
141 74
58 159
90 60
43 31
16 17
100 77
158 19
54 13
95 58
68 124
11 102
40 89
92 43
101 25
2 61
52 60
6 111
119 97
48 16
116 158
105 52
37 148
132 54
86 107
115 72
56 60
28 43
127 144
44 37
96 40
138 101
108 153
57 149
87 95
29 121
36 29
67 52
93 65
35 4
38 123
133 26
155 101
152 153
136 100
32 2
1 12
156 72
78 61
83 31
91 149
131 13
71 105
94 141
150 148
42 116
69 150
18 141
160 34
157 21
9 67
120 18
49 54
139 18
23 10
75 21
128 110
46 136
81 83
5 48
15 56
143 26
98 158
106 101
85 91
62 92
64 34
154 104
135 49
113 45
122 94
22 45
125 49
84 33
142 105
27 142
114 38
130 147
8 35
73 160
3 78
39 50
137 56
80 73
30 103
47 17
160
115 158 6 67 57 92 62 38 1 56 137 102 54 143 25 121 39 30 77 5 26 14 20 118 4 160 99 3 159 129 119 75 156 23 127 45 145 64 8 12 135 141 37 108 149 94 140 41 138 93 68 98 103 107 71 134 101 133 112 91 114 50 46 24 74 7 116 63 60 126 61 82 58 11 130 154 131 55 147 66 19 150 87 16 29 97 13 89 123 59 17 79 113 125 132 42 80 48 155 111 44 28 27 120 21 72 43 136 76 31 153 65 85 144 22 84 148 2 106 10 110 40 15 128 105 142 51 151 73 104 47 117 157 90 70 88 96 9 32 18 35 34 83 69 109 78 36 152 124 95 49 139 52 146 122 81 86 33 100 53
66 150
144 150
134 150
119 66
159 134
117 66
87 159
13 144
19 117
2 144
123 119
135 119
36 123
24 117
77 135
29 2
81 77
70 13
154 29
110 87
42 19
61 36
136 66
128 77
121 117
65 29
21 24
156 121
143 150
34 144
60 128
67 60
102 24
104 121
20 34
50 21
137 121
73 34
53 19
1 13
43 50
129 20
153 119
114 104
10 70
58 65
46 70
31 42
40 29
78 70
64 77
99 31
28 102
90 137
69 99
132 114
22 135
151 136
108 159
95 36
139 159
100 121
8 121
56 137
127 8
62 121
124 119
63 150
48 124
76 58
9 95
79 156
47 62
15 136
57 67
74 34
115 132
112 87
16 95
133 20
17 10
89 56
107 100
55 110
23 50
131 133
138 67
155 48
39 95
18 29
122 15
152 131
146 124
120 121
35 50
45 120
103 129
118 16
44 151
126 60
33 156
140 64
84 42
75 57
68 150
5 104
106 44
130 70
41 153
49 65
111 153
105 95
6 140
113 9
94 62
80 133
30 102
27 24
3 42
7 120
83 124
14 87
145 16
158 112
96 76
125 30
147 16
26 79
11 3
109 125
54 1
38 132
92 13
160 156
82 69
91 136
98 107
12 63
72 105
148 16
157 78
86 23
116 33
25 18
141 138
85 146
93 152
88 141
4 25
101 111
71 147
142 49
32 58
97 71
52 67
51 27
59 16
37 65
149 106
160
147 4 26 44 2 34 105 72 17 153 126 75 155 130 106 121 50 62 57 32 14 46 129 40 1 133 86 84 151 145 39 157 77 108 101 3 110 16 67 127 154 149 5 51 83 140 29 47 148 28 54 91 116 150 8 89 88 120 41 123 100 119 146 35 36 15 158 80 58 85 143 18 135 6 124 90 63 30 107 48 66 11 12 141 128 136 64 56 55 59 43 97 42 102 74 9 82 81 104 70 137 99 20 22 118 113 115 38 73 156 139 45 87 21 24 7 112 142 71 25 76 65 27 94 131 98 138 144 95 109 93 49 53 60 132 114 33 96 69 117 134 122 23 19 152 31 159 61 78 92 13 10 37 125 111 68 160 103 52 79
82 58
18 58
97 18
68 58
14 82
35 97
23 35
140 23
120 140
157 35
21 58
117 21
95 140
87 95
125 82
38 35
126 95
113 157
158 117
112 120
74 58
34 120
144 157
151 113
123 95
69 144
103 69
108 38
5 87
88 108
70 95
48 38
96 35
13 18
67 87
42 158
10 157
154 108
135 97
31 126
80 151
40 18
29 87
79 80
36 79
145 87
63 38
57 158
41 117
122 96
143 34
127 38
84 117
138 143
133 31
77 68
37 23
152 37
99 41
61 82
149 42
24 48
33 31
50 68
65 144
92 67
155 80
90 63
131 138
60 88
59 122
119 122
9 152
159 77
114 88
43 70
137 40
12 50
130 59
20 122
153 5
141 95
156 23
22 14
8 59
62 92
26 140
52 155
54 36
32 159
136 90
124 35
147 119
6 63
116 97
129 112
128 36
105 18
134 48
110 117
73 124
47 14
30 116
115 117
66 103
51 112
102 57
83 40
39 35
45 60
78 159
15 38
111 10
109 32
16 13
49 133
101 131
86 88
64 108
93 137
132 102
53 45
46 127
75 153
27 115
89 80
160 96
150 113
106 135
94 112
81 46
91 33
3 153
107 65
76 30
85 78
1 68
139 120
121 34
2 96
148 102
4 38
146 27
44 35
98 38
118 80
28 20
100 76
19 12
56 13
72 98
11 6
25 154
104 147
55 37
71 105
17 10
142 82
7 134
