1 2 141 81 3 21 90 6 111 76 8 119 53 35 4 28 9 121 120 5 125 115 13 18 30 24 48 110 10 26 159 154 136 153 94 155 23 83 101 71 16 14 109 86 100 15 70 12 50 56 51 150 127 52 41 58 112 146 61 135 39 29 37 31 47 133 158 92 36 132 74 55 60 7 32 79 73 122 57 87 34 89 65 106 143 62 22 108 38 105 68 123 145 63 66 19 147 149 91 117 44 20 151 17 82 77 148 88 156 96 75 160 134 144 104 140 118 116 27 157 97 80 45 85 95 67 78 139 113 72 131 107 69 129 126 59 103 11 64 124 137 98 33 102 138 46 84 99 40 49 130 152 42 93 25 43 128 114 142 54
1 3 4 5 6 7 8 9 10 11 12 13 14 15 16 17 18 19 20 21 22 23 24 25 26 27 28 29 30 31 32 33 34 35 36 37 38 39 40 41 42 43 44 45 46 47 48 49 50 51 52 53 54 55 56 57 58 59 60 61 62 63 64 65 66 67 68 69 70 71 72 73 74 75 76 77 78 79 80 81 82 83 84 85 86 87 88 89 90 91 92 93 94 95 96 97 98 99 100 101 102 103 104 105 106 107 108 109 110 111 112 113 114 115 116 117 118 119 120 121 122 123 124 125 126 127 128 129 130 131 132 133 134 135 136 137 138 139 140 141 142 143 144 145 146 147 148 149 150 151 152 157 155 2 153 154 160 158 156 159
1 155 154 153 152 151 156 149 157 147 146 145 144 143 142 141 140 139 138 137 136 135 134 133 132 131 130 129 128 127 126 125 124 123 122 121 120 119 118 117 116 115 114 113 160 111 110 159 108 107 106 105 104 103 102 101 100 99 98 97 96 95 94 93 92 91 90 89 88 87 86 85 84 83 82 81 80 79 78 77 76 75 74 73 72 71 70 69 68 158 66 65 64 63 62 61 60 59 58 57 56 55 54 53 52 51 50 49 48 47 46 45 44 43 42 41 40 39 38 37 36 35 34 33 32 31 30 29 28 27 26 25 24 23 22 21 20 19 18 17 16 15 14 13 12 11 10 9 8 7 6 5 4 3 2 148 67 109 112 150
1 2 3 4 5 6 7 8 9 10 11 12 13 14 15 16 17 18 19 20 21 22 23 24 25 26 27 28 29 30 31 32 33 34 35 36 37 38 39 40 41 42 43 44 45 46 47 48 49 50 51 52 53 54 55 56 57 58 59 60 62 63 64 65 66 67 68 69 70 71 160 72 73 74 75 76 77 78 79 80 81 82 83 84 85 86 87 88 89 90 91 159 92 93 94 95 96 97 98 99 100 101 102 103 104 105 106 107 108 109 110 111 112 113 114 115 117 116 118 119 120 121 122 123 124 125 126 127 128 129 130 131 132 133 134 135 136 137 138 139 141 140 143 144 158 145 146 148 149 147 151 150 152 154 155 153 156 61 157 142
1 77 79 80 81 82 83 84 85 86 87 88 89 90 91 92 93 94 95 96 97 98 99 100 101 102 103 104 105 106 107 108 109 110 111 112 113 114 115 118 157 120 121 122 123 124 125 126 127 128 129 130 131 132 133 134 135 136 137 138 139 140 141 142 143 144 145 146 156 148 149 150 151 152 153 154 155 116 117 2 3 4 5 6 7 8 9 10 11 12 13 14 15 16 17 18 160 20 21 22 23 24 25 26 27 28 29 30 31 32 33 34 159 36 37 38 39 40 41 42 43 44 45 46 47 48 49 50 51 52 53 54 55 56 57 58 59 60 61 62 63 64 65 66 67 68 69 70 158 72 73 74 75 76 78 119 35 71 19 147
1 7 47 2 5 4 6 3 152 8 80 10 13 90 33 22 17 30 9 24 11 31 40 16 55 15 26 23 43 36 46 39 12 139 58 34 32 86 117 75 85 56 14 28 153 64 20 35 98 51 72 37 68 71 119 48 18 73 89 49 134 27 96 82 95 61 112 125 115 158 104 78 81 99 140 38 41 147 79 83 42 21 74 114 151 65 123 101 57 94 121 137 88 118 141 128 108 50 145 45 54 136 126 19 69 150 131 133 143 102 160 105 146 154 70 138 132 111 148 142 106 76 156 109 92 53 107 130 122 149 52 97 77 144 25 63 159 120 29 84 124 91 67 129 60 100 113 44 59 110 116 87 103 135 62 93 157 127 155 66
1 2 4 17 27 7 5 9 10 6 83 68 43 21 18 56 50 12 13 16 33 40 81 44 35 63 26 14 3 86 8 20 15 67 87 48 32 19 11 60 37 57 46 58 49 51 22 141 29 115 24 123 77 89 61 147 80 45 94 28 131 23 79 38 70 98 42 92 155 130 119 107 31 34 142 85 53 157 122 74 139 152 111 129 136 95 69 36 76 112 156 127 132 148 90 101 104 140 55 138 99 52 66 62 102 143 137 125 59 108 109 113 128 64 97 160 120 151 93 135 75 158 134 110 145 84 41 149 72 78 121 103 73 106 146 25 105 91 114 154 116 126 82 159 65 96 30 71 100 144 118 133 54 117 88 124 39 150 153 47
1 5 7 19 9 28 85 14 40 6 2 15 51 10 65 67 13 128 105 49 69 30 48 4 11 116 54 3 17 59 21 18 46 61 152 34 22 53 79 39 150 37 43 73 32 16 75 153 89 38 20 160 96 78 56 42 25 26 71 97 92 125 99 120 104 57 110 12 114 145 94 86 103 126 24 76 45 90 33 146 41 111 29 88 100 107 50 101 121 82 87 123 135 91 81 108 132 63 58 117 149 68 93 159 112 72 134 136 140 70 156 83 157 36 118 124 35 31 129 66 147 55 44 8 27 95 106 154 122 62 23 155 130 127 139 80 148 143 60 109 133 74 47 138 158 144 98 102 115 119 77 141 131 52 113 142 64 137 151 84
1 6 140 22 52 2 5 115 54 7 89 3 10 12 4 8 9 28 81 104 33 55 34 15 18 47 19 11 14 20 41 57 79 21 90 98 16 77 127 63 48 67 25 139 44 62 64 101 88 80 134 107 129 100 59 108 111 103 158 66 132 35 13 27 73 120 160 68 75 60 36 69 32 42 46 29 152 110 97 24 53 143 112 118 40 71 92 56 61 145 70 26 72 30 38 84 133 155 83 153 91 102 51 45 109 105 50 151 37 82 123 49 119 74 135 31 147 65 149 17 87 144 122 126 95 58 43 106 131 114 94 121 78 137 157 141 76 113 96 154 86 150 124 99 125 130 39 93 146 148 142 159 138 85 136 128 23 116 156 117
1 2 3 6 96 9 13 4 10 5 31 153 17 8 23 34 12 29 14 21 22 7 51 18 50 33 15 27 36 43 35 39 78 25 121 75 41 30 92 81 45 42 67 94 40 26 87 61 57 20 79 95 97 113 28 52 86 112 99 120 76 104 115 44 128 38 102 89 74 159 138 71 106 11 65 63 64 100 66 24 103 136 19 123 54 90 108 16 37 130 70 135 158 132 93 152 58 46 147 126 83 84 119 47 80 151 117 127 124 73 143 53 145 110 98 134 129 82 105 154 116 107 146 139 101 72 131 150 141 32 137 133 60 114 148 88 91 160 144 149 48 59 140 68 55 49 109 125 85 62 56 111 156 142 157 77 122 69 155 118
