10
160
4 123 140 79 137 132 122 6 59 124 76 73 115 39 55 77 26 114 151 45 86 91 154 89 85 109 62 41 138 50 82 158 126 148 108 116 99 25 14 38 66 141 78 139 29 88 64 80 98 105 56 83 106 15 21 136 31 28 10 46 159 127 110 153 18 43 11 54 42 160 57 48 17 30 33 49 5 101 51 95 53 84 111 112 7 87 96 104 65 152 60 74 12 107 90 20 146 58 63 36 9 142 8 40 13 103 47 133 129 23 144 27 35 120 1 157 113 93 37 131 121 61 155 130 117 68 72 118 67 97 134 75 135 71 149 150 24 19 119 22 34 70 92 69 52 102 128 100 32 94 81 2 145 125 3 147 156 16 44 143
134 73
134 18
134 99
156 134
104 134
26 134
69 134
57 134
60 134
45 134
134 131
56 134
101 134
134 141
137 134
134 158
134 110
65 134
134 102
134 10
134 121
134 148
134 59
134 115
50 134
154 134
134 40
157 134
134 71
68 134
134 139
134 128
93 134
134 92
134 43
134 21
27 134
41 134
109 134
134 143
134 103
134 130
134 75
112 134
134 111
144 134
15 134
134 55
134 64
134 42
74 134
134 153
134 120
132 134
107 134
8 134
134 23
47 134
54 134
134 150
134 117
66 134
29 134
124 134
97 134
83 134
53 134
134 85
134 24
146 134
134 33
87 134
160 134
134 98
134 80
147 134
31 134
134 135
134 95
122 134
134 127
96 134
134 49
134 58
134 82
88 134
134 78
126 134
134 12
77 134
149 134
91 134
134 22
134 38
134 11
100 134
20 134
134 4
72 134
134 108
16 134
105 134
34 134
134 5
134 52
44 134
90 134
63 134
14 134
62 134
3 134
142 134
134 136
152 134
134 46
1 134
134 35
134 138
134 86
134 133
39 134
17 134
155 134
145 134
134 140
134 67
134 61
125 134
134 94
70 134
30 134
2 134
134 123
134 129
51 134
134 28
134 113
134 36
134 159
25 134
134 76
13 134
151 134
134 89
134 37
9 134
106 134
134 119
7 134
114 134
134 48
134 6
32 134
134 79
116 134
19 134
134 81
118 134
134 84
160
5 33 72 152 106 48 81 119 78 61 39 87 50 79 95 92 13 144 110 156 89 53 136 100 157 149 90 135 21 80 159 93 83 17 46 26 71 66 128 7 103 130 18 133 82 62 160 38 97 76 2 41 140 28 99 9 45 23 63 138 57 6 84 16 51 77 70 52 11 88 107 29 49 58 120 20 47 121 31 105 22 116 155 94 27 145 151 69 10 54 35 37 65 91 43 109 3 56 1 8 25 150 146 96 122 139 123 67 125 117 126 101 154 112 127 142 32 85 114 64 129 102 132 73 137 14 74 111 113 12 15 108 143 36 134 148 44 68 118 30 86 75 34 141 24 158 60 4 40 19 147 153 98 131 115 42 124 59 104 55
39 158
39 31
3 39
39 29
39 139
51 39
39 1
145 39
39 94
39 52
39 109
103 39
39 98
39 100
66 39
11 39
39 46
122 39
67 39
39 134
39 140
39 47
39 2
17 39
39 135
39 32
39 60
39 147
62 39
39 56
132 39
157 39
39 50
39 30
83 39
70 39
39 142
39 34
39 107
39 88
39 84
39 159
35 39
39 43
58 39
39 48
96 39
28 39
23 39
39 121
72 39
39 141
39 76
25 39
41 39
104 39
153 39
27 39
146 39
7 39
13 39
39 156
39 59
39 117
39 5
39 155
79 39
39 57
39 105
73 39
39 130
39 37
39 64
114 39
39 82
129 39
39 106
133 39
39 92
77 39
39 14
119 39
9 39
39 118
24 39
39 136
4 39
39 125
39 21
39 116
90 39
33 39
39 89
39 137
115 39
131 39
39 120
39 75
151 39
39 54
39 97
39 101
39 16
39 108
55 39
39 148
71 39
18 39
152 39
49 39
22 39
44 39
39 45
39 93
39 102
143 39
95 39
126 39
39 26
12 39
39 113
15 39
39 53
39 128
20 39
39 61
74 39
36 39
39 81
111 39
78 39
39 154
123 39
138 39
39 124
39 68
99 39
87 39
39 149
10 39
39 80
65 39
39 42
8 39
85 39
39 160
39 38
39 127
39 40
39 63
144 39
39 69
39 6
39 112
39 19
150 39
39 86
39 91
110 39
160
109 28 16 45 88 105 102 132 155 114 37 115 73 84 80 98 140 3 65 57 159 66 126 116 106 112 103 64 113 19 157 53 149 152 146 143 2 7 86 41 49 117 95 131 97 158 111 150 120 68 58 5 118 32 124 17 63 151 15 1 54 11 25 67 42 26 61 108 34 129 51 44 23 76 6 74 148 24 93 81 75 55 121 153 79 47 50 40 39 43 87 62 135 101 89 69 14 99 46 138 83 110 4 30 18 142 8 82 59 141 13 35 134 22 56 36 147 71 139 12 96 60 119 85 128 72 21 137 9 70 10 156 125 100 127 27 136 31 78 92 29 48 123 91 94 90 130 33 144 38 154 107 133 77 104 20 160 122 52 145
87 78
78 70
17 78
78 154
124 78
78 88
78 53
117 78
2 78
96 78
78 18
128 78
78 148
78 23
78 8
78 74
78 160
78 25
156 78
78 98
11 78
78 97
78 104
127 78
89 78
78 134
78 20
121 78
137 78
78 9
114 78
78 45
78 138
69 78
78 85
145 78
38 78
78 49
102 78
101 78
78 10
4 78
78 95
78 3
78 55
78 73
67 78
78 64
78 130
78 27
62 78
19 78
78 46
108 78
78 129
16 78
21 78
78 56
78 75
78 152
78 58
51 78
78 81
66 78
78 29
78 54
78 26
78 131
144 78
30 78
36 78
119 78
37 78
91 78
103 78
82 78
78 35
78 120
80 78
78 86
78 106
78 135
78 125
78 146
78 159
78 115
118 78
147 78
77 78
61 78
78 111
44 78
94 78
78 32
78 109
43 78
60 78
99 78
47 78
78 84
78 57
78 68
31 78
71 78
78 132
78 12
78 7
78 52
83 78
78 40
78 39
142 78
78 79
78 155
78 65
78 112
105 78
6 78
78 93
78 42
122 78
78 100
15 78
78 14
78 5
78 22
59 78
157 78
41 78
141 78
116 78
153 78
139 78
78 149
150 78
24 78
126 78
107 78
50 78
78 140
28 78
78 72
113 78
78 1
78 136
33 78
78 92
13 78
34 78
78 158
76 78
78 123
78 151
48 78
78 110
133 78
63 78
143 78
78 90
160
64 139 131 142 37 30 48 8 113 23 39 78 60 74 76 20 126 117 40 132 111 138 125 99 123 3 84 148 135 158 90 50 25 65 59 46 137 127 94 159 1 72 35 151 97 86 95 89 155 91 133 71 105 28 82 26 144 115 102 107 112 27 5 149 92 17 52 44 96 12 15 49 124 75 106 55 19 79 56 13 11 110 152 42 93 10 33 98 136 2 121 140 118 58 129 32 119 153 36 130 29 9 160 154 7 116 104 4 14 47 6 80 34 21 62 51 141 81 150 57 87 156 41 83 69 145 114 128 101 109 66 157 122 70 18 68 54 31 63 73 147 88 67 43 120 22 24 53 85 108 61 143 100 38 103 16 77 45 134 146
69 130
10 130
130 51
19 130
99 130
130 88
130 64
130 37
130 43
147 130
130 55
130 157
11 130
35 130
56 130
130 54
105 130
145 130
130 144
130 23
130 72
130 104
130 26
130 6
130 137
130 154
18 130
31 130
130 97
158 130
130 7
1 130
130 86
130 148
130 96
46 130
61 130
92 130
48 130
90 130
130 41
130 67
95 130
5 130
53 130
130 32
130 82
100 130
130 116
130 85
24 130
130 94
130 12
138 130
74 130
33 130
59 130
130 102
130 142
140 130
89 130
130 13
130 121
22 130
3 130
30 130
146 130
130 16
130 70
130 15
39 130
130 71
130 114
133 130
75 130
130 125
47 130
91 130
155 130
127 130
9 130
130 149
130 136
130 107
101 130
106 130
134 130
130 38
111 130
143 130
130 50
130 76
20 130
130 115
156 130
130 87
123 130
130 84
130 68
112 130
159 130
130 78
4 130
17 130
2 130
79 130
49 130
130 120
130 128
130 21
130 36
130 65
130 131
130 14
130 58
150 130
57 130
122 130
130 60
130 152
130 103
130 29
130 160
132 130
130 110
25 130
130 129
130 117
130 52
130 139
135 130
151 130
130 124
141 130
130 126
80 130
130 42
130 113
130 28
130 118
130 45
130 73
130 34
8 130
130 83
130 40
130 93
153 130
63 130
130 98
62 130
44 130
130 66
27 130
81 130
108 130
130 119
109 130
77 130
160
19 104 42 113 45 50 100 106 149 86 39 107 110 54 124 79 147 81 87 85 6 116 123 140 76 142 129 144 80 93 26 132 53 75 103 138 153 135 121 71 27 74 112 88 56 59 91 156 105 141 22 109 143 58 51 146 150 15 32 60 155 145 92 4 16 36 68 97 11 31 48 65 99 62 157 5 25 120 148 95 57 137 111 118 14 154 122 21 49 160 12 30 130 134 131 29 115 66 18 96 126 159 114 117 13 64 35 101 70 17 128 33 44 102 7 47 82 108 158 2 78 61 89 20 77 23 127 119 40 133 1 139 8 10 72 63 90 69 151 34 46 41 67 24 28 37 136 38 55 84 9 73 3 98 52 43 125 152 94 83
119 7
119 140
119 82
104 119
134 119
26 119
5 119
119 51
119 117
119 74
30 119
63 119
119 154
64 119
11 119
119 85
119 28
70 119
119 96
144 119
72 119
119 39
119 67
94 119
147 119
119 86
119 112
81 119
17 119
84 119
6 119
141 119
119 156
106 119
119 54
132 119
119 20
78 119
127 119
23 119
93 119
119 159
119 75
119 98
14 119
119 2
119 124
119 45
111 119
119 4
44 119
119 59
119 135
89 119
119 36
29 119
62 119
119 16
34 119
119 131
119 100
119 87
146 119
119 99
18 119
60 119
101 119
119 122
119 80
119 125
33 119
76 119
119 21
19 119
61 119
130 119
114 119
42 119
73 119
119 91
133 119
119 138
108 119
119 12
92 119
149 119
43 119
119 129
25 119
119 126
119 48
58 119
119 150
38 119
90 119
119 110
119 97
119 137
119 128
119 145
119 142
105 119
119 160
119 35
119 50
77 119
119 37
119 56
151 119
55 119
119 46
119 68
119 143
95 119
119 47
118 119
119 121
119 116
119 139
119 32
119 1
119 22
40 119
71 119
119 152
107 119
27 119
119 10
15 119
52 119
103 119
119 115
119 65
41 119
119 13
119 9
119 123
119 102
119 69
53 119
119 113
49 119
119 158
119 8
119 120
119 24
3 119
155 119
119 153
66 119
57 119
136 119
119 88
119 31
119 79
119 157
109 119
148 119
119 83
160
23 102 53 61 24 112 52 105 142 58 62 97 160 152 80 60 93 108 6 84 14 114 123 120 144 159 133 11 65 46 148 59 103 132 40 98 71 125 124 107 119 77 55 36 138 131 9 35 63 18 127 21 154 20 67 155 15 5 129 143 86 38 135 27 26 156 136 111 33 106 44 115 3 153 54 69 139 151 2 94 37 89 50 73 117 141 1 64 79 19 128 88 134 51 49 130 118 83 8 75 47 34 109 4 32 56 100 126 68 116 29 76 92 66 104 10 42 22 122 146 158 43 16 149 78 7 140 121 28 74 17 39 57 145 85 150 113 110 147 87 95 45 91 137 25 31 30 13 81 82 41 72 101 12 70 90 48 99 157 96
123 146
146 114
146 36
115 146
146 117
103 146
7 146
146 129
146 159
146 101
146 130
118 146
146 81
146 147
146 133
146 48
110 146
116 146
14 146
146 109
30 146
146 62
157 146
146 141
146 134
155 146
146 9
146 111
11 146
146 77
34 146
146 93
146 144
146 47
146 67
12 146
66 146
145 146
108 146
78 146
6 146
148 146
146 104
146 38
31 146
146 136
146 86
146 75
37 146
142 146
68 146
146 10
35 146
146 43
80 146
146 85
146 121
94 146
146 42
44 146
84 146
15 146
146 73
146 128
39 146
146 76
64 146
146 126
18 146
146 120
49 146
146 113
27 146
19 146
146 70
146 125
1 146
146 16
146 72
146 88
2 146
8 146
71 146
17 146
146 65
146 82
29 146
146 5
22 146
122 146
63 146
146 69
146 33
46 146
146 4
146 87
60 146
100 146
146 137
146 45
151 146
146 83
150 146
146 41
143 146
131 146
146 54
50 146
146 95
99 146
106 146
79 146
146 56
146 119
146 96
146 92
146 21
25 146
146 61
127 146
146 152
146 98
146 149
3 146
32 146
146 20
102 146
51 146
146 124
53 146
107 146
139 146
138 146
146 57
146 23
52 146
146 40
146 140
146 154
146 89
59 146
135 146
90 146
146 97
146 153
146 26
146 74
146 158
91 146
112 146
146 24
146 55
160 146
146 58
28 146
146 156
146 105
146 132
13 146
160
1 39 21 77 119 83 128 92 94 22 143 54 126 91 131 44 148 35 4 48 8 155 43 71 100 93 152 150 120 2 140 86 121 154 73 11 106 136 50 144 108 30 68 118 65 87 129 37 96 123 5 104 67 98 122 32 88 145 26 25 95 49 27 10 97 142 12 52 38 101 99 80 9 105 47 149 53 130 19 36 28 18 114 61 117 31 112 82 23 34 46 90 6 159 138 156 133 157 107 84 81 40 7 55 113 153 66 151 139 64 59 78 17 70 127 14 75 110 16 72 102 158 116 74 111 134 45 51 137 57 24 79 76 135 147 146 109 132 141 42 58 60 125 160 89 85 3 20 56 63 124 29 13 62 115 69 33 15 41 103
96 42
128 96
96 105
96 66
139 96
96 85
21 96
96 132
96 53
117 96
20 96
9 96
69 96
138 96
96 115
70 96
96 86
96 125
96 55
56 96
96 61
96 82
96 114
96 15
94 96
18 96
49 96
96 43
103 96
96 76
89 96
96 29
96 4
58 96
96 24
35 96
160 96
96 37
149 96
36 96
62 96
159 96
96 146
96 99
96 64
48 96
137 96
96 71
110 96
119 96
96 67
143 96
38 96
96 87
23 96
96 47
154 96
96 109
96 32
96 51
113 96
153 96
96 22
46 96
96 88
124 96
96 101
5 96
17 96
41 96
96 84
96 116
96 91
7 96
96 148
98 96
96 25
13 96
106 96
141 96
96 45
73 96
96 102
63 96
54 96
96 118
80 96
96 60
96 44
96 121
107 96
3 96
26 96
74 96
96 50
96 14
96 145
96 120
1 96
133 96
96 81
96 93
104 96
96 2
90 96
123 96
75 96
8 96
96 112
92 96
96 97
96 65
96 72
96 30
126 96
96 40
96 158
150 96
96 122
77 96
157 96
151 96
96 108
96 127
134 96
57 96
96 34
144 96
142 96
96 130
12 96
131 96
96 6
96 129
96 10
155 96
96 95
52 96
96 156
96 136
96 39
96 16
79 96
27 96
96 33
96 31
28 96
19 96
59 96
100 96
96 83
96 68
11 96
96 140
135 96
96 152
147 96
111 96
78 96
160
44 16 156 60 36 45 8 30 145 154 104 92 71 39 55 137 23 101 83 90 63 35 3 41 67 103 15 33 14 146 38 121 109 37 66 94 61 159 18 120 96 69 99 43 12 9 105 158 5 149 52 65 6 82 50 129 155 56 11 100 81 142 80 29 113 4 117 148 141 143 25 98 26 77 135 74 13 72 87 64 91 93 134 40 160 7 53 58 118 112 17 51 62 21 46 27 124 102 97 85 24 76 116 151 78 111 95 32 125 153 110 34 68 126 123 138 131 48 127 119 70 54 84 22 132 108 57 136 88 114 157 31 20 106 139 79 89 147 86 140 122 107 130 28 47 49 115 42 73 1 150 75 133 128 2 19 10 152 59 144
84 127
19 84
84 86
41 84
84 135
84 139
84 148
84 13
84 128
34 84
84 43
104 84
84 159
126 84
108 84
84 117
84 95
84 28
33 84
84 122
84 70
52 84
84 14
84 81
84 98
65 84
84 99
96 84
16 84
93 84
136 84
60 84
55 84
78 84
91 84
149 84
67 84
150 84
84 68
88 84
84 18
84 87
84 114
12 84
107 84
62 84
69 84
84 105
64 84
84 151
84 129
89 84
133 84
84 121
100 84
84 1
101 84
84 157
35 84
84 83
29 84
84 6
84 8
84 24
63 84
147 84
84 2
84 10
84 115
84 27
116 84
130 84
84 77
74 84
84 32
4 84
84 123
51 84
109 84
26 84
84 143
48 84
84 23
20 84
142 84
158 84
82 84
84 38
141 84
84 156
79 84
45 84
84 119
131 84
138 84
80 84
84 103
76 84
49 84
84 94
102 84
84 42
137 84
54 84
15 84
57 84
110 84
53 84
37 84
84 75
84 58
3 84
84 97
84 145
84 66
44 84
84 46
84 73
84 111
125 84
84 106
146 84
84 40
36 84
84 85
84 31
84 118
84 7
153 84
84 25
84 17
56 84
84 92
84 120
84 72
84 144
5 84
155 84
22 84
84 9
84 90
84 47
124 84
84 152
84 140
84 50
134 84
84 59
84 61
11 84
84 30
84 132
84 113
84 21
112 84
84 71
84 154
84 160
84 39
160
56 28 78 144 14 142 137 3 94 134 72 41 146 80 136 24 15 152 148 65 125 4 77 10 130 98 7 132 112 23 17 88 48 86 143 104 117 32 101 22 57 82 109 62 157 36 26 106 111 43 91 105 63 79 103 116 45 68 34 139 99 159 49 70 35 46 76 18 135 31 127 89 154 71 92 158 95 54 155 102 107 9 53 40 47 42 85 150 5 93 66 27 61 84 145 38 114 75 6 96 52 19 90 97 129 138 149 69 20 141 11 21 100 160 121 140 2 33 110 59 131 16 29 87 50 30 58 25 133 115 1 73 123 122 67 74 126 55 118 113 120 153 44 64 81 151 8 119 83 156 147 12 60 108 37 51 39 128 124 13
89 2
2 76
2 24
56 2
2 65
2 119
100 2
2 98
2 50
124 2
74 2
2 73
48 2
2 129
7 2
2 70
91 2
2 13
2 60
2 58
1 2
2 159
2 23
8 2
2 26
2 150
126 2
2 46
2 107
2 79
2 72
88 2
2 63
2 67
111 2
2 38
2 27
2 122
2 136
2 36
86 2
148 2
2 114
2 30
2 103
125 2
2 20
96 2
2 145
55 2
49 2
151 2
6 2
61 2
2 144
12 2
44 2
142 2
78 2
53 2
77 2
45 2
2 138
21 2
57 2
121 2
2 110
141 2
113 2
2 3
32 2
2 112
2 71
31 2
9 2
2 33
2 133
19 2
146 2
2 84
2 5
2 149
2 106
43 2
54 2
2 39
2 109
2 62
2 127
81 2
95 2
130 2
2 101
28 2
11 2
108 2
156 2
68 2
2 143
2 22
40 2
87 2
92 2
104 2
2 83
2 153
135 2
51 2
82 2
2 157
14 2
2 137
2 18
75 2
147 2
131 2
2 134
2 52
59 2
2 69
25 2
2 140
90 2
2 85
2 123
2 128
66 2
15 2
97 2
2 105
118 2
115 2
4 2
2 158
2 34
2 99
2 152
2 155
94 2
2 160
2 64
2 17
2 37
102 2
2 139
10 2
2 117
2 41
42 2
2 29
2 93
154 2
2 132
116 2
80 2
2 120
2 16
2 47
35 2
160
118 141 15 131 149 19 77 64 107 110 146 14 106 94 160 53 40 86 140 98 116 23 154 125 44 99 66 43 123 90 57 101 13 29 157 28 49 12 100 34 55 70 39 22 124 20 76 133 114 72 24 135 112 10 105 113 104 58 41 35 52 27 51 111 59 97 151 5 2 85 9 92 56 120 144 136 21 95 18 36 78 46 79 103 1 3 17 50 156 83 67 148 8 65 109 60 63 122 130 126 153 32 11 33 152 62 68 45 139 96 25 91 26 80 145 4 82 48 155 128 121 158 89 74 31 132 142 7 102 42 54 61 81 134 108 88 93 71 147 75 138 127 143 84 115 129 69 6 137 47 73 87 16 119 159 37 150 30 117 38
1 88
88 60
113 88
148 88
131 88
12 88
88 145
68 88
88 22
48 88
88 154
99 88
88 159
88 44
88 40
61 88
80 88
88 89
88 117
77 88
67 88
149 88
88 49
88 79
88 138
88 52
88 20
141 88
25 88
88 137
88 76
88 118
88 111
97 88
88 122
126 88
88 5
88 27
88 39
13 88
62 88
88 16
88 143
88 86
55 88
88 51
3 88
88 121
88 158
2 88
69 88
112 88
88 142
88 56
88 90
88 23
88 17
88 41
26 88
88 123
46 88
54 88
88 120
83 88
153 88
88 115
4 88
36 88
88 133
108 88
88 75
88 95
88 10
88 150
88 127
35 88
88 33
104 88
102 88
125 88
88 38
88 81
88 24
88 8
88 91
88 85
94 88
59 88
45 88
88 18
98 88
88 50
88 134
53 88
74 88
15 88
88 116
88 19
88 146
88 93
88 63
47 88
88 151
88 147
106 88
88 11
70 88
88 29
160 88
88 129
84 88
144 88
88 82
128 88
88 135
119 88
88 21
9 88
88 6
114 88
58 88
72 88
110 88
155 88
88 32
88 65
88 103
88 34
157 88
105 88
66 88
124 88
88 43
64 88
100 88
152 88
88 71
88 42
14 88
156 88
88 96
88 28
31 88
88 107
88 109
136 88
73 88
88 7
88 87
139 88
101 88
132 88
88 78
88 92
140 88
37 88
88 130
30 88
57 88
