1 61 2 18 25 12 83 3 88 132 63 19 22 65 79 51 5 139 31 118 34 87 54 92 29 73 14 146 68 7 147 48 16 93 95 10 78 144 40 97 75 117 59 142 153 6 60 37 56 20 64 121 70 76 33 27 91 41 11 67 114 96 123 66 158 145 42 151 44 155 58 105 45 85 152 128 137 107 82 8 55 36 138 39 49 154 129 120 81 57 84 86 100 43 15 150 136 17 13 140 102 148 103 108 130 71 28 77 89 72 156 4 127 113 38 26 46 119 141 23 32 9 35 106 125 47 126 131 94 80 21 143 159 133 99 52 111 30 157 104 62 101 112 50 135 74 109 160 90 24 149 122 115 124 110 69 98 53 134 116
1 3 4 5 6 7 8 9 10 11 12 13 14 15 16 17 18 19 20 21 22 23 24 25 26 27 28 29 30 31 32 33 34 35 36 37 38 39 40 41 42 43 44 45 46 47 48 49 50 51 52 53 54 55 56 57 58 59 60 61 62 63 64 65 66 67 68 69 70 71 72 73 74 75 76 77 78 79 80 81 82 83 84 85 86 87 88 89 90 91 92 93 94 95 96 97 98 99 100 101 102 103 104 105 106 107 108 109 110 111 112 113 114 115 116 117 118 119 120 121 122 123 124 125 126 127 128 129 130 131 132 133 134 135 136 137 138 139 140 141 142 143 144 145 146 147 148 149 150 151 152 159 155 2 153 157 160 156 158 154
1 155 154 153 152 151 150 149 148 147 146 145 144 143 142 141 140 139 138 137 136 135 134 133 132 131 130 129 128 127 126 125 124 123 122 121 120 119 118 117 116 115 114 113 112 111 110 159 108 107 106 105 104 103 102 101 100 99 98 97 96 95 94 93 92 91 90 158 88 87 86 85 84 156 82 81 80 79 78 77 76 75 74 73 72 71 70 69 68 160 66 65 64 63 62 61 60 59 58 57 56 55 54 53 52 51 50 49 48 47 46 45 44 43 42 41 40 39 157 37 36 35 34 33 32 31 30 29 28 27 26 25 24 23 22 21 20 19 18 17 16 15 14 13 12 11 10 9 8 7 6 5 4 3 2 67 89 83 109 38
1 2 3 4 5 6 7 8 9 10 11 12 13 14 15 16 17 18 19 20 21 22 23 24 25 26 28 27 29 30 31 32 33 34 35 36 37 38 39 40 41 42 43 44 45 46 47 48 49 51 50 52 53 54 55 56 57 58 59 60 61 62 63 64 65 66 67 68 69 70 71 72 73 74 75 76 78 77 79 80 81 82 83 84 85 86 87 88 89 90 91 92 93 94 95 96 97 98 99 100 101 102 103 104 105 106 107 108 109 110 111 112 114 113 115 116 159 117 118 119 120 121 122 124 125 126 127 128 129 130 131 132 133 158 134 136 135 137 138 139 140 141 142 143 144 146 147 148 150 149 151 152 155 154 156 157 153 160 145 123
1 77 79 80 81 82 83 84 85 86 87 88 89 90 91 92 93 94 95 96 97 98 99 100 101 102 103 104 105 106 107 108 109 110 111 112 113 114 115 118 119 120 121 122 123 124 125 126 127 128 129 130 131 132 133 134 135 136 137 138 139 140 141 142 160 144 145 146 147 148 149 150 151 158 153 154 155 116 117 2 3 4 5 6 7 8 9 10 11 12 13 14 15 16 17 18 19 20 21 22 23 24 25 26 27 28 29 30 31 32 159 34 35 36 37 38 39 40 41 42 43 44 45 46 47 48 49 50 51 52 53 54 55 56 57 58 59 60 61 62 63 64 65 66 67 68 69 70 71 72 73 74 75 76 156 152 33 157 143 78
1 14 21 3 4 7 5 23 64 9 12 113 13 18 6 135 11 26 22 29 36 51 69 17 31 25 128 2 59 48 55 39 123 28 10 8 41 127 125 34 82 75 53 43 141 47 24 78 114 73 77 90 15 56 97 62 67 19 100 20 32 89 38 107 93 40 66 87 70 85 148 76 37 44 60 27 142 120 104 72 132 30 118 149 50 63 33 96 108 121 42 152 92 159 126 105 156 130 54 52 79 157 83 138 137 103 151 140 84 116 74 150 91 134 111 129 16 58 158 144 65 131 145 143 46 57 155 115 109 122 133 153 146 112 160 81 119 101 86 68 80 88 61 102 99 106 35 136 139 94 147 117 49 124 71 98 154 95 110 45
1 2 5 7 12 22 9 3 13 10 21 16 14 27 23 20 34 30 81 70 11 19 17 55 15 57 116 4 74 89 125 140 43 38 41 107 48 39 24 46 94 42 79 33 25 51 56 60 58 130 88 97 67 110 153 146 138 100 132 99 72 69 134 141 129 64 73 111 28 149 144 63 154 98 101 45 145 29 78 150 118 49 76 61 136 90 80 106 65 87 82 6 8 96 91 44 47 85 120 159 71 53 54 152 147 93 142 113 32 66 86 104 156 102 157 31 128 95 135 62 52 37 68 121 112 105 127 18 123 59 40 158 160 117 126 155 114 109 35 143 92 124 83 36 84 151 103 137 133 77 131 119 122 108 50 115 75 26 139 148
1 3 4 10 11 5 2 9 8 7 33 57 22 14 6 21 24 87 13 30 23 19 61 40 82 27 118 29 142 143 15 20 32 90 39 46 66 17 37 97 12 16 65 56 47 50 58 117 62 31 150 42 51 70 111 79 108 71 107 34 85 52 84 104 158 113 77 43 18 91 49 140 152 35 28 45 114 80 72 94 128 116 100 129 124 115 146 149 137 123 25 120 145 103 101 68 160 98 96 92 157 154 75 105 73 139 36 134 44 69 132 99 26 131 53 125 93 64 76 151 59 74 153 89 48 109 112 159 110 148 156 81 127 106 136 67 38 95 144 130 147 122 126 119 138 86 133 121 55 102 60 83 155 41 135 54 141 78 88 63
1 2 6 7 10 9 15 108 55 13 28 14 12 19 49 8 24 25 17 23 31 11 46 33 4 48 50 79 102 16 105 29 45 115 21 20 57 18 116 62 134 72 39 61 60 101 137 84 37 3 66 144 35 26 80 64 65 159 128 74 148 110 76 98 86 22 78 27 34 44 36 32 154 52 87 121 82 47 54 156 109 96 133 89 117 51 40 59 41 119 97 38 145 126 149 75 53 85 131 151 106 83 30 111 107 5 68 104 118 56 112 132 122 130 152 150 114 90 124 141 91 143 77 43 153 127 136 155 157 71 88 93 42 113 92 142 103 140 135 160 67 138 120 69 70 81 123 147 58 73 63 99 95 94 125 139 129 100 158 146
1 2 4 6 3 9 12 56 5 62 87 11 17 23 14 7 30 131 10 25 13 34 31 18 35 71 19 112 46 33 15 83 64 50 98 20 36 142 153 27 55 47 37 32 59 81 39 132 109 49 155 38 21 52 24 44 16 41 68 61 138 79 66 106 70 85 69 134 42 156 90 84 133 58 51 74 82 26 54 96 103 75 121 113 77 89 114 122 97 127 53 123 152 139 159 72 107 45 48 86 43 93 99 143 80 115 73 76 104 147 88 149 111 130 144 146 94 8 160 141 22 137 40 158 125 108 101 110 116 118 151 63 136 100 126 129 92 157 102 150 145 95 65 120 29 117 60 67 148 57 105 119 91 78 154 128 28 124 135 140
