1 2 133 54 66 129 150 22 152 3 56 149 91 69 65 148 81 26 153 9 146 107 23 108 46 39 57 17 119 43 34 14 128 30 131 106 52 20 70 120 124 41 132 95 154 101 134 33 140 77 102 138 130 48 117 147 64 15 99 32 58 42 78 141 13 8 127 137 55 24 115 118 5 37 88 113 139 94 4 10 87 82 105 28 25 100 160 6 74 59 158 111 27 51 75 110 31 90 53 151 60 121 97 92 123 98 72 142 112 73 45 19 76 89 85 7 159 16 143 83 93 103 157 29 104 11 84 135 109 156 114 71 80 18 67 38 62 122 35 63 144 12 79 96 44 126 47 145 61 136 125 86 40 21 116 68 155 50 49 36
1 3 4 5 6 7 8 9 10 11 12 13 14 15 16 17 18 19 20 21 22 23 24 25 26 27 28 29 30 31 32 33 34 35 36 37 38 39 40 41 42 43 44 45 46 47 48 49 50 51 52 53 54 55 56 57 58 59 60 61 62 63 64 65 66 67 68 69 70 71 72 73 74 75 76 77 78 79 80 81 82 83 84 85 86 87 88 89 90 91 92 93 94 95 96 97 98 99 100 101 102 103 104 105 106 107 108 109 110 111 112 113 114 115 116 117 118 119 120 121 122 123 124 125 126 127 128 129 130 131 132 133 134 135 136 137 138 139 140 141 142 143 144 145 146 147 148 149 150 151 152 159 155 2 158 156 157 153 160 154
1 155 154 153 152 151 150 149 148 147 146 145 144 143 142 141 140 139 138 137 136 135 134 133 132 131 130 129 128 127 126 125 124 123 122 121 120 119 118 117 116 115 114 113 112 111 110 109 108 107 106 105 104 103 102 101 100 99 98 97 158 95 94 93 92 91 90 89 88 157 86 85 84 83 82 81 80 79 78 77 76 75 74 73 72 71 70 69 68 67 66 65 64 63 62 61 60 59 58 57 56 159 54 53 52 51 50 49 48 47 46 45 44 43 42 41 40 39 38 37 36 35 34 33 32 31 30 29 28 27 26 25 24 23 22 21 20 19 18 17 16 15 160 13 12 11 10 9 156 7 6 5 4 3 2 96 55 87 8 14
1 2 3 4 5 6 7 8 9 10 11 12 13 14 15 16 17 18 19 20 22 24 23 25 26 27 28 29 30 31 32 33 34 35 36 37 38 39 40 41 42 43 44 45 46 47 48 49 50 51 52 53 54 55 56 57 58 59 60 61 62 63 64 65 66 67 68 69 70 71 72 73 74 75 76 77 78 79 80 81 82 83 84 85 86 87 88 89 91 90 92 93 95 94 96 97 98 99 100 101 102 103 104 105 106 108 107 109 110 111 112 113 114 115 116 117 118 156 119 120 121 122 123 124 125 126 159 127 128 129 130 131 160 132 133 134 135 137 136 138 139 140 141 142 143 144 146 148 147 149 150 151 152 153 154 155 145 21 158 157
1 77 79 80 81 82 83 84 85 86 87 88 89 90 91 92 93 94 95 96 97 98 99 100 101 102 103 104 105 106 107 108 109 110 111 112 113 114 115 118 119 159 121 122 123 124 125 126 127 128 129 160 131 132 133 134 135 136 137 138 139 140 141 142 143 144 145 146 147 148 149 150 151 156 153 154 155 116 117 2 3 4 5 157 7 8 9 10 11 12 13 14 15 16 17 18 19 20 21 22 23 24 25 26 27 28 29 30 31 32 33 34 35 36 37 38 39 40 41 158 43 44 45 46 47 48 49 50 51 52 53 54 55 56 57 58 59 60 61 62 63 64 65 66 67 68 69 70 71 72 73 74 75 76 78 152 120 42 130 6
1 2 3 5 7 8 16 4 10 6 26 42 90 27 12 59 32 18 13 20 37 142 19 50 28 17 22 44 56 79 31 25 54 43 29 38 47 14 98 140 23 45 82 106 53 66 156 89 68 36 64 113 48 70 74 88 72 131 133 51 121 112 11 115 52 92 93 33 107 97 58 71 61 15 123 60 9 21 116 105 96 152 34 39 118 99 84 78 157 149 120 138 41 109 86 87 146 80 117 81 124 24 154 135 75 77 63 150 139 144 151 159 160 108 114 158 57 137 119 69 67 91 40 110 46 129 136 94 132 100 102 55 141 95 126 155 103 49 73 104 125 83 134 76 30 145 101 35 62 128 111 143 65 122 148 130 153 147 85 127
1 4 2 5 8 13 7 40 23 24 43 10 3 14 28 37 12 72 64 25 51 30 31 34 120 48 78 42 18 39 59 6 44 156 19 9 16 21 55 155 54 150 33 11 38 52 47 53 75 36 84 58 94 99 67 63 57 27 119 93 35 66 79 127 45 92 41 49 26 121 80 62 20 129 112 50 88 97 74 160 60 105 69 22 104 68 103 90 131 86 76 65 154 91 140 101 89 136 128 141 147 46 107 148 158 122 137 17 109 111 117 132 56 139 106 81 96 126 116 144 83 151 73 87 125 143 153 98 15 61 32 115 118 157 110 85 146 124 134 108 102 114 152 77 29 145 71 82 142 113 70 100 138 135 123 130 159 133 149 95
1 141 2 3 22 4 10 5 19 32 57 9 11 12 75 8 38 6 60 13 30 29 18 26 20 48 54 42 108 90 55 40 44 15 43 103 63 39 23 27 21 98 25 110 7 58 124 45 67 17 46 137 70 41 111 65 88 64 31 121 51 87 138 99 78 144 73 69 92 52 104 37 47 93 139 72 91 49 71 105 24 14 107 131 76 62 115 79 125 56 114 127 117 116 94 84 118 68 102 120 86 119 154 96 50 66 143 34 136 130 82 123 157 113 28 122 61 36 35 97 140 81 132 134 145 149 16 59 106 155 133 112 126 101 109 148 159 156 89 153 160 83 142 129 147 95 74 150 80 151 53 100 77 135 128 146 158 152 33 85
1 8 2 9 89 7 3 4 11 5 6 18 51 17 14 12 19 20 35 10 43 67 65 42 23 15 128 60 66 77 87 26 40 36 24 63 73 50 57 31 30 76 45 119 47 62 92 134 127 54 112 90 84 32 100 22 83 49 70 13 71 16 142 105 59 85 93 153 80 29 37 133 69 116 68 44 121 53 102 75 55 148 146 34 103 98 21 74 113 125 129 156 140 107 61 152 147 110 95 94 101 109 33 139 150 114 131 108 46 118 38 56 52 135 138 81 72 155 28 126 64 136 48 58 41 39 27 149 91 25 132 106 104 86 115 143 79 151 124 123 158 144 145 120 97 88 82 78 160 159 111 130 141 96 117 122 157 137 154 99
1 2 9 3 15 8 49 20 11 30 85 44 7 4 55 56 99 24 109 47 10 5 64 63 17 12 18 60 33 32 50 73 19 67 16 116 151 14 38 57 91 34 21 31 80 125 23 74 153 43 39 26 83 27 51 89 79 22 35 145 160 36 59 133 118 148 58 41 111 102 46 29 96 6 93 158 42 110 127 106 113 71 134 149 28 126 82 78 25 131 69 61 48 137 40 132 52 103 136 95 157 108 37 115 128 104 143 66 107 120 13 105 141 152 68 140 65 135 123 84 155 53 87 112 45 100 142 147 119 156 97 62 86 92 124 129 130 150 88 70 159 77 154 98 101 90 138 114 75 117 121 54 72 144 146 76 94 122 139 81
