10
10
2 3 10 9 8 1 4 7 6 5
9 7
6 7
2 6
8 6
1 2
3 7
5 2
10 9
4 9
10
10 4 3 9 7 8 2 1 5 6
6 8
3 6
10 8
7 3
5 8
9 5
2 7
4 7
1 8
10
2 10 3 6 7 5 9 8 4 1
1 2
3 1
7 2
10 2
5 10
9 1
4 2
8 5
6 5
10
4 1 7 3 9 2 6 10 5 8
3 1
9 3
5 9
7 3
2 1
10 2
6 1
8 9
4 7
10
5 7 8 10 1 9 6 3 2 4
4 1
6 1
9 1
5 4
10 4
7 6
3 10
2 9
8 2
10
1 6 10 5 8 3 7 4 2 9
2 3
4 2
9 2
6 4
10 3
7 9
1 10
5 2
8 3
10
9 10 3 6 7 1 4 8 2 5
6 5
8 6
10 8
7 5
1 7
4 10
2 8
3 1
9 7
10
6 2 5 9 4 3 8 7 10 1
2 1
9 2
10 1
7 9
4 10
8 1
6 10
5 9
3 6
10
6 5 4 9 10 3 8 1 2 7
9 7
3 9
4 9
1 4
2 7
8 2
5 7
10 5
6 9
10
1 10 9 7 8 2 4 3 5 6
6 3
5 6
1 5
9 1
8 9
10 1
2 8
4 1
7 1
