10
160
87 10 152 84 150 132 51 136 109 77 33 128 97 98 82 21 26 148 146 121 112 81 92 13 19 45 15 68 155 114 138 35 94 61 22 83 75 78 154 49 48 70 126 137 93 23 29 159 3 108 88 69 62 104 158 124 120 1 147 27 157 79 145 107 105 140 113 95 102 41 141 36 119 30 153 90 16 80 31 103 14 66 43 20 47 39 76 149 59 123 130 73 50 52 115 65 116 71 17 125 127 117 86 122 12 38 11 28 101 143 129 44 34 5 85 106 139 32 54 40 18 74 91 56 8 133 25 67 72 7 96 160 37 135 99 111 144 134 57 151 53 55 24 142 46 63 58 42 118 110 6 100 64 4 131 156 9 60 2 89
107 30
24 107
24 68
141 68
54 141
54 102
42 102
42 75
72 75
126 72
126 46
46 6
12 6
12 74
125 74
125 122
25 122
25 131
49 131
49 117
117 53
53 23
23 52
26 52
160 26
29 160
29 150
71 150
71 144
98 144
98 89
9 89
9 39
59 39
59 43
137 43
3 137
86 3
86 60
60 65
132 65
132 18
18 82
82 159
158 159
115 158
115 4
4 96
96 5
128 5
128 51
51 151
113 151
113 99
79 99
79 109
90 109
90 45
55 45
7 55
64 7
64 80
80 146
108 146
34 108
34 94
153 94
153 138
138 123
50 123
50 47
27 47
112 27
112 66
78 66
78 100
100 93
119 93
119 8
8 31
31 103
103 142
142 149
149 32
11 32
69 11
69 58
58 130
155 130
155 21
21 127
127 140
140 139
139 70
70 136
111 136
35 111
56 35
129 56
116 129
116 61
19 61
19 81
41 81
20 41
36 20
36 101
87 101
87 77
77 28
145 28
145 88
1 88
13 1
13 124
124 106
148 106
95 148
95 135
135 22
157 22
157 62
67 62
114 67
156 114
17 156
17 10
10 48
48 134
63 134
33 63
33 37
37 133
104 133
15 104
121 15
121 38
120 38
92 120
92 14
14 85
85 44
44 110
154 110
154 143
118 143
2 118
16 2
16 105
97 105
152 97
73 152
73 84
84 91
91 40
76 40
57 76
57 147
83 147
160
133 123 77 131 75 54 110 112 57 82 22 107 95 129 34 149 45 109 62 104 101 19 49 50 38 27 119 76 9 20 160 132 31 8 46 11 115 16 151 17 157 30 26 91 138 28 96 124 89 42 66 155 81 5 51 84 137 61 73 63 7 130 142 2 80 87 134 117 93 15 10 48 60 154 78 52 135 65 88 4 122 41 128 116 143 67 68 29 64 23 39 145 32 92 141 85 72 55 25 136 40 139 156 90 106 102 126 105 59 71 144 97 108 113 36 118 18 94 125 153 35 3 44 111 33 150 158 1 56 98 21 47 13 53 58 14 74 99 6 147 146 70 83 121 120 69 86 12 159 127 79 103 43 100 152 24 37 114 148 140
105 9
9 16
22 16
22 57
57 47
146 47
142 146
142 63
63 116
116 15
67 15
141 67
141 24
24 3
61 3
102 61
102 46
46 43
33 43
118 33
118 7
77 7
56 77
125 56
11 125
39 11
39 99
29 99
29 107
27 107
27 140
140 154
13 154
145 13
129 145
129 62
62 40
40 103
103 83
83 96
148 96
108 148
108 17
8 17
86 8
12 86
12 32
32 18
85 18
85 69
117 69
124 117
66 124
66 30
59 30
59 119
152 119
93 152
134 93
20 134
20 78
78 100
120 100
120 19
82 19
82 151
151 31
31 123
143 123
143 112
112 89
89 10
10 21
21 71
135 71
34 135
127 34
127 104
55 104
88 55
88 109
109 113
113 4
137 4
137 159
87 159
5 87
111 5
64 111
136 64
136 106
53 106
149 53
149 97
156 97
156 79
79 133
50 133
50 131
157 131
157 28
147 28
14 147
14 51
144 51
74 144
65 74
84 65
80 84
128 80
128 52
73 52
115 73
115 60
60 150
150 122
122 68
49 68
58 49
110 58
110 6
6 91
91 90
72 90
72 2
2 160
160 155
155 42
95 42
95 70
70 76
37 76
48 37
126 48
98 126
75 98
75 153
139 153
139 130
36 130
36 1
1 41
41 54
44 54
44 158
158 121
114 121
114 35
35 92
81 92
26 81
26 38
94 38
94 25
25 101
23 101
23 45
45 138
132 138
160
144 37 18 111 140 52 59 98 105 157 156 99 4 148 132 61 58 2 1 36 23 16 91 127 17 135 13 8 71 24 19 56 128 22 151 119 159 86 39 54 30 158 102 14 145 152 6 68 33 149 106 72 45 80 97 134 21 31 63 10 108 118 143 51 85 26 95 83 104 44 69 28 15 129 126 11 110 5 34 138 153 160 9 32 101 89 147 47 142 121 137 79 103 48 92 53 155 113 40 90 25 29 96 60 88 107 87 133 42 35 122 125 124 78 55 62 109 7 50 141 123 70 65 139 76 112 66 38 41 46 49 12 75 120 94 150 64 114 117 154 84 67 20 115 100 81 74 116 130 57 77 93 146 27 3 136 82 43 73 131
112 158
158 128
128 94
95 94
135 95
135 25
25 117
117 145
145 87
87 157
74 157
5 74
57 5
143 57
71 143
71 69
141 69
88 141
13 88
13 33
33 23
110 23
110 147
109 147
116 109
85 116
103 85
103 106
106 53
53 83
83 82
82 137
159 137
111 159
55 111
55 98
108 98
56 108
18 56
18 148
61 148
61 122
50 122
118 50
150 118
150 32
6 32
3 6
79 3
70 79
102 70
102 11
11 140
92 140
151 92
151 66
66 100
100 104
104 142
142 126
8 126
8 7
7 75
75 62
97 62
91 97
91 160
49 160
49 37
114 37
39 114
10 39
10 113
113 78
78 133
131 133
131 45
45 81
81 59
26 59
24 26
86 24
43 86
12 43
12 30
28 30
121 28
121 144
155 144
96 155
96 68
68 152
152 76
76 134
134 14
16 14
120 16
123 120
123 153
29 153
29 105
80 105
2 80
2 127
146 127
38 146
38 72
65 72
149 65
149 107
64 107
64 156
156 36
36 77
77 47
47 41
139 41
54 139
21 54
132 21
46 132
22 46
48 22
115 48
115 58
58 129
129 20
44 20
52 44
17 52
42 17
63 42
63 101
101 130
130 119
119 35
125 35
125 90
84 90
15 84
15 67
67 1
9 1
9 19
89 19
51 89
154 51
154 27
138 27
138 31
60 31
60 34
40 34
4 40
124 4
136 124
99 136
73 99
93 73
160
83 106 66 39 45 78 57 30 25 56 70 77 28 58 126 118 114 38 129 127 36 43 158 150 71 145 67 15 44 72 122 20 137 151 149 136 22 37 4 24 152 105 23 84 89 34 19 52 53 8 124 160 115 81 18 103 49 146 107 148 75 10 121 7 116 156 90 100 143 157 125 17 64 117 48 76 46 61 94 108 102 47 111 35 154 42 142 141 2 139 133 74 140 26 88 51 31 12 99 11 29 14 132 109 101 95 92 159 144 54 86 69 93 123 85 68 119 6 87 120 59 128 63 79 153 21 82 138 97 80 112 62 73 3 40 135 147 50 96 155 9 33 110 13 134 113 32 130 65 41 131 60 1 91 55 16 104 5 98 27
32 60
33 32
51 33
3 51
3 13
13 54
54 63
63 6
6 116
86 116
85 86
85 159
80 159
80 44
158 44
124 158
152 124
117 152
56 117
56 79
113 79
113 118
90 118
90 11
11 141
40 141
40 48
48 96
131 96
157 131
157 151
151 150
34 150
30 34
41 30
109 41
37 109
129 37
88 129
97 88
97 110
110 73
18 73
18 31
31 134
134 20
5 20
9 5
9 119
119 19
93 19
17 93
17 114
114 15
92 15
16 92
16 153
107 153
26 107
94 26
94 53
143 53
133 143
140 133
47 140
47 145
145 71
71 87
57 87
104 57
104 58
130 58
95 130
146 95
21 146
14 21
14 135
135 139
139 66
66 147
55 147
55 144
125 144
45 125
45 101
101 98
98 84
84 64
81 64
81 120
70 120
2 70
1 2
1 160
138 160
138 24
24 126
50 126
154 50
35 154
39 35
108 39
127 108
127 38
38 103
103 67
67 132
132 115
121 115
121 83
83 111
111 62
62 136
75 136
7 75
156 7
128 156
128 77
72 77
72 43
43 89
22 89
22 36
68 36
4 68
105 4
105 106
106 49
49 8
65 8
100 65
29 100
29 122
122 10
10 112
112 102
149 102
149 23
142 23
142 74
74 25
137 25
137 42
123 42
82 123
28 82
28 52
52 99
46 99
91 46
12 91
61 12
61 59
155 59
27 155
27 78
78 76
148 76
148 69
160
139 110 147 36 137 70 19 160 133 98 125 11 153 126 94 101 63 24 21 90 83 69 107 74 96 37 88 79 122 127 140 44 120 64 58 47 52 89 130 45 53 60 91 30 16 31 114 49 54 13 2 152 92 10 136 134 26 149 29 150 113 112 132 97 158 99 151 72 51 129 65 4 68 33 28 6 142 124 100 81 131 109 3 103 56 155 62 78 154 22 46 34 86 95 144 17 38 141 32 42 9 23 43 84 80 135 87 48 1 128 7 119 104 12 57 108 20 61 15 116 71 55 82 117 106 35 146 41 67 156 121 145 5 159 27 143 102 39 18 93 148 75 14 8 115 85 123 105 40 66 73 59 50 118 25 77 157 138 76 111
43 104
43 144
47 144
55 47
55 123
123 132
111 132
111 61
61 2
2 35
35 130
64 130
157 64
157 12
12 27
59 27
151 59
11 151
76 11
71 76
71 127
127 106
8 106
8 44
31 44
79 31
79 81
81 140
28 140
154 28
134 154
53 134
33 53
33 74
74 129
129 14
146 14
108 146
108 70
56 70
153 56
153 149
149 119
54 119
156 54
147 156
147 121
121 114
114 101
89 101
1 89
1 85
30 85
82 30
22 82
22 131
131 141
122 141
65 122
65 66
66 150
150 117
58 117
58 126
86 126
120 86
120 16
16 77
103 77
103 72
7 72
7 128
3 128
17 3
98 17
98 13
13 118
46 118
46 137
100 137
25 100
29 25
45 29
45 115
115 124
124 83
67 83
145 67
145 48
48 4
91 4
91 15
15 95
95 50
50 6
133 6
75 133
75 52
88 52
88 60
90 60
90 99
42 99
42 26
26 139
139 9
9 21
21 155
155 96
96 57
93 57
51 93
63 51
125 63
34 125
34 19
39 19
39 116
160 116
135 160
135 37
37 148
148 94
138 94
138 68
68 41
41 10
49 10
110 49
110 78
78 24
24 112
112 36
73 36
73 84
84 40
32 40
32 18
107 18
92 107
92 136
136 105
105 38
102 38
20 102
20 5
152 5
62 152
62 80
80 113
113 23
142 23
142 158
158 97
97 159
159 109
69 109
69 143
143 87
155
153 155 3 4 5 6 7 8 9 10 11 12 13 14 15 16 17 18 19 20 21 22 23 24 25 26 27 28 29 30 31 32 33 34 35 36 37 38 39 40 41 42 43 44 45 46 47 48 49 50 51 52 53 54 55 56 57 58 59 60 61 62 63 64 65 66 67 68 69 70 71 72 73 74 75 76 77 78 79 80 81 82 83 84 85 86 87 88 89 90 91 92 93 94 95 96 97 98 99 100 101 102 103 104 105 106 107 108 109 110 111 112 113 114 115 116 117 118 119 120 121 122 123 124 125 126 127 128 129 130 131 132 133 134 135 136 137 138 139 140 141 142 143 144 145 146 147 148 149 150 151 152 1 154 2 2 153
153 154
154 1
1 155
155 3
3 4
4 5
5 6
6 7
7 8
8 9
9 10
10 11
11 12
12 13
13 14
14 15
15 16
16 17
17 18
18 19
19 20
20 21
21 22
22 23
23 24
24 25
25 26
26 27
27 28
28 29
29 30
30 31
31 32
32 33
33 34
34 35
35 36
36 37
37 38
38 39
39 40
40 41
41 42
42 43
43 44
44 45
45 46
46 47
47 48
48 49
49 50
50 51
51 52
52 53
53 54
54 55
55 56
56 57
57 58
58 59
59 60
60 61
61 62
62 63
63 64
64 65
65 66
66 67
67 68
68 69
69 70
70 71
71 72
72 73
73 74
74 75
75 76
76 77
77 78
78 79
79 80
80 81
81 82
82 83
83 84
84 85
85 86
86 87
87 88
88 89
89 90
90 91
91 92
92 93
93 94
94 95
95 96
96 97
97 98
98 99
99 100
100 101
101 102
102 103
103 104
104 105
105 106
106 107
107 108
108 109
109 110
110 111
111 112
112 113
113 114
114 115
115 116
116 117
117 118
118 119
119 120
120 121
121 122
122 123
123 124
124 125
125 126
126 127
127 128
128 129
129 130
130 131
131 132
132 133
133 134
134 135
135 136
136 137
137 138
138 139
139 140
140 141
141 142
142 143
143 144
144 145
145 146
146 147
147 148
148 149
149 150
150 151
151 152
154
152 154 3 4 5 6 7 8 9 10 11 12 13 14 15 16 17 18 19 20 21 22 23 24 25 26 27 28 29 30 31 32 33 34 35 36 37 38 39 40 41 42 43 44 45 46 47 48 49 50 51 52 53 54 55 56 57 58 59 60 61 62 63 64 65 66 67 68 69 70 71 72 73 74 75 76 77 78 79 80 81 82 83 84 85 86 87 88 89 90 91 92 93 94 95 96 97 98 99 100 101 102 103 104 105 106 107 108 109 110 111 112 113 114 115 116 117 118 119 120 121 122 123 124 125 126 127 128 129 130 131 132 133 134 135 136 137 138 139 140 141 142 143 144 145 146 147 148 149 150 151 1 153 2 2 152
152 153
153 1
1 154
154 3
3 4
4 5
5 6
6 7
7 8
8 9
9 10
10 11
11 12
12 13
13 14
14 15
15 16
16 17
17 18
18 19
19 20
20 21
21 22
22 23
23 24
24 25
25 26
26 27
27 28
28 29
29 30
30 31
31 32
32 33
33 34
34 35
35 36
36 37
37 38
38 39
39 40
40 41
41 42
42 43
43 44
44 45
45 46
46 47
47 48
48 49
49 50
50 51
51 52
52 53
53 54
54 55
55 56
56 57
57 58
58 59
59 60
60 61
61 62
62 63
63 64
64 65
65 66
66 67
67 68
68 69
69 70
70 71
71 72
72 73
73 74
74 75
75 76
76 77
77 78
78 79
79 80
80 81
81 82
82 83
83 84
84 85
85 86
86 87
87 88
88 89
89 90
90 91
91 92
92 93
93 94
94 95
95 96
96 97
97 98
98 99
99 100
100 101
101 102
102 103
103 104
104 105
105 106
106 107
107 108
108 109
109 110
110 111
111 112
112 113
113 114
114 115
115 116
116 117
117 118
118 119
119 120
120 121
121 122
122 123
123 124
124 125
125 126
126 127
127 128
128 129
129 130
130 131
131 132
132 133
133 134
134 135
135 136
136 137
137 138
138 139
139 140
140 141
141 142
142 143
143 144
144 145
145 146
146 147
147 148
148 149
149 150
150 151
153
151 153 3 4 5 6 7 8 9 10 11 12 13 14 15 16 17 18 19 20 21 22 23 24 25 26 27 28 29 30 31 32 33 34 35 36 37 38 39 40 41 42 43 44 45 46 47 48 49 50 51 52 53 54 55 56 57 58 59 60 61 62 63 64 65 66 67 68 69 70 71 72 73 74 75 76 77 78 79 80 81 82 83 84 85 86 87 88 89 90 91 92 93 94 95 96 97 98 99 100 101 102 103 104 105 106 107 108 109 110 111 112 113 114 115 116 117 118 119 120 121 122 123 124 125 126 127 128 129 130 131 132 133 134 135 136 137 138 139 140 141 142 143 144 145 146 147 148 149 150 1 152 2 2 151
151 152
152 1
1 153
153 3
3 4
4 5
5 6
6 7
7 8
8 9
9 10
10 11
11 12
12 13
13 14
14 15
15 16
16 17
17 18
18 19
19 20
20 21
21 22
22 23
23 24
24 25
25 26
26 27
27 28
28 29
29 30
30 31
31 32
32 33
33 34
34 35
35 36
36 37
37 38
38 39
39 40
40 41
41 42
42 43
43 44
44 45
45 46
46 47
47 48
48 49
49 50
50 51
51 52
52 53
53 54
54 55
55 56
56 57
57 58
58 59
59 60
60 61
61 62
62 63
63 64
64 65
65 66
66 67
67 68
68 69
69 70
70 71
71 72
72 73
73 74
74 75
75 76
76 77
77 78
78 79
79 80
80 81
81 82
82 83
83 84
84 85
85 86
86 87
87 88
88 89
89 90
90 91
91 92
92 93
93 94
94 95
95 96
96 97
97 98
98 99
99 100
100 101
101 102
102 103
103 104
104 105
105 106
106 107
107 108
108 109
109 110
110 111
111 112
112 113
113 114
114 115
115 116
116 117
117 118
118 119
119 120
120 121
121 122
122 123
123 124
124 125
125 126
126 127
127 128
128 129
129 130
130 131
131 132
132 133
133 134
134 135
135 136
136 137
137 138
138 139
139 140
140 141
141 142
142 143
143 144
144 145
145 146
146 147
147 148
148 149
149 150
152
150 152 3 4 5 6 7 8 9 10 11 12 13 14 15 16 17 18 19 20 21 22 23 24 25 26 27 28 29 30 31 32 33 34 35 36 37 38 39 40 41 42 43 44 45 46 47 48 49 50 51 52 53 54 55 56 57 58 59 60 61 62 63 64 65 66 67 68 69 70 71 72 73 74 75 76 77 78 79 80 81 82 83 84 85 86 87 88 89 90 91 92 93 94 95 96 97 98 99 100 101 102 103 104 105 106 107 108 109 110 111 112 113 114 115 116 117 118 119 120 121 122 123 124 125 126 127 128 129 130 131 132 133 134 135 136 137 138 139 140 141 142 143 144 145 146 147 148 149 1 151 2 2 150
150 151
151 1
1 152
152 3
3 4
4 5
5 6
6 7
7 8
8 9
9 10
10 11
11 12
12 13
13 14
14 15
15 16
16 17
17 18
18 19
19 20
20 21
21 22
22 23
23 24
24 25
25 26
26 27
27 28
28 29
29 30
30 31
31 32
32 33
33 34
34 35
35 36
36 37
37 38
38 39
39 40
40 41
41 42
42 43
43 44
44 45
45 46
46 47
47 48
48 49
49 50
50 51
51 52
52 53
53 54
54 55
55 56
56 57
57 58
58 59
59 60
60 61
61 62
62 63
63 64
64 65
65 66
66 67
67 68
68 69
69 70
70 71
71 72
72 73
73 74
74 75
75 76
76 77
77 78
78 79
79 80
80 81
81 82
82 83
83 84
84 85
85 86
86 87
87 88
88 89
89 90
90 91
91 92
92 93
93 94
94 95
95 96
96 97
97 98
98 99
99 100
100 101
101 102
102 103
103 104
104 105
105 106
106 107
107 108
108 109
109 110
110 111
111 112
112 113
113 114
114 115
115 116
116 117
117 118
118 119
119 120
120 121
121 122
122 123
123 124
124 125
125 126
126 127
127 128
128 129
129 130
130 131
131 132
132 133
133 134
134 135
135 136
136 137
137 138
138 139
139 140
140 141
141 142
142 143
143 144
144 145
145 146
146 147
147 148
148 149
151
149 151 3 4 5 6 7 8 9 10 11 12 13 14 15 16 17 18 19 20 21 22 23 24 25 26 27 28 29 30 31 32 33 34 35 36 37 38 39 40 41 42 43 44 45 46 47 48 49 50 51 52 53 54 55 56 57 58 59 60 61 62 63 64 65 66 67 68 69 70 71 72 73 74 75 76 77 78 79 80 81 82 83 84 85 86 87 88 89 90 91 92 93 94 95 96 97 98 99 100 101 102 103 104 105 106 107 108 109 110 111 112 113 114 115 116 117 118 119 120 121 122 123 124 125 126 127 128 129 130 131 132 133 134 135 136 137 138 139 140 141 142 143 144 145 146 147 148 1 150 2 2 149
149 150
150 1
1 151
151 3
3 4
4 5
5 6
6 7
7 8
8 9
9 10
10 11
11 12
12 13
13 14
14 15
15 16
16 17
17 18
18 19
19 20
20 21
21 22
22 23
23 24
24 25
25 26
26 27
27 28
28 29
29 30
30 31
31 32
32 33
33 34
34 35
35 36
36 37
37 38
38 39
39 40
40 41
41 42
42 43
43 44
44 45
45 46
46 47
47 48
48 49
49 50
50 51
51 52
52 53
53 54
54 55
55 56
56 57
57 58
58 59
59 60
60 61
61 62
62 63
63 64
64 65
65 66
66 67
67 68
68 69
69 70
70 71
71 72
72 73
73 74
74 75
75 76
76 77
77 78
78 79
79 80
80 81
81 82
82 83
83 84
84 85
85 86
86 87
87 88
88 89
89 90
90 91
91 92
92 93
93 94
94 95
95 96
96 97
97 98
98 99
99 100
100 101
101 102
102 103
103 104
104 105
105 106
106 107
107 108
108 109
109 110
110 111
111 112
112 113
113 114
114 115
115 116
116 117
117 118
118 119
119 120
120 121
121 122
122 123
123 124
124 125
125 126
126 127
127 128
128 129
129 130
130 131
131 132
132 133
133 134
134 135
135 136
136 137
137 138
138 139
139 140
140 141
141 142
142 143
143 144
144 145
145 146
146 147
147 148
