1959
1419
341
1957
38
112
1956
1955
1957
110
26
4
3
1951
1418
814
1417
755
1948
1414
696
1946
26
277
755
1946
1412
562
340
277
1412
83
534
398
561
695
1950
1411
109
109
15
395
1943
49
30
534
98
11
397
1942
6
341
530
35
3
1943
50
1409
2
1408
48
1390
10
695
397
10
1938
1938
339
694
1937
513
1934
118
510
1390
1388
1386
1388
168
276
1938
166
396
509
389
1933
1933
390
1386
116
18
1386
1384
1921
692
121
274
1917
71
164
18
1384
4
1376
338
109
1917
5
4
1916
35
35
5
1812
4
1822
1594
4
12
1593
1369
164
390
1585
1582
388
33
6
1370
394
383
1364
1581
4
1369
1360
1365
220
1588
3
386
1583
1530
1529
5
163
222
28
7
1362
1523
1453
2
336
26
2
1450
1349
394
1349
2
4
274
214
69
3
693
49
1338
689
269
67
106
388
50
1341
3
1339
8
56
11
62
1451
206
1336
3
379
7
687
6
3
216
89
1447
381
1464
2
205
1338
3
1446
1327
4
1436
1331
272
220
1331
100
177
1329
27
1
3
11
1321
1446
376
1437
3
73
3
4
1
49
385
45
2
1432
1430
5
684
1305
6
376
1314
158
27
687
34
153
1429
5
3
1309
4
2
3
1418
15
217
212
64
176
274
269
1315
6
1312
1313
9
58
3
5
1298
1418
6
6
3
1416
1416
668
5
35
1294
37
272
155
1414
1404
1395
29
643
1287
374
57
4
373
1291
644
208
9
234
106
3
4
1409
47
228
1220
1392
1219
3
5
270
387
643
275
3
22
1146
26
1396
1396
341
169
1121
5
6
7
1061
270
3
1126
1135
1061
1059
4
4
639
340
3
17
3
20
29
5
14
4
1052
380
120
368
2
386
4
1138
372
1054
28
1130
156
1130
122
122
48
2
1051
109
337
1126
4
4
43
2
99
150
1129
638
1036
382
2
169
13
266
24
51
378
3
1120
20
229
73
110
643
78
1045
1107
368
1123
5
1035
5
372
4
637
1106
367
221
5
12
17
268
8
93
167
28
86
640
790
3
3
74
57
366
54
9
74
1044
637
154
4
26
11
635
157
337
220
68
346
14
6
147
1041
789
62
16
219
155
213
318
58
24
345
788
20
150
5
35
16
6
207
1046
93
76
11
629
190
30
189
5
628
643
4
93
217
347
1043
148
29
22
53
314
123
128
633
152
1038
79
13
3
629
219
262
334
9
7
153
53
152
1037
1038
4
217
245
63
1026
102
212
1037
1
4
635
4
12
9
11
241
1024
116
74
8
7
3
627
3
1026
1036
147
627
590
2
9
8
27
334
203
66
15
6
588
5
56
5
5
215
23
1015
32
216
1009
102
16
1017
90
12
1021
7
633
51
23
631
6
4
159
11
3
11
21
572
1012
84
47
70
6
121
1012
7
71
103
238
198
20
82
1005
25
7
6
53
631
332
5
4
1013
570
90
26
632
10
5
5
2
60
5
1016
159
100
71
160
24
29
207
61
234
995
107
84
83
633
5
69
1010
43
621
309
3
105
103
148
132
15
4
4
881
66
5
5
104
321
5
469
5
159
59
7
12
436
94
45
429
333
892
887
6
16
4
5
24
2
326
876
881
35
626
78
8
29
12
110
26
615
145
21
22
674
2
8
52
186
9
18
54
67
5
190
136
324
5
59
8
77
317
63
96
6
71
2
73
78
95
33
105
120
3
33
24
46
197
621
191
190
24
45
252
3
3
322
610
32
35
671
37
616
76
3
3
146
12
12
142
652
188
7
71
612
33
55
312
28
186
7
316
259
607
101
547
314
650
4
252
141
91
663
663
32
4
70
636
536
65
120
1
312
8
23
26
36
531
61
65
68
5
310
47
47
55
92
186
2
81
16
247
177
44
634
20
314
2
98
2
314
100
535
627
42
2
13
185
11
15
45
174
5
204
171
190
35
169
447
532
82
2
96
57
421
8
6
311
304
17
3
312
7
81
55
134
5
87
5
3
19
4
4
102
14
26
155
63
40
5
67
11
5
19
3
142
52
5
13
36
520
42
277
6
7
5
139
7
1
418
14
155
4
111
7
81
305
43
509
496
5
106
115
306
101
56
55
61
110
73
483
402
101
95
153
12
40
289
3
287
59
32
357
23
87
3
17
61
83
2
168
49
279
479
13
62
3
56
80
2
17
2
7
167
244
7
484
190
19
4
8
177
11
37
19
13
2
47
8
16
239
183
2
51
282
38
34
2
175
3
54
10
168
76
100
97
469
134
80
6
25
473
5
42
129
171
81
11
104
465
22
24
34
30
4
2
10
468
75
42
90
39
85
60
461
86
349
35
7
478
148
8
175
4
61
9
21
19
10
64
82
4
3
50
166
32
2
454
83
61
85
32
3
2
12
86
1
63
4
11
3
23
2
22
2
63
2
356
51
326
5
128
55
16
9
3
10
149
152
139
56
38
468
4
3
1
45
2
2
2
4
2
8
4
78
6
239
19
25
50
40
3
70
4
1
16
6
1
120
238
6
14
92
6
5
459
33
163
120
6
34
1
45
2
2
15
234
195
4
3
6
5
84
23
2
444
41
2
7
5
3
464
118
32
6
151
329
325
55
82
6
21
21
38
5
10
3
9
7
18
6
88
10
1
4
79
76
4
23
5
48
35
3
4
76
46
335
3
4
45
72
419
27
110
10
7
44
44
4
194
3
12
26
36
4
41
5
6
4
34
54
35
118
5
44
326
24
9
3
115
338
6
6
114
11
233
35
114
4
2
7
23
63
8
327
3
2
274
84
438
113
29
4
270
18
22
436
4
22
3
100
100
2
2
4
22
422
5
70
29
44
2
17
55
15
109
428
3
10
11
55
5
107
1
51
7
3
120
37
203
102
77
5
2
38
28
18
153
230
4
60
17
3
189
201
206
42
5
25
58
115
67
68
33
155
192
10
20
7
187
26
45
44
4
39
182
6
15
9
38
8
8
189
231
124
13
2
4
35
89
47
121
181
147
30
83
5
30
3
5
6
85
121
51
280
46
3
154
76
9
2
51
21
2
121
68
5
23
66
1
87
4
1
3
9
2
11
81
3
44
5
16
278
46
65
24
14
153
4
121
50
4
4
146
73
122
15
32
45
144
4
24
141
3
110
3
31
4
2
27
19
144
66
3
30
15
65
8
3
18
63
10
19
226
8
43
60
5
16
6
4
108
31
20
5
108
6
69
1
149
3
1
276
221
3
9
120
49
49
15
169
28
11
44
29
38
13
15
83
44
23
7
75
100
114
10
2
42
188
13
7
1
108
11
45
36
2
78
4
37
41
21
74
5
22
6
1
6
9
185
18
43
106
21
289
171
19
174
23
33
65
4
8
17
8
37
13
3
4
8
21
29
5
92
3
2
5
199
19
6
2
8
57
6
29
41
49
73
99
110
11
175
89
4
3
5
11
11
3
20
151
47
27
17
48
66
10
13
198
50
14
4
5
4
17
3
14
131
6
20
170
86
2
38
24
38
154
56
3
149
3
107
37
19
183
109
6
42
201
17
11
11
198
172
178
142
5
9
4
12
98
42
106
2
14
2
49
2
1
69
2
3
2
2
4
97
52
42
111
52
45
37
2
7
73
34
23
44
32
18
35
7
189
54
60
103
18
95
67
4
58
15
43
3
3
57
66
4
70
114
3
23
22
7
3
19
147
13
48
85
81
4
4
50
2
1
57
117
3
58
5
4
171
11
4
7
10
6
116
43
4
8
40
87
3
46
39
3
14
3
19
38
36
2
4
29
32
17
5
14
2
4
78
2
198
22
13
10
66
1
6
153
44
6
5
10
36
6
118
43
4
8
7
4
47
24
1
4
88
49
56
11
12
35
2
155
27
5
1
12
2
5
134
78
81
10
48
15
27
3
8
18
4
4
9
44
9
9
28
46
56
192
8
6
29
55
44
6
67
75
11
50
48
11
34
15
65
26
96
25
66
5
4
179
38
18
5
5
7
64
4
1
188
19
81
4
19
3
78
2
119
3
10
32
2
61
19
3
22
17
10
27
76
2
134
5
17
2
6
47
62
10
13
78
25
17
2
4
15
35
55
71
73
32
4
4
35
6
113
34
57
38
46
17
5
4
94
23
21
113
33
32
28
13
125
1
3
9
4
21
12
3
34
0
68
133
70
15
3
34
45
97
29
9
4
115
4
32
11
3
26
2
2
26
2
10
4
102
99
2
33
28
3
112
119
38
26
2
37
138
6
2
21
91
33
30
25
4
3
8
21
13
21
8
21
2
3
11
105
28
4
19
11
18
33
25
52
21
8
65
4
56
23
2
32
9
24
6
17
24
6
24
3
44
4
29
100
60
18
49
3
4
4
57
73
33
1
81
129
97
3
22
7
10
2
69
5
121
14
15
4
28
2
13
2
7
4
77
2
9
52
5
106
96
8
7
118
2
51
8
4
2
69
45
4
18
4
36
90
4
3
66
71
7
5
92
17
24
66
4
20
5
6
29
26
10
3
34
4
23
20
88
3
4
13
14
28
8
57
5
114
91
3
3
6
51
3
17
133
15
11
1
21
3
28
107
3
5
4
75
13
63
15
30
30
74
30
41
6
4
10
4
76
5
76
7
9
13
5
8
7
3
37
42
2
33
130
8
64
49
119
3
23
5
38
44
3
4
76
2
3104
1098
1096
220
884
3103
3102
9
16
3103
460
4
9
36
10
2
3099
337
638
3097
21
11
3098
169
27
635
141
886
308
8
3095
3097
883
3093
104
9
3100
3086
3082
635
308
105
6
3079
34
828
5
3078
3074
3075
6
13
339
10
3083
633
632
3082
306
3064
460
3062
6
334
284
821
3072
334
23
43
3062
13
21
172
3064
335
167
63
300
3066
4
774
39
3
3067
3
3063
3061
7
36
175
11
19
2
3051
3035
3035
3032
8
34
3007
19
727
5
3004
12
328
2998
16
301
25
45
3008
9
628
7
6
633
170
3
3005
5
297
2996
2995
2994
328
729
48
149
2983
625
7
50
2964
49
2927
2937
47
576
148
47
3
4
82
2937
2932
150
5
4
48
580
9
298
573
2861
2867
2859
2859
2840
2842
2839
2686
571
169
173
46
2642
297
165
2634
2631
5
15
12
328
2
295
573
626
624
3
54
16
624
149
5
8
17
4
18
330
46
110
10
117
2633
297
14
2630
10
2612
570
324
2574
2596
324
139
14
330
327
3
6
3
563
11
291
2532
2515
4
45
137
12
176
287
25
33
4
5
2389
3
157
288
47
320
2384
319
13
79
31
145
4
3
625
11
2376
2382
116
54
177
146
2381
6
44
317
4
317
32
21
2358
624
2356
2358
7
3
3
112
601
15
2355
407
2296
3
172
606
408
2281
146
2303
2274
776
6
23
170
1516
4
1502
3
286
22
604
727
29
322
723
1472
7
1494
29
1454
1438
1457
5
12
1446
148
1444
4
58
1434
143
22
312
16
75
6
3
48
408
404
35
1223
3
145
222
47
7
716
140
3
39
320
1223
719
37
31
1220
4
18
5
1204
1195
5
10
1181
7
139
3
38
1182
221
222
30
57
140
21
721
16
6
46
956
221
169
167
7
36
45
141
141
725
143
3
10
715
174
15
174
12
3
26
407
721
956
20
923
10
36
712
306
141
4
5
318
11
715
11
23
400
18
8
3
3
828
3
590
2
6
5
138
34
699
6
10
171
3
6
39
1
20
836
107
35
2
218
4
548
159
35
106
7
10
105
10
1
310
191
23
139
2
6
318
585
4
222
116
10
146
141
3
76
7
141
5
44
38
118
366
367
8
223
1
358
279
1
353
41
363
18
189
589
15
102
83
14
7
4
274
26
7
14
13
220
302
220
176
109
6
137
137
25
130
4
365
8
34
37
396
12
22
136
132
83
82
114
11
201
82
3
7
48
580
4
320
34
23
85
273
42
308
11
138
37
138
3
169
7
397
16
38
272
303
217
114
37
5
17
38
9
133
106
6
34
8
75
190
139
80
270
565
4
7
4
3
4
137
37
187
70
187
3
129
4
178
174
10
12
300
9
38
95
181
462
76
8
285
4
12
182
124
31
462
26
165
170
113
391
136
142
50
165
385
461
4
197
384
20
287
140
103
284
16
11
39
29
8
167
6
124
4
11
10
149
377
136
8
131
8
9
3
7
112
117
12
145
42
176
153
8
34
172
192
460
459
37
114
380
70
45
4
5
280
127
200
4
28
7
9
290
297
10
1
79
25
17
2
166
5
280
4
9
15
377
46
41
172
4
45
277
99
150
129
278
20
30
375
11
306
23
454
277
382
6
22
25
10
4
90
3
3
4
16
43
375
32
5
109
6
28
9
370
42
7
13
8
135
167
295
81
31
5
4
166
55
296
298
0
95
159
98
453
8
36
11
33
7
32
4
6
137
47
2
10
13
28
9
119
9
4
444
172
290
13
3
368
290
15
172
286
108
17
279
276
130
42
5
4
11
155
161
5
58
38
14
10
110
23
285
4
27
12
63
4
44
165
171
42
41
5
373
20
116
54
118
96
2
6
48
361
188
280
64
113
5
4
115
438
81
357
78
271
6
171
51
5
26
441
4
8
3
38
26
119
14
31
23
7
4
32
1
9
179
55
168
193
34
359
81
22
108
18
20
14
2
48
1
16
5
118
128
6
10
171
21
145
30
8
98
170
3
175
2
2
79
24
110
2
5
22
15
46
2
107
75
8
431
176
437
100
33
88
3
94
108
49
169
45
161
75
13
6
77
2
91
113
33
2
33
2
4
241
72
10
171
9
145
6
110
1
59
5
1
48
142
94
83
7
52
4
107
426
2
3
105
23
154
19
72
16
97
53
10
99
14
2
30
165
1
71
10
6
11
2
219
218
427
218
7
53
21
44
26
428
18
142
6
144
9
211
3
10
13
89
71
72
4
4
34
139
18
8
9
221
7
38
3
94
85
75
26
3
26
87
4
3
13
58
398
70
44
2
44
12
69
56
92
173
40
41
106
387
79
96
180
383
77
7
18
124
101
130
12
10
207
20
46
3
27
166
4
5
45
41
380
26
35
2
172
6
42
2
3
384
43
2
14
8
3
369
94
45
3
366
50
56
8
3
367
6
5
3
11
40
149
90
13
44
3
12
25
125
28
147
8
12
111
2
59
130
69
37
26
23
29
8
8
72
184
66
138
115
135
19
146
73
0
19
359
5
4
38
31
40
69
3
67
135
134
83
3
39
84
37
171
4
30
5
3
7
32
149
8
43
16
48
5
15
52
4
3
150
31
5
62
5
101
70
18
3
141
39
3
32
61
2
15
8
40
28
5
13
368
168
3
6
5
45
4
18
364
7
44
33
104
10
51
3
9
53
2
9
9
4
39
33
133
32
13
51
30
100
17
51
4
55
23
43
10
12
35
173
9
60
35
3
32
140
20
4
16
350
45
3
118
20
132
18
43
42
4
18
128
43
14
16
143
68
54
79
31
32
168
1
9
138
17
81
16
366
63
3
3
3
142
23
9
4
81
357
2
94
5
6
86
56
77
129
2
2
7
50
10
9
92
1
24
107
47
61
5
81
38
88
345
137
323
25
130
27
6
54
8
10
36
5
13
141
59
6
5
51
47
316
35
173
115
3
3
2
138
16
14
3
38
158
12
16
4
120
89
27
5
78
71
138
163
15
160
70
3
3
34
1
8
138
4
4
19
25
71
33
16
35
29
142
25
34
7
1
5
313
101
82
40
8
2
76
48
25
4
7
5
73
3
45
217
20
22
4
3
161
103
14
99
74
1
5
19
8
209
4
7
3
126
54
8
66
2
15
6
9
25
27
119
1
7
20
139
6
31
39
11
55
8
44
53
33
43
35
49
2
118
9
61
2
155
21
38
12
9
55
19
14
9
7
19
28
10
4
5
16
29
27
3
121
6
90
6
25
2
3
47
1
28
30
25
15
3
35
98
19
53
133
96
49
33
31
16
143
58
6
5
14
34
38
18
13
11
79
40
6
6
134
47
9
22
71
3
23
43
1
1
30
31
6
144
11
24
10
144
137
7
40
12
0
21
2
0
3
87
4
19
4
38
113
10
46
10
20
30
3
13
8
5
2
12
45
48
10
6
7
4
8
42
116
26
4
34
6
120
3
15
2
7
109
81
4
3
5
3
35
22
46
23
11
92
5
25
36
36
4
126
5
31
113
5
27
114
5
27
7
56
4
2
41
131
5
80
63
47
30
7
4
3
36
16
5
6
1
8
3
67
71
5
32
2
4
65
24
10
128
22
2
39
10
19
106
3
42
4
10
2
109
102
3
4
4
10
38
7
17
16
27
2
3
103
5
4
2
20
6
47
45
17
6
22
11
19
3
4
10
7
7
2
36
22
134
16
141
3
33
2
37
4
12
85
36
17
35
12
36
4
26
42
5
4
6
3
2
43
6
10
4
4
12
3
43
31
36
31
111
15
8
4
14
18
29
2
25
33
10
46
35
33
2
129
21
20
6
2
8
2
14
30
12
3
4
2
5
30
4
5
7
3
28
2
3
2
25
2
4
10
9
2
3
30
5
21
115
18
23
47
6
111
30
10
4
24
11
40
63
15
2
29
3
6
57
2
10
12
37
33
4
4
4
103
28
24
5
33
83
10
65
3
26
19
2
5
16
14
8
21
3
4
12
26
69
11
27
1
13
3
34
4
96
10
39
5
2
9
9
129
4
31
5
22
12
111
21
7
1
24
35
3
7
12
16
106
93
11
73
14
16
16
102
5
17
84
8
137
9
4
12
2
3
9
8
3
23
38
23
22
36
17
2
5
9
6
39
135
5
16
84
20
112
31
30
9
5
78
4
2
3
28
7
7
18
24
8
17
4
53
2
24
3
22
1
6
4
22
10
4
3
34
9
6
22
81
111
12
31
8
115
2
94
132
114
30
12
89
15
2
10
16
3
4
6
20
5
15
7
29
37
2
28
20
34
15
9
60
20
27
4
25
14
27
3
1
3
10
7
82
3
3
82
66
76
6
2
14
1
9
19
18
10
69
36
13
2
38
8
26
6
22
5
9
32
20
4
1
6
10
23
11
27
33
31
31
16
5
9
6
6
54
31
13
6
74
12
1
1
7
3
32
16
12
67
2
3
4
14
4
20
3
17
11
11
107
43
3
5
3
4
72
28
11
9
15
7
1
5
3
19
53
4
8
8
8
36
81
4
33
25
2
10
9
2
9
5
66
3
31
39
8
2
66
14
5
0
3
57
51
6
26
8
8
15
9
8
62
2
3
21
7
65
39
2
5
6
3
2
2061
1283
752
2
749
725
10
289
748
6
16
898
891
2060
30
4
33
890
2057
37
2
59
869
747
2056
744
7
2056
47
2055
14
43
743
1283
2054
869
61
9
43
5
1282
1277
721
3
21
722
741
794
74
17
4
2050
3
1274
1273
792
1273
3
2050
1273
12
2049
791
16
29
1226
1223
1222
2047
3
2
740
2052
9
1223
2
8
4
189
2053
4
51
1218
2046
37
739
2043
738
718
2041
6
1215
793
788
10
2046
4
6
716
181
61
1218
289
759
759
738
2044
715
29
736
2
2
87
26
6
5
2036
1217
2036
737
1212
1212
688
2035
1213
2037
1210
2
713
368
286
4
6
2035
689
16
2039
9
2027
43
21
2
707
2012
1177
1178
705
708
11
4
89
710
2024
3
686
3
708
706
689
589
621
3
7
42
2018
14
71
1179
1174
6
587
2009
1162
2014
56
25
360
289
1173
84
267
41
357
25
6
94
613
679
579
30
7
2016
21
100
2008
610
106
2007
47
24
44
2004
346
611
1159
4
1160
46
1159
1160
4
4
7
576
10
1937
574
5
1151
1935
1158
563
2
1947
5
18
1149
4
1938
6
5
2
57
566
1947
66
1944
1148
73
1155
1931
4
1914
17
3
2
1921
366
1930
100
568
77
2
3
1919
5
600
11
1915
1144
1129
4
1923
559
1678
202
4
85
359
40
3
1688
359
100
560
1676
38
3
3
13
721
721
712
1669
358
1667
34
263
27
1682
201
347
1654
1652
6
1646
406
3
231
9
405
35
419
80
8
5
1662
1656
19
35
17
606
58
1656
1656
359
611
271
7
120
715
1633
8
1639
600
601
1623
27
418
121
205
20
1649
195
1620
186
145
138
600
2
3
7
17
4
5
595
98
1629
10
712
707
590
1627
706
254
16
1623
6
55
326
410
5
42
247
4
74
578
138
409
5
15
1627
383
27
1607
4
5
1615
68
574
8
574
4
2
24
323
22
6
8
1602
4
2
54
137
14
342
1619
1618
8
246
19
17
36
341
1597
226
408
16
1
573
10
2
1599
8
339
24
32
6
189
111
21
408
1578
17
32
70
9
1602
484
602
1593
31
340
5
68
19
135
338
5
1596
10
47
305
1565
31
6
2
16
4
136
2
1591
1569
293
17
4
2
331
282
136
4
323
338
110
1571
332
592
4
182
13
2
21
10
1558
246
106
3
137
5
4
26
119
1435
2
1423
54
273
3
37
57
24
1424
178
63
2
24
6
20
1432
3
2
1367
1338
12
12
22
137
271
6
6
1366
58
6
58
1
94
128
90
1340
272
591
590
41
1355
1363
332
584
249
327
1
3
222
7
43
3
582
4
273
29
6
48
132
340
12
244
265
5
1338
304
1359
11
9
2
70
85
29
94
584
8
17
22
1329
5
15
2
44
141
5
1354
277
5
1324
3
68
174
5
1355
118
20
3
242
16
12
1355
69
226
1337
266
586
5
1344
35
44
1344
22
130
32
2
4
236
8
324
253
78
7
33
232
14
5
19
3
2
6
10
225
9
164
255
1346
261
418
16
255
220
162
46
9
24
5
1339
410
231
6
3
76
41
55
3
303
28
256
277
8
1336
28
2
4
234
22
1306
15
218
19
18
168
36
28
3
408
2
410
89
252
1312
99
5
6
269
174
167
1005
35
3
82
71
47
79
5
168
221
984
10
7
161
256
47
5
999
4
964
39
17
260
136
3
16
133
142
7
989
56
13
33
140
256
10
175
2
5
4
52
3
955
301
137
160
2
34
4
10
966
95
19
956
162
20
45
408
70
219
127
2
4
160
252
121
149
222
19
2
15
11
4
9
16
2
263
12
137
7
88
964
148
405
15
23
44
2
5
7
25
30
216
961
33
181
2
13
19
33
71
204
48
9
82
16
215
4
406
50
394
961
205
38
957
52
222
924
218
8
5
298
8
3
215
66
85
933
268
85
273
49
222
2
3
1
5
10
2
114
110
8
201
930
3
2
130
897
6
27
4
9
278
8
11
5
5
24
33
19
96
2
73
37
897
175
3
9
6
11
135
4
66
89
43
60
97
192
275
6
266
15
4
907
35
282
18
13
7
114
25
7
270
907
47
21
8
19
3
7
389
59
3
3
1
172
885
4
570
31
132
82
3
50
22
396
6
6
18
279
8
2
66
4
221
46
2
18
259
148
5
16
45
213
3
211
326
172
321
10
7
114
14
581
237
17
311
99
3
8
564
215
151
153
4
29
85
5
5
163
259
5
209
278
34
568
59
3
564
221
25
232
9
205
15
339
8
28
16
9
5
246
341
50
39
239
241
7
12
25
6
324
263
112
3
322
8
107
134
97
70
146
111
46
14
217
98
212
4
7
65
3
3
312
133
53
8
35
3
2
315
6
26
7
3
262
245
3
46
321
12
19
175
6
182
5
83
89
70
4
8
3
58
0
125
5
231
7
3
3
53
13
3
17
20
2
4
121
175
6
216
7
82
98
249
101
125
173
234
4
22
5
6
7
87
75
94
4
325
26
9
6
35
4
2
156
13
315
145
122
123
39
69
66
6
4
70
4
4
225
46
4
7
22
24
3
2
25
221
195
3
3
44
37
90
316
57
4
210
112
39
223
29
78
4
65
71
84
17
9
98
109
2
69
4
3
101
183
23
2
300
32
102
34
13
43
25
2
1
5
30
30
15
19
22
8
36
11
53
24
31
3
88
28
289
248
45
93
5
215
10
214
56
172
10
3
217
37
85
3
88
50
4
174
4
219
241
3
15
32
168
4
3
105
87
231
3
93
52
4
10
63
27
225
27
223
212
112
10
38
32
44
38
51
33
246
4
4
10
9
271
7
6
217
7
26
48
6
47
19
242
6
2
16
143
7
215
68
86
85
86
2
6
140
171
3
45
101
21
5
218
6
144
98
12
3
152
30
13
52
5
5
66
11
203
8
162
63
44
214
5
152
23
206
156
16
96
3
70
5
4
54
38
47
30
19
7
25
67
5
59
10
8
31
136
25
164
43
20
6
42
2
220
3
7
4
2
3
3
34
4
2
45
22
4
136
51
13
21
3
6
14
13
138
20
3
207
120
3
48
48
44
62
101
9
12
13
18
5
50
2
3
66
40
137
126
30
44
7
40
1
202
30
2
4
17
38
214
39
50
16
15
84
17
78
149
22
12
3
150
97
3
7
5
5
1
7
139
22
3
90
35
8
49
175
36
171
39
166
12
15
203
159
80
79
156
7
15
2
3
208
46
72
166
13
55
33
33
2
27
6
82
164
161
8
67
28
7
68
2
4
50
202
68
33
3
7
31
4
3
4
47
28
154
56
13
22
49
37
145
10
12
16
5
143
7
33
3
3
39
165
86
6
29
154
84
7
33
34
13
154
62
200
32
5
63
15
157
8
28
13
25
95
17
48
175
4
23
4
151
10
21
76
3
38
4
3
2
11
32
14
33
11
44
27
158
4
196
100
55
23
205
165
4
208
15
0
3
124
22
9
26
19
5
25
1
3
2
54
31
68
9
5
60
18
50
3
148
7
46
98
18
5
19
50
130
5
124
27
10
153
29
3
61
3
128
26
8
62
37
38
52
39
4
18
79
70
70
3
5
11
48
6
2
3
37
7
14
9
11
196
12
5
159
53
3
4
5
6
43
31
91
79
10
60
203
33
2
15
166
3
150
7
15
54
3
5
40
10
23
11
15
95
2
7
5
8
4
82
92
170
31
5
81
4
87
4
4
126
11
32
7
165
2
17
7
10
126
64
17
117
19
15
41
4
9
5
2
5
41
3
4
19
76
35
133
38
10
3
27
14
5
16
128
38
15
4
163
145
19
38
32
31
41
16
24
2
5
2
30
19
3
4
1
2
34
51
10
16
58
169
28
104
19
41
3
2
25
4
12
5
196
4
6
8
9
5
2
3
9
5
8
24
0
8
19
53
28
46
11
145
5
88
135
42
4
41
27
19
44
104
151
16
5
3
28
16
21
58
15
154
40
11
50
31
118
4
4
6
76
84
0
4
7
39
12
3
5
4
154
19
98
2
12
2
94
10
54
4
2
5
32
19
57
2
2
7
141
48
9
86
24
51
31
7
23
22
17
16
49
135
28
16
38
2
78
34
20
37
163
14
81
23
46
28
132
35
4
16
25
130
8
38
25
98
19
5
99
19
11
3
11
3
40
3
4
20
59
5
16
18
103
7
42
4
11
28
20
31
22
11
8
0
2
3
21
5
203
183
3
34
72
19
25
91
12
3
12
116
96
2
39
2
27
11
4
4
2
151
148
2
24
3
86
3
4
8
35
96
27
13
84
4
56
1
5
7
2
1
40
24
5
40
6
35
15
3
10
12
4
18
24
189
33
12
14
8
3
5
40
9
60
68
31
31
2
18
31
6
6
191
5
5
43
185
13
19
27
3
47
15
31
11
7
15
55
49
171
1
2
4
12
7
16
17
4
10
22
3
6
6
98
3
3
23
1
15
31
50
93
9
28
4
19
11
6
4
4
4
5
7
5
14
77
31
45
2
18
15
20
11
3
94
2
1
4
146
101
5
14
7
4
173
4
1
1
3
51
16
4
75
22
12
36
108
6
102
4
173
5
3
13
53
13
4
34
19
17
21
2
77
3
2
13
18
12
4
4
0
4
14
28
12
24
47
3
140
2
19
640
284
4
349
13
12
126
28
878
2
134
346
458
639
75
456
827
25
339
626
826
533
877
1
877
173
47
6
809
21
338
593
531
6
808
531
875
277
528
6
75
181
522
3
590
9
513
798
342
4
276
24
2
3
532
164
4
340
274
20
34
797
339
2
4
337
181
338
111
154
51
22
23
3
5
131
77
275
492
101
591
177
9
510
127
116
679
30
115
4
13
456
8
127
74
27
493
125
2
491
522
75
3
137
455
3
507
493
679
152
5
8
123
104
490
27
4
2
20
24
676
18
150
519
10
273
275
241
26
482
336
503
18
2
6
274
2
19
129
131
163
31
252
482
3
4
4
242
31
19
174
38
73
106
3
29
671
92
27
534
73
250
270
477
6
462
143
21
453
126
109
335
112
270
476
17
147
2
4
457
7
452
456
5
210
118
147
451
26
242
342
126
2
449
241
117
332
445
473
331
207
231
173
4
470
674
205
467
451
172
454
83
465
32
3
23
125
446
443
37
6
126
205
5
201
4
163
124
17
100
159
239
670
23
4
531
668
445
165
124
100
668
54
101
3
48
17
435
140
17
128
104
664
656
14
430
64
234
197
25
4
463
3
652
99
164
17
460
447
238
459
161
78
106
442
145
531
65
97
652
156
530
443
329
72
69
44
53
147
4
4
647
146
432
456
128
116
26
199
5
427
72
4
100
15
137
196
69
430
4
193
4
40
425
646
62
102
142
40
39
121
457
194
63
459
21
18
640
2
67
27
4
159
61
439
369
5
11
233
422
26
4
104
61
193
333
90
22
127
97
3
327
372
447
69
422
11
239
22
33
10
96
415
59
367
7
111
429
30
29
75
332
6
8
4
18
445
206
426
4
3
4
193
414
442
143
5
115
125
368
122
436
426
38
125
53
428
115
65
4
123
63
36
420
8
18
529
5
207
409
34
7
14
102
6
301
527
97
386
73
520
9
7
9
385
330
15
114
98
93
74
205
2
376
204
14
60
3
376
523
123
182
387
2
4
4
95
299
56
9
96
90
380
193
232
393
192
325
110
230
50
28
42
228
99
2
361
43
203
4
402
381
146
3
402
3
122
25
180
123
392
29
2
7
398
94
25
127
96
325
3
3
349
398
201
16
365
40
190
93
296
388
3
26
200
8
2
3
15
20
7
6
346
10
4
385
47
122
3
25
315
136
147
36
121
119
377
113
370
31
376
3
4
341
57
44
115
371
4
2
127
112
313
182
94
15
221
8
5
58
187
29
7
15
24
91
91
7
54
316
297
55
372
298
12
3
72
21
160
66
324
57
132
372
19
14
8
1
22
26
141
5
54
71
66
82
5
361
180
12
371
16
21
4
179
139
29
41
105
56
365
3
100
304
4
293
69
89
87
7
5
351
68
36
5
47
12
357
353
177
6
127
5
213
87
5
159
163
199
98
25
4
131
120
292
5
1
162
4
9
3
19
2
15
14
95
315
312
21
78
5
15
55
4
154
43
100
3
4
356
20
7
129
15
158
320
167
25
162
7
322
11
175
65
10
4
35
6
34
4
291
3
42
37
8
2
305
15
3
123
3
11
63
16
122
126
81
3
26
33
16
11
86
317
76
126
196
174
10
24
157
6
350
79
82
2
37
350
49
123
7
26
123
349
333
1
4
5
149
36
77
79
6
5
28
4
287
299
299
34
4
3
29
74
8
7
6
0
335
3
66
299
292
4
27
239
16
278
3
133
64
281
4
4
19
10
3
121
60
9
330
289
3
15
6
113
239
52
11
89
4
62
3
60
9
9
7
39
43
282
2
57
112
309
21
8
52
3
120
139
328
4
3
18
3
55
55
275
12
96
105
3
29
53
6
29
281
8
301
33
87
3
5
23
159
117
99
77
3
119
37
4
10
102
6
329
98
119
235
170
8
13
10
325
124
4
50
234
311
4
4
306
137
19
47
119
30
9
280
57
26
6
3
277
29
87
6
119
329
235
41
19
65
36
16
114
5
118
40
10
50
212
30
3
22
52
148
76
53
4
22
15
5
7
34
306
25
4
63
3
1
121
61
283
335
24
22
12
3
48
17
98
41
156
47
7
1
5
116
274
97
62
92
166
274
136
6
60
24
14
11
17
329
13
84
62
82
27
49
17
7
108
18
64
33
57
8
4
3
157
5
152
323
5
68
59
3
22
62
118
81
12
5
3
5
4
102
7
227
14
61
12
13
28
8
302
118
6
4
13
51
3
11
2
3
25
12
101
311
107
140
38
206
62
3
8
6
109
5
47
3
136
119
93
14
56
2
17
150
48
7
29
52
14
44
6
71
3
35
130
77
84
36
96
4
18
27
5
2
14
93
214
5
256
18
1
16
7
16
145
97
75
4
2
57
234
15
95
210
19
98
218
245
12
75
7
27
132
3
166
250
64
23
36
22
240
2
19
14
12
17
75
7
144
11
11
95
16
17
43
25
45
31
62
3
42
30
89
9
58
244
55
3
4
59
54
100
151
8
43
4
20
4
80
6
39
110
9
211
25
73
84
57
203
51
210
54
4
146
6
1
69
1
3
2
47
16
115
2
3
33
6
96
58
3
142
232
3
29
136
1
5
39
235
110
238
5
137
3
34
228
112
13
115
42
166
4
8
56
53
37
1
5
35
102
151
11
129
118
28
15
6
2
1
52
8
154
5
59
3
4
165
100
5
12
3
5
27
57
87
56
5
2
66
3
57
3
81
93
64
153
58
64
3
131
109
11
39
25
35
3
57
4
53
33
7
7
34
98
15
75
104
95
5
54
49
28
5
5
50
4
50
86
3
11
3
29
68
211
118
76
134
6
5
11
43
59
161
70
20
3
109
93
81
114
153
46
40
64
123
151
33
28
8
30
11
4
3
31
33
72
6
8
7
3
2
11
60
6
13
8
33
3
10
29
105
66
66
86
2
63
52
28
14
1
18
54
45
88
2
86
2
112
12
9
110
27
2
3
21
1
26
114
31
64
39
79
9
153
25
33
13
181
63
178
3
106
2
4
4
70
1
1
4
6
3
53
3
57
95
10
5
7
48
97
3
76
36
3
3
46
35
91
10
3
19
6
16
3
11
151
9
5
2
70
2
49
65
7
114
111
11
18
11
57
16
33
6
103
3
93
23
110
43
45
28
13
1
110
97
38
108
2
41
5
3
28
82
27
59
2
87
2
11
78
39
4
85
24
32
4
12
3
6
6
24
60
109
59
55
4
2
16
2
17
25
2
28
40
9
37
5
4
3
79
87
5
5
26
21
66
11
69
10
4
78
93
28
91
9
58
14
3
63
6
26
52
4
18
20
37
50
111
7
5
3
15
2
48
11
92
9
13
48
2
42
10
12
46
3
19
3
24
2
109
33
16
78
4
6
67
22
35
107
54
12
4
50
17
3
87
28
20
84
22
36
6
7
8
1
3
5
80
14
4
7
9
31
5
19
17
22
59
4
10
21
3
2
31
6
34
8
103
50
3
42
3
17
65
87
71
105
17
33
27
32
76
7
86
5
34
13
54
75
1
37
4
3
15
5
11
23
28
76
5
3
35
23
3
30
30
2
9
26
5
43
4
4
5
6
51
11
18
50
44
59
23
7
50
4
27
15
6
42
5
104
93
90
23
96
4
2
17
59
12
89
79
9
39
6
9
14
44
21
8
35
45
76
64
59
3
1
31
14
6
22
64
30
16
40
6
3
7
21
104
37
5
47
7
4
22
1
39
3
46
61
84
40
8
3
3
20
3
6
16
2
36
79
29
3
3
21
16
4
8
8
84
8
8
21
33
1
53
103
21
7
52
3
80
55
6
5
41
3
26
15
31
17
5
6
13
4
23
8
23
24
1
7
4
3
3
48
15
63
13
4
4
55
37
4
45
17
3
22
7
4
23
6
2
6
3
7
6
9
3
5
5
2
5
16
19
3
31
50
27
4
49
7
1
14
22
55
4
10
3
45
3
1
92
6
43
6
8
27
74
17
83
19
57
11
79
7
30
24
44
103
10
3
21
9
25
21
67
2
3
11
10
19
11
4
73
13
6
20
26
6
4
13
56
3
78
54
4
13
38
19
23
6
3
2
6
7
69
40
4
6
2
4
2
28
31
7
24
26
7
12
15
16
3
6
40
6
9
10
18
18
2
43
9
19
29
4
5
3
15
3
5
17
27
28
44
6
72
4
21
18
7
21
39
3
3
10
30
9
2
4
64
18
4
5
5
7
65
64
6
16
14
70
30
39
3
6
5
4
16
11
2
29
12
9
45
5
38
17
38
5
5
32
58
40
51
30
52
21
6
12
20
5
19
63
10
4
51
12
13
4
2
3
22
7
21
17
27
11
92
69
6
41
9
17
13
7
4
48
58
18
13
7
2
2
11
2
77
1
10
20
8
2
48
43
91
8
4
87
4
6
43
57
3
19
3
39
69
4
7
15
11
16
3
3
33
14
2
45
7
10
30
12
3
16
6
20
5
4
38
40
6
4
5
3
50
4
23
18
15
23
16
3
3
19
6
55
61
4
5
53
12
88
32
8
1870
1868
1867
290
1241
1866
1865
1861
6
8
6
153
68
1243
1454
1453
1859
4
1452
1235
1859
4
1854
169
288
416
573
1232
25
400
1231
570
136
571
7
1222
197
25
1218
65
11
1854
1856
1854
1218
4
1850
8
372
1836
168
1453
189
1216
61
1216
1215
188
399
7
1215
77
31
145
1829
31
1824
1214
1213
68
401
213
1450
185
1803
1792
1211
4
7
1451
604
371
274
1790
3
1793
1450
1792
598
1795
1791
1786
1448
133
1791
602
1448
2
6
1775
184
2
1447
601
80
115
195
65
3
3
197
60
1781
1445
1780
1772
274
15
13
399
117
1442
1436
1438
1785
273
5
5
395
15
561
604
370
191
7
4
152
1781
371
1428
1781
5
4
4
1425
1772
1768
497
74
27
499
192
390
265
560
184
1266
1425
1421
601
1273
73
183
494
4
180
561
598
4
499
1411
80
15
1407
23
386
494
1408
76
490
1272
3
3
34
46
1259
6
495
562
559
560
25
598
15
1266
1271
1
384
594
563
8
1410
370
367
1030
492
987
7
5
989
353
988
381
990
2
16
3
5
980
30
6
6
15
1259
9
184
981
22
22
487
4
5
9
554
367
1268
77
9
1258
555
146
10
8
3
5
14
145
380
610
1247
551
189
1247
266
3
54
3
493
2
515
3
1239
1230
1239
372
3
132
64
607
15
370
1235
355
492
513
76
3
136
129
3
8
370
50
3
32
210
609
557
1221
354
549
490
3
4
3
6
1239
18
189
76
15
49
262
1237
129
135
595
584
159
1227
503
3
554
113
551
505
4
486
545
550
232
583
375
368
46
19
371
498
370
178
3
31
47
351
1222
127
3
229
7
2
7
364
232
10
28
31
351
34
2
59
207
3
185
480
1234
3
1212
538
3
166
115
5
3
532
1052
228
369
470
77
31
3
57
580
12
7
125
52
366
349
227
577
33
368
368
19
22
526
472
1045
2
15
1051
173
4
21
533
362
360
166
8
471
30
934
43
13
932
366
926
17
512
43
6
508
288
288
5
6
73
15
99
111
7
359
172
71
3
930
468
5
914
5
469
3
3
23
183
172
1
316
3
468
363
24
357
362
205
6
4
324
127
918
3
327
524
14
67
4
319
32
15
3
2
116
208
169
1
81
251
2
5
379
224
362
360
112
249
529
148
909
19
35
285
324
22
7
520
828
4
118
209
4
107
107
7
257
289
286
373
4
3
177
827
177
182
35
5
202
2
2
71
18
286
12
30
15
310
144
462
110
28
36
5
8
215
27
24
455
3
40
213
188
92
4
5
647
184
203
2
456
90
210
25
7
294
106
12
108
197
3
60
30
2
449
32
37
143
115
177
13
454
54
107
55
276
5
451
258
646
11
202
204
444
100
175
174
188
6
108
75
82
28
650
171
632
8
4
358
15
152
452
4
192
22
149
632
20
2
98
194
4
622
5
31
16
74
52
100
13
10
107
622
637
359
57
632
3
4
342
13
614
184
32
4
444
30
10
4
179
71
2
3
32
8
3
23
43
448
154
311
3
46
178
2
10
448
41
3
441
604
432
6
63
184
603
426
11
151
36
72
596
26
4
150
157
5
94
149
417
256
40
7
17
11
145
10
24
107
7
4
209
209
137
71
6
43
609
0
4
65
6
250
14
190
6
28
15
602
28
180
600
4
48
33
67
104
595
76
152
1
98
26
6
408
112
250
65
32
239
63
608
110
4
5
3
78
206
104
5
196
74
147
417
18
65
183
615
4
7
5
47
6
3
3
140
27
38
409
74
71
19
10
401
612
11
101
254
18
4
29
6
3
4
8
81
7
10
92
5
592
99
2
13
8
2
205
37
3
16
147
147
198
12
73
10
4
69
98
5
84
6
9
189
104
23
187
102
66
5
33
13
42
45
3
22
65
435
134
3
15
256
6
3
3
53
146
132
3
15
5
220
409
430
30
13
2
140
13
29
2
145
135
395
3
69
72
63
142
45
305
107
142
181
17
4
124
5
3
144
4
185
65
11
72
6
190
183
362
178
2
31
137
292
128
16
8
143
88
7
13
3
66
12
28
78
123
5
121
188
2
65
27
62
3
130
2
18
4
4
354
72
102
135
114
102
106
11
7
85
65
8
11
19
3
187
127
51
3
9
15
144
35
12
6
46
27
3
41
177
2
5
94
7
53
99
28
180
4
369
55
259
100
27
369
62
253
2
177
110
253
178
53
11
71
91
29
27
3
101
82
17
2
7
17
61
80
54
76
4
64
330
31
42
90
97
2
106
10
3
96
114
49
133
136
78
108
5
2
59
139
10
13
89
141
7
3
2
2
89
6
3
21
139
112
113
25
7
111
176
3
144
54
44
4
22
36
82
132
22
12
2
3
22
245
316
19
7
3
35
20
19
39
5
251
24
58
3
7
3
74
2
59
176
30
4
3
64
4
23
2
22
118
24
23
94
30
3
175
236
4
92
1
58
2
111
76
4
53
96
241
14
21
6
14
18
13
48
81
6
1
7
12
22
177
4
329
34
172
32
145
54
19
6
6
173
7
48
66
235
45
28
170
98
73
20
1
3
6
3
68
96
5
5
6
27
74
5
95
30
85
113
6
92
31
2
3
24
8
3
4
106
292
43
56
51
113
5
4
8
58
59
93
3
172
19
72
3
21
7
88
40
4
113
74
10
6
5
230
24
16
4
15
4
163
216
59
8
45
3
53
73
216
18
7
6
17
29
5
11
9
35
5
73
174
55
32
130
1
4
43
14
85
2
2
59
92
4
120
11
92
3
6
33
3
4
20
116
164
64
32
6
3
63
218
176
295
300
6
110
172
118
289
85
7
110
5
66
8
3
2
10
53
35
2
6
7
15
74
16
104
10
6
17
41
28
31
11
73
17
21
2
92
4
42
6
5
86
91
132
3
9
4
5
93
24
7
2
2
99
158
52
3
52
15
9
14
168
233
9
5
7
44
161
5
9
233
81
5
158
49
21
19
2
24
92
5
42
50
2
5
34
82
19
187
6
16
6
2
13
56
28
159
4
18
13
168
20
9
10
12
3
69
4
103
21
232
17
7
1
71
4
50
5
11
17
228
6
162
4
4
2
6
32
1
227
158
58
76
16
21
29
2
7
125
5
69
29
6
26
131
153
4
17
2
4
4
3
3
4
170
2
10
160
2
16
22
6
69
93
3
91
152
61
3
30
5
5
103
55
83
36
16
2
4
71
20
44
97
59
55
7
159
128
18
8
18
32
33
22
160
47
4
50
11
30
5
3
3
3
2
44
16
5
164
4
3
157
65
83
78
153
15
25
102
3
103
27
7
78
7
11
77
61
2
3
62
11
16
5
125
3
5
49
103
3
5
38
48
102
74
47
13
5
27
40
12
8
15
46
9
79
111
46
97
12
5
11
8
17
4
5
159
72
17
26
65
53
1
4
13
20
4
4
66
70
6
156
23
155
22
49
8
60
10
3
5
100
7
3
5
157
122
156
80
15
4
3
24
36
31
2
152
3
4
4
36
43
14
76
78
27
6
4
1
41
24
44
5
2
4
52
25
28
58
3
10
4
87
61
8
6
207
153
2
4
63
40
10
115
109
110
75
80
4
31
54
9
6
3
92
26
16
18
5
2
77
124
36
19
20
50
2
3
55
27
13
33
25
2
5
66
55
43
40
18
11
6
136
6
5
22
4
67
3
2
41
39
2
5
9
151
5
18
3
110
44
32
5
68
5
52
22
169
14
4
3
5
108
33
27
23
9
6
54
52
66
32
11
56
24
12
34
5
50
12
20
27
56
3
26
33
58
0
52
17
123
27
51
5
68
62
2
3
6
1
38
64
50
5
51
90
16
2
54
31
24
40
15
18
21
5
31
3
15
24
19
5
106
49
9
9
97
6
14
65
66
2
3
10
2
29
65
27
5
106
15
12
1
6
11
37
6
58
26
24
34
9
20
9
105
57
16
57
41
6
87
49
17
48
29
31
2
4
30
2
2
5
48
22
4
25
103
97
1
15
3
4
4
42
48
11
5
24
54
37
92
2
38
10
7
101
81
18
8
1
21
4
31
1
3
14
1
36
6
3
9
32
62
14
25
10
34
99
78
12
99
6
5
3
3
32
15
14
3
3
63
69
3
3
42
7
105
3
133
7
5
100
4
59
20
3
33
6
5
6
32
19
17
18
21
32
94
9
22
18
16
16
74
60
7
22
21
138
35
76
6
37
1
9
20
50
36
14
35
4
4
5
7
55
56
6
8
3
1
11
55
19
2
5
32
3
134
62
36
5
1
11
128
3
35
11
5
2
8
15
1
4
7
1
26
2
25
28
3
3
8
12
0
4
49
2
2
33
2
5
4
6
24
3
28
3
2
33
4
7
17
1
31
129
3
22
17
35
3
3
4
9
4
3
2
18
100
21
3
56
5
49
5
53
46
23
3
50
30
6
3
2
20
5
3
29
5
3
7
25
15
53
8
2
5
22
5
10
11
5
53
4
57
47
32
28
6
11
7
21
4
8
19
9
60
45
3
4
9
19
18
14
13
14
5
13
22
119
26
11
72
5
3
17
2
38
3
3
2
101
12
8
3
2
33
6
25
25
28
10
19
4
2
10
72
69
