10
10
4 13 20 58 62 67 74 77 93 93 
10
1 10 2 34 3 58 4 67 5 81 6 87 7 98 8 143 9 152 10 193 
10
1 35 2 80 3 100 4 106 5 171 6 173 7 184 8 240 9 278 10 297 
10
1 17 2 46 3 48 4 317 5 328 6 364 7 378 8 383 9 384 10 399 
10
1 22 2 34 3 58 4 96 5 99 6 100 7 156 8 190 9 414 10 443 
10
1 57 2 63 3 78 4 170 5 300 6 305 7 317 8 361 9 394 10 593 
10
1 84 2 113 3 140 4 150 5 380 6 386 7 393 8 455 9 532 10 553 
10
1 66 2 130 3 150 4 188 5 546 6 562 7 677 8 701 9 714 10 793 
10
1 96 2 170 3 182 4 446 5 458 6 494 7 608 8 652 9 727 10 844 
10
1 25 2 198 3 217 4 441 5 551 6 693 7 772 8 818 9 890 10 992 
