10
10
4 18 36 41 50 58 59 78 84 92 
10
1 42 2 43 3 54 4 54 5 67 6 152 7 153 8 161 9 182 10 190 
10
1 9 2 49 3 58 4 64 5 82 6 185 7 258 8 272 9 277 10 286 
10
1 10 2 141 3 151 4 169 5 198 6 240 7 282 8 284 9 353 10 387 
10
1 3 2 73 3 158 4 196 5 245 6 265 7 311 8 324 9 378 10 448 
10
1 26 2 45 3 156 4 157 5 165 6 175 7 215 8 368 9 478 10 598 
10
1 35 2 43 3 124 4 290 5 296 6 354 7 399 8 456 9 642 10 691 
10
1 1 2 221 3 294 4 437 5 494 6 509 7 551 8 576 9 656 10 671 
10
1 4 2 20 3 26 4 35 5 51 6 208 7 212 8 228 9 628 10 679 
10
1 29 2 46 3 99 4 175 5 300 6 370 7 394 8 435 9 572 10 653 
