10
10
3 9 37 42 43 55 55 67 69 95 
10
1 10 2 15 3 75 4 121 5 129 6 140 7 157 8 158 9 165 10 172 
10
1 2 2 34 3 44 4 48 5 129 6 166 7 169 8 170 9 253 10 295 
10
1 29 2 65 3 147 4 177 5 208 6 267 7 295 8 306 9 360 10 386 
10
1 64 2 131 3 133 4 151 5 186 6 245 7 259 8 324 9 347 10 422 
10
1 32 2 52 3 101 4 109 5 134 6 313 7 313 8 412 9 424 10 526 
10
1 93 2 161 3 218 4 353 5 416 6 450 7 452 8 481 9 495 10 609 
10
1 178 2 270 3 347 4 590 5 591 6 618 7 675 8 703 9 707 10 769 
10
1 132 2 205 3 210 4 242 5 274 6 461 7 568 8 625 9 653 10 739 
10
1 166 2 239 3 413 4 663 5 707 6 895 7 900 8 921 9 933 10 995 
