20
10 10 150307 247
62978 968 -5
51700 883 -3
40408 564 -1
60366 870 -41
35943 797 -7
47476 595 -11
59020 672 -10
81024 964 -11
80637 695 -5
66114 874 -1
46720 48066 57373 60882 68842 72773 82820 116695 122159 150307
10 10 145322 772
10139 897 -47
86524 947 -2
51251 982 -2
12573 962 -2
14068 919 -163
10944 994 -6
35650 999 -9
3804 977 -1
1149 905 -2
43935 932 -2
10519 11805 14747 28890 37732 45509 55779 80531 108392 126659
10 10 175391 226
31181 234 -546
32757 670 -9
43723 775 -3
78541 862 -4
26626 961 -13
54690 759 -998
56165 659 -3
56531 776 -34
32860 950 -6
86709 145 47
31182 33025 46753 52673 57685 60635 99569 124240 162898 170704
10 10 25320 235
6591 945 -38
23654 277 -6
12793 859 -39
12032 762 -27
5568 739 -122
8019 774 -21
14198 881 -36
10302 866 -25
23595 868 -209
7864 667 -31
6534 6885 8702 14146 14580 15785 20903 21785 24323 24366
10 10 99858 982
39033 1000 -2
26456 999 -1
25617 37 -242
28141 1000 -1
27960 995 -6
1452 988 -58
44970 993 -322
16069 998 -1
26508 999 -1
44686 993 -1
1460 14938 17798 29360 42181 44971 55154 55534 74909 99858
9 10 158022 5
65435 666 -3
1342 672 -2
10867 862 -8
110389 708 -9
1709 920 -8
130502 291 626
80612 947 -10
48629 783 -3
107502 903 -10
15014 53560 78649 88021 91322 104253 111591 117138 138176 152757
9 10 77966 867
30139 924 -2
43502 996 -9
50328 973 -3
11780 933 -1
36810 941 -2
59716 995 -591
54199 924 -3
6677 947 -1
7849 967 -2
4032 9037 32504 45322 56816 59722 70046 71057 73720 77966
10 10 168148 976
99111 1000 -1
123871 997 -1
108015 996 -24
117979 998 -1
125117 995 -1
132402 998 -1
103226 999 -2
134968 994 -117
67272 996 -293
28796 991 -2
32888 40953 67275 108022 108232 110905 121485 135114 139469 151823
10 10 16916 872
7977 896 -5
5675 985 -35
7524 975 -305
1269 994 -8
7527 992 -102
9288 979 -27
5812 979 -12
2521 934 -10
5924 971 -14
987 980 -7
1541 5442 7580 8400 10079 11136 12217 12848 13000 15804
9 10 90900 181
77256 526 -219
17537 759 -5
49145 714 -10
48693 710 -32
48010 630 -15
73929 904 -83
44737 935 -15
55030 548 -6
45136 895 -135
38268 47873 48013 54363 60616 71290 74138 77176 77337 79786
10 10 69458 227
41471 989 -41
54266 987 -6
65335 774 -29
5337 999 -10
60091 567 -12
52229 845 -42
4754 810 -5
6632 637 -2
46771 771 -375
52434 992 -79
9324 36862 44559 51022 52755 53293 60089 60120 63342 69458
10 10 20660 178
1225 798 -11
12225 255 -2
3807 520 -10
15236 618 -158
1414 873 -9
7060 644 -7
3507 834 -39
14720 390 291
11498 808 -60
14535 935 -223
2802 4059 4904 8892 11895 11978 12572 15257 15877 17328
9 10 114934 719
62115 915 -6
44976 920 -17
21788 877 -1
38609 839 -3
44828 982 -8
9713 1000 -109
61421 860 -922
16064 918 -2
33522 989 -11
13230 19868 37544 44774 45209 54175 61486 62595 87581 101248
10 10 191339 926
11706 965 -2
33754 955 -1
115329 990 -1
2474 968 -1
34122 984 -1
9157 996 -60
3381 977 -3
121919 999 -1
13369 993 -1
31324 968 -1
5128 9287 17143 29832 33882 46287 86949 117354 144947 176047
10 10 43963 954
5733 980 -1
1111 997 -1
3937 998 -1
1382 993 -1
3679 985 -1
33286 970 -1
113 1000 -5
10361 970 -3
1218 999 -2
3494 994 -3
2419 5235 10613 14586 21144 23756 30711 33860 40451 42087
10 10 18708 742
12707 2 -279
4284 983 -4
4851 982 -902
16121 921 -199
5656 996 -21
5804 865 -13
2562 975 -14
1089 903 -12
2846 805 -4
7745 998 -26
1945 4875 5456 5914 11120 12935 16023 16832 16948 17807
9 10 110935 976
22244 994 -5
22945 990 -119
54059 996 -341
7258 991 -1
3568 998 -1
53986 999 -95
19316 997 -3
21507 998 -5
22070 993 -4
3574 14897 21646 22948 25253 52682 54092 54101 55351 90620
9 10 62098 741
1143 996 -3
1514 952 -8
280 883 -5
44155 834 -216
1813 879 -5
1100 882 -69
4216 909 -3
11307 810 -2
2306 873 -18
1062 1304 1722 2663 5502 12378 16995 22981 27236 44366
9 10 110373 907
34507 939 -1
5901 998 -1
66753 982 -3
8013 970 -8
62012 959 -5
68954 984 -2
15403 987 -1
6321 991 -5
15081 981 -1
2491 7419 8047 15204 15495 36392 62765 69004 81638 90563
9 10 136382 369
54507 977 605
3911 760 -6
40194 861 -4
51022 665 -2
80430 821 -5
85729 821 -7
2895 754 -2
86004 904 -1
345 675 -1
10006 27479 38319 42148 48211 85717 87680 114851 121264 136382
