3
1
47
1
3
1
1
3
44
1
1
3
3
1
1
44
1
3
35
8
3
3
6
3
3
4
30
3
3
1
1
1
1
3
1
12
1
3
3
3
1
5
1
3
8
3
30
3
3
3
3
13
19
1
12
3
3
3
23
3
3
3
1
3
3
1
23
3
8
3
3
1
3
1
3
3
3
4
3
1
3
1
3
3
3
23
3
1
3
1
3
8
1
1
49
3
23
1
1
1
3
1
20
8
8
3
1
3
1
1
3
3
1
8
1
3
3
3
3
3
8
13
3
3
23
3
3
4
8
3
3
3
11
1
3
1
1
23
1
3
1
3
1
5
50
3
3
1
3
18
3
3
1
3
1
1
3
1
3
1
3
3
3
3
1
3
3
1
3
1
3
3
8
1
1
1
1
3
3
3
3
3
1
3
3
1
3
13
3
23
3
64
3
3
30
1
3
1
1
1
1
3
1
1
1
3
3
3
33
3
3
1
3
1
3
3
1
3
61
3
5
1
3
3
4
3
3
3
1
3
1
13
3
5
3
3
3
33
3
1
3
1
1
3
3
4
3
3
1
1
3
3
3
4
3
3
11
8
30
1
3
41
13
11
1
1
1
3
23
1
30
3
18
33
4
3
1
3
50
1
3
3
3
3
20
1
1
3
4
3
3
3
15
11
3
3
3
3
3
4
1
1
23
3
3
3
3
3
3
33
4
30
1
3
1
18
4
1
1
23
1
23
3
3
23
1
1
1
1
3
3
1
3
3
3
3
1
3
3
1
4
3
3
1
3
3
3
3
1
1
3
1
5
3
2
3
3
1
1
1
3
3
3
3
3
8
1
3
1
3
3
3
41
19
8
1
23
1
1
3
3
1
1
23
1
23
4
3
3
3
1
3
1
4
3
3
3
3
3
13
3
3
3
3
3
41
1
3
3
23
1
1
3
3
3
23
1
3
3
3
8
3
5
3
23
3
3
3
3
1
8
3
1
3
19
3
3
23
1
3
23
3
8
3
1
3
1
8
3
3
3
3
1
47
3
23
3
1
1
1
3
3
3
3
13
8
1
3
3
13
33
4
1
1
3
13
3
19
3
3
1
1
1
4
3
1
3
3
1
23
4
1
1
1
3
1
23
3
3
1
