10888888888888888888888888888888888888888888888888
1088888888888888888888888888888888888888888888888888888888888888888
108888888888888888888
108888888888888888888888888888888888888888888888888888
108888888888888888888888888888
1088888888888888888888888888888888888888888888888888888888888888888888888888888888888888888888888888888888888888888888888888
10888888888888888888888888888888888888888888888888888
10888888888888888888888888888888888888888888888888888888888888888888888888888888888888888888888888888888888888888888888888888888888888888
1088888888888888888888888888888888888888888888888888888888888888888888888
10888888888888888888888888888888888888888888888888888888888888888888888888888888888888888888888888888888888888888888888888888888888
10888888888888888888888
1088888888888888888888888888888888888888888888
1088888888888888888888888888888888888888888888888888888888888888888888888888888888888888888888888
1088888888888888888
108888888888888888888888888888888888888888888888888888
10888888888888888888
1088888888888888888888888888888888888888888888888888888888888888888888888888888888888888888888888888888888888888
10888888888888888888888888888888888888888888888888888888888888888888888888888888888888888888888888888888888888888888888888888888888888888888888
1088888888888888888888888888888888888888888888888888888888888888888888888888888888888888888888
108888888888888888888888888888888888888888888888888888888888888888888888888888888888888888888888888888888888888
1088888888888888888888888888888888888888888888
10888888888888888888888888888888888888888888888888888888888888888888888888888888888888888888888888888888888888888888888888888888888888888888
10888888888888888888888888888888888888888888888888888888888888888
10888888888888888888888888888888888888888888888888888888888888888888888888888888888888888888888
10888888888888888888888888888888888888888888888888888888888888888888888888888
1088888888888888888888888888888888888888888888888888888888888888888888888888888888888888888888888888888888888888888888888888888
1088888888888888888888888888888888888888888
108888888888888888888888888888888888888888888888888888888888888888888888888888888888888888888888888
1088888888888888888888888888888888888888888888888888888888888888888888888888888888888888888888888888888888888888888
1088888888888888888888888888888888
108888888888888888888888888888888888888888888888888888888888888888888888888888888888888888888888888
10888888888888888888888888888888888888888888888888888888888888888888888888888888888888888888888888888888888888888888888
108888888888888888888
1088888888888888888888888888888888888888
1088888888888888888888888888888888888888888888
108888888888888888888888888888888888888888888888888888888888888888888888888888888888888888888888888888888888888888888888888888888
1088888888888888888888888888888888888888888888888888888
1088888888888888888888888888888888888888888888
1088888888888888888888888888888888888888888888888888888888888888888888888888888888888888
1088888888888888888888
108888888888888888888888888888888888888888888888888888888888888888
108888888888888888
1088888888888888888888888888888888888888888888888888888888888888888888888888888888888888888888888888888888888888888
108888888888888888888888888888888888888888888888888888888888888888888888888888888888888
10888888888888888888888888888888888888888888888888888888888888888888888888888888888888888888888888888888888888888888888888888888888888888888
10888888888888888888888888888888888888888888888888888888888888888888888888888888888888888888888888888888888888888888888888
10888888888888888888888888888888888888888888888888888888888888888888888888888888888888888888
108888888888888888888888888888888888888888888888888888888888888888888888888888888
108888888888888888888888888888888888888
10888888888888888888888888888888888888888888888888888888888888888888888888888888888888888888888888888888
