688888888888888888888888888888888888888888
20888888888888888888888888888888888888888888888888888888
20088888888888888888888888888888888888888888888888888888888888888888888888888888888888888888888888888888888888888888888888888888888888888888
10
1888888888888888888888888888888888888888888888888888888888888888888
10
20888888888888888888888888888888888888888888888888888888888888888888888888888888888
1088888888888888888888888888888888888888888888888888888888888888888888888888888888888888888888888888
108888888888888888888888888888888888888888888888888888888888
28888888888888888888888888888888888888888888888888888888888888888888888888888888888888888888888888888888888888888888888888888888888888888888888
1088888888888888888888888888888888888888888888888888888888888888888888888888888888888888888888888888888888888888
2
188888888888888888888888888888888888888888888888888
888888888888888888888888888888
22
2008888888888888888888888888888888888888888888888888888888888888888888888888888888888888888888
688
20088888888888888
288888888888888888888888888888888888888888888888888888888888888888888888888888888888888888888888
28888888888888888888888888888888888888888888888888888888888888888888888888888888888888888888888888888888888888
2008888888888888888888888888888888888888888888888888888888888888888
2088888888888888888888888888888888888888888888888888888888888
8888888888888888888888888888888888888888888888888888888888888
2088888888888888888888888888888888888888888888888888888888888888888888
28888888888888888888888888888888888888888888888888888888888888888888888888888888888888888888888888888888
200888888888888888888888888888888888888888888888888888888888888888888888888
188888888888888888888888888888888888888888888888888888888888888888888888888888888888888888888888888888888888888888888888888888888888888888888
2888888888888888888888888888888888888888888888888888888888888888888888888888888888888888888888888888888888888888888888888888
88888888888888888888888888888888888888888888888888888888888888888888888888888888888888888888888888888
6888888888888888888888888888888888888888888888888888888888888888888888888888888888888888888888888888888888888888888888888888
288888888888888888888888
10
8888888888888888888888888888888888888888888888888888888888888
18
6888888888888888888888
28888888888888888888888888888888
288888888888888888888888888888888888888888888888888888888888888888888888888888888888888888
28888888888888888888888888888888888888888888888888888888888888888888888888888888888888888888888888888888888888888888888888888888888888888888888
88888888888888888888888888888888888888888888888888888888888888888888888888888888888888888888888888888888888888888888888888888888888888888888
18888888888888888888888888888888888888888888888888888888888888888888888888888888888888888888888888888888
1088888888888888888888888888888888888
288
2008888888888888888888888888888888888888888888888888888888888
68
18888888888888888888888888888888888888888888888888888888888888888888888888888888888888888888888888888888888888888888888888888888
208888888888888888888888888888888888888888888888888
2008888888888888888888888888888
20888888888888888888888888888888888888888888888888888888888
200888888888888888
18
