13 10
100 98
13 1
61 7
39 12
56 15
37 18
45 19
67 22
93 24
60 26
71 27
94 29
83 32
21 34
77 21
78 37
17 41
93 42
74 43
16 46
45 47
98 48
60 50
84 52
35 54
49 55
74 56
51 60
100 51
89 61
59 62
92 59
64 63
2 65
93 67
44 69
49 44
30 49
31 30
20 70
78 20
84 71
83 72
99 74
40 75
100 40
92 76
6 77
8 78
64 8
10 79
38 80
23 84
10 23
57 85
45 57
33 45
31 86
14 31
14 87
3 14
6 3
82 89
92 82
33 90
83 91
88 83
39 92
28 39
17 28
35 17
6 93
33 94
36 33
6 36
58 6
64 58
88 97
11 88
10 98
38 10
68 38
13 68
25 13
96 25
11 96
5 11
64 5
2 64
35 2
16 35
53 99
4 53
9 4
16 9
81 16
73 81
66 73
95 66
95 100
74 65 75 76 97 40 15 20 10 39 86 72 18 37 50 13 93 59 94 82 87 9 41 57 24 71 22 48 68 26 89 91 6 11 95 51 25 29 46 35 55 44 83 90 96 79 54 4 73 2 61 63 77 38 1 56 7 27 92 3 5 62 31 33 45 23 19 30 80 17 66 21 64 85 52 81 84 67 99 42 78 12 16 98 34 14 60 69 53 36 70 88 58 28 8 32 49 47
100 98
44 2
65 8
13 11
9 14
92 9
20 16
54 17
34 18
98 20
83 23
22 24
55 22
78 25
62 29
54 31
64 33
41 34
80 35
54 37
54 38
67 40
78 45
68 47
7 48
54 49
3 51
100 3
44 53
77 54
94 55
83 56
7 57
98 58
28 60
44 28
77 63
64 65
7 66
21 68
4 70
6 71
43 74
79 43
42 75
50 77
89 50
26 78
32 26
67 32
39 67
19 79
76 80
27 81
46 82
69 83
96 69
86 84
36 85
15 36
61 87
21 61
30 89
21 90
1 21
95 1
39 91
42 92
41 42
12 41
39 12
64 39
95 64
73 93
5 73
52 5
6 52
86 6
10 86
46 10
13 94
72 13
100 72
46 95
27 46
15 27
59 15
98 59
62 96
44 62
19 44
30 19
7 30
4 7
100 97
98 99
4 98
88 4
76 88
76 100
13 24 63 25 40 99 10 58 59 87 65 8 33 22 28 75 74 37 97 61 69 38 31 57 70 60 52 26 81 5 41 46 9 20 71 89 80 85 72 29 83 66 92 30 47 21 39 36 6 45 53 90 86 56 44 2 48 1 50 19 67 16 15 34 96 7 77 54 94 51 43 64 84 76 42 3 95 78 12 79 68 14 32 23 17 27 88 4 11 35 73 98 93 82 62 91 18 55
100 99
33 2
85 5
86 7
4 8
40 9
100 10
100 14
68 16
94 17
22 20
31 22
3 26
54 27
3 28
98 3
59 29
52 31
36 33
46 34
38 35
19 37
30 38
76 39
92 41
71 42
52 45
99 47
18 51
24 18
84 24
48 54
44 55
25 58
23 25
84 59
32 63
30 32
12 64
74 12
65 66
11 65
69 67
23 71
85 74
15 75
50 15
23 50
52 23
61 52
84 76
46 77
70 46
62 82
92 83
21 84
60 21
69 85
97 86
53 87
44 53
6 88
69 6
100 69
49 89
43 49
72 43
48 72
60 48
70 60
68 70
61 68
57 90
93 57
79 92
11 79
91 11
1 91
40 1
98 40
96 93
80 94
95 80
100 95
30 96
62 30
81 62
19 81
56 19
4 56
13 4
44 13
78 44
36 78
73 36
97 73
100 97
99 98
61 99
61 100
77 12 16 92 38 83 55 18 40 43 36 19 22 75 5 81 33 47 63 1 6 46 99 58 89 84 60 87 69 31 71 52 67 35 14 13 98 93 53 78 25 82 30 27 23 65 66 48 62 51 37 68 76 28 8 32 88 72 64 70 56 39 44 4 26 11 97 54 80 57 3 95 15 20 96 41 2 42 29 73 9 7 45 24 59 90 94 10 86 49 50 34 91 17 21 61 85 74 79
100 99
16 1
27 5
18 7
50 11
10 13
62 10
2 16
85 17
46 18
56 19
53 20
77 22
88 24
33 26
47 27
37 30
97 31
15 33
58 15
8 37
38 39
76 38
23 42
14 46
79 49
74 54
55 58
43 60
4 62
57 63
48 64
87 48
55 66
21 55
71 21
72 67
36 69
45 70
65 45
88 65
84 74
81 75
87 76
68 77
47 68
25 47
4 79
73 4
78 73
44 78
99 82
43 83
53 43
6 53
34 6
41 34
50 84
9 85
40 9
51 40
8 51
56 86
72 87
8 72
89 90
52 89
44 52
88 44
57 92
29 57
59 29
35 93
41 35
91 41
59 91
32 59
28 94
99 28
36 95
23 36
61 23
25 61
3 25
56 3
88 96
81 97
80 81
2 80
88 2
50 98
32 50
56 32
88 99
12 88
8 12
71 8
14 71
56 14
56 100
57 91 74 88 70 78 18 93 75 56 1 89 81 64 23 36 4 60 3 65 13 10 37 77 6 45 79 42 50 28 51 27 14 9 58 69 22 40 97 16 76 90 41 59 38 15 92 71 35 5 48 19 87 20 46 82 21 73 85 29 47 94 32 8 44 34 96 84 66 63 30 52 83 26 72 67 25 49 99 98 12 68 11 86 2 7 39 55 43 61 33 24 17 54 53 80 95 31 62
100 99
6 1
21 3
50 6
67 7
64 8
71 10
2 14
64 15
12 20
13 12
44 23
55 25
56 27
22 28
24 31
47 33
29 38
53 39
86 42
79 43
26 47
61 26
77 48
93 50
19 51
64 53
13 54
96 55
34 56
52 34
37 52
87 37
16 59
69 62
30 63
71 64
49 65
41 49
58 66
61 70
68 61
82 68
82 72
2 73
96 2
36 75
9 76
41 79
19 41
60 19
90 81
16 82
69 16
90 69
22 88
4 22
13 4
5 13
84 5
40 84
92 40
90 89
83 90
18 83
36 18
32 36
67 32
74 67
35 74
46 35
24 91
17 24
57 17
99 57
46 92
60 93
9 95
29 9
87 29
58 87
45 58
71 97
44 71
21 44
78 21
11 78
80 11
94 98
77 94
85 99
96 85
60 96
80 60
30 80
86 30
45 86
77 45
46 77
46 100
47 25 88 83 10 26 43 73 31 91 53 3 61 78 32 22 82 40 79 41 67 9 46 27 24 69 63 98 45 14 52 70 30 19 29 56 54 42 96 93 39 16 64 50 38 60 35 76 51 55 80 7 90 28 21 2 44 74 84 87 97 12 6 75 18 62 34 36 95 92 71 58 57 8 77 5 89 15 81 49 65 37 59 17 85 33 68 94 86 23 1 72 48 20 13 4 99 66 11
100 99
63 2
33 3
12 5
20 8
7 9
24 7
46 10
76 12
21 14
39 15
32 17
99 18
92 21
42 22
64 26
80 27
57 28
29 31
58 29
36 33
44 34
72 35
54 40
97 41
48 43
65 44
69 45
32 46
66 49
13 51
76 13
19 52
6 53
4 6
23 57
95 58
81 59
20 60
71 20
19 61
76 63
54 64
81 54
76 66
96 67
4 71
65 4
39 73
88 74
92 75
87 78
42 81
50 82
72 50
69 72
47 69
38 47
56 38
95 83
11 90
65 11
84 65
70 84
88 70
19 92
55 93
62 55
68 94
99 68
1 95
88 1
32 96
62 32
77 62
25 77
86 97
39 86
24 98
100 24
79 99
25 79
76 25
88 76
30 88
91 30
42 91
48 42
39 48
87 39
89 87
37 89
56 37
80 56
16 80
23 16
19 23
85 19
36 85
36 100
99 54 7 18 96 25 85 50 26 10 53 20 98 43 52 83 13 56 22 4 86 70 8 34 71 51 5 79 60 44 38 40 21 31 2 23 67 76 35 19 88 3 89 62 72 68 84 82 65 33 47 74 16 12 59 90 63 37 93 77 45 55 9 28 17 66 97 57 27 39 15 24 94 14 95 11 81 91 69 78 29 6 58 1 64 36 80 61 87 46 49 32 30 41 75 73 48 92 42
100 98
37 1
11 2
25 6
52 12
73 14
77 15
25 17
55 18
84 22
24 23
33 24
33 26
33 27
7 28
30 32
98 35
80 37
34 41
46 34
70 42
80 43
88 44
52 46
84 49
38 50
63 51
55 52
21 54
64 55
77 57
19 58
69 60
19 62
11 19
69 63
71 68
10 69
29 74
13 29
72 13
92 76
47 77
87 78
4 79
66 4
75 80
16 75
36 16
30 36
56 30
100 56
45 81
65 45
100 65
31 83
72 31
10 84
72 85
96 72
64 87
9 64
67 9
7 88
39 7
66 89
82 66
53 82
33 53
71 90
91 71
39 92
8 93
73 95
25 73
59 25
70 59
3 70
10 97
39 10
38 39
94 38
5 94
11 5
3 11
47 3
20 98
67 20
91 67
40 91
96 40
47 96
61 47
48 61
8 99
21 8
48 21
86 48
33 86
33 100
18 14 58 6 93 51 4 27 66 69 76 54 80 48 84 59 96 91 74 52 23 72 17 3 94 71 75 49 12 87 56 2 90 53 45 39 36 35 15 13 11 26 50 79 63 95 46 25 9 83 29 99 24 98 89 32 55 42 5 64 60 81 47 8 7 57 82 1 40 31 65 22 41 34 44 78 10 16 37 70 30 92 38 19 61 28 43 20 97 33 68 77 67 85 62 86 21 73
100 99
34 1
3 2
20 5
35 9
33 10
60 14
39 15
12 16
31 17
36 19
37 24
30 28
44 29
86 34
99 35
99 36
82 37
52 46
86 49
96 50
32 57
42 58
88 59
84 60
91 61
79 64
62 65
75 62
12 66
4 67
48 4
13 48
52 71
95 52
89 72
97 74
31 75
78 76
42 79
31 42
90 31
33 81
27 33
22 27
25 82
40 88
83 40
30 90
21 30
6 21
51 6
70 51
7 91
87 7
83 87
63 83
55 92
43 55
77 43
12 77
18 12
68 18
63 68
44 63
45 44
41 94
69 41
80 69
8 80
13 8
45 95
26 45
56 96
84 56
86 84
39 97
73 39
22 73
25 22
89 25
32 89
78 98
23 78
38 23
70 38
93 70
13 99
11 13
47 11
20 47
54 20
26 54
32 26
86 32
93 86
85 93
53 85
3 53
3 100
40 5 61 3 1 71 24 36 33 73 83 11 84 85 14 92 95 96 15 56 62 97 79 42 93 47 30 59 65 41 89 21 16 39 54 7 49 94 64 22 78 86 77 58 10 13 9 19 91 35 66 52 26 8 37 45 6 81 44 69 75 2 60 25 74 99 18 17 28 48 4 38 23 57 63 51 68 80 67 43 29 82 55 46 76 34 31 50 70 72 88 27 20 98 53 32 12 90 87
100 99
5 3
48 5
43 6
67 9
78 14
40 15
25 17
64 18
100 19
84 20
25 21
36 22
68 24
94 26
43 33
74 35
79 36
45 38
48 39
77 43
75 45
44 50
77 51
59 52
10 55
49 10
48 49
59 57
89 59
91 60
95 62
61 66
75 61
4 67
27 4
77 68
31 70
99 73
54 74
11 54
13 11
12 13
65 12
46 65
46 76
31 77
31 80
16 81
72 16
29 72
64 29
47 64
75 47
27 75
7 27
88 7
58 82
88 83
1 87
79 88
30 89
40 30
40 92
56 40
58 56
99 58
100 93
85 95
94 85
34 94
41 34
78 41
96 78
79 96
86 79
99 97
46 98
32 46
8 32
25 8
53 25
48 53
86 48
90 86
28 99
69 28
31 69
84 31
23 84
91 23
71 91
42 71
37 42
44 37
1 44
63 1
90 63
2 90
2 100
29 43 85 66 36 82 30 1 21 5 64 40 42 26 79 75 48 8 46 49 18 94 34 25 28 19 35 23 70 50 57 15 52 54 6 71 58 17 4 63 80 45 96 86 77 83 39 2 20 72 91 9 27 89 61 99 12 22 78 56 33 67 93 81 74 62 38 53 97 37 92 16 3 73 31 13 47 60 76 44 32 10 84 68 59 65 98 87 7 14 95 41 55 24 90 88 51 11 69
100 99
52 2
49 4
74 5
1 13
10 1
50 15
57 19
85 21
50 23
12 24
31 25
74 26
9 27
90 9
38 28
68 29
6 31
8 6
68 32
10 33
92 37
86 41
30 42
88 43
97 44
7 47
60 49
90 51
60 53
46 54
87 46
38 55
84 38
52 58
88 59
14 60
35 62
20 66
22 20
75 22
72 68
82 70
7 71
63 75
69 77
8 69
12 80
7 12
18 7
64 18
56 64
50 82
84 50
92 83
17 86
48 17
39 48
65 39
3 65
73 3
56 87
85 56
10 85
100 89
11 90
16 11
45 16
96 93
67 94
79 67
78 79
34 95
73 34
8 73
91 8
40 91
61 96
40 61
52 40
92 52
57 92
45 57
30 45
35 30
76 35
76 97
14 76
74 14
36 74
88 36
84 88
100 84
72 98
81 72
81 99
63 81
10 63
78 10
78 100
29 16 64 17 41 23 63 62 53 91 49 78 89 9 93 25 44 22 52 14 42 66 98 74 75 7 80 43 8 82 27 11 51 5 35 15 73 36 47 87 6 95 56 31 71 85 1 24 30 90 54 67 86 79 38 33 99 48 12 68 4 10 3 94 50 34 84 45 81 77 72 76 37 61 40 60 58 32 83 26 19 59 18 28 70 88 13 55 20 69 92 39 57 21 65 97 2 96 46
