-427706140515479514
20411324012756012
-481205992293571815
863651983071303712
-624420645865583244
-371373404115836124
-50183206315146056
973500898542298443
-38092971374686019
345253015333352269
-81133050693306539
-174116559135873432
-931027798184438858
-71908237568271411
245527218294886385
294849510550257100
-473981921940245556
-886649044750339845
-67563506525260200
921307154647486607
126034664343561936
685555467847368976
-228398024530627908
-41586665134888993
494765916561000076
-478019561242478616
-769280661489959469
-802350096380224496
-413951685920675215
84757939713571527
-756404225455206516
835170767122860490
493183251051261763
168886075726153137
912652891771462448
-414724268045768656
951453423234304133
-286920574292418060
563102360537909526
477079291809543479
-465005912601299471
711896882652185958
618441565999116186
-308144680008567600
783532601403180042
-471858566954072832
3606007253778766
-855675837207851982
215911463434469374
-631195855034621880
48981891281592435
653447462991934419
-81813295447818752
109807445154132583
732234319093885220
933669198782265946
268790170455690342
713330353747310600
-433126517212142604
-694622073845243434
-690260416933986937
497982161579122696
-364189043386379620
343029710071432527
672950278856620536
301638164121047769
639747390291480914
243272870261956455
852862574813971189
-34325972253179784
717490316882520001
-72467759834855383
-400270220620657464
485061308692712531
639604183091156460
-932137221600714432
467941218350738898
353970083173535420
-548888420743705120
-363398160106912201
552415468487804814
658789365448367868
-39698098478715853
471652745534716746
-409680752356226754
284776538900511069
616950484321179042
824866666273859084
-8000194981155072
3944167587930988
57377070821003362
665607403660889281
340579440996335112
-8503950913622309
3704248259694125
26282823464470716
-212631072662348149
240314740225225125
-41786580096032961
317977692039377157
978947779050903573
-304691767130121888
-598688942566112087
-703416049722451584
-122138094293516675
-500129465261150330
-759212925419253372
1051515288451752
-131716976668521660
-777639903606120948
-413951685920675215
-947709398458515012
-106616920492268235
-93746223760440
222727365033251650
253231784756004
691982041384426932
-118898838828239662
3066280496944949
-377516720958004254
-280383394574831388
-822353930132330364
-194560900611101184
-812121540618599640
-390264157458440100
649981085756221878
-598688942566112087
1731133210711640
444880652111187502
-331910820006291909
572981225216087974
-131716976668521660
-9596418254232237
-132198078124458648
24525293241481866
713464341396634971
-410820387722637835
-447108605426380349
-562040536925559977
-809337079821439810
-846131219116083999
-775668397045169832
-261196617883344366
-468254119549516110
-447662565834139269
-332588645867256276
-179373570594522154
-798967955504710897
822377214562491761
10361998554843690
-794990186539244862
-228197205571151993
-555005744630874396
334994446157282075
-960421433250737808
-600354291047896392
-758129324378998762
911833511349720990
-43309784736879480
-969898456942494158
-374912787962895090
-44029536205482218
-606238156779928928
-432643634853098926
-1450763836759421
-38092971374686019
-92731099373792487
-806324183525716398
-360982133936709930
607531196151539832
-631623908433636
-178333568796323643
-384989876641678266
167446677123203782
41588642527909191
775648788312354106
225384969852783832
-313582818434681274
-582501017685822660
201777444502342346
430514931249308800
364582533553496068
-922776360680384010
106188385360122351
-118857765744918796
106885869765787277
368932989354393780
-244370651819068502
-60312509450485728
829221282809951174
-862705506693999826
838893707185862052
-409998666062842092
-366834254422216320
-226202754272048280
543951638153485419
415634975332867680
664162419864238438
952443691611926502
-55487852663834289
-526334405560726584
-256045179681947016
-245207031414598524
751058787318720530
-371373404115836124
59902513961804514
433454415209620805
-408035343160656893
-346528271870411244
93474954941177140
173968253753172776
-786092382085173143
753543273885111225
905338986737362416
-72217446575006952
-1629304248323592
17276170073541129
158130369176579952
208485423952602199
197534870938645919
-312707448425159613
-1061955183207366
410776486101486520
-429209099270288005
446230679776986650
169102350805687242
-873983096424861408
-598688942566112087
-469690994359759116
-469690994359759116
311689072434126244
-454720735735462104
-316096651278485713
-895498507037022670
658873878729814170
-891211072249262715
-473513223622838604
151039027975429628
653708541418639305
659591480308270367
-52174503190606680
-537683862720401208
30150636837732342
39076849946145186
-121669931141293820
-21604718262407706
734949919178639886
927341948641638864
-619104691692050652
586404706017531258
838451936148842267
25678234977711316
16194181298485266
-116586646163402484
869762884495625905
312082395938848432
-364626299395750732
39369447153653617
-828114518807642170
736730136246137498
-348785915794942635
8020616750844030
864587560344597518
124707726525788549
-935406840761065786
380723486622535648
-663602892154273236
-977244886707959909
-449254256814228640
74745777544522656
-488824212436749206
-400656064039786465
9300183741319185
856219171129962012
-417297750106512984
189385163040501525
-292615639667742088
-57866207030087343
280231240913842
56086779775779235
-318515148887839768
500591771104312459
117762311204537428
5075373151478880
-724417217009882841
507465073517829418
416406036510512610
717092456291404782
35396926068491249
122832578522434264
-339499300704114672
52539076325981960
114879715502804967
-694786206903986015
-873834352582069596
-63542286659185562
-301088161446201801
924001741161721794
496005531413847313
-411768324501178053
-289939188188360040
-631289139478333440
578426467007812880
-731861394523157302
-54852923074597002
-497100968973596144
40793414762962719
507195963618952760
373130418857473849
10691013809558268
125122679144091445
291541052292306282
-287479438307702762
-31556106943190839
458982387063698630
527586621935791098
-582501017685822660
364549566007814212
-268632157163874540
-617057198771392468
-13823985069806736
251527294373583800
-108384033322936458
584194780647815295
103572812762871225
-548018644937617560
-272023522579137542
505221246735505160
-271727143390930647
-152011653688621172
-87643820227613028
462606253409436887
173968253753172776
-817789894932585072
-570597048510822760
-887429316963320820
-885038398353021744
-584216249830935132
-221474240511316320
-251579509177839810
-309084384229460431
-686349500483668887
-740639730313152180
-56348950195647377
60114354611089350
967201956451335510
1326594386534046
-252045032961837178
-399847012967486658
-161238562008233760
896387418558808692
775713650517554463
-296967441081874212
-360155457638928116
358245294644313684
4381436096668176
434220116124941208
945015505874235655
-265924802958891936
-14107499806620
-740639730313152180
-205525045869250812
-178638930908474077
550574840071770314
951132924964754103
-945899409210501768
726257188137256204
-437721770741417004
418965813830689840
-392191209322449
377264991360635585
1729432637482368
530982447192333864
-414176408781511152
-478019561242478616
-741719167641599468
-125973372101202516
-911246838360
537423019698408104
55958944900007470
-225432748975077168
-11729548261067426
462606253409436887
-555005744630874396
-789720708581411176
654500598954443332
-766600724704921752
376221650208005662
-31646195806465032
835170767122860490
309735602793412653
42927503025259312
932904707850070826
-358163340650580792
-384886907125505530
713464341396634971
553922226859099990
-812121540618599640
323705044464573408
626400931589909536
864587560344597518
-775052628000812844
-285975814913332420
134221097870938936
103457680878421634
340663902737640768
551785982339773038
-175562791784611227
168886075726153137
-400270220620657464
126608055332020412
-839926176047817096
-294720800894750768
-765095250693770355
-131126698283171760
-286920574292418060
-624485429072842392
-415601450229256980
213456769076872118
376719816974954982
-969563409766866764
384652884333026738
305227626744604843
280741016927607734
149675454211826812
131159921644650330
-126254036313610560
106436143153881112
-126705960615780
165675798695730895
775713650517554463
-22291798652319258
360604038379577850
-821028307979979018
-475902553833772380
725397737435600836
317977692039377157
229922621222197530
-365655765143734069
955842342257601326
-99418182557345820
967201956451335510
503790049594863460
-618819270222389460
374629719287744349
246612653965177776
-618819270222389460
142007043991287496
317977692039377157
467846492584716674
857286580576945805
125641265618227788
124722615158485206
-159924732544704306
922828542620898086
109548370378434845
-425519525591615424
-633761033184976800
883436265777203028
647127545865855197
18531963003056666
-268104227766224258
-819653180879854072
81096228349586064
-46260497239664712
-515284680126133658
-90216199583344928
488094115682607336
339965128837462180
7018170691166544
-7903679430663654
-27357625036458423
-122353603996968599
75782008818208602
205081180495944168
-880222663764652956
-98092255070075301
-579069537715496938
-126254036313610560
534815369648482515
-348785915794942635
421381639720569751
154705196517835346
504780269244575181
-633977307401980421
-786784162047277308
-891211072249262715
426753414252632329
-551036282337685267
4055491274381206
-290347906556749787
726729742517831338
738260217051583590
-400270220620657464
-529393337077334310
-277068816006893076
-159757808823240
-433026156300623808
-240011135889986592
26060964322206957
-836126152094849098
649254663706478150
612352822961151272
776575999652729853
-216939616496533794
-383736809308293
656560584092456615
37671867034311744
-414474415678540776
736730136246137498
355750503568717058
989644688335920
-384873187440667476
373333197657217160
327469108587897984
452677315304653010
-123189940809060
217654725419580658
6488592457230072
-708071947905745322
-1554218463731582
-23807955172903414
802212342230288596
-315333078807880396
-27381700396100988
920113888009283968
596733371397773467
579160229316801847
547585174356780345
62375896224725369
111540444129963832
-926092952190262644
-182337931832543351
174642986742405314
-691026797311339860
466207663281115470
-507089263857569341
-666527286482744954
616757835944844062
-460968793348344222
-46555644922628289
-129975662902914156
723133514757230863
459588200453804169
201578416443560698
36543935614148856
84378270471541093
494205830554223489
-23535528425916252
-114247573621544790
-481205992293571815
-581576642400767016
536337449727875
-325573235731243679
248679430636416001
902242391552062275
-182876336735305580
-447662565834139269
218807691661551560
-842983199978383034
213347602998124686
815577163754199132
-686442004988644760
-832853641655205378
922800322318766328
59320105816355250
120733161841743032
118154810306135824
746846053770296548
698096263499872094
432864761698540314
709718728143323523
-78078348099313292
-537676548774043464
428770799849070965
921764597916393648
0
55958944900007470
551296598854457430
360412940980934412
-22548372829901261
973500898542298443
535830997102069955
316504596883287880
5072879471806350
-377516720958004254
84434252608320980
-212631072662348149
-118545153115886463
-809053147596751476
-155084461780173689
-348785915794942635
93576867991145812
-640448344320284856
-793237547384665962
-651212433991925179
383135450305312848
635888821394387561
150398530778465112
-268632157163874540
-218299302326228078
313069336032177930
-400270220620657464
664930240230560992
396176232994599868
337324769073745360
-476216512685652555
-316495236969915195
201777444502342346
-595196694631006763
-261196617883344366
7183849966819894
-49763289328320
157147409603223936
333819785952736125
38398510139083654
335420049668583326
137151480303510576
612205019844153879
720427953423009546
7018170691166544
957868468793549885
-326413494603976158
303078377567691297
-209860204701464316
-830688769845905267
-260953245494283225
886673599912037225
17172265295125503
-249800012993510532
-949391639039539968
-287586422541251456
-291487074464071320
866588040276671284
352121333776772703
-551036282337685267
-822353930132330364
-732810562745832415
964253422836037620
-944899697883870900
12292984423446252
517355924001853651
960689634523130941
619325652653045195
-92045668766629116
-341239835531665045
-116686857051654329
-595196694631006763
-358163340650580792
641299131829899134
681071500119975480
792510756062898539
-128761506814982166
118154810306135824
492103338163443162
-861606996021340245
-74741269701745920
-922947391818228435
655270293096732450
803309205089739396
-467356356890347375
165675798695730895
614763244048808423
822366589709079558
-777639903606120948
-676767645268965948
-537676548774043464
563535553849964304
371002901493798368
507195963618952760
189565623155993513
458566335716811
319418076823677997
494765916561000076
93145435761366416
612352822961151272
-391208414654971056
-260886098426247672
-202739884721829900
563866283222092125
-319567406311719624
2266869565823274
-116586646163402484
688581239049865260
864849612536663605
-443364140781395660
-784160786148655716
-40269963985632
-216063295922123587
529905275738691497
-796386545552120448
-180014499742285740
-5350624850029290
10919266915685034
283152630333072852
-947241643781441506
-489254389350890136
-932321232391069212
467941218350738898
-11932580777940
-917089619889005892
-290603419608869772
-799883278146275692
442375779940453554
-677831919459376896
-265690988580073256
437017184142997080
126419181391957000
-72310923733530180
530561852908966307
-125973372101202516
-255361731578232174
-932578675921082880
340579440996335112
-326413494603976158
-519332742367613952
-435652861949214
311190449779423071
106283389257979416
-699475212469145159
-216129525919936764
341553109390170
-163073345479751529
-46555644922628289
16522070354455350
544777799528295762
378957625251440950
-295069900610025924
819781915593122583
-281134794247320626
-346482134015686240
-252439352605578600
184499770493641031
-764419050108898800
96295201541137474
-339010110988329654
727306952523366655
696558892375545485
109548370378434845
-277068816006893076
-837441023329240774
-505553168673392748
-155310092390208460
-31646195806465032
-6957769344596928
-603701142553063548
739916459064481274
335420049668583326
-96039507474573
-932137221600714432
-985452029116626546
-359510254557552
-658958575143497400
-52770719602156725
-450494829622807344
-658435288600165212
-37146226776605256
-430093981854840348
-900543624971524972
450403399151469308
-368172488314977219
264911861401807620
612205019844153879
375659998613475930
540936118754445456
696219197538565987
914659494804579511
560146258849807728
-208878779845942938
698096263499872094
528687016939566457
589808568728116001
-855675837207851982
38910605894399988
-445992372612232157
4811058305441028
403060986219282067
-602542252184637828
643554000535265820
-135793769570298012
-704173394201698395
-225432748975077168
172921949347703832
650812391759482289
-70827699902360760
918366299102503851
813948668867997055
48792691857155103
412201657103033945
-454720735735462104
-842983199978383034
247746081367764122
885529189276833932
-360146482491171396
396049565606971270
-476216512685652555
-841767688484435232
-64043722551152200
57954823910661788
-471056417753781340
-708071947905745322
114219382022013976
106328027423145975
141566781951500716
349790002952191576
846020972390591506
146606790339411475
384652884333026738
926246394322159092
665607403660889281
-282214636158007079
571104137561516845
-415773467623940844
-215994592986490692
863215202987107798
413851548892744868
93168853124144434
206131732879802088
415871048104553030
-775474225987323164
-356956174156683056
529905275738691497
-944322622621361856
469311379243803128
-152987607217956
646814016543107900
-316495236969915195
-765349838732391310
-710214007738556280
-315132535284947568
-175164618121822464
936838272209242395
-955013953045817204
-307812182740145544
205155092871748720
-496687698968848141
81442708834076008
657246598451712866
-125558572552229212
364949751555685010
474116766380124547
928011691240105254
502159187380296148
0
4061911335489000
-623592402406867177
-513078423816935019
-55487852663834289
68093009298705820
-805387813798096669
287620899856448746
-67563506525260200
-741719167641599468
-236358431172840
696558892375545485
-450744957490528440
-5487435896553954
66569484393808253
419498654257254425
-597416980333544112
-483903305889996072
867321167084881026
-140042556923391312
546483567859028664
4234293406497630
489593740308654102
674203510558785771
-526334405560726584
-286026979030386768
236893432950733300
-372027664770713433
-965643576153208739
-592274360738833892
739916459064481274
-134641622150408448
-41586665134888993
-384756947391641935
702382362941842242
-761540245031431736
-474351382722712380
144413212311723878
657246598451712866
-890872010068111992
179638204172230028
439760824113715287
-156564213180480
-917089619889005892
-736911694836822870
-280424295867606009
297206702255517768
675446013896231578
-222549384059737778
146930257030980452
816416969206650812
7631542441985280
-598935593809412616
-286960574384507280
566507131216441124
424905726041546196
-196912465042553532
-650715784922515446
202509100500966316
-303123182539000276
937103930123416455
831854876048250
689507827895464721
860151198313924
-489254389350890136
4193929346519325
571450891251738894
426183167755690470
-399722070695623764
-944715120492107064
-931501488962154527
-187651807918268460
-380869741918930425
-699673731208802832
-216939616496533794
-83006194882731160
931331548697285211
685160577481771134
33680485730066833
-81813295447818752
-161460003041514596
384652884333026738
686207619626183387
146503389049146967
635888821394387561
391024617272991828
-983710167840310059
844907940566213286
268790170455690342
-205525045869250812
124707726525788549
-304691767130121888
-137304512397087159
912652891771462448
-777872966487453083
-471056417753781340
-778806069100491412
220341975145810325
966643978737843925
499839685327149739
-205525045869250812
-228197205571151993
629632067680624503
-548031242166779205
-929658245361105024
-790843469178705785
110337898054269636
-138086862939567723
824817491833092615
-369776026061344992
478681385214498480
-963842698290647693
-606238156779928928
302255376603824193
-680555422225384520
-328058194768987548
-922761502493807928
62705614766505585
869716871723484356
-573503155806171
268790170455690342
-518316099833736768
2356262253931350
-465747546422241183
-87566759400056513
-80123252543002041
-145008459809975260
224604149429443680
-873834352582069596
-529393337077334310
-473516451654809916
197662550941540448
292133429682914040
892243754154716508
-963842698290647693
-284387998450553045
-194560900611101184
74122029666897004
-743204487714393116
709718728143323523
-302742738597379730
-613667126700948648
12768705813662335
257505930218909780
-803578338954411958
309735602793412653
-324499461097099092
685160577481771134
-777872966487453083
296727800908320178
224446705460866610
911833511349720990
398712157069472325
-100207156713485763
-39513367898791005
-265911232195090966
-22799657645939712
