1242507845767390
1245488691457048
1245488691457048
1245488691457048
1245150041176122
1245488691457048
6651085211470017
1245150041176122
2995888767902982
154237911897419272
1245488691457048
2997094378195791
142254479345370936
1245488691457048
1245150041176122
1245488691457048
180326157276401776
6445386355202136
1245150041176122
2997909514379844
1245488691457048
1245488691457048
300704592361393505
1245150041176122
1245488691457048
1245488691457048
2997909514379844
1245150041176122
1239940585878070
39143752407524499
1245488691457048
1245150041176122
2997909514379844
6652894143567228
1245488691457048
2997094378195791
15509752284683566
6651085211470017
1245488691457048
1245488691457048
29233819308129116
29225870587928649
1245488691457048
1245488691457048
1245488691457048
1245150041176122
1245488691457048
1245488691457048
1242507845767390
1245150041176122
29163853595172755
1245488691457048
2997094378195791
6651085211470017
1245488691457048
6623258419559895
2997094378195791
2997909514379844
1245488691457048
1245488691457048
2997094378195791
7525898081552040
7949287683694170
1245488691457048
6847538524733424
1245150041176122
1245488691457048
1245488691457048
1245150041176122
1245488691457048
39406332714529096
1245488691457048
16626642115702572
1245488691457048
1245150041176122
1245150041176122
1245488691457048
1245488691457048
2997909514379844
1245150041176122
1243758623862508
1229397727234566
2997909514379844
1245150041176122
2997094378195791
1242507845767390
6651085211470017
1245150041176122
1245150041176122
7051077584486110
1245150041176122
2997909514379844
1245488691457048
48188035545831747
1245488691457048
1245488691457048
1245150041176122
49600479039749139
1201750415011698
1229397727234566
1245488691457048
1245488691457048
1245488691457048
6652894143567228
1245488691457048
1245488691457048
1245150041176122
1245150041176122
1245488691457048
29214114197921898
570339695661974865
1245488691457048
1245150041176122
1245488691457048
1245150041176122
2997094378195791
1245488691457048
12223797161652385
2997909514379844
1245150041176122
1245488691457048
1245150041176122
2997094378195791
1245488691457048
1242507845767390
1181011156857424
2997909514379844
1243758623862508
1245150041176122
2990734575165045
1245488691457048
1245150041176122
1245150041176122
2984555143026585
6636971677977915
1245488691457048
48988987316419920
235908838171238935
1245488691457048
2997094378195791
1245150041176122
2997094378195791
10152916724994589
6652894143567228
1245488691457048
1229397727234566
1245488691457048
1245150041176122
1245150041176122
1239940585878070
1245488691457048
1245488691457048
1245150041176122
1245150041176122
1245488691457048
1245150041176122
1245488691457048
7051077584486110
2997909514379844
1245488691457048
1245488691457048
1245488691457048
1245488691457048
1245488691457048
2997909514379844
1245488691457048
67646725072925485
1245488691457048
1245488691457048
1245150041176122
1245488691457048
1245150041176122
1245488691457048
1056925987717252
1245488691457048
1245150041176122
1245488691457048
2984555143026585
1245150041176122
2997094378195791
2997909514379844
11729125825300295
1245150041176122
6652894143567228
1245488691457048
1245488691457048
67707795516244070
1245488691457048
1239940585878070
1245150041176122
1245150041176122
1245488691457048
10341330715880619
10344143304272596
1245488691457048
2997909514379844
1242507845767390
1245488691457048
1245488691457048
2997909514379844
1217894574540686
1245488691457048
1239806076658172
45437046394780300
1245488691457048
2997909514379844
1245150041176122
2997909514379844
1245488691457048
2997909514379844
1245488691457048
1245488691457048
1245488691457048
1245488691457048
1245488691457048
1245488691457048
125297675413443210
1245488691457048
1245488691457048
1144948150426150
1245488691457048
2997094378195791
1245150041176122
1245488691457048
1245488691457048
1242020416638390
1245488691457048
1218748225838014
2997909514379844
2997094378195791
1245150041176122
2997094378195791
1245488691457048
6651085211470017
1245488691457048
1242507845767390
1245488691457048
1245488691457048
7067993513264152
7051077584486110
1245150041176122
27926385987116591
1245488691457048
2755906960197825
1245150041176122
1245488691457048
1245150041176122
1245150041176122
1245150041176122
15531326341990396
1245488691457048
1245488691457048
1245488691457048
2997909514379844
1245488691457048
1245150041176122
1242507845767390
2997909514379844
1245150041176122
1245150041176122
1245488691457048
1245488691457048
1225059119933228
6636971677977915
1245150041176122
7066071715013178
1245488691457048
1245488691457048
1245488691457048
1245488691457048
1205937976701074
1245488691457048
32591144215596468
1245488691457048
2995888767902982
39815517046177412
1245150041176122
1245150041176122
1243758623862508
2997909514379844
1245150041176122
1245488691457048
2997909514379844
1245488691457048
11729125825300295
6651085211470017
1245488691457048
2997094378195791
1245488691457048
1245488691457048
1245488691457048
1245488691457048
7515444102740340
1245150041176122
1245150041176122
29233819308129116
1239940585878070
6652894143567228
1242507845767390
1242507845767390
54895496449781312
2997909514379844
2997909514379844
1222464016044982
1239940585878070
7961171243298012
1245150041176122
1245488691457048
1229397727234566
6643652825965038
7942117659634035
1245488691457048
1245150041176122
2997094378195791
1239940585878070
10789448880266168
1245150041176122
1245488691457048
1245150041176122
1245150041176122
1245150041176122
1245488691457048
2990734575165045
1245488691457048
1245150041176122
1245488691457048
23263308933673305
1245488691457048
1245488691457048
29163853595172755
1245488691457048
7066071715013178
11757264652977644
1245488691457048
2997909514379844
2997909514379844
1245150041176122
2997094378195791
1242507845767390
1245488691457048
16622121306270933
1239940585878070
1245488691457048
2997094378195791
27304380394779304
107952671315748024
1245488691457048
1245488691457048
1242507845767390
7067993513264152
1245488691457048
1245488691457048
6651085211470017
1245488691457048
1245150041176122
1245488691457048
1245488691457048
1245488691457048
1245488691457048
6652894143567228
1245488691457048
1245488691457048
1245488691457048
1245488691457048
1245488691457048
1245488691457048
1222464016044982
1245488691457048
7067993513264152
228577966573182414
1245488691457048
1245488691457048
1245488691457048
6652894143567228
1245488691457048
2997909514379844
1245488691457048
6651085211470017
2843634547227690
1245488691457048
1245150041176122
1245488691457048
1239940585878070
1245150041176122
1242507845767390
1245488691457048
1245150041176122
2997094378195791
1221485781357292
1229397727234566
29233819308129116
1239940585878070
1245150041176122
1245150041176122
16451286382459932
1245150041176122
6651085211470017
1245488691457048
6652894143567228
29103595471404815
32591144215596468
1245488691457048
1245488691457048
1245488691457048
1245488691457048
1245488691457048
11757264652977644
1245488691457048
1245488691457048
1245150041176122
1245488691457048
1245488691457048
70463508058939125
1245488691457048
1245488691457048
27304380394779304
1245150041176122
1242507845767390
7525898081552040
1239940585878070
11757264652977644
7523851778348310
1245488691457048
1245150041176122
1245150041176122
7051077584486110
1245150041176122
1229397727234566
1245488691457048
2990734575165045
1245150041176122
1221485781357292
1245488691457048
1245488691457048
1245488691457048
2997909514379844
23272438585858805
6651085211470017
48238791502895755
1222464016044982
1245488691457048
1245150041176122
1245150041176122
2997094378195791
1245488691457048
1181492839190752
34395845096365535
1242507845767390
1245150041176122
2997094378195791
1245488691457048
1245488691457048
1245488691457048
1245488691457048
1245488691457048
1245488691457048
1245488691457048
1245488691457048
12278492457540964
1245488691457048
1245488691457048
1245488691457048
1245488691457048
1245488691457048
1245150041176122
1242507845767390
1245150041176122
1245150041176122
1245488691457048
1245488691457048
1242507845767390
1245488691457048
1245488691457048
1245488691457048
2993745216351474
1245488691457048
11754067834728741
1245150041176122
2993745216351474
1245488691457048
1245150041176122
29233819308129116
7959006588655593
1242507845767390
2556621370367325
1245150041176122
1245488691457048
1245488691457048
1245488691457048
1245150041176122
2940134158365426
1245488691457048
1245488691457048
1245488691457048
1245488691457048
1242507845767390
1242507845767390
1245150041176122
1245488691457048
6636971677977915
2997909514379844
1180116363046598
2997909514379844
1245150041176122
1245150041176122
1245488691457048
1245488691457048
1245488691457048
2984231377365066
2990734575165045
1245488691457048
11757264652977644
1243758623862508
1245488691457048
1245488691457048
2964578590495989
16428434438757822
27296956291971606
1245488691457048
1245150041176122
1242507845767390
1245150041176122
1245488691457048
1245488691457048
1245150041176122
1245488691457048
1245488691457048
1245488691457048
1245488691457048
1245488691457048
7523851778348310
1245488691457048
1245488691457048
1245488691457048
6651085211470017
1245488691457048
12275153916654471
1245488691457048
1245488691457048
2997909514379844
1245488691457048
1245488691457048
1245488691457048
1245488691457048
1189786307892598
1245488691457048
1245488691457048
1245488691457048
1245488691457048
1245488691457048
2997909514379844
1245488691457048
1245150041176122
1245488691457048
2973310468755462
1245488691457048
2997094378195791
1245488691457048
1245488691457048
2997094378195791
1245488691457048
1245488691457048
6652894143567228
1245488691457048
2997909514379844
1245150041176122
1245150041176122
1245150041176122
1245488691457048
7942117659634035
1245488691457048
1245488691457048
2995888767902982
1245488691457048
1245150041176122
11481216931803073
1245150041176122
2997909514379844
1245150041176122
2997909514379844
1245488691457048
1245488691457048
1245150041176122
1245488691457048
1245150041176122
7950112640777502
1245488691457048
1245150041176122
1245150041176122
1245488691457048
1245488691457048
1245488691457048
2997909514379844
29152412772642255
1245150041176122
1245150041176122
1245488691457048
1245488691457048
2990734575165045
1245488691457048
2997094378195791
2997909514379844
1239940585878070
23232979282159476
1245150041176122
1217894574540686
2839277761243227
1245488691457048
7051077584486110
23285920105718325
6598784633146743
7523851778348310
1245488691457048
1245150041176122
1245150041176122
1242507845767390
1245488691457048
1245488691457048
11757264652977644
1245488691457048
1242507845767390
1245488691457048
1243758623862508
63322959848574807
1239940585878070
1245488691457048
1245150041176122
1245488691457048
1245488691457048
1239806076658172
1245488691457048
1245488691457048
1245150041176122
1245488691457048
1245488691457048
29233819308129116
1245488691457048
1245488691457048
1245150041176122
1245488691457048
1245488691457048
153868772122795210
1189786307892598
6652894143567228
1245488691457048
1245150041176122
1245488691457048
1245488691457048
1245488691457048
49613969153876276
265610639891224
1224698230152196
29233819308129116
2940134158365426
1245488691457048
1245150041176122
2997909514379844
1239940585878070
1245488691457048
1245488691457048
1245488691457048
1245150041176122
1245488691457048
1241200502177166
1245488691457048
2200824904148703
1245488691457048
6651085211470017
1245488691457048
1245488691457048
1245488691457048
1222464016044982
1245150041176122
6652894143567228
23321927472863439
1245488691457048
37772664910507686
7066071715013178
1245150041176122
1245488691457048
43509081939198460
2997094378195791
1245488691457048
124275990120667828
11530680045329126
1242507845767390
11660791597927362
133443639611414115
1245488691457048
1245150041176122
2997094378195791
1245488691457048
1245150041176122
2997909514379844
1245488691457048
1245488691457048
6652894143567228
1245488691457048
1244649167491044
1245150041176122
1245488691457048
1245150041176122
1245488691457048
1245150041176122
1245488691457048
1245488691457048
2959178327923473
1245488691457048
1245150041176122
15527103350593569
1245488691457048
7067993513264152
1245488691457048
1245150041176122
1245488691457048
1245150041176122
10329774593222266
1245488691457048
1245488691457048
2947328993240163
1245488691457048
1245150041176122
1245488691457048
2997909514379844
7708362835540581
1245488691457048
7507886243298450
1245488691457048
39406332714529096
1245488691457048
15330670954100607
2997094378195791
1245150041176122
29233819308129116
2993745216351474
1245488691457048
1245488691457048
1245488691457048
1245150041176122
1062154474595150
1245488691457048
1245488691457048
1245488691457048
1184628206779502
1245488691457048
1245150041176122
1245488691457048
1245488691457048
783915443440278
7507886243298450
1245150041176122
2997909514379844
1245150041176122
1245488691457048
1245488691457048
7067993513264152
1245488691457048
2990734575165045
40659758014056088
1245488691457048
1245488691457048
1245150041176122
1242507845767390
1245488691457048
1245488691457048
1245150041176122
1245150041176122
1245150041176122
1245150041176122
1242507845767390
1245488691457048
1245488691457048
2997909514379844
1245150041176122
15531326341990396
1245488691457048
2997909514379844
1245488691457048
1245488691457048
1245150041176122
1245488691457048
16626642115702572
1245150041176122
1245488691457048
1245488691457048
2997094378195791
1242507845767390
1240586621075458
1245150041176122
1245488691457048
1245150041176122
2989561326115545
1245488691457048
1245150041176122
1197162581015172
1245150041176122
1245150041176122
1245150041176122
1245488691457048
1245488691457048
1245150041176122
1245488691457048
1206641146580976
1243758623862508
11138654976773019
1245150041176122
1245150041176122
11757264652977644
1245150041176122
2931490070982333
1245150041176122
1245488691457048
1245488691457048
1245488691457048
11754067834728741
7067993513264152
1242507845767390
6532986837570494
1245488691457048
1245488691457048
1245150041176122
1245150041176122
7525898081552040
1245488691457048
1245150041176122
6778002026288685
185843169541016248
1242507845767390
1243758623862508
1239940585878070
1245488691457048
1245150041176122
1245488691457048
1217894574540686
1245488691457048
1245150041176122
1245150041176122
1245150041176122
1245150041176122
1245488691457048
1245488691457048
2990734575165045
1245488691457048
1245488691457048
1245488691457048
6652894143567228
1245488691457048
7051077584486110
1245488691457048
1245150041176122
1245488691457048
7036508703717430
1245150041176122
1245150041176122
1245488691457048
1245488691457048
1245488691457048
1245150041176122
1245488691457048
1245488691457048
1245488691457048
7961171243298012
1245488691457048
1221485781357292
1244649167491044
1245488691457048
6652894143567228
1245488691457048
2990734575165045
1245488691457048
1245150041176122
1245488691457048
1245488691457048
1245488691457048
1245488691457048
15531326341990396
1245488691457048
1245488691457048
1245488691457048
1245488691457048
1245488691457048
1245488691457048
7066071715013178
1206641146580976
1242507845767390
1245488691457048
1245150041176122
1245488691457048
1245488691457048
2997094378195791
2989561326115545
1245488691457048
1245150041176122
7067993513264152
6562430549985474
1245150041176122
1245488691457048
1245488691457048
1245488691457048
11757264652977644
1245488691457048
1245488691457048
1245488691457048
2997094378195791
1228552996951284
1245488691457048
1245488691457048
1245488691457048
1245488691457048
1245150041176122
5602332026779248
39406332714529096
1245150041176122
15330670954100607
1245488691457048
37772664910507686
1245488691457048
1245150041176122
1245150041176122
1243758623862508
1245488691457048
7067993513264152
7959006588655593
1245488691457048
1245150041176122
1245488691457048
2990734575165045
1245488691457048
1169352670922752
1245150041176122
1245150041176122
2993745216351474
1245488691457048
1245150041176122
1245150041176122
2997094378195791
1245150041176122
1245488691457048
1245488691457048
1245150041176122
1245488691457048
1245488691457048
1245488691457048
48696782555950709
1245488691457048
23328270465297476
1239940585878070
1245488691457048
1243758623862508
6652894143567228
2997909514379844
1245150041176122
1245488691457048
1242507845767390
1245488691457048
2997094378195791
2997909514379844
1245488691457048
1245488691457048
1245488691457048
1242507845767390
1239806076658172
1245488691457048
29225870587928649
1245488691457048
1245488691457048
1184628206779502
1245488691457048
1245150041176122
1222464016044982
1245488691457048
1245488691457048
1245150041176122
2997094378195791
1245488691457048
1245488691457048
29163853595172755
1245488691457048
2990734575165045
1245488691457048
2990734575165045
1242507845767390
1243758623862508
1239940585878070
1245150041176122
1245488691457048
12249106167991645
1245488691457048
1245150041176122
1245488691457048
1245150041176122
7959006588655593
15462141098545015
1245150041176122
1245150041176122
1245488691457048
1245150041176122
37390629454780344
2997094378195791
1245150041176122
