4021616571702480
-238394688714833
-226842714282695
-238394688714833
-238394688714833
-1598559838384391
-226842714282695
-238394688714833
-238394688714833
-238394688714833
-238394688714833
-238394688714833
-180096939350405
-180271129261377
-238394688714833
0
-135328608507267
-238394688714833
-231387709116403
-238394688714833
9466128637857585
-235583495851466
-1598559838384391
-238394688714833
2845646044421932
-4713563829851894
-238394688714833
-650720848127892
-238394688714833
-238394688714833
-238394688714833
-107349284096157047
-238394688714833
-238394688714833
30500735339860
-231387709116403
-8489593495757487
-19922777682475401
-238394688714833
-150833396484057
-238394688714833
-238394688714833
-50756527257167000
-199698598520998348
-238394688714833
-6130294673060105
-238394688714833
-238394688714833
-234749614008280
-238394688714833
-57386989984352472
-238394688714833
-1598559838384391
-24003014776378806
-238394688714833
-238394688714833
-238394688714833
-238394688714833
-65646631564194155
-238394688714833
-238394688714833
-3629426244038315
-238394688714833
2703404713949206
-4561940666293010
-231387709116403
-238394688714833
-238394688714833
-238394688714833
-226842714282695
-402976143467454
-238394688714833
4021616571702480
-1593701904006636
-238394688714833
-238394688714833
-185081479868663
-238394688714833
-238394688714833
-238394688714833
5982612120642744
-231387709116403
-1469551117267900
-174418632403946
-238394688714833
-234749614008280
-238394688714833
25749077496002320
-238394688714833
-238394688714833
-238394688714833
-138100303308340620
-238394688714833
-238394688714833
5921500973472180
-238394688714833
-238394688714833
-238394688714833
-238394688714833
-2049992973061809
-19744777737486348
-226842714282695
-238394688714833
941301504725358062
-180096939350405
-238394688714833
-2850396988994100
29305959299930
-4756566502631331
-238394688714833
-652704380412377
-231387709116403
-180096939350405
-4756566502631331
-5582780775682819
5982612120642744
-238394688714833
-238394688714833
-1598559838384391
-238394688714833
-238394688714833
-238394688714833
-12293941541728205
-238394688714833
-238394688714833
-238394688714833
-226842714282695
-238394688714833
-238394688714833
-238394688714833
-238394688714833
514648174849229375
-8489593495757487
-226842714282695
3887492392496896
-238394688714833
-238394688714833
-226842714282695
-236778374461832
-231387709116403
-226842714282695
-238394688714833
-231387709116403
-238394688714833
-174418632403946
-238394688714833
-238394688714833
-238394688714833
-238394688714833
-211252560291430
-119469677173658
-238394688714833
-4713563829851894
3561665917621975
-238394688714833
-238394688714833
-238394688714833
-640766004324600
3576522238999785
-238394688714833
-238394688714833
-238394688714833
3576522238999785
-238394688714833
-238394688714833
30189176627950
-1569321167521800
-545545436158830
-1598559838384391
48357040194007785
-226842714282695
-238394688714833
-238394688714833
-238394688714833
-238394688714833
-6253120560178717
-1259555171998780
-238394688714833
-231387709116403
-8489593495757487
28187458421180
-640766004324600
-652704380412377
-226842714282695
-231387709116403
-176009884298829
-26842985695680731
-238394688714833
-235583495851466
-3100627189157589
-238394688714833
-231387709116403
-238394688714833
-235583495851466
-238394688714833
-226842714282695
-238394688714833
-235583495851466
-238394688714833
-238394688714833
-238394688714833
-652704380412377
-238394688714833
4021616571702480
-234749614008280
-238394688714833
-238394688714833
-234749614008280
-238394688714833
-180096939350405
13333125922959140
-238394688714833
-234749614008280
-234749614008280
-238394688714833
-180096939350405
-238394688714833
-238394688714833
-6343974117962920
-235583495851466
3576522238999785
-6442480178107487
-238394688714833
-238394688714833
-238394688714833
-4867016828930795
-234749614008280
0
-238394688714833
-238394688714833
-238394688714833
4021616571702480
-238394688714833
-185081479868663
-238394688714833
-238394688714833
-238394688714833
-238394688714833
-226842714282695
-3629426244038315
-211252560291430
-238394688714833
-1569321167521800
-238394688714833
-6442480178107487
-226842714282695
-238394688714833
-226842714282695
-238394688714833
-238394688714833
-226842714282695
-238394688714833
5921500973472180
-238394688714833
-1095882600503550
-238394688714833
-238394688714833
-238394688714833
-180271129261377
-238394688714833
-238394688714833
-238394688714833
-238394688714833
-238394688714833
-238394688714833
-238394688714833
-226842714282695
-238394688714833
-10679409089337980
-238394688714833
-238394688714833
-238394688714833
-1311141705817745
-238394688714833
-238394688714833
-231387709116403
-238394688714833
-1598559838384391
-238394688714833
-238394688714833
-1311141705817745
-238394688714833
-6442480178107487
-238394688714833
-226842714282695
57905674686962280
-238394688714833
9466128637857585
-238394688714833
30154775579450
-185081479868663
-238394688714833
-1205328516590500
-238394688714833
-3091204555701444
-238394688714833
-238394688714833
2703404713949206
5777123256040894
30500735339860
-113988287697270
7645301066570721
-13809769209343500
-238394688714833
-231387709116403
-176009884298829
-19928417146740521
18541917120552385
-3100627189157589
-238394688714833
-238394688714833
9466128637857585
-238394688714833
-180096939350405
36232560936574635
-234749614008280
-238394688714833
-238394688714833
-238394688714833
-238394688714833
-226842714282695
-231387709116403
-238394688714833
-238394688714833
-231387709116403
-226842714282695
28187458421180
-238394688714833
-238394688714833
-238394688714833
-162774844584310856
-234749614008280
-238394688714833
-238394688714833
-1311141705817745
-238394688714833
-238394688714833
-238394688714833
-238394688714833
5777123256040894
-238394688714833
-238394688714833
-238394688714833
-6442480178107487
-1598559838384391
-238394688714833
-238394688714833
-1598559838384391
30189176627950
-238394688714833
-6442480178107487
-238394688714833
-2622596297393976
-226842714282695
-3100627189157589
-238394688714833
-238394688714833
-238394688714833
29599319509760
-238394688714833
-238394688714833
-238394688714833
-174418632403946
3100578049782288
-45782020398903418
-1311141705817745
-238394688714833
-4088969655445572
3576522238999785
-238394688714833
3576522238999785
-1598559838384391
-238394688714833
-8489593495757487
-1307157219148020
-180096939350405
-238394688714833
-528248656579031
-238394688714833
162957677201493135
5982612120642744
-238394688714833
-226842714282695
-238394688714833
-238394688714833
-238394688714833
-238394688714833
4021616571702480
-226842714282695
-211252560291430
-226842714282695
-1311141705817745
-238394688714833
-61824752692488768
-7540502515026476
-6870823137731361
-238394688714833
-238394688714833
-231387709116403
-3100627189157589
-1598559838384391
-238394688714833
-238394688714833
-1171394859582683
-652704380412377
-1598559838384391
-238394688714833
5718111135180805
-19563913788295800
3576522238999785
-238394688714833
-238394688714833
-3100627189157589
-238394688714833
-238394688714833
-231387709116403
-238394688714833
-226842714282695
-238394688714833
-174418632403946
-6366509298065174
-15022099045085115
-238394688714833
3576522238999785
-238394688714833
-8334313459302600
-238394688714833
-238394688714833
-1598559838384391
-238394688714833
9478525495146906
113583241767214098
-238394688714833
-226842714282695
-238394688714833
-238394688714833
-226842714282695
-238394688714833
-238394688714833
-226842714282695
-1311141705817745
-238394688714833
-238394688714833
-238394688714833
-238394688714833
-238394688714833
-174418632403946
-238394688714833
-238394688714833
-238394688714833
30154775579450
-174418632403946
-1598559838384391
-238394688714833
9466128637857585
-238394688714833
-180096939350405
-238394688714833
-226842714282695
-238394688714833
-238394688714833
-238394688714833
-238394688714833
-238394688714833
-226842714282695
-6442480178107487
3576522238999785
26547996034790
-238394688714833
-238394688714833
-238394688714833
-1311141705817745
-238394688714833
-238394688714833
3576522238999785
-2509408847831067
-238394688714833
-238394688714833
-238394688714833
-238394688714833
-238394688714833
-234749614008280
-226842714282695
-238394688714833
-238394688714833
5982612120642744
-235583495851466
-2824307733083382
-238394688714833
-234749614008280
30500735339860
-238394688714833
-174418632403946
-231387709116403
-226842714282695
-238394688714833
-238394688714833
-1598559838384391
-1598559838384391
-231387709116403
4021616571702480
-238394688714833
-40834383370766240
-238394688714833
-238394688714833
9478525495146906
-238394688714833
-238394688714833
-238394688714833
4021616571702480
-174418632403946
-3100627189157589
-234749614008280
-1311141705817745
-235583495851466
-238394688714833
-238394688714833
-3100627189157589
-238394688714833
-238394688714833
29305959299930
-164579479958495
4004911397162800
3342730179059424
-226842714282695
-2640498860434119
3576522238999785
-238394688714833
-8334313459302600
-3100627189157589
-238394688714833
-238394688714833
-3100627189157589
-180096939350405
-238394688714833
-238394688714833
-238394688714833
-238394688714833
4021616571702480
-235583495851466
-7978656665872200
-238394688714833
-238394688714833
-238394688714833
-238394688714833
-238394688714833
3576522238999785
-652704380412377
-1598559838384391
-238394688714833
19678810938265755
-238394688714833
-3629426244038315
-238394688714833
-238394688714833
-238394688714833
-235583495851466
-238394688714833
-238394688714833
-6442480178107487
-238394688714833
-180096939350405
-231387709116403
-180096939350405
-6442480178107487
-3091204555701444
-238394688714833
-226842714282695
-238394688714833
-6343974117962920
28187458421180
-238394688714833
-238394688714833
-18197119633611120
-103607510854526
-231387709116403
-226842714282695
-238394688714833
-238394688714833
-235583495851466
-238394688714833
-234749614008280
-238394688714833
-6366509298065174
-238394688714833
-238394688714833
-238394688714833
-238394688714833
-1194296325549310
-47247058349529922
-238394688714833
-231387709116403
-238394688714833
-238394688714833
4021616571702480
9478525495146906
3576522238999785
3467018219380714
-238394688714833
-3091204555701444
-238394688714833
-235583495851466
-231387709116403
-238394688714833
-180096939350405
-238394688714833
-231387709116403
-231387709116403
-180096939350405
-1493401361991084
5982612120642744
-238394688714833
-238394688714833
-238394688714833
-235583495851466
-70314518681931923
3576522238999785
-234749614008280
0
-234749614008280
-238394688714833
-238394688714833
-58792477726099327
-238394688714833
-3100627189157589
-238394688714833
-238394688714833
-238394688714833
-238394688714833
-235583495851466
-238394688714833
-1598559838384391
3786348254032328
-235173480488940
-238394688714833
30500735339860
-238394688714833
-238394688714833
9466128637857585
43275334948768350
-238394688714833
-238394688714833
-238394688714833
-238394688714833
-180096939350405
-180271129261377
-238394688714833
-238394688714833
-238394688714833
-6130294673060105
-238394688714833
-1205328516590500
-238394688714833
-3100627189157589
-8067834486704300
-238394688714833
-238394688714833
-6253120560178717
-238394688714833
-238394688714833
-7804457053950300
3576522238999785
-231387709116403
-238394688714833
-238394688714833
-238394688714833
62839899494889255
-174418632403946
-238394688714833
-231387709116403
-3586627399775630
-238394688714833
9466128637857585
-231387709116403
-2669102117418730
-185081479868663
-234749614008280
-226842714282695
3512059800347836
-238394688714833
-2512547287820385
3512059800347836
-238394688714833
-238394688714833
-238394688714833
-238394688714833
-238394688714833
29305959299930
-231387709116403
-238394688714833
5718111135180805
-235583495851466
-3629426244038315
-238394688714833
-238394688714833
-238394688714833
-6442480178107487
-235583495851466
-234749614008280
-238394688714833
-226842714282695
30130262418030
-238394688714833
-226842714282695
-238394688714833
-1569321167521800
-238394688714833
-238394688714833
-238394688714833
-600029118991300
-238394688714833
-6442480178107487
-238394688714833
3576522238999785
-238394688714833
-238394688714833
-226842714282695
-238394688714833
26547996034790
-238394688714833
-238394688714833
-236778374461832
-238394688714833
-1598559838384391
4021616571702480
-235583495851466
-238394688714833
-238394688714833
-238394688714833
0
-238394688714833
-238394688714833
-238394688714833
-238394688714833
-238394688714833
-238394688714833
-235583495851466
-238394688714833
9466128637857585
-238394688714833
-234749614008280
-238394688714833
3576522238999785
18733273641653158
106979874416136990
-238394688714833
-238394688714833
-1220063210737010
-238394688714833
-1598559838384391
-238394688714833
-2640498860434119
-238394688714833
5982612120642744
-174418632403946
9478525495146906
-47103477168836712
-238394688714833
-6253120560178717
-238394688714833
-238394688714833
-6130294673060105
-238394688714833
-185081479868663
3561665917621975
-238394688714833
-238394688714833
-238394688714833
-238394688714833
-238394688714833
-238394688714833
-3100627189157589
11545547483039835
-238394688714833
-205803251904397
-238394688714833
-238394688714833
-176009884298829
-238394688714833
-652704380412377
-238394688714833
-226842714282695
-238394688714833
-238394688714833
-650698386661010
-226842714282695
-105300055949088
-1127825547416637
-238394688714833
-234749614008280
-238394688714833
-238394688714833
-238394688714833
-238394688714833
-226842714282695
-238394688714833
-238394688714833
-238394688714833
-238394688714833
-238394688714833
-238394688714833
-226842714282695
-226842714282695
-238394688714833
3576522238999785
-238394688714833
-20073597559128089
-1569321167521800
-238394688714833
-640766004324600
-226842714282695
-238394688714833
-238394688714833
-2640498860434119
-238394688714833
-238394688714833
-238394688714833
-238394688714833
0
-238394688714833
-6343974117962920
-226842714282695
-185081479868663
4021616571702480
-238394688714833
-6442480178107487
-238394688714833
-238394688714833
-238394688714833
-238394688714833
-238394688714833
-876677229752340
3100578049782288
-238394688714833
-3100627189157589
-231387709116403
-45059591645963595
-238394688714833
-238394688714833
-238394688714833
-238394688714833
-650720848127892
0
-1593701904006636
-238394688714833
4021616571702480
-226842714282695
-3100627189157589
-238394688714833
-3091204555701444
4445980274363148
-238394688714833
-521324955279085
-7540502515026476
-18197119633611120
-238394688714833
-1598559838384391
30500735339860
-6253120560178717
0
-238394688714833
-62013207378240208
-238394688714833
-231387709116403
-238394688714833
-238394688714833
-238394688714833
-226842714282695
-238394688714833
-238394688714833
-238394688714833
-26480281111964580
-652704380412377
-234749614008280
-238394688714833
-235583495851466
-238394688714833
-238394688714833
-238394688714833
-238394688714833
-238394688714833
-238394688714833
-235583495851466
-238394688714833
-231387709116403
18984313684810080
96830360194615674
-231387709116403
-3100627189157589
-1287160094451000
-238394688714833
-238394688714833
-238394688714833
0
-238394688714833
-652704380412377
-238394688714833
-238394688714833
-238394688714833
-6366509298065174
-238394688714833
-238394688714833
-238394688714833
-6442480178107487
-1598559838384391
-231387709116403
-226842714282695
-6130294673060105
7834738315288768
40255163427372525
-238394688714833
-3629426244038315
-238394688714833
-238394688714833
-238394688714833
-238394688714833
-238394688714833
-238394688714833
-238394688714833
-238394688714833
-238394688714833
3576522238999785
30189176627950
-1994783380812915
-238394688714833
-226842714282695
-3629426244038315
-238394688714833
-238394688714833
-238394688714833
-238394688714833
30130262418030
-1598107468232871
-1598559838384391
-238394688714833
-238394688714833
-1075641386311920
-238394688714833
-652704380412377
12505948548081648
-6442480178107487
29737948404120
-238394688714833
-3091204555701444
-238394688714833
-1311141705817745
-226842714282695
-238394688714833
-238394688714833
-238394688714833
-235173480488940
4021616571702480
-226842714282695
-226842714282695
-115839385851842362
-238394688714833
-1311141705817745
-62013207378240208
-236778374461832
-238394688714833
-185081479868663
-238394688714833
-238394688714833
-238394688714833
-238394688714833
30500735339860
-238394688714833
-174418632403946
-113988287697270
-238394688714833
-238394688714833
-238394688714833
4562322580261404
-238394688714833
-1598559838384391
-238394688714833
-238394688714833
-5582780775682819
-221252208243312348
0
-238394688714833
-1487515834726718
-1593701904006636
30500735339860
-238394688714833
-238394688714833
4021616571702480
-8334313459302600
-238394688714833
-238394688714833
-16348980550010736
-47247058349529922
-3100627189157589
-238394688714833
-238394688714833
-238394688714833
-238394688714833
-3629426244038315
4021616571702480
-238394688714833
