-1705526030843895
-1975122008643207
-1975122008643207
-20500521431178131
-39191499508897677
-439733924681376270
-1975122008643207
107453995007907104
-1705526030843895
-16803985334056668
-17626564630618218
-1705526030843895
107453995007907104
-574418515129806
107453995007907104
-1705526030843895
-1975122008643207
-1975122008643207
-60482611592105876
-1975122008643207
-1705526030843895
-1975122008643207
-1975122008643207
-1975122008643207
-1975122008643207
-17626564630618218
-1975122008643207
-1975122008643207
-33126368687433340
-18139746500867397
-1705526030843895
-30346417412486541
-1705526030843895
-1975122008643207
-1975122008643207
-1975122008643207
-1705526030843895
-1975122008643207
-819899750448102
-17626564630618218
-1975122008643207
76013273225742426
-1975122008643207
-1975122008643207
-1975122008643207
-1975122008643207
159169765564021302
-30346417412486541
-1975122008643207
-1975122008643207
-1975122008643207
-1975122008643207
-1975122008643207
-1975122008643207
-1975122008643207
-1975122008643207
-1975122008643207
-1975122008643207
-26851820375399067
-16480879242065370
-1975122008643207
-22696413118629093
-1975122008643207
-1975122008643207
-1975122008643207
-20940041899309598
76013273225742426
-1975122008643207
-17626564630618218
-39191499508897677
-16803985334056668
-1975122008643207
-17626564630618218
-1705526030843895
-1975122008643207
-1705526030843895
-1705526030843895
-1705526030843895
-17626564630618218
-1975122008643207
-1975122008643207
-30346417412486541
-1975122008643207
-1975122008643207
107453995007907104
64064343169252236
-1705526030843895
-1975122008643207
-14005881412546518
-1975122008643207
-1975122008643207
-17626564630618218
-1975122008643207
-1975122008643207
-58435937890106546
-1975122008643207
-1975122008643207
-1975122008643207
-1975122008643207
-1975122008643207
-1975122008643207
-1705526030843895
-33842022066346845
-1975122008643207
-1975122008643207
-1975122008643207
-1975122008643207
-1705526030843895
-1705526030843895
-1975122008643207
-1975122008643207
-1705526030843895
-819899750448102
-574418515129806
-1975122008643207
-1644528160690541
-1975122008643207
-66906652393345200
-1975122008643207
-1975122008643207
107453995007907104
-1975122008643207
-1705526030843895
243786964073218332
-1705526030843895
-1975122008643207
-1975122008643207
265682974612720716
-25988368470258570
63285956227299968
-1975122008643207
-131021576887681981
-1975122008643207
108369606881263302
-1975122008643207
145002278981579456
-1975122008643207
-938717281203114
-1975122008643207
-60482611592105876
-89827000444865625
-1975122008643207
-48689702079034486
-1705526030843895
-1975122008643207
-1705526030843895
-1975122008643207
-1975122008643207
-1975122008643207
-1975122008643207
-1975122008643207
-1975122008643207
-1975122008643207
-1975122008643207
-1975122008643207
-1705526030843895
-30346417412486541
-16289497022107981
-819899750448102
-1975122008643207
-1975122008643207
-1705526030843895
-17589967500679208
-1975122008643207
-1975122008643207
-1975122008643207
4311737830117088
-1975122008643207
-1975122008643207
-1705526030843895
-1975122008643207
-17626564630618218
-1975122008643207
-1975122008643207
-1705526030843895
-413943176273584293
0
-1705526030843895
-1975122008643207
-819899750448102
-1975122008643207
-1975122008643207
117869462038930320
-1975122008643207
148578915420228096
-1975122008643207
-1975122008643207
-1975122008643207
-17626564630618218
-16268919351015522
-1975122008643207
-20500521431178131
122406711962891895
-1975122008643207
-1975122008643207
0
-1975122008643207
-1975122008643207
-1975122008643207
-1975122008643207
