747141419945675718
-782402955875158757
-390625282017175058
-394060338539105875
831952056409284440
258452323751554344
-445748924229983532
-782402955875158757
-290104631465331744
-172153159021280185
-522818480426992120
-833672047785468939
-498024550064133714
-66013131387024525
182480769548648256
-790259489915856554
523247803670825787
135422025797447655
135280818203578446
109491330670590837
753479215780172413
367228129388165511
-216701754363354251
-98326356701330434
-152934441327589284
-745305382512452510
-785413632091545865
213407076388864700
-480436769994085643
3285920528876676
-526492112802574228
-480436769994085643
-182290996555957298
-654512288813757802
-187136452711181032
-678123298275562539
267172198230893667
-206440278452998075
-452068750628441579
496443374722343292
596457044387031996
444783510678918964
592541956216198494
-27652956398246760
331236427144178896
-462993815822234765
-365368707483695850
46262821179717243
292620944234314542
-451725305100329916
-946795084637643941
-514716832049718955
438112285792008058
152328118900552887
-319103191982784427
936653218744321374
-526492112802574228
-93313707940620422
340173179996292210
55120300986538281
245552261710200348
495679295376529803
265505431478994644
1553272410972249
-637055666086629326
909137956150694310
-177775287952894414
-370596690134537262
-488470474274620103
-239530719520394859
69848567314039972
592541956216198494
2140740194558931
-899815807307174740
88344047227385298
-174058799863211762
241394473909342713
224273779349720928
-69412007586711702
102443997578137614
-41457133149638003
-282249508804920486
393648592961689077
479719448845258876
-39521358440387648
-17530984876897545
-232777396472680000
-226168378376945202
-170103497288681732
-813471932801740884
-277375725320207504
0
-388650527841101908
-389835503040387055
-250284753447448845
697935079598371803
610427845190869935
114991306205331136
-541542777322275394
-558282615097619238
210454842361586196
-100530393163032123
-820584978277524157
2825918316183969
210472655161877759
-453045607018209767
238101958371456641
568106593138722567
-505703362550547322
-500110644494920788
191494154413340406
-26724234912780416
-315089278675246454
127806227661954352
241394473909342713
282073944014611385
13853183953996097
-8667941116835254
-571652874800936000
-28113234215451912
-3514598145162790
-455913362045644565
-528756570840018974
-377342775753552014
-756950220739262664
-218752326776144000
-295446302368345464
34714968398934174
-255595021838510317
-510014517046185690
-353996759687548000
-773761846856249668
16437844587107433
-439955569910896880
233908461283124397
377089607780521272
403379174347748322
49871322431402652
306782008613805002
-391341408867750810
358312313255360834
-517462143785069077
2277195390245849
28610566524375654
-613070286528594086
-391323365041378005
869552466010417420
10645744696729640
523393740333054474
508094778861012035
-424293647822716139
-734749504440826274
-174058799863211762
265505431478994644
-279790714181064000
-157205578404147569
175232057257858653
-60971405735146397
-236329545807527700
-652927510115950902
568106593138722567
-2207830165024000
767614997850122592
528535117184299230
54539688774533949
-827009593666302516
267172198230893667
49871322431402652
525340384613528246
-2527848696860168
173180456198434300
866931722436042214
-587082565230757261
748551340050658524
-180613232884351582
166342038392915034
789742422773158896
-429624027827962713
85679061909729064
572206263162320325
-172153159021280185
-168472179591018408
-159213469345864000
-557812594966325349
4541137772247181
45209501107609934
-523215626187580126
-518330399683468100
295352835307626691
397161527668649475
469604413624953397
3916927293651639
-457747870219554066
-313075156965091130
-119047462627422336
426867623966201474
-797144520741752197
103533281733783340
688818886567245826
-199583733166720926
