163859201472640
1001443323183705
824089527159160
703339565642287072
483099098392427520
260626653959486645
152373001001984
1319098277285472
928394355408952
1886519392358644
199617773897624
715178602847608
574458887660504
55681124786746526
517016442056640
704385755891408
799217588766992
761655104642074330
646610619104527141
376973694450311680
863923845485600
74583832691133088
910584441777726588
394244978470992
320399064464135680
390234781028912
891125372516257280
211323540458267976
232442826357608
955123404211281306
498607287942040
2883657147756840
709923536454983680
123679730773509120
787516231054034831
309492599479453280
821165251563432945
1146670679785440
36338911793633280
490954225970695181
624948431110856
500374504499208
322397244220207037
304627218234619076
70380708181781185
430923801991270992
1158090708156032
425989940102680
793008839852992
817640375719979520
887026014805768
55910987060869008
149831919985488
923332007540449280
215078901913669120
520778773569537945
631619805656699251
899535128852864000
988318858401454203
329688198913888818
616428976621480
110131749309803520
757680693091122401
112233872885488
885343624291010560
2858462401839918
2128831913096980
633246443036863299
647080413789408
206336600287073280
39867006072402610
882447082009172732
925093675951888
164034240447459472
481190400581464
388279499950106459
729610177590027630
58999906058196904
117135040234568
957622760983649280
104809877769208
674414127688632
568063019699712
598115872093608
478490282761282176
2216375665927776
513555519825218560
10526081693221250
325890992012220
479547445792544154
905975783055777280
69267760136248
319348645350896
2125722101033984
1368189427070048
472278044948720
520184973594388480
456653276572896242
343607164027744
833807944829872
910120644976342979
236867334483978240
176238785801406636
2084130061936448
279217553742392
3375285243133980
430561039792424
891553656445627294
895926734254592
74936561828480
684791985589087446
772891481440121785
51806163674256
488064287705024
944367396603376640
737444853378176
517783806032460660
347030225784384
664669566986483256
144725325596496450
480564287188888293
730737820070470201
496607781654929920
717628520657164776
8810611036597305
2409099261209982
666750737117165475
117050315859946409
24008896887150852
103063544296176
897818572958261108
804159814949456
375740365135956071
601827069246480
784882264547936
944865730837568000
457733174087049797
2620516399400516
640319572633296719
160630552578336
287334086988104
840420223047352
514038229489992
730837281271760219
88572513658850167
360064091988256
414805648673880
19967915158809600
845114376224435220
407929515055252480
783175918653853084
766554814337156808
518608036238600
169173421666184
60613391778592
330316038884168
348606843748992
704639916886908848
574563034038416
380361292526641608
458133019591856
47239968554896
844697955098508800
427472205067482599
680515425019404800
652337838157656950
611212763260040418
49176976985928
1752892063654208
246328633046664
56383510451277312
2078621674263680
636025217229572904
69267760136248
36188740087024
483099098392427520
430561039792424
792920720173736458
597424652222584
46704115636928
347833452755392
442963839182360
139190418700165494
538659558791778195
2669411748711876
591793146734551649
942319871164538065
8464600725391758
717241210239804037
917107962340544
659813349595937390
312947021797623733
252389674150184
123275092890812814
745116197837480
297628340771023984
236227360643193846
822234567666000
727708383645744
95528099141871909
113495117072860612
670806061908878070
813428729224025600
1929607959046912
412991507683226214
887026014805768
283467121808570796
250992176679297573
778615926274042880
680517484461761559
1398397741362855
792514735660462048
527934559835184
490074276677928
972452303867180625
499904383693570560
711600960224672
126877717566663680
967755472447072
122410246090463224
1920025830814272
651193055469248
749781652491296
376742732298324480
1540152316114336
95962442306144
518608036238600
263917532946713600
965353639822051523
917293158468318632
403766646312952
222767054518043326
651523229085632
369457306352910477
528584666455177744
358219483830488
700416159090072
427865740678984
3614089035682944
901030816528104833
1993624499973440
442516496124961782
1527908141487784
359813492199900160
533686136603420160
306525480458432
308937498637152
1608562532174176
195528935325432
1601347330230496
384864884518248
733580141418704
1460124122116884
624591151932727135
641898175853759160
83278194129259520
510516675818016
535118849833932
2470495714835814
1334511295251648
1945045083491392
452175359290008
901469961880217600
218065875118008246
12053933349581976
673682433179840
169839170799264
378535835773773413
481926626355409
449220892958892278
609839363666592
576624532455168
6074145865209477
49176976985928
812845876873848
299059015185928
828653079079728
55390180111846400
211641728157992
270657048056176
399452751229872640
653934869172669440
549569537138856
417729663234688
828314834590904
760167702463598080
215407190437632000
6936827707845120
650691027238011220
452385578667776
25049696829450524
209075855599590400
700533251173792
152373001001984
573438865800423187
301870540589912
905253293170192
404813254670608662
412233994504810438
682330475355453
975026038806507520
60613391778592
6256628541135600
3386524657036625
762837589418809950
139781894769253125
370822701454000
900590530133680
908145006104448
245811765020840
6090737633396208
381939929165964852
809623421359503503
881778810829280
807829545203998720
49311212156360
127146568509928
735780674414334636
86614111931162086
112469665361712800
287066644716976
196585400070200387
10264102195320
417343387747808
277909128339360
880520239649184
559789084211910728
442963839182360
252566246782717440
554069202686888
817631602422686720
240778205120662261
280222997248572408
2196260941863195
427472205067482599
865711212018680
527934559835184
1869363770321152
717020083840608
503644444002968
910319531666457211
611657888204725760
800037734969501887
539040908405788575
742643748065592194
80135494383152096
866454046336032
287066644716976
757160510352733368
360627582529295360
593390018794272
587394870248442880
529416223285320372
437998016078936
728565116062288
624166462353497600
948631325875632
550739603905940529
71877046465013945
522502756151747302
5056733754623040
634321533808754546
485292395009832
600668086236688
914370254726328
213766123325307787
855136655672720
150116232336887925
279055411384553280
572999473609480
668986040422730240
792353753529974615
762937162423568
554096539605272
19812503668688
197709464236160000
815611174480624440
528275993004776960
54393238274477356
437998016078936
105497671448764608
479398475986184
781155212105420620
360025683814591637
282626613895608
654604283446392
174561728929864
627759329363664
199833966694981120
252490010569096
865510803330784
814978590645721737
33773199567032320
889266143441496
346597125079527934
415981338777157120
288792756621496
463629437408944
880149536393879416
87948774373823739
159578251905848320
11499282884794250
2096271601500576
740953092920320
332957439270056
714126911319348
144637186146066842
382888760773743121
108286302397386240
945412939752435200
902958040141600
946883957650888
413958952920586240
461910230856736360
9174572838936155
754523078209793719
199833966694981120
726963707258984960
690420825060832
914768116861035520
141689544674880
338644271429052919
13269982398952269
913573342064855040
16439370536146286
1455123393639424
152541384695805903
302659535356320
645188849220641280
104700958853265920
236751535917135360
1235815108930912
332533625435033600
575661326097182720
486547824706640
12789627200299520
458614639239712
278150992023809520
245903149931484160
146372085668715520
898492825824643758
642362578524231680
988242359821216
5198815648511875
548762692192386560
165012307977872
57063362203200
763709650283548160
920283315702080
111893786080424
520143855045964800
902183213477728
2012510251484961
141689544674880
261482134291801600
339265080070369692
937054832047240
380854252349290350
722554792243880
935214400160220160
969647336223488
216567927143736
821165251563432945
6777048755352195
351466957618744
936518443562547200
1328791163745416
148185436512825
299048713488072
689352530258824579
499435573122554880
536489601574168
497405247424507560
506466560338912
708490744457933096
322397244220207037
26023465271312
281911642329968640
718029599711744
252566246782717440
680956778543551868
844744871416288
748723543878870
523212634583168
722082709106411121
708172639786432
412011767734267414
224745282598704
359105288570040
949997318514905600
832608314921684
491277397957472
59709965645028597
695519882976708558
7134873243504024
412604620458950228
425989940102680
8734536764798790
748745129776973419
675246556640118885
708722476534310400
648733052320417280
824211340852145904
459933551552167780
971816576560399360
48560351749245931
451274537286680
654640284978512
429961722864736
426435289984808
831856657016128
455026226507451590
67755391436506896
597424652222584
807316147571676160
1491871180454144
853535103881702400
1146670679785440
700533251173792
142650230532155640
857001024575750645
820415810060277760
215474198539060270
140537073727984
428875338854801920
2510531067456000
1267393094620416
384145553965575680
711413627504450560
313938455042725571
901902127566176
532571560504941110
437998016078936
498268867104851607
130853226511206400
1166786706728480
347030225784384
5627368768796433
347196468917824
545919665998638974
308064197008259796
754895563876403200
316088640036312
896901869201515484
704541845495746369
831111206907310080
3741687830175048
2428092977666351
664975046206328
233766371838849256
926486435974245941
1025452364111424
520778773569537945
84108480378920
650074220634968
844744871416288
508693137321345732
690420825060832
467184731652352
987528358941978394
745081400204139520
228344310975184505
58723460953687400
674214839020825600
280372054705114263
51579497496497237
633797521389409280
611657888204725760
617702978153059748
1942630432540960
664272550454589960
2366713320620818
193805380780014080
709086124831584482
3118006926751497
495114556085352
761193214415968
891180076145696
426454064428232
745922212698458160
400925533119240
1319098277285472
34655543498197089
975824273503552000
457817336866188
863923845485600
2579618856735375
435495885255112
843591106075184
141339482092128
573297743654168
147285334929904
914020928360428133
793765285355456
638021235566656
613338614268152
182723025035122
412604620458950228
336018599238394782
83790657095246132
135817151479605879
792600926218688
80963478553272
789728635586401155
531589787802512
2155370357847264
244966742289952
1739140250492992
871949062847296
341840222386160
344475860999600
366612859308505600
714297170029496
653116792790448640
39609900807118092
586732011793274573
472552775105539770
341056513017241600
745081400204139520
646363422044224000
935499923074750403
141932153126208
24207033097200
77718317725656
929094057057908365
199180178134248089
593432535196193100
750507261092725760
872943192988949592
1445819126017358
200172192891156136
408904917287270071
515549515410048
214741177243179520
259782079278241280
347883716488
86027571328727040
201401282458656
41545145688144
821165251563432945
1224900742801664
313739832228053113
64448223624256
905975783055777280
371808514449635840
880149536393879416
837733779461248
665401014539784
884225001591958754
529718930193876480
796784845491088
617282592373504
598115872093608
6515345141399037
359099661950176
544992150664264
231543560300120
2002689583910460
354105046608240
12466543388663616
275628799981448
279006667516258997
282626613895608
983335894487344998
571037957599616
275628799981448
799217588766992
20616111045475840
888630704391251783
289933000217600
826344211047752
453882890767490560
118426717277724160
867954397132262754
218102193099266560
587535872614173260
947372351945976320
1081297841722308
580939674922570428
302691118743456
314769651135127040
902958040141600
957297037490364132
561546786691648000
332957439270056
430744976778822157
902166683338656
769678583191200
922764238793748054
722940430079336
570814834254538240
217388637134395307
799217588766992
1524610093455008
424037687220688
871074459059485541
569159924288760
515373067893963914
434739462703607690
113867653185320960
323295349246349541
473465840292429864
741641095607207575
895981578798005184
324401545201830400
80963478553272
312833861936096
326993952536768000
661721413587712
941241083329264
424037687220688
648733052320417280
74793140916148992
250362330043768
147773154835278882
787934676826982400
425839743973530
862505080612880
2898154414067274
259950250896716800
5310251075061036
845762710092464
866376947787808
838465968131735274
763350498403394646
855192919673809920
662957282277064
350234343496410251
842703365288854920
688360418879674880
444659843302592000
927668783459813054
249951351842797239
658162196133608960
343418486026000
708172639786432
561654720641904640
314968925908871680
580457578304104
390768327484323633
251816032825443840
647035076582248
62924988965731665
95528099141871909
479086975629016
583810066140185600
4601387535965532
546000817398579200
926486435974245941
597424652222584
1916125718553888
549569537138856
574563034038416
217388637134395307
2232235451441312
233649728110677392
369274014857907200
357806240574784435
357643864438846938
327916887541889913
484325661089031680
845762710092464
619892170163077850
212729403333696
804698594129152
429961722864736
1920025830814272
862023205140800
378334637559675900
338876951039934186
324267417765210946
1155254584246368
549763519718702052
100373783586272
797136373894536868
195086720976137706
1461680557930476
1894929245238816
743088400009266042
726110034077440007
572999473609480
414881442986186240
313370203149120
589299229085088
121822604409748977
733580141418704
394554382596832
264274782543976
425989940102680
795776698543816
2218547181903808
744584886243248
382104367475328000
1492287540940800
697017170908992
597424652222584
682373504677096
756795213223640
841934391578994985
347320602322632258
488694273394624
276670150622032
309908710484800
369274014857907200
219518139725873779
6279260367144960
704385755891408
716416697589536
173240695289968640
936643925292173410
983269886186144
948631325875632
592508457013152
181723875615365120
952970363645852178
640319572633296719
1467778158393984
1374311027925728
770711552724744
306889407516753493
878701238110905252
360025683814591637
782567322833615360
1491871180454144
705855831114292904
86027571328727040
811338455065510400
77261158882800
651193055469248
730030817998136
6462912324957732
841090336714971055
51398321213382972
282626613895608
297254895984448
587797846800031494
719757914685856
500880499040944
316088640036312
761193214415968
1068839135356640
674308976735214541
493052189011720
395786101779088
858978504547752
950052053340160
138909076577647
796784845491088
153054307611358720
586797892461840
885166357903316480
242952217006656
610113294227709440
188762812048459954
378535835773773413
713862466444272
940215876342696
546503406408258560
494966355585080
311559391471392
2232235451441312
57537224805992
585498264357496
696189904726872
800574149215992
767911023935134762
52128569714143164
598591778450306079
628062997824626396
654479070384256000
3400456900212360
301636928208704
298959086234848
128885261970117120
868760371398856
474684786213518472
533830269486840320
680956778543551868
589730789140163503
598115872093608
607159531418456
600428840587432046
8734536764798790
543378499279528
233766371838849256
473881974964418880
1863034702538080
92918276781497844
345646103138952
719595481146344960
488121412989815062
922495540575429120
304683186656728
331480721801609705
871949062847296
179050653341300384
846787780162599620
257395434694122980
636443854395806720
562726222938635
245421632124672
1736882040357381
150101038584698880
543685416755728
157045820344376506
641859829459138581
1896556987200608
916040244968491520
117045276434216289
412752760397061120
695052154488030225
27104461030072
845762710092464
918085890620400
435247332930136
400925533119240
55208962340248330
737680496853816
245726515416464
2897944273645200
1981126864993312
214702451602002900
618312736385768
127146568509928
681130513537771878
899845857843742720
20716246650096
259950250896716800
191907946757696
975271007380820480
770554679485564278
301870540589912
646759769625368
313938455042725571
908503881671456
1424073975058496
955123404211281306
961737773814935040
61615498957837132
271505211757436552
580457578304104
795573683818562560
36130957222280
744058565130520
483199204935480
399659797064906240
913108022897912320
324267417765210946
1386191873202526
197257877285338547
309630943014656
764708951993944795
809542143256000
761211052866228577
959316909755914897
427780425381045760
27104461030072
938570605880650240
1034159395453696
339766940408222731
232127162298942372
575661326097182720
770715573787136
185725037420470942
165470259030016000
197062626322645750
65393752846270018
506466560338912
564708689313638
968466650825603948
850665703530128
3584047760085195
748051857388517422
828314834590904
112469665361712800
245903149931484160
37185196717547946
367604579298823680
164928896796735200
349342587535240
737749095711776915
352684915748712
425989940102680
800574149215992
794016748504458240
419581896005045760
