4018306615277118
12767279139020280
717398895713626
27296916262397996
10039073887832816
10190031829732688
4018306615277118
717398895713626
717398895713626
12542861107565040
10200379048797856
715010522231982
717398895713626
25681558992951136
717398895713626
10200379048797856
717398895713626
717398895713626
717398895713626
34774492871504372
8773945001679418
10200379048797856
14008749603618022
27296916262397996
717398895713626
4018306615277118
717398895713626
717398895713626
717398895713626
717398895713626
717398895713626
717398895713626
8773945001679418
717398895713626
726499120549812
712887719357079
717398895713626
8773945001679418
10200379048797856
708259738102854
10200379048797856
4018306615277118
12542861107565040
717398895713626
10200379048797856
717398895713626
3967116213807522
8773945001679418
717398895713626
10200379048797856
4018306615277118
717398895713626
717398895713626
717398895713626
717398895713626
717398895713626
3814547080407945
10190031829732688
10200379048797856
717398895713626
706054205109911
10200379048797856
717398895713626
12767279139020280
717398895713626
8773945001679418
10200379048797856
717398895713626
717398895713626
4018306615277118
8773945001679418
711707092154436
20251193672014650
717398895713626
717398895713626
12754328067938940
10200379048797856
4018306615277118
717398895713626
10200379048797856
717398895713626
717398895713626
717398895713626
716362241283829
708259738102854
717398895713626
222616817651121562
10200379048797856
32976369676279070
717398895713626
12604632977994120
8773945001679418
141764168710975100
717398895713626
4018306615277118
717398895713626
8765044750956989
717398895713626
717398895713626
717398895713626
717398895713626
717398895713626
717398895713626
10200379048797856
717398895713626
10039073887832816
29791173226564878
10200379048797856
717398895713626
708259738102854
8773945001679418
24274423130708470
717398895713626
717398895713626
12567668589219660
717398895713626
717398895713626
10200379048797856
717398895713626
717398895713626
27061527904791840
717398895713626
8773945001679418
4018306615277118
717398895713626
84484855928894978
12767279139020280
10190031829732688
708259738102854
717398895713626
717398895713626
4018306615277118
110769070954656128
716362241283829
717398895713626
717398895713626
8773945001679418
10200379048797856
717398895713626
717398895713626
4018306615277118
717398895713626
10200379048797856
706054205109911
717398895713626
717398895713626
717398895713626
717398895713626
717398895713626
698374105165030
717398895713626
717398895713626
717398895713626
717398895713626
717398895713626
24239346148544755
717398895713626
717398895713626
717398895713626
10021080941401408
726499120549812
8773945001679418
717398895713626
717398895713626
8635196960648423
717398895713626
717398895713626
4018306615277118
717398895713626
688915506481818
717398895713626
712615483474174
716671169469773
8773945001679418
717398895713626
717398895713626
717398895713626
14643397027759536
717398895713626
715649423152678
717398895713626
716541199740968
12767279139020280
10200379048797856
717398895713626
4014230462947839
67572155619294748
15431116622682672
10200379048797856
717398895713626
8773945001679418
717398895713626
128671032294426372
717398895713626
3986425590603948
10200379048797856
717398895713626
717398895713626
3864795471589182
717398895713626
4018306615277118
717398895713626
15431116622682672
701786441901643
717398895713626
704788750185268
701786441901643
10200379048797856
717398895713626
717398895713626
717398895713626
8773945001679418
3951801354112797
717398895713626
706054205109911
10070433390429024
10200379048797856
726499120549812
10200379048797856
4018306615277118
717398895713626
708682761012646
12565381934342580
717398895713626
717398895713626
24249799264025435
717398895713626
717398895713626
4018306615277118
12767279139020280
717398895713626
717398895713626
706054205109911
643632065265721
704788750185268
717398895713626
717398895713626
10039073887832816
717398895713626
4018306615277118
91248899849540296
10200379048797856
717398895713626
10039073887832816
12767279139020280
15679059687800352
4018306615277118
10200379048797856
717398895713626
4018306615277118
717398895713626
717398895713626
717398895713626
112750961421000896
10200379048797856
717398895713626
726499120549812
716541199740968
8773945001679418
12767279139020280
717398895713626
10021080941401408
717398895713626
717398895713626
717398895713626
717398895713626
10200379048797856
10200379048797856
3841867636034636
4018306615277118
717398895713626
717398895713626
706054205109911
717398895713626
647552946352361
279388861238443170
717398895713626
717398895713626
9044624880419520
10200379048797856
9795386277698208
8773945001679418
717398895713626
717398895713626
10200379048797856
717398895713626
717398895713626
25122661905162448
27792313384114206
694905659203588
717398895713626
726499120549812
717398895713626
12767279139020280
717398895713626
706054205109911
39307685443592452
717398895713626
717398895713626
717398895713626
717398895713626
4013502474343224
24274423130708470
717398895713626
4018306615277118
704788750185268
717398895713626
9070154898792735
717398895713626
717398895713626
9683140149563440
717398895713626
717398895713626
10200379048797856
10200379048797856
15656403161873808
717398895713626
4018306615277118
717398895713626
10200379048797856
717398895713626
12857740503309192
717398895713626
8773945001679418
717398895713626
8773945001679418
717398895713626
9795386277698208
8773945001679418
717398895713626
717398895713626
15679059687800352
717398895713626
14022974446425164
8773945001679418
680959548222751
717398895713626
717398895713626
10200379048797856
4018306615277118
23965184044577130
717398895713626
717398895713626
12565381934342580
717398895713626
10039073887832816
12565381934342580
40010982188462914
10200379048797856
717398895713626
717398895713626
717398895713626
717398895713626
717398895713626
4018306615277118
717398895713626
717398895713626
10200379048797856
8773945001679418
10200379048797856
717398895713626
8773945001679418
717398895713626
716362241283829
4018306615277118
716671169469773
717398895713626
4018306615277118
10200379048797856
717398895713626
717398895713626
717398895713626
708259738102854
717398895713626
717398895713626
717398895713626
12565381934342580
717398895713626
3396140708450940
4018306615277118
694905659203588
717398895713626
10200379048797856
717398895713626
4018306615277118
8773945001679418
8773945001679418
52711860322970622
10200379048797856
716671169469773
717398895713626
717398895713626
717398895713626
717398895713626
717398895713626
10200379048797856
37584395670599389
12654412774838412
10200379048797856
717398895713626
706054205109911
25644448673917744
10039073887832816
301716239980947338
9978392441743408
10039073887832816
717398895713626
717398895713626
717398895713626
706054205109911
717398895713626
717398895713626
717398895713626
12767279139020280
13801220123427154
15679059687800352
717398895713626
9839065335556048
4018306615277118
10200379048797856
8773945001679418
717398895713626
717398895713626
3930857879562249
10039073887832816
4018306615277118
8833466657828464
717398895713626
717398895713626
717398895713626
4018306615277118
717398895713626
717398895713626
4018306615277118
10200379048797856
8368772644536736
717398895713626
716541199740968
10200379048797856
716671169469773
717398895713626
15660314375492736
717398895713626
10200379048797856
12489430152837540
717398895713626
20251193672014650
716362241283829
717398895713626
10039073887832816
715649423152678
78210252494657325
717398895713626
4018306615277118
717398895713626
717398895713626
717398895713626
8773945001679418
4018306615277118
716671169469773
12767279139020280
717398895713626
4018306615277118
717398895713626
717398895713626
717398895713626
716671169469773
717398895713626
10190031829732688
12748830188854620
12260370941474040
717398895713626
10200379048797856
717398895713626
717398895713626
8987701430445420
10200379048797856
13776484314412952
4018306615277118
4018306615277118
4018306615277118
12240202106590920
717398895713626
10185639315868624
15419562327548208
4012500089259447
717398895713626
717398895713626
717398895713626
174170419314935736
704788750185268
717398895713626
717398895713626
10021080941401408
4018306615277118
717398895713626
10200379048797856
717398895713626
717398895713626
688915506481818
10200379048797856
717398895713626
8773945001679418
12565381934342580
10185639315868624
708259738102854
717398895713626
4018306615277118
717398895713626
717398895713626
4018306615277118
15431116622682672
10190031829732688
717398895713626
717398895713626
10005631463453888
717398895713626
717398895713626
10200379048797856
8773945001679418
10200379048797856
40010982188462914
3954762545759373
717398895713626
717398895713626
716671169469773
717398895713626
717398895713626
38247585641772818
716671169469773
717398895713626
717398895713626
3969485656758978
708259738102854
706054205109911
725762163078426
717398895713626
8765044750956989
717398895713626
712887719357079
8773945001679418
717398895713626
26957293356267580
8773945001679418
717398895713626
717398895713626
10200379048797856
8773945001679418
709833551550468
10200379048797856
8773945001679418
717398895713626
8773945001679418
708259738102854
717398895713626
717398895713626
717398895713626
371901695588710684
717398895713626
717398895713626
15679059687800352
717398895713626
717398895713626
8619720170849524
717398895713626
8765044750956989
8765044750956989
717398895713626
8773945001679418
726499120549812
717398895713626
12767279139020280
4018306615277118
717398895713626
717398895713626
717398895713626
717398895713626
61311185592021920
717398895713626
9497365829691984
717398895713626
717398895713626
10200379048797856
717398895713626
717398895713626
717398895713626
24274423130708470
3947674458608124
717398895713626
717398895713626
4018306615277118
4018306615277118
4018306615277118
717398895713626
717398895713626
4018306615277118
10200379048797856
717398895713626
12767279139020280
717398895713626
10200379048797856
37638784397444266
717398895713626
8773945001679418
711254505345769
39627022211670384
717398895713626
717398895713626
717398895713626
717398895713626
8628731218948247
717398895713626
717398895713626
3947674458608124
717398895713626
717398895713626
717398895713626
7855897468843721
8761266491847397
717398895713626
8773945001679418
10200379048797856
717398895713626
8765044750956989
717398895713626
717398895713626
717398895713626
10200379048797856
8773945001679418
716671169469773
717398895713626
717398895713626
717398895713626
717398895713626
717398895713626
717398895713626
14002710993741206
12752015045411040
8773945001679418
717398895713626
716671169469773
725630544680016
717398895713626
24694897627136618
717398895713626
716362241283829
717398895713626
704788750185268
717398895713626
10200379048797856
717398895713626
698374105165030
10200379048797856
717398895713626
716362241283829
8773945001679418
717398895713626
8328283832290543
717398895713626
8773945001679418
717398895713626
717398895713626
691987481329333
8773945001679418
10200379048797856
10136236618320624
671672860106962
24659213051691197
717398895713626
4018306615277118
717398895713626
717398895713626
706054205109911
10021080941401408
717398895713626
717398895713626
717398895713626
717398895713626
717398895713626
717398895713626
4018306615277118
3969485656758978
717398895713626
706054205109911
4014230462947839
717398895713626
27296916262397996
706054205109911
717398895713626
708259738102854
717398895713626
705525535742279
717398895713626
10200379048797856
12754328067938940
717398895713626
10200379048797856
717398895713626
8559587485889584
717398895713626
12767279139020280
717398895713626
717398895713626
8773945001679418
10200379048797856
717398895713626
717398895713626
717398895713626
717398895713626
10021080941401408
717398895713626
717398895713626
20251193672014650
717398895713626
717398895713626
4018306615277118
10200379048797856
717398895713626
717398895713626
717398895713626
4018306615277118
12367335993093480
717398895713626
717398895713626
10200379048797856
8773945001679418
717398895713626
717398895713626
717398895713626
717398895713626
10190031829732688
726499120549812
10200379048797856
717398895713626
704788750185268
8662171110309222
10200379048797856
12555973403845620
12565381934342580
726499120549812
717398895713626
704788750185268
8773945001679418
10200379048797856
4018306615277118
717398895713626
712887719357079
10200379048797856
3858764982219774
10200379048797856
12767279139020280
717398895713626
717398895713626
706054205109911
717398895713626
12604632977994120
4014230462947839
717398895713626
717398895713626
717398895713626
706054205109911
12754328067938940
717398895713626
705525535742279
716362241283829
10200379048797856
717398895713626
717398895713626
717398895713626
10200379048797856
4014230462947839
717398895713626
717398895713626
8773945001679418
717398895713626
25681558992951136
717398895713626
717398895713626
717398895713626
8667344772782278
4018306615277118
717398895713626
717398895713626
717398895713626
699665484304171
10039073887832816
15326999211483936
8773945001679418
717398895713626
717398895713626
717398895713626
717398895713626
717398895713626
10190031829732688
8773945001679418
4018306615277118
10021080941401408
717398895713626
717398895713626
10200379048797856
717398895713626
717398895713626
4018306615277118
10039073887832816
717398895713626
717398895713626
717398895713626
704788750185268
717398895713626
717398895713626
717398895713626
23890556049720545
717398895713626
12767279139020280
717398895713626
8773945001679418
15656403161873808
706054205109911
700942081853314
717398895713626
717398895713626
717398895713626
3947674458608124
10200379048797856
717398895713626
717398895713626
717398895713626
717398895713626
12315041725915740
706182693229097
717398895713626
717398895713626
717398895713626
13610705718861696
717398895713626
717398895713626
717398895713626
717398895713626
12754328067938940
12682150545063720
4018306615277118
717398895713626
717398895713626
717398895713626
8773945001679418
717398895713626
717398895713626
12754328067938940
717398895713626
706054205109911
717398895713626
717398895713626
717398895713626
10200379048797856
3930857879562249
717398895713626
717398895713626
10200379048797856
706054205109911
717398895713626
717398895713626
10132365816158944
10200379048797856
717398895713626
717398895713626
717398895713626
717398895713626
701786441901643
8636768398376921
717398895713626
4018306615277118
717398895713626
717398895713626
4018306615277118
717398895713626
717398895713626
4018306615277118
717244032471948
717398895713626
717398895713626
706054205109911
703702178954348
8773945001679418
717398895713626
24694897627136618
10200379048797856
717398895713626
24274423130708470
717398895713626
3892430602736538
24239346148544755
717398895713626
717398895713626
717398895713626
717398895713626
10023586593312742
717398895713626
717398895713626
717398895713626
717398895713626
717398895713626
41889042461199804
716362241283829
717398895713626
4018306615277118
717398895713626
717398895713626
8773945001679418
717398895713626
717398895713626
717398895713626
717398895713626
716671169469773
12542861107565040
4018306615277118
4018306615277118
708259738102854
4018306615277118
8773945001679418
716362241283829
8773945001679418
13844331609917556
717398895713626
717398895713626
10200379048797856
717398895713626
717398895713626
8773945001679418
717398895713626
10190031829732688
10200379048797856
717398895713626
717398895713626
4018306615277118
8773945001679418
717398895713626
717398895713626
717398895713626
717398895713626
4018306615277118
717398895713626
717398895713626
717398895713626
717398895713626
717398895713626
717398895713626
8773945001679418
717398895713626
8765044750956989
12489430152837540
10200379048797856
717398895713626
4018306615277118
4018306615277118
717398895713626
4014230462947839
10200379048797856
717398895713626
717398895713626
10200379048797856
15431116622682672
717398895713626
10200379048797856
717398895713626
717398895713626
717398895713626
4018306615277118
10200379048797856
8773945001679418
10200379048797856
8773945001679418
712615483474174
717398895713626
113544826555101178
717398895713626
717398895713626
717398895713626
717398895713626
4018306615277118
717398895713626
10039073887832816
8773945001679418
681021167655115
717398895713626
717398895713626
4018306615277118
10200379048797856
717398895713626
4018306615277118
9733606631592816
10039073887832816
717398895713626
717398895713626
10200379048797856
717398895713626
112750961421000896
717398895713626
12752015045411040
717398895713626
717398895713626
