255437511799911651
-39023577161489761
503671783149045520
-300426095111726957
143674647570134400
182655248357188089
978698105474606480
-283351482946434832
143071920777175040
128173161714754501
-264929254557756360
135179226813935600
-449566245165185177
-135983903148379548
-103497419289816154
793170798873010695
158263231975520320
584207075159796312
-887989306102231501
141944311196631891
-300426095111726957
551966218922118640
889225071966083360
-216943866824508010
-454242510539475272
-584745536346739975
188386138218276880
-271688534551928350
-159735033952590186
723394113688312847
288262410234138898
130300782259006744
-19034941267355748
474805907309192620
-111973824371295369
-89624826926006700
-485630051417778840
899879254608688
-674858631477178806
-229472334304464189
-958479969284038724
-1059341559812144
7396653078592030
276346423641440560
3277193667760320
2748980681090560
-194905347002958079
-71883114026956
479429434726479927
-621696412446704789
246606504448797680
785616315005229330
342567432730440469
670077934281415600
-527593668772345013
687894476362757577
-361499055248111347
403595039534928196
486291345738996752
-362703469518398220
-53542263386092080
-642041732186603835
-139864199399841615
-428569734712977299
-129642598713920334
504607528863147730
873941724563069967
-227217793776196021
-978153702342880543
-398220908423572113
-148134131813157127
808735638903168800
123717189837240840
-339338060378779455
374059537530480450
697610479876619840
-31807805715901214
461767053846247578
-260280662560475688
-449211212381017080
-894532434590711827
539371124750160720
-12209313327804282
975837335152528720
-2800579598331004
-13164862204458564
-8469183864218088
107789125329320960
385135819083072666
-303463185892579236
257724728287881120
-335480323183883838
49735815052592622
897695117686080
181154998861592400
541074682041094564
591969743699540441
-127811422228616290
-275497965802831813
63107933238738423
218113141585912500
-816239254895017282
-69894118418146215
830080398186592960
-185583535367505848
-441423514534000608
658896579702252900
331487676018961898
56113111761643726
-435552320974527301
-68722064305909015
154179279519549920
660888264417583922
470149820561294415
-908727204181999508
-668225475542060856
-817421436386356940
293053261213526153
-726318697443454672
462173139989294160
821592252218868192
-352176409630313627
530800598056173826
773206993110201280
564599540298483698
-143420838235508792
-381482758700518335
-435552320974527301
875124291636833840
-96851054056576729
-940123421695176110
4484535559404320
-547257842820910483
-535713455580563277
184369561598007198
755233441219721910
561416467789078969
-638122587714628404
-332768445107208581
-441157160335770347
538024370830941040
196340446524500910
104828990849775120
221872721103273040
-614120113142803953
-55725777878454593
677845424484416160
-736770335815187558
804294604492561991
-274807077660964853
-412300662418123313
309764198558572560
-49156325228083219
-225211906217010
-771676385767947320
461567405014370736
-798630896391655659
-937051956437183716
-860074656047388399
-243562215922136880
979796429836214780
-515723500414639805
757762502503354092
-151007905969562699
570910637313278538
-801995066616274332
103971668690333349
-269324441376199810
391714575883431482
755233441219721910
-672540474431326234
-527593668772345013
221136638646089040
-515556034568027840
2146920686982853
569641352098130480
-388633112935822683
-12649977743463057
93457629445292812
-269901266862563219
-657555851078252805
-271229400384950875
569641352098130480
598166634607930080
765733679827137502
660888264417583922
-157607596563049420
-636989229348326300
458667335459471418
-751502324520172028
790396784610249910
-364215778769792831
-16396367874324382
311822179698025280
3273027475007360
404656033296295471
282314284894542480
992223463907284369
115934979346139544
-911893065167287310
278881671758942000
-852049051827000
-407629942868928260
127064539462422380
403595039534928196
315580674507001826
-943894094366655476
156207661141073321
-227883906762108089
695859724490411920
-353945393257034145
-721104414583732338
60733430507300
-559616205787138105
-233587140709212902
301969398380646973
693801712464987120
255623809231131124
-392612533117921954
122422138707383120
-4607790944981803
28978671642465440
-860363175575998858
-642101616525034252
230248355100207120
377088185648417100
967022467761358240
-146606849634965839
39320503447627254
-210619811268750421
103095620045959788
109150556813684810
-355458369282092382
-516050407857168800
534714197659239120
-30003007999269997
94527392593384448
-521277210048011857
234490874608321105
5341122802210324
21050960056124375
-854316429911926584
-42826778251807591
917452340520534676
-4393798505934465
909507011372967905
218113141585912500
-808918536081107137
440815420388561778
880679516339213500
-445419954207007549
534301003990980928
-433135576355290816
563625794494687146
727058511688281520
127109452613223040
14024653397581785
-777209820788312679
-152204795511175468
57777968469070185
-469917868412576723
123761016703722400
-229956443763080906
917452340520534676
-465184570431756749
521757367698872467
-37999968146820100
63304253028902880
230838537376332864
-618828535241221101
-455680150769500704
-864981264435698364
-434178521387344684
-175205839198741218
-46255624295883569
-189117151123217350
-304817940226442375
-620348965779915932
-117106318944316991
-131978528228439927
322832305344571200
-903706325458279366
679873886605133840
85363835713660
231838950780033360
-48801741823216867
5341122802210324
-895197289576936857
-286938834166257468
574045900485225764
-291098941699130976
-547917431821728476
438859015859278663
-86819916924508176
68369154568390354
505451731005462630
-618828535241221101
-677672967285742069
855375921223040
697560305027536946
-801940721857108
114194745948233016
-559806905545745596
-801035992334875828
102224754167060379
-2362799822705650
54896472712963600
4901210499060960
-979507477973568347
-638359894238210104
-737581616945123848
-316985173819833285
377380819886007803
776471261756818880
577865903559233890
-138798962357511840
138433747449236080
532377634719701303
-877793093522444100
437848796034487200
318988185521201440
-37894639528095875
172787678172756240
-296513227830801291
-767890609652045041
-145613971804379225
216564814364108000
-639241259609516980
-73680881180215239
-398220908423572113
-859640548907197674
143891394585212830
-438455295073431426
-849429418109154099
-489108993522279338
-208519477259813975
-181377115804731735
-365199696230042828
-420361858914427255
-580644896363892775
-50476527699710095
127109452613223040
54742221446486488
-477446931158871595
586008298967155440
143682926334704075
312584699616253349
-716971757892128760
-363430350197049592
-6415070145877714
4949968749010880
-333473985201339705
-958151145614726154
235242829346422894
-332768445107208581
318988185521201440
-331263125594875956
-8769479931426816
492163705333972177
-213174190509751401
-352910797940049405
107013367551660646
-429493672357913413
-267033864291609888
577865903559233890
285818295438053440
401183126740864937
-685076853527626474
-945185553771719378
592264501692379440
-525473243614485060
-67246039848673610
-302127767978898883
-232802949536504245
820207196322120090
872810399295943040
408429536000300560
-207520229001642201
18555004487545613
-117340662551862248
7456512656409784
-51870278198996
318548283099829069
-379998095071246749
210610704682464127
819347932377003440
-376759211609931246
84596359219152040
-242850274665694320
-345924226696095740
400671882963779544
808032552627383040
-929440863568566255
-62867743440853658
-445419954207007549
293129111419582996
587153088956277000
-860272204163669053
819347932377003440
-5733448503432505
-258871652287036292
160217119418490000
-606054482400076920
-933316311806500755
-144141143202630476
86898483288245718
-4607790944981803
442649514544609900
808735638903168800
-551672818691945410
403118032987048952
-238572205206607900
953208791472704240
197360025523827120
48325805272790255
-45311928627168312
-566010557520843583
-138215692744062965
-436699929984069895
-23922335926630587
-661166295599998990
670710615485684160
204922592044467066
976227855390864880
-117106318944316991
-711972992761242782
-45042215259900526
233620894023790320
-978153702342880543
-691880535228467925
239415704593374376
-839828274888885415
125647033759877520
301969398380646973
-804939609713034607
622795545492734775
-396692017312060780
-652429822973323426
439401233590291120
-214595204564368255
63304253028902880
169175404001636852
-8858710237612032
-870959675092009160
-581277009150753874
-327551571067189045
-903706325458279366
-593121033946387060
-309234370003471332
-126935341567677448
221478780628929321
-9664270347321562
122422138707383120
404539934731073396
287387546918529040
-171012870532255087
362038415378042000
437848796034487200
464532472466075059
625895043096918800
-19685329106035966
756814327862515234
367261488439452583
-143850852255567873
-685076853527626474
-214595204564368255
937261731423533440
-490836493542318282
223347405277005369
-138167950222428
-525473243614485060
-83078403964408121
-959179293861241790
835569431930196322
-285937418675282360
-705849960005927354
-335480323183883838
624522209840467364
923591372870173590
-245414864972096490
377380819886007803
-790247521544991370
18824658817810368
827040480259556080
-11632768269088936
497015756643400722
208384143582481360
-391901779807296095
-249258767345715946
23020872242009840
352274890336042720
679873886605133840
-122225294037407634
-555371867149830240
-218725848829868577
-777209820788312679
-102656842241879889
292876736331537
89574073479056960
-143850852255567873
992223463907284369
121309482634306560
27899699101179360
-754635830344505228
490600559798397440
-835378589622664442
-583032188626551620
301745164032057360
285818295438053440
3863544384429856
-469917868412576723
441599318622681832
-188523443126135273
13342527904844850
83167843638936880
359144874079024634
-269901266862563219
-539471491937519490
-594609154395737400
-98307641455728763
-232218351028171522
-618828535241221101
7929301028758373
-255173513425073161
747883499914466480
-335856332715487920
1516818468212320
509633583777368000
-609164602528329504
265351245003582444
-921965397938481663
-62940380429266313
-73264711253598664
-681490909465458923
297589795668211926
-52293872484642048
-928099978109149064
963240092911028720
-814479805863330275
-118189073353671334
928505925150741378
-633491450240573238
684074410690307600
703415484380552320
-308298443772794671
-915700049402098551
-455189506197456897
-287414936340907760
-429285199537470684
707779913021119428
730488600218274282
-586124312045344667
-370204670707826520
84596359219152040
512310281676422400
478121291010704560
109246764800354472
245404049168498683
574787082792821670
216564814364108000
-652429822973323426
376552656213172497
490943756010968208
-39772837276514580
449551063433598480
-831858054085778442
8622797175875328
-661644580496232184
-212118052146656789
18920721547657850
-31261662842515686
449551063433598480
-366891843782425553
-109093999979265689
337693392882829485
3715689294027200
-537369232699997554
861895770015669040
266983266713803786
790353013716902240
112119197276085048
-134538947653923672
-73011341682544404
359144874079024634
512310281676422400
176065804763667636
168425464031100320
894082491735524934
152379056761930000
-160443831074560809
-814479805863330275
193612356429979825
-633875896728658
262786048060560620
784341913099210000
654116463435465280
477499752060688232
269685521027730640
-714435511594705587
637571466907972560
-127838294221761032
-24640826255977061
127109452613223040
205094956983961338
-600761270664193365
50573363533408764
278881671758942000
-45042215259900526
-816239254895017282
427974136303412837
217081667195146480
-328917348287324545
239470135256784383
238378921860868240
408429536000300560
-300873230250121183
173755061531516761
-723202449341528543
2443248189723264
7416455383322496
3287127500374956
-638359894238210104
-516050407857168800
256000440534434631
138404959730614160
-161112826582287909
-145265418201522196
667197307268255440
-687384550940430
931549971435021898
810139123881819151
-76086317739541152
-415369820123286414
804294604492561991
658293068280113047
-803083496796696241
-582399463412129212
436195560199529394
97717221356766660
326129214848589298
-943894094366655476
758674875962148232
-350367246006729600
-235487633665590
655177630712008080
438007437021214322
851077349836444692
-610292623970969655
-216066528030182366
-548811945023133360
-708141839120157009
915434921003770596
-937154799260627407
113021986931080760
-86819916924508176
116332748416049012
234928903027348756
333759755362657840
861895770015669040
-435552320974527301
-411727514613557752
-829891961689341560
554260506679141208
542279514630216964
-719002774693689136
-323845475642942783
-47670596213724120
57525756992333770
698439106669372320
-354789865705547264
-866391737623700477
194573318991720570
387610154126395920
8135505405677552
-523278114650961348
309764198558572560
622214721476271680
756814327862515234
286941058270692210
-111770478510227460
889253506915924318
758397504315938760
-82096472586368717
-154841060683843689
132388291667374080
40575001153664000
565076482141475840
929494313952015520
213463596749387440
138404959730614160
-456158856834474780
769933937405982689
-328689660874351945
65679859527296240
453551131582042960
-487679310063097282
128005367983277680
741043437739937280
-31807805715901214
64913325120741945
-486150065694602310
-531849149202267261
334608863562878380
513829340025079773
493941788742770299
660888264417583922
-3242733408487296
-623967157685516664
221751403136457840
310087851178183974
-254594297464716559
90086142969709760
-24045508650238500
775608208556464967
646424839092606230
808735638903168800
11788334765946609
723819540645440800
604215168583074750
-213632281530324590
24080405017104828
208384143582481360
-704232467591426300
402832875311837920
862915012075917440
-163155808378456954
-69894118418146215
576999215959604785
-939876794150418413
-940330123379562020
-348365768136250165
-677494544395394993
20797608310096880
426982188867618672
-515451895919559493
-434980247488763256
277462290050859326
-38328784502739700
-186582345408141204
-833411698857284386
687245777719045146
339392666757815622
-332034109953325015
91938169463340564
-624356572497937720
990844153244425976
643596039169197347
470149820561294415
737604742142397336
-82438786597401017
690732223710487840
872400412516223500
-666134305203069973
111367049827175984
-652429822973323426
253183592497499280
464448536759889567
542404780795438800
509633583777368000
-365024054400800468
-765535107077529840
-558243123743928981
490713913308574400
427974136303412837
-912678802876263969
-42826778251807591
-388633112935822683
883239468364498060
-726513522898503809
-209010586723775198
250306826753079807
-354789865705547264
-922720161657168819
258598143235123056
842241990802939520
-27752810665334160
-72275927135891052
313056075278942960
349045122640503430
824119501222034240
-611514145089932591
-36149439129364563
-500698580289472752
960486834665118080
420642597155109035
-275078399488893
-627158869414170235
-73577147447237743
-73011341682544404
-12866585021180415
109179969923174007
-24820327364765831
-455683407877024445
366494786279855340
62436322344998616
21083437058942000
-250655291217431144
-683766386473805158
725115069377330861
-220089740278711212
730951838370625940
784108841921102241
13869562769534155
-196897855579874147
254002865012923554
-368060678336405292
-777209820788312679
-60732532667349817
647334731997343012
-857560626402262611
465160656377571440
-138127434846250956
-420361858914427255
861895770015669040
-32213541565071376
-16651059415687767
-263110801598409422
774259043047050400
113817486939035418
-929431854783841175
-924865080366510712
928505925150741378
49901523565668400
-361344763602639077
-104890080532597511
-339463843851225264
-328263691794477829
-294509559524872608
-363988686811882713
583599886584804720
-941299434799376819
-431501748811781799
857204978947165920
-392612533117921954
678950154080988675
977827000414132771
-229472334304464189
132748517558399532
-363674184695619888
-554490221030725186
-483733225013976300
780422263114592512
119332472446220480
-557937539667225281
630711300954584320
-57824000142354950
532471959777252240
-691880535228467925
-978360764162930026
-957555751829135880
114194745948233016
207685377357500080
-57824000142354950
872400412516223500
-212253252473135491
-503605270580766340
86898483288245718
-455574170485622248
-427899520902692142
-671786778142439486
-54096237752602258
-133216641307418914
576999215959604785
487016393501759904
-295699041796412216
-446414340315595842
-166551362611778515
812126397561314160
-857319631223430164
327032648909304426
-381247905518306378
-259123891803140100
-13447941723064555
-369472772610111625
-494144881022998681
685648733491153491
258762189010555818
301969398380646973
-550669081103357548
837220410930548357
-945600657569539900
755597456210877649
790353013716902240
-558243123743928981
-180752837605341606
-769781433263942640
350833109358946327
15287866812136383
-326293075008553007
183124064269035200
-232053103207485793
849629862332777055
-186582345408141204
208023304763314080
1422241079954856
613063586551206080
465947692337252976
542424943857547193
4087527202978780
-621696412446704789
-637372734051013220
-227217793776196021
-618828535241221101
221136638646089040
-705849960005927354
-592887469952377584
-825017070398658718
-27868530325838160
-59479241917493341
-927613400401188508
122530876259216640
-313299404962566694
-55725777878454593
-376911156571988505
202955629723661049
286404749831256
-870959675092009160
323436901712776758
-83321957089406989
-26427864108550136
-62417478090399905
-296382529301917740
-640252773157152047
-908253878129306689
622214721476271680
-643430899895037898
683197556093735853
-254290943004381361
-602522465846893785
455057512409655560
-849284736221063805
-53959074199894389
214521600529380106
598873286007532049
-209244020440345793
-428387159607130517
-651387589686161391
4432040662746752
242327849813800000
333759755362657840
-39023577161489761
-435552320974527301
335886511591359280
231838950780033360
311397773563030640
293053261213526153
-420953827580198971
-31807805715901214
341520519565196899
223366659161917112
-748544336814753237
143674647570134400
494090000747705585
-534613864993640630
-321287915037343527
-593081576463638412
-206441765681003400
-743468212007318400
-145998087900171739
-379855398949671961
-147228952034297014
-654203166100593975
-457109873292983280
454797790269044475
-661166295599998990
-232904356962088078
-786029521541851070
-299235687075115560
-519831028880017310
763677304063132060
316073052054721275
152420723930909280
504607528863147730
223745529628623897
-847173385700425771
-925844421111244365
714776169208925956
-438904769348206314
-55725777878454593
-2396271711706208
-450891009868055155
664047381479243040
-426188600940963612
191568750332645040
-37984268161167777
-880066156202624192
1735446798637440
-28784305894914255
-461839354948568378
2790415264947520
755233441219721910
-236817626825056440
757148754551481002
710649800841625009
465947692337252976
172787678172756240
-308803788548847948
15287866812136383
636867731245112211
397495538226567360
