843122111982080
725953407053371874
317138430443920860
327010452253120
524910693619580
839096455980310650
923721465864024000
46321772604597840
472973793586479810
336440822197740
614297414243458077
25277183217460
527234830754920
9862439502733488
4118410302008348
933231158828740
664953217414960
74088681389620
169906560942508
1797709754749088
52509815871843693
958873479065400
858931606916912550
138317995636447144
843331596273288000
405520198624045650
363867877177900
397314684320795820
532077584778947190
801563822967497402
267300650017200
774584466736054050
856216723333920
525856566887131920
705543488586522930
630881647246674030
443028403156628718
861482069889800
611210495672780
627332524305820
666396884765920
267300650017200
145813177890320
4032313759595922
3684967627747790
822582684025020
272085753873366971
311735118160884900
174045400231962630
619270806470349150
350483590521920
4378030636854910
60465875450783134
627332524305820
83979685058660
492079406849080
563868591406517424
343693407855871830
568408865579304305
43401382332762850
554084283796905930
141006134431835340
801360170698752660
811832124967560
836462538983373530
140025572097047973
732778530237560139
63786579102349230
11563726770970730
963443311230074310
858931606916912550
31872024729488780
823187655816716575
901207998635820
225427853771313630
776832865170580
658335724526020
304084739986088130
972306653739002880
502846005420136127
918970503705100
958585392346243140
876942862182549030
12921533862075233
65129054561354280
75473361871760
26474818438717080
4219212982146678
4803916731653942
15593653268382000
392320889258112975
243843086894860
284782133715240
264805282908800
455446802500260
184606783655985544
14008194857609479
860502046536960
354150550835145630
297654381909521790
517848696278507389
937678783942794261
589772266969095600
704362428674158997
106245894243636540
775577789529384720
402000759479626620
658080198191940
74088681389620
14807221973116200
4699102562540486
368766488275219770
940593529690640
3213652219462634
454624564127838390
860502046536960
868567886504123160
8258887657629780
443588452099554750
25766825374528148
614010527559540193
797317085903337780
433375433011299408
4418736746779220
673555753394660
37485919821580
1725681213947886
16810508543163360
88944784113200
773394780842860
33176567449417152
148306508836060
516662666146393170
15071301463063509
767120236000458927
327010452253120
3292270335995328
84872848244340
144903702402661740
803600918570100
149914668558720
199467213973520
600992682381700530
200803722268704300
225427853771313630
3445248737933754
375957181054230225
525856566887131920
816657228591661515
382646997995782860
534743615240819694
382646997995782860
237836383853624730
630431171524060
860502046536960
4259937223979544
525856566887131920
909806969209461420
12297374584453200
297007657301333037
61615033997689380
720585900381051360
830522329710960
1509149426639678
876942862182549030
316242454245858816
408185539233560
363867877177900
7318188195792374
463193835122880
516662666146393170
242161505639253354
781159213469049660
688229759749856160
471968188057307328
846697830082160
802930075935320
664953217414960
860502046536960
66634183689519240
518916079348368990
641864864603520
814564169168140
621526437888180
843122111982080
775577789529384720
278676693346697640
14713419647860944
23836991716749930
4178084202464446
11981399562152641
712867682680818700
45116836788766890
886465359554420
803600918570100
837624518909127432
24990382239752008
760269351412259346
876942862182549030
469480708153460
