3166628684062157
3166628684062157
3166628684062157
3032269786964216
31511305490085301
3112365720672572
3166628684062157
3105996882409483
3112365720672572
16511332520687938
3074966117489240
35567581473428004
3032269786964216
3166628684062157
3112365720672572
3112365720672572
3166628684062157
50929549983734541
3166628684062157
3112365720672572
60142743874200624
14082530303107098
518755955672445036
3074966117489240
11585729603073686
3166628684062157
3033162864114956
3112365720672572
3166628684062157
3105996882409483
2196680905941582
3166628684062157
3166628684062157
39772700748561031
3112365720672572
178791475909905171
3166628684062157
3112365720672572
20654965571248843
3166628684062157
12947389509625844
2131089118702888
3112365720672572
3166628684062157
3166628684062157
47704103374198929
3112365720672572
3166628684062157
3166628684062157
3166628684062157
3074966117489240
9176596830096157
54692168816873423
3105996882409483
54692168816873423
16511332520687938
3166628684062157
3166628684062157
3032269786964216
3166628684062157
3166628684062157
3112365720672572
60255660420018408
51923739768779739
3166628684062157
3166628684062157
3105996882409483
31196488717882280
36187689309255099
3166628684062157
21585093011848184
30772381696070132
3112365720672572
3112365720672572
3166628684062157
3135743118426366
3166628684062157
54692168816873423
3166628684062157
3166628684062157
3166628684062157
3166628684062157
3105996882409483
21961421251194554
3166628684062157
3166628684062157
51923739768779739
3112365720672572
2977271515084247
60898692833816688
3166628684062157
3166628684062157
3166628684062157
3112365720672572
16511332520687938
32126433996849779
3112365720672572
3166628684062157
3166628684062157
3166628684062157
2649006586759236
3112365720672572
3112365720672572
3166628684062157
3112365720672572
3166628684062157
3112365720672572
3112365720672572
42451903234866849
1945466999172817
3166628684062157
3166628684062157
3166628684062157
3166628684062157
3112365720672572
3166628684062157
3166628684062157
3166628684062157
53754970474313108
3166628684062157
3166628684062157
12614191760733032
3112365720672572
3166628684062157
3166628684062157
3112365720672572
3166628684062157
3112365720672572
3112365720672572
3105996882409483
119436790268540108
3032571838392031
12947389509625844
12947389509625844
3112365720672572
3166628684062157
3166628684062157
3166628684062157
3105996882409483
3112365720672572
3112365720672572
3112365720672572
16228396337929048
3166628684062157
3166628684062157
893739166604745916
3112365720672572
2649006586759236
13173122532671639
3166628684062157
3166628684062157
31575919337337284
3166628684062157
3105996882409483
3166628684062157
3074966117489240
3112365720672572
3105996882409483
3074966117489240
3166628684062157
3112365720672572
3166628684062157
3112365720672572
3166628684062157
3166628684062157
842862794105944096
3166628684062157
3166628684062157
3105996882409483
35567581473428004
3074966117489240
3032269786964216
3112365720672572
3112365720672572
3112365720672572
3105996882409483
3166628684062157
12947389509625844
21585093011848184
3135743118426366
21325716709135280
12791807783897480
3112365720672572
3166628684062157
3033162864114956
3135743118426366
3166628684062157
3166628684062157
21961421251194554
3105996882409483
3112365720672572
3112365720672572
3166628684062157
3166628684062157
16511332520687938
3166628684062157
2909289330177127
35567581473428004
15409966942203838
3166628684062157
