82488532174038920
-4911265427037555
-1291118138990440
-2551138347907479
-1410730665955780
-1410730665955780
-1410730665955780
-2687100121243810
-1410730665955780
-1410730665955780
-1410730665955780
1184625262013886
1796043639446940
-1182832011016420
-2564749622416765
-1579893210640647
-1410730665955780
-1410730665955780
-1410730665955780
-11524033646388585
-1410730665955780
1334079332998250
-4911265427037555
-1410730665955780
-1629390038022591
6906341125810260
-1410730665955780
-1410730665955780
-1370079026240320
-1410730665955780
-1410730665955780
-1370079026240320
-1629390038022591
-1410730665955780
-1366167718554999
-1410730665955780
-1410730665955780
-1410730665955780
-1410730665955780
-1182832011016420
-1629390038022591
-352742922933796759
-2267480999360590
1333938774673575
9676414296272514
-2751442937395745
-1629390038022591
-1410730665955780
-1410730665955780
-1410730665955780
-1410730665955780
-1410730665955780
-1410730665955780
-1410730665955780
-1410730665955780
-1901177294248510
-1370079026240320
-1410730665955780
-1410730665955780
-1410730665955780
-1368071633729720
-1410730665955780
-1410730665955780
-1410730665955780
3754057464312480
-2665296355869163
-1410730665955780
-1410730665955780
-1410730665955780
-4757495664358257
-1410730665955780
-1410730665955780
-1410730665955780
-1378209913560480
-1629390038022591
-1410730665955780
-1410730665955780
-1410730665955780
-1410730665955780
-1410730665955780
-1410730665955780
-1410730665955780
-4578021945643335
-1410730665955780
-1629390038022591
-1629390038022591
14142098925357656
-1410730665955780
1334079332998250
-1410730665955780
-1410730665955780
-1410730665955780
-1410730665955780
-1410730665955780
-1410730665955780
-4578021945643335
-1410730665955780
-1410730665955780
-17844569620925528
35751767209216640
-1410730665955780
-17844569620925528
2323667914584393
-1410730665955780
-1166809012133720
-1410730665955780
-1410730665955780
-1410730665955780
-1410730665955780
-2751442937395745
-2029716134007161
-1410730665955780
-1410730665955780
-4911265427037555
-2751442937395745
-17873169259729474
3832494177537600
-1398053686048000
-1410730665955780
-1410730665955780
6906341125810260
-1629390038022591
-1410730665955780
-2267480999360590
-1410730665955780
-2202141226948960
-1410730665955780
-1176133985037759
-1078330574983480
-1629390038022591
-1410730665955780
15408798212635980
1333938774673575
-1410730665955780
-1629390038022591
-1378209913560480
-1629390038022591
-1816420271069700
-1629390038022591
-1410730665955780
-4911265427037555
-1614748161105600
-1629390038022591
-1410730665955780
-91208761163574145
-17844569620925528
-1410730665955780
9676414296272514
-1629390038022591
-1410730665955780
-2564749622416765
-2420785679420849
-1410730665955780
-50335381778575769
-1410730665955780
-4911265427037555
-1410730665955780
-2751442937395745
-1410730665955780
-4578021945643335
-1410730665955780
-1410730665955780
-1410730665955780
-1367876167876260
-1410730665955780
-1629390038022591
-2564749622416765
-1410730665955780
-1410730665955780
6764994349213698
-1410730665955780
-48884159783653533
-1410730665955780
-2751442937395745
7826625609851895
-2751442937395745
-1410730665955780
-1629390038022591
-1410730665955780
-1410730665955780
-1410730665955780
-1410730665955780
-1629390038022591
-1410730665955780
-1410730665955780
-1410730665955780
-1410730665955780
-1410730665955780
-1410730665955780
-82658884217280280
-1629390038022591
-1410730665955780
-1410730665955780
-1410730665955780
-1410730665955780
-1018300248097220
-1410730665955780
-1410730665955780
1404392018650852
1334079332998250
-2126391783350540
-1410730665955780
-2744571400336011
1184750087039860
1503708526625781
-1398053686048000
-1629390038022591
-1410730665955780
-1410730665955780
-1410730665955780
-1410730665955780
-1410730665955780
-1410730665955780
-1410730665955780
-1410730665955780
-1410730665955780
-2564749622416765
-6297809412738624
-26103805437342112
-1410730665955780
-4911265427037555
-1410730665955780
-1629390038022591
-1410730665955780
-1410730665955780
-2751442937395745
-4578021945643335
-1410730665955780
-1582437505990704
-1410730665955780
-1410730665955780
-1410730665955780
-1410730665955780
-1410730665955780
1334079332998250
-1410730665955780
-1182832011016420
-1410730665955780
-1410730665955780
-1410730665955780
-8619382452226221
-1410730665955780
-3948883761581385
1174217144182808
-1629390038022591
-1410730665955780
-2751442937395745
-1629390038022591
15408798212635980
-1410730665955780
-1410730665955780
-1410730665955780
-1410730665955780
-1410730665955780
-1410730665955780
-2751442937395745
-1410730665955780
-1410730665955780
-1410730665955780
-1378209913560480
-1410730665955780
0
-1410730665955780
1334079332998250
-1291118138990440
-1629390038022591
-1370079026240320
-1629390038022591
-1366167718554999
3832494177537600
-1370079026240320
-48884159783653533
3832494177537600
-1629390038022591
1184750087039860
-348465404322602005
-1410730665955780
-1410730665955780
-2744571400336011
-1410730665955780
-1629390038022591
-1410730665955780
-1629390038022591
-1368071633729720
-1410730665955780
-1410730665955780
-1410730665955780
-1410730665955780
-1410730665955780
-1410730665955780
-20672230410871484
-1629390038022591
-1629390038022591
55271071713731480
-1410730665955780
-1410730665955780
-1629390038022591
-1410730665955780
-1410730665955780
-17304968342744272
-1629390038022591
15408798212635980
-1370079026240320
-1410730665955780
-1410730665955780
-1587611907636228
-1410730665955780
-85516333862673824
-2267480999360590
-1629390038022591
-1018300248097220
-1629390038022591
-1629390038022591
-4911265427037555
-1410730665955780
-1629390038022591
-1629390038022591
-1410730665955780
-1410730665955780
-1410730665955780
-297589833229011202
1334079332998250
-1410730665955780
-1410730665955780
-8619382452226221
3832494177537600
-1410730665955780
-2524951463701653
-2564749622416765
-1410730665955780
-4911265427037555
-1410730665955780
-1629390038022591
1333938774673575
-1410730665955780
-12362891375255805
-2267480999360590
-1614748161105600
-1629390038022591
-1366167718554999
-1410730665955780
-1629390038022591
-74687208721605881
-1410730665955780
-1410730665955780
-1410730665955780
-1410730665955780
-1410730665955780
7363199446077480
-1629390038022591
-1410730665955780
-2751442937395745
-1410730665955780
-4911265427037555
-1629390038022591
-1629390038022591
-1410730665955780
-2564749622416765
-1410730665955780
-1410730665955780
-1410730665955780
-1370079026240320
-1410730665955780
-1629390038022591
-1410730665955780
-1410730665955780
-2751442937395745
-1410730665955780
-47004530780250505
-1410730665955780
-1142234955218860
-1410730665955780
-1582437505990704
-1410730665955780
-1410730665955780
-1291118138990440
29999103732037472
-1410730665955780
-1410730665955780
-1410730665955780
-1410730665955780
-1410730665955780
-1410730665955780
16654919631223230
12871392421723734
-1410730665955780
-1629390038022591
-4757495664358257
-1629390038022591
-1410730665955780
-1398053686048000
-1410730665955780
-1410730665955780
-1410730665955780
-1410730665955780
-1410730665955780
-1410730665955780
-1629390038022591
-1410730665955780
-1142234955218860
-296833645265720
-1410730665955780
-1629390038022591
-1410730665955780
-1366167718554999
-1410730665955780
-1410730665955780
-1410730665955780
-1629390038022591
-1410730665955780
-1629390038022591
-1410730665955780
-1410730665955780
-1410730665955780
-1291118138990440
-1629390038022591
-1410730665955780
-1629390038022591
-1410730665955780
-1491237898451718
-1410730665955780
-1580118973163634
-1629390038022591
-1410730665955780
-1410730665955780
-1410730665955780
-1410730665955780
-1629390038022591
-1410730665955780
-1410730665955780
-1410730665955780
-33410324117343240
-1410730665955780
-262522433544965984
-1410730665955780
-1410730665955780
-37737591661708874
-2420785679420849
-1410730665955780
-1629390038022591
-2564749622416765
-1291118138990440
-1410730665955780
-1410730665955780
-1410730665955780
-1410730665955780
-1410730665955780
-1410730665955780
-2267480999360590
-1368071633729720
-1410730665955780
-2541470337110105
-1182832011016420
-1579893210640647
-1410730665955780
-1629390038022591
-1410730665955780
-1410730665955780
-1410730665955780
-1410730665955780
-1410730665955780
-1629390038022591
0
-4757495664358257
-1410730665955780
-1291118138990440
-1398053686048000
-1629390038022591
-1122309294805060
-1410730665955780
3832494177537600
-1410730665955780
-1410730665955780
-1629390038022591
-1410730665955780
-1410730665955780
-2744571400336011
-1180702397023668
-1410730665955780
1501147050106746
-1629390038022591
-23954561764410210
-2212286934561715
-1410730665955780
3722887641987360
-1410730665955780
-2936040033095845
-1410730665955780
-1410730665955780
15407174744819298
-1410730665955780
-1370079026240320
-1410730665955780
-1410730665955780
0
-1182832011016420
-1629390038022591
-1410730665955780
9625406401503585
-1410730665955780
-1410730665955780
-1410730665955780
-1629390038022591
-1366167718554999
-3111327170542080
-2267480999360590
-1629390038022591
-1629390038022591
-39188355273932671
-1629390038022591
2489575822037760
-50420353153905779
56304358467075010
-1410730665955780
-1410730665955780
-2541470337110105
-1629390038022591
-1410730665955780
-1410730665955780
-1410730665955780
-1629390038022591
-1410730665955780
-1410730665955780
-1410730665955780
-1629390038022591
-1579893210640647
-1410730665955780
-1410730665955780
-1410730665955780
-1410730665955780
-1579893210640647
-1410730665955780
-1410730665955780
-32364260188018776
-2551138347907479
-1410730665955780
-1410730665955780
-1410730665955780
-1410730665955780
-1410730665955780
107009769676677700
-1410730665955780
-51832528472963193
-1410730665955780
-1410730665955780
-1410730665955780
-1614748161105600
-1629390038022591
-1410730665955780
-1410730665955780
3832494177537600
-1629390038022591
-2751442937395745
-1410730665955780
-1166809012133720
9286844755146420
-1410730665955780
-1410730665955780
-1410730665955780
-1410730665955780
-1629390038022591
-1410730665955780
-1410730665955780
-1182832011016420
-2198914725614660
-1410730665955780
-1410730665955780
-36334754797741700
-1582437505990704
-1410730665955780
-1410730665955780
-1410730665955780
-6183291220880830
15407174744819298
-1410730665955780
-1410730665955780
-1629390038022591
-2267480999360590
-1410730665955780
-1410730665955780
-1410730665955780
-1629390038022591
-4471217250972171
-1629390038022591
-1410730665955780
-1410730665955780
15142207059019518
-1410730665955780
-2851435051793680
-22599474817031700
-1410730665955780
-1582437505990704
7439810928234300
-32036706001509880
2170194964951156
-1410730665955780
-1410730665955780
-1410730665955780
-1367876167876260
-2267480999360590
-1410730665955780
31844679551257540
-1410730665955780
-2564749622416765
-1582437505990704
-1629390038022591
-25880620571709352
-1410730665955780
-1410730665955780
-1410730665955780
-1582437505990704
-1368071633729720
-4911265427037555
-1410730665955780
15407174744819298
-1410730665955780
-1629390038022591
-1582437505990704
-1374559038336240
-121151172732336162
-2564749622416765
15371782899401848
-1410730665955780
-1410730665955780
-1410730665955780
-1166809012133720
-1410730665955780
-1410730665955780
-22218680932585095
-4911265427037555
-1368071633729720
-1374282409895838
-1410730665955780
-1410730665955780
-1122309294805060
-1410730665955780
-1366167718554999
-1410730665955780
-1410730665955780
2323667914584393
-4536468930845595
-1410730665955780
-1629390038022591
-1629390038022591
-1376377328510000
-1410730665955780
-1410730665955780
-22599474817031700
-1410730665955780
-1629390038022591
-1410730665955780
-1410730665955780
-1291118138990440
-1410730665955780
-1410730665955780
-1410730665955780
-11524033646388585
-1629390038022591
-1410730665955780
-1629390038022591
-1410730665955780
3832494177537600
-2564749622416765
-1629390038022591
-1410730665955780
-1629390038022591
-2541470337110105
-1410730665955780
-1410730665955780
-1410730665955780
-1398053686048000
-1410730665955780
-1368071633729720
-1410730665955780
-1629390038022591
-2564749622416765
-1410730665955780
-1410730665955780
-1410730665955780
-2267480999360590
-1410730665955780
-175098289430718511
-2751442937395745
15269987384218266
-4911265427037555
-1410730665955780
-1410730665955780
-1410730665955780
-1410730665955780
3832090386737760
-1398053686048000
66988734687080536
-1629390038022591
1404392018650852
-1582437505990704
-1410730665955780
-1410730665955780
-1018300248097220
-1291118138990440
1333938774673575
-1410730665955780
-1410730665955780
-2564749622416765
8989670329844820
-1410730665955780
-1410730665955780
-2524951463701653
-1410730665955780
-1629390038022591
-1410730665955780
-1410730665955780
-1901177294248510
-1629390038022591
0
-1410730665955780
-1410730665955780
-1410730665955780
-1629390038022591
-4578021945643335
-1629390038022591
-1629390038022591
18745067407185444
-1410730665955780
-1410730665955780
-1410730665955780
-1582437505990704
-1142234955218860
-1410730665955780
7439810928234300
-1410730665955780
-1629390038022591
-1410730665955780
1184750087039860
-1182832011016420
-4578021945643335
-1410730665955780
-1410730665955780
3832090386737760
-1410730665955780
-1410730665955780
-1182832011016420
-11121583575903723
-1410730665955780
1184750087039860
629922398617208655
-37737591661708874
-1629390038022591
-1410730665955780
-1410730665955780
-2564749622416765
-1629390038022591
-1629390038022591
-88053690560638946
-1410730665955780
-1367876167876260
-1629390038022591
-3948883761581385
-1410730665955780
-4757495664358257
-1917770634636470
-1629390038022591
-1629390038022591
-1410730665955780
-11524033646388585
-1410730665955780
3832494177537600
-1410730665955780
-1410730665955780
-1410730665955780
-1410730665955780
-1410730665955780
-1410730665955780
-2665296355869163
-17304968342744272
-1410730665955780
-1410730665955780
-2247105167344000
-1410730665955780
-3948883761581385
9777093959594115
-1410730665955780
196652172005297757
-1410730665955780
-1410730665955780
-1410730665955780
-1629390038022591
-1410730665955780
-2751442937395745
899044690301650
-1410730665955780
-941705148768700
-1410730665955780
-1614748161105600
-1370079026240320
-1410730665955780
-1410730665955780
-1629390038022591
9777093959594115
150617180801316351
-2198914725614660
-1629390038022591
-1629390038022591
3563296829812800
-4911265427037555
-1410730665955780
-1410730665955780
-1410730665955780
18745067407185444
-1410730665955780
-1291118138990440
45518970505204210
-1410730665955780
-1410730665955780
-1591828658476056
-1166809012133720
-2267480999360590
-1410730665955780
-1410730665955780
-1410730665955780
-1410730665955780
-1410730665955780
-1410730665955780
-1410730665955780
-1410730665955780
-4911265427037555
-1410730665955780
-1410730665955780
-1410730665955780
-12362891375255805
-1629390038022591
-2267480999360590
-1410730665955780
-4911265427037555
-1410730665955780
-1629390038022591
-1614748161105600
-1410730665955780
-1629390038022591
-1370079026240320
-1410730665955780
-1410730665955780
-1410730665955780
-1410730665955780
-2751442937395745
-4536468930845595
-1182832011016420
-1410730665955780
-1410730665955780
-2267480999360590
-1410730665955780
-1410730665955780
-2347248215641833
-1410730665955780
-1410730665955780
26723833212547120
-1410730665955780
-1629390038022591
-1410730665955780
-1410730665955780
-1370079026240320
-1410730665955780
-1410730665955780
-1410730665955780
-21316829218082866
-1410730665955780
-1410730665955780
2170194964951156
-1410730665955780
-2751442937395745
-1410730665955780
-1410730665955780
-1410730665955780
40954514149383472
-1410730665955780
3832090386737760
-1398053686048000
-1410730665955780
-1410730665955780
-1410730665955780
-1410730665955780
-1410730665955780
-1410730665955780
-1182832011016420
-1410730665955780
-1018300248097220
97755146900940936
-1629390038022591
-1629390038022591
-1912469807398620
-1410730665955780
-1410730665955780
1404392018650852
-1410730665955780
-1629390038022591
-1370079026240320
-1410730665955780
-1410730665955780
-2267480999360590
-1549760767009901
-1410730665955780
-1410730665955780
-1410730665955780
-1410730665955780
-1629390038022591
-1410730665955780
-1410730665955780
-1370079026240320
-1410730665955780
-4578021945643335
-1629390038022591
-2212286934561715
-1410730665955780
1463067705023008
-1410730665955780
-1410730665955780
-2564749622416765
-1747382911162801
-1410730665955780
-85516333862673824
-1491237898451718
9625406401503585
-1629390038022591
-1410730665955780
-2075226631659820
-17844569620925528
-37737591661708874
-1182832011016420
-1367876167876260
-1410730665955780
-1410730665955780
-1629390038022591
-2267480999360590
0
-1410730665955780
-1410730665955780
-8386506161062350
-1410730665955780
-1370079026240320
3832090386737760
-1629390038022591
12015551357763052
-1410730665955780
-1166809012133720
-3956594687869469
-1410730665955780
-1410730665955780
-1410730665955780
-6183291220880830
1503708526625781
-4578021945643335
-1182832011016420
-1410730665955780
-1410730665955780
-1291118138990440
-2936040033095845
-1629390038022591
-1410730665955780
-1410730665955780
-1410730665955780
-1629390038022591
15408798212635980
-1629390038022591
-1410730665955780
-1491237898451718
-1410730665955780
-1410730665955780
-1410730665955780
-1410730665955780
-1410730665955780
-1579893210640647
-1582437505990704
-26051997564084420
-1410730665955780
-1319278230798117
-1410730665955780
-1410730665955780
-1410730665955780
-1410730665955780
-1410730665955780
-1410730665955780
-1410730665955780
-1614748161105600
39195783660384288
1184625262013886
-1291118138990440
-4578021945643335
-1410730665955780
1232297751156425
-12362891375255805
-1410730665955780
-1629390038022591
-2564749622416765
-1629390038022591
-1410730665955780
-1410730665955780
-6484671830409396
-1410730665955780
-2075226631659820
2360286785214267
-1410730665955780
