-8339568116083992
-8339568116083992
-8339568116083992
-8339568116083992
-8339568116083992
-8339568116083992
-171473448391978362
-34049296047582008
-8339568116083992
-8339568116083992
-11473972432333886
-8339568116083992
-8197266384673200
-5959751220300024
-5368831815920436
506923556252215560
-5785829725426808
-34049296047582008
85424580145446385
-11473972432333886
-5873646760493948
-11473972432333886
-5785829725426808
-8339568116083992
-5873646760493948
-43840455990968510
-8339568116083992
-35999824953532826
-8339568116083992
2821956187349184
44030858941745385
-8339568116083992
-8339568116083992
-8339568116083992
-8339568116083992
-5785829725426808
-50513001224190
-48685723509822867
169307395075277320
-34049296047582008
-8339568116083992
0
-13731476004083214
-8309519388084996
-5873646760493948
96269790272564563
-6934923358050744
-8339568116083992
-35999824953532826
-102479652475632960
-11473972432333886
-33540224197171568
-36638119401260700
229501031337343584
-8339568116083992
-34049296047582008
38968914090944371
-31862095207502313
-28845483397254932
-35999824953532826
15217487486809400
-8339568116083992
-11473972432333886
-8339568116083992
-48960540695318560
-34049296047582008
0
175335005415875881
-8339568116083992
-31862095207502313
218165231526861888
-8339568116083992
-30135755210388204
-5873646760493948
-8339568116083992
-5785829725426808
-54706291786731552
-22823116733134696
-30135755210388204
125972978124464910
-8339568116083992
-8339568116083992
-8339568116083992
-87386284777891968
-8339568116083992
-8339568116083992
-8339568116083992
-11473972432333886
53486716641064652
-8339568116083992
-8339568116083992
-5873646760493948
-55008231965769534
96269790272564563
-8339568116083992
-8309519388084996
-12153214532191707
-8339568116083992
-30135755210388204
18443653097231604
-8339568116083992
-11473972432333886
-8339568116083992
-15997627484961642
-55008231965769534
-8339568116083992
-8339568116083992
-8339568116083992
-8339568116083992
-31862095207502313
-5198544507915174
-8339568116083992
-5198544507915174
-8309519388084996
-8339568116083992
-8309519388084996
-5785829725426808
-5198544507915174
-34049296047582008
-5198544507915174
-44959522669600
-31862095207502313
-5873646760493948
-48228530464797760
-8339568116083992
-8339568116083992
44030858941745385
-31862095207502313
-5541396208104240
50517424988828415
-11473972432333886
-11473972432333886
-22823116733134696
-34049296047582008
-5198544507915174
-34049296047582008
-34049296047582008
-5198544507915174
40659398605777009
-8339568116083992
-1451977350562224
-8309519388084996
-8309519388084996
-5368831815920436
-8309519388084996
-34049296047582008
-35461590698177396
-8339568116083992
-3937083617723476
-11473972432333886
-8339568116083992
-6934923358050744
-8339568116083992
-31862095207502313
-8339568116083992
-8339568116083992
-43840455990968510
-5785829725426808
-35999824953532826
-8339568116083992
-11473972432333886
-30135755210388204
-22823116733134696
-34049296047582008
-5873646760493948
53486716641064652
-8339568116083992
-8339568116083992
-8339568116083992
-34049296047582008
-13731476004083214
-11473972432333886
-35999824953532826
-11302424792420156
-35999824953532826
41776063998526723
-8309519388084996
-34049296047582008
-11473972432333886
-8339568116083992
46514010510336621
-8339568116083992
17149447223927720
-31862095207502313
-35999824953532826
-8339568116083992
-10536328160510
-34049296047582008
33191322330107926
-5198544507915174
-5873646760493948
-8339568116083992
-8339568116083992
-8309519388084996
-11473972432333886
-8339568116083992
24361348847127444
-8339568116083992
-8339568116083992
-8339568116083992
