10
100
5 10 10 9 6 9 8 6 10 8 5 9 7 9 8 9 10 9 7 5 10 6 5 5 8 8 10 7 7 10 8 6 7 7 9 6 7 10 7 6 5 9 9 5 7 8 9 9 9 5 8 5 8 9 9 10 9 9 10 8 6 7 7 5 10 9 9 10 6 10 10 10 9 6 8 8 10 5 10 5 9 9 6 8 9 8 7 9 5 5 10 8 9 8 7 6 6 6 9 6
100
15 10 13 12 11 10 15 13 11 13 10 7 12 15 15 14 13 13 9 12 12 11 8 7 10 15 15 14 12 7 15 7 13 11 15 15 15 7 10 15 15 13 12 13 10 8 12 11 15 7 8 12 15 7 14 13 8 14 14 15 12 8 11 10 8 9 9 11 12 14 14 11 13 14 14 15 7 13 10 14 9 13 14 11 7 7 14 8 11 15 13 12 7 14 9 14 11 9 7 10
100
2 30 18 9 7 11 24 7 21 20 10 12 29 10 6 1 11 30 24 30 20 28 19 9 12 2 16 25 22 16 21 22 21 23 29 10 1 25 18 10 25 28 23 24 22 21 30 21 30 29 24 22 25 29 30 11 16 21 2 16 8 1 11 10 18 28 26 17 10 11 22 6 19 29 19 19 5 19 29 24 3 23 18 17 24 9 24 14 5 27 1 12 30 4 15 29 29 10 29 15
100
17 15 19 22 23 19 18 17 20 16 18 20 17 24 17 24 24 16 20 25 17 19 21 15 18 23 17 19 18 17 23 22 23 23 19 17 18 20 24 22 22 25 18 21 23 25 22 19 23 22 48 48 42 43 44 46 40 42 43 40 42 45 40 43 41 40 40 49 41 46 47 43 48 42 42 47 41 43 45 43 47 46 42 45 46 47 41 43 47 48 43 43 42 43 43 43 43 48 46 44
100
12 28 30 26 27 19 14 29 24 22 14 23 23 29 60 30 30 28 18 24 16 22 13 16 18 23 24 60 14 16 21 16 60 27 24 14 13 23 17 30 27 22 16 13 26 12 14 13 27 16 46 47 60 56 53 52 42 54 54 44 45 59 53 42 48 45 52 57 56 50 56 56 53 51 52 51 59 59 52 55 56 46 57 50 58 50 44 55 54 59 44 51 51 60 42 59 53 44 56 43
100
8 80 28 10 12 80 24 39 80 36 12 30 25 7 15 9 9 80 40 36 80 23 30 20 32 31 39 13 32 39 21 10 21 40 39 27 18 26 32 40 29 29 39 24 18 24 39 35 9 19 52 78 73 75 65 80 69 55 53 54 69 67 79 55 67 53 68 51 56 66 63 70 76 70 53 61 48 49 51 51 63 53 50 59 52 79 55 72 57 78 69 59 79 63 63 71 65 77 80 73
100
7 6 5 5 7 7 6 10 8 5 18 15 16 15 18 19 17 19 15 15 27 28 30 27 28 28 29 27 30 26 36 38 36 38 39 38 38 35 36 36 45 45 49 45 49 45 48 46 45 46 54 58 56 58 55 59 60 58 60 54 66 69 67 65 64 69 66 69 64 69 78 76 78 77 77 80 79 76 77 74 86 84 88 89 85 84 88 89 88 98 98 98 94 99 96 95 97 97 96 99
100
100 5 10 9 8 8 9 6 8 10 18 18 15 16 100 19 18 15 16 16 29 27 26 28 24 28 26 26 30 30 35 36 36 35 34 35 37 38 36 39 47 44 45 45 48 47 44 49 44 48 56 60 56 57 59 58 55 55 54 55 63 65 63 63 70 65 67 64 69 66 74 75 77 79 74 74 78 75 79 75 83 88 89 87 88 83 84 89 88 95 95 94 97 96 97 98 98 95 95 95
100
17 18 18 14 100 11 100 17 17 100 19 10 19 16 15 14 18 16 14 11 37 38 32 36 34 37 30 38 35 34 39 31 36 37 39 100 33 30 32 35 57 60 100 54 57 59 60 60 52 54 60 54 56 55 58 51 58 56 54 51 74 78 76 73 79 70 70 79 72 78 75 71 71 71 78 74 78 79 72 73 93 95 100 99 90 92 99 97 97 95 92 91 99 99 96 100 90 90 99 97
100
16 100 100 100 19 100 28 29 23 16 26 18 100 15 20 100 26 15 100 22 100 24 100 29 18 24 16 29 16 18 50 44 60 100 54 60 46 48 49 100 100 46 56 100 100 100 57 100 45 100 100 49 100 59 100 48 48 47 59 54 88 87 77 87 80 80 76 84 78 77 88 74 77 76 80 84 80 74 85 85 77 86 78 74 84 84 80 85 87 85 100 96 95 91 95 87 85 86 96 91
