10
100
10 8 9 10 5 10 5 10 10 8 8 10 7 8 8 6 5 9 6 5 10 5 9 10 6 9 7 10 10 5 10 7 8 6 8 7 6 9 10 9 9 6 7 9 8 10 10 6 10 6 5 6 9 5 8 8 6 6 9 6 8 5 9 8 5 9 9 10 9 10 8 6 6 7 10 9 5 5 5 8 5 7 10 6 9 5 8 10 10 7 8 9 8 5 5 9 7 7 8 10
100
20 18 19 11 15 16 19 19 20 18 12 11 16 12 10 19 10 12 10 11 17 13 20 12 12 12 19 19 13 15 13 17 20 13 15 12 10 14 15 12 20 15 15 14 12 20 19 20 18 16 19 13 20 11 12 14 14 15 16 13 16 13 13 20 17 14 16 12 19 10 15 19 16 15 11 17 11 14 20 15 17 18 16 16 13 20 10 19 17 13 16 19 15 10 12 11 13 20 15 16
100
20 20 21 15 17 2 19 30 21 22 29 11 1 30 29 30 9 19 27 30 3 30 28 1 17 19 5 21 3 16 13 7 5 4 30 24 3 3 15 13 30 15 15 19 9 23 17 1 16 28 30 4 11 25 8 15 13 25 23 16 11 11 9 26 28 28 25 27 13 9 12 3 25 4 16 19 10 2 27 1 22 22 16 28 26 26 25 26 6 21 26 8 15 23 22 14 2 30 26 1
100
18 18 14 15 13 17 18 15 20 20 13 13 12 19 20 14 18 17 17 14 13 17 13 12 19 14 12 19 12 14 19 17 15 20 18 18 20 15 17 14 14 14 19 13 16 17 20 12 15 17 32 32 40 36 37 32 36 38 35 39 36 36 37 32 34 35 40 34 34 34 33 32 34 40 38 39 37 32 40 38 32 40 40 37 33 38 33 37 32 39 36 32 36 36 37 32 38 34 37 34
100
14 16 22 16 13 15 23 23 25 19 13 14 19 13 14 12 19 14 23 14 15 12 50 12 25 17 17 18 16 10 12 10 13 16 24 10 16 22 22 22 14 22 20 16 18 19 21 15 50 16 49 45 35 49 50 41 43 36 40 43 42 47 49 38 50 44 46 46 49 45 45 42 43 49 38 45 39 36 42 41 36 43 40 38 43 36 44 43 45 50 46 42 46 40 42 46 50 43 38 36
100
11 15 60 9 23 26 20 60 60 16 15 9 13 7 60 60 22 21 23 12 14 18 9 28 21 21 21 19 17 7 14 14 10 9 23 19 30 8 21 23 21 20 21 11 23 17 24 25 19 25 38 56 53 55 39 40 37 41 47 48 58 50 39 40 42 41 39 59 56 42 42 56 44 47 56 55 50 59 52 42 41 51 40 42 59 50 57 41 56 53 51 39 60 54 46 37 58 48 43 46
100
6 7 7 6 6 6 6 6 7 6 13 13 13 14 13 14 14 14 14 13 20 20 20 21 20 21 20 21 21 21 27 28 27 28 27 28 28 28 27 28 35 34 34 35 35 34 35 35 34 35 42 41 41 42 41 41 41 41 42 41 48 49 48 49 49 48 49 49 48 48 55 55 55 55 55 55 55 55 55 55 62 62 62 62 62 62 62 62 62 69 69 69 69 69 69 69 69 69 69 69
100
6 7 7 6 6 6 6 8 5 6 15 15 15 15 14 80 13 80 14 14 23 24 23 21 22 23 21 23 23 22 29 31 29 29 29 31 31 31 30 29 40 38 37 37 37 40 38 40 37 37 46 45 46 47 47 46 45 45 47 46 56 53 55 56 55 56 56 56 55 55 61 61 61 62 62 61 63 63 61 63 69 72 70 70 72 69 70 69 69 77 78 79 79 78 77 77 79 77 79 80
100
13 11 11 9 10 13 9 13 10 11 12 90 12 12 9 26 25 26 22 24 26 90 27 23 25 26 27 22 27 23 36 36 39 39 39 36 37 39 37 38 36 39 38 36 49 50 90 53 90 49 90 50 50 50 50 51 52 54 50 51 63 64 62 63 67 67 67 62 62 62 67 66 64 67 62 81 79 79 80 77 79 79 78 76 81 79 77 80 79 78 87 89 88 86 89 88 86 90 87 86
100
100 100 3 5 3 9 8 10 100 9 100 100 100 100 13 100 100 20 100 100 23 100 100 24 100 100 27 27 27 100 34 33 35 32 35 37 100 37 40 37 43 42 42 42 49 47 49 47 47 53 53 54 53 54 59 58 57 59 57 58 63 63 64 64 64 69 69 70 70 70 74 74 74 73 73 79 79 79 79 78 84 83 84 85 83 88 90 89 90 88 95 95 94 93 94 99 99 100 99 98
