5000 1000
225 150 -299
-2 16 -8
4 8 -252
4 -24 -540
5 10 -3
2 20 -538
4 48 -144
4 16 -11
-4 -24 828
3 60 84
4 9 5
8 -64 -264
-5 -80 940
-8 -128 64
6 -12 582
25 30 -16
36 -180 -927
-10 60 160
-3 3 -10
6 -108 -474
25 -250 282
9 144 495
4 -80 144
1 -14 54
-5 -60 -175
4 -40 52
16 -160 240
1 -16 145
36 -168 115
-4 -5 2
8 16 -424
-2 -20 -42
3 -36 -333
9 -162 604
-6 -12 -246
8 1 6
10 160 240
16 48 -864
9 -90 216
5 10 50
-4 0 -32
16 -288 810
7 -112 588
100 500 -655
-9 36 -72
-1 -12 -72
225 0 -864
64 384 -624
9 -108 234
3 -54 270
-2 -36 648
-8 1 -3
100 200 100
-5 -100 -260
16 96 136
-1 -16 80
1 -10 1
3 60 327
-9 144 -720
-7 14 343
3 36 -108
-2 -40 -272
5 80 180
3 42 -3
3 36 -84
-7 126 -595
-8 32 32
-2 32 -256
1 2 601
16 128 228
5 50 -375
3 -24 -96
9 -36 24
25 150 177
-6 -48 -96
3 48 624
-2 -16 -32
1 -6 -236
3 -48 -240
16 16 -644
1 6 261
6 36 54
16 224 782
4 -80 384
-7 56 -56
-3 0 -270
1 -20 4
4 -8 4
144 -72 -23
-1 -2 -3
-3 12 48
400 -800 304
2 24 56
6 12 -966
1 -12 -774
64 64 -384
-9 -126 288
-10 -40 -840
1 -10 65
-6 -12 294
4 -32 -36
3 30 843
1 0 0
225 540 324
25 0 -200
7 112 133
-4 72 -304
64 -192 -180
16 56 -975
16 256 949
-3 -42 -471
7 28 903
-3 -54 207
16 -64 57
10 180 810
4 -8 -140
-4 48 -272
2 -40 600
-4 -56 -196
-9 0 0
81 -54 -396
81 -432 0
-9 72 981
4 24 -612
5 -70 -75
-2 4 -2
-8 -80 56
-2 -40 -72
400 -1000 305
7 -1 4
-7 -112 -336
-6 -48 -528
16 -48 -476
-5 -50 -845
-2 -12 -4
36 -216 -576
4 -36 1
-5 80 -320
3 -18 -549
1 16 164
6 48 42
3 24 96
7 -42 63
-6 48 174
36 -144 0
3 -48 672
36 120 -305
6 60 150
4 -8 -428
16 -32 -48
10 120 410
-1 -14 -130
-5 -10 -125
-8 32 48
8 48 72
36 -288 -432
-1 2 53
-7 28 -28
4 -32 16
100 500 113
10 -160 600
9 162 873
144 864 144
-8 0 -160
36 -252 245
1 -20 247
4 32 44
4 -72 284
-4 0 -4
64 320 -752
16 -288 848
-8 160 -856
9 -60 -548
2 12 -486
36 144 -836
10 -2 10
144 768 -272
6 -12 6
4 -32 1
-8 -96 -88
25 -200 391
3 -6 195
-10 40 -140
9 162 601
16 16 -140
16 32 -240
4 -36 -783
-6 -48 204
2 -8 -4
144 -288 -36
-7 14 -7
7 28 -868
25 -20 -796
9 54 0
81 432 468
3 48 921
36 -252 225
-1 16 -704
4 32 55
16 -8 -63
10 80 650
16 192 504
256 256 -80
9 108 180
4 0 -448
-3 18 69
36 -288 512
-4 -8 28
6 12 156
9 144 -432
25 -30 -216
-3 -36 108
36 72 -540
8 -96 -888
1 4 -192
5 -90 225
-7 126 -539
9 -180 459
1 6 25
8 -80 200
1 14 130
64 -448 -188
1 -6 -119
5 40 -240
400 -600 -351
-3 48 -96
4 -40 80
-7 98 -203
4 16 -368
16 160 -300
-2 -16 16
5 -9 -6
-3 60 -192
144 -192 -80
-10 100 830
2 -24 -152
-1 -14 63
2 -36 180
-6 12 30
1 6 -87
-1 -14 -535
9 -12 -320
6 -12 -894
-8 80 -296
-10 -80 -520
1 -4 -20
-2 20 -698
-2 8 -264
6 -96 378
16 -32 -272
-1 -6 135
144 -720 612
81 540 864
-8 144 -576
7 84 252
36 108 41
-6 -120 -636
-10 -180 -630
6 -36 -330
4 0 -243
81 -108 -369
-8 0 768
-10 40 320
-1 -2 -649
-3 42 -111
1 2 21
100 500 49
6 96 384
3 -30 450
81 162 81
6 108 630
2 -4 -98
3 60 306
5 100 875
-1 -8 -141
-5 80 -320
-4 16 64
-10 -80 -200
9 72 864
10 -100 240
400 800 -600
2 0 -64
16 -96 -640
36 216 243
4 12 -579
1 10 -704
64 128 -656
64 224 52
25 -100 -150
100 160 -86
2 -40 74
-6 -60 438
-9 108 -972
1 20 94
-6 60 -534
4 -80 -384
-1 12 324
36 -288 432
100 400 200
-2 -8 192
-7 42 -287
-4 64 392
9 -180 900
1 14 -441
-7 -14 -182
4 -48 -240
225 180 -139
-2 8 -608
-7 -140 -770
225 600 292
10 -20 -800
6 -72 -984
-3 12 -147
10 -180 820
-6 -36 378
-8 128 -512
8 32 -752
4 -64 -128
-4 -40 -100
225 -450 -342
-5 40 640
4 80 364
-4 -16 112
100 0 -144
25 -90 81
4 56 196
5 90 895
16 0 -640
9 -36 -27
10 120 610
16 -112 196
-10 80 -400
-10 0 100
10 -100 250
-1 -16 -127
8 0 -504
-8 0 640
7 -28 28
-7 -112 -798
-4 -32 536
-1 -4 241
3 -12 -15
7 -84 217
-4 8 -516
-10 120 40
7 56 224
2 -36 342
3 0 12
-10 60 550
-6 72 -216
1 -12 -62
9 90 0
4 -20 -171
6 -120 654
4 -8 516
-2 40 610
8 -80 -56
1 -16 46
64 -224 -188
1 18 91
225 300 -629
5 50 485
36 48 -884
-5 40 -80
-4 -24 -436
-4 -64 -256
4 -8 -284
9 -36 0
-1 0 -8
7 -112 -308
-1 -10 119
-1 4 290
3 6 963
8 -16 872
-2 -36 -122
25 -50 -200
10 100 700
-3 -42 -147
81 216 -180
-1 -8 -160
100 -400 200
400 0 -432
64 -448 -196
6 0 54
1 18 -63
1 6 -1
4 80 0
16 -288 396
-6 12 318
1 -16 -116
-4 -56 -484
-4 -48 -464
-1 14 -81
9 -36 11
4 40 -668
1 -8 -144
-7 5 4
-8 -4 -8
1 10 -15
-7 56 -462
25 80 -836
-3 36 -84
4 -64 -64
-3 -48 -288
144 648 537
-9 -18 -9
3 -60 -435
10 80 -840
64 -192 -444
-6 -2 1
-7 140 -749
36 -36 -639
-3 30 -75
1 -18 473
400 800 375
-7 56 -168
36 168 -956
25 0 -54
4 -64 640
1 0 -576
1 0 0
2 -4 -10
64 -32 -636
16 256 999
144 432 -252
8 128 416
1 -12 34
-2 -36 -162
-1 20 300
9 126 9
-4 -56 980
5 80 275
5 -30 225
-9 180 423
-5 50 855
1 -6 159
-6 84 -294
-5 -70 -870
-10 -160 -720
-7 -56 -287
64 -448 640
-7 112 -511
-7 -70 -623
1 -8 -48
-3 36 756
225 300 100
3 5 -4
16 -16 -572
144 480 -923
1 -12 68
-2 20 -104
-2 -28 94
144 768 -101
7 42 -49
16 -96 -56
36 -360 324
-3 6 213
-2 -12 126
-9 6 5
-6 24 -78
256 256 -448
4 -24 8
144 -576 144
-3 -36 -108
36 24 -896
2 24 -216
144 504 361
-6 -120 -600
8 -112 824
-2 -12 -418
-9 0 -810
225 0 -1000
64 640 700
100 -1000 -700
10 -180 610
-8 -64 896
3 -6 -4
-6 84 30
-8 112 632
4 8 -28
64 512 808
1 12 117
-8 -48 728
9 72 135
1 -2 -179
6 60 366
25 200 396
-2 -8 640
100 0 -800
3 18 135
-8 -32 -832
-5 -5 10
1 0 -245
9 -30 -200
225 0 -175
4 -32 40
3 -2 10
-1 12 -36
100 -600 852
1 12 81
9 -36 -828
-1 14 -73
9 -162 513
25 100 36
-5 -30 -30
9 -162 585
8 -64 176
100 -700 49
-1 4 -4
100 320 -544
4 -32 44
-3 -42 -3
36 -108 65
36 -72 -9
9 24 16
-5 -90 -405
7 -70 427
-2 12 414
-8 -128 -488
-2 8 82
1 6 -135
-10 -9 -6
64 -448 568
-3 -30 -75
225 450 9
1 -8 16
16 -96 -101
-1 6 116
-8 -128 88
6 84 144
-8 -80 -200
-2 40 -250
25 0 -180
4 24 -64
-8 112 8
144 -480 -752
8 160 224
10 20 -270
16 -48 -288
-2 40 -208
4 -80 -580
4 0 -324
16 224 144
400 800 -112
256 -384 144
-8 -96 -256
144 -648 -567
4 -32 -44
6 36 -534
4 56 696
3 48 -240
8 80 800
-1 -9 8
4 48 344
9 162 657
-2 -36 -270
8 -64 96
-5 -20 -40
9 -54 0
25 200 319
8 64 200
5 70 565
5 0 -320
3 60 57
3 -12 537
8 144 968
-4 80 -428
256 -128 0
-9 0 0
2 32 -34
400 -600 97
16 -160 399
-7 -56 917
4 16 -496
1 18 72
-10 -100 -250
144 480 76
5 10 -10
16 -128 228
3 2 6
-6 12 762
-5 -60 -680
400 320 -836
100 -200 -125
10 -40 40
-1 4 482
10 -20 -790
-10 -6 2
4 16 196
-6 -12 -6
64 -288 -108
9 -54 36
-3 -24 720
16 128 236
3 6 63
100 120 -764
-1 -9 3
-4 -8 976
7 -6 -10
-5 70 115
4 -16 16
-6 24 744
4 -32 -422
10 100 170
-2 32 -114
-10 -160 -600
9 -18 684
36 -216 180
2 40 160
4 3 9
-1 6 -13
64 256 -320
5 -70 145
-8 -112 -104
2 40 180
9 18 -166
-6 -12 666
4 -48 244
-9 36 -36
4 -28 1
9 18 -441
-7 140 -448
1 18 -31
4 -24 -92
144 -360 225
4 64 64
-10 -20 470
8 -3 -7
10 0 60
1 0 -486
625 250 -775
1 4 328
36 -216 132
6 -36 -714
-2 28 550
1 0 -810
16 56 -271
-1 -20 -103
5 -50 125
625 -250 -125
-10 100 -890
4 8 40
9 162 765
8 96 224
-1 -6 -58
-7 -28 42
2 -12 900
10 -100 450
8 -160 800
-2 16 -32
16 -8 -255
2 24 104
5 100 460
-4 -64 392
-10 0 0
-2 -24 712
4 4 -47
144 -648 633
-1 14 -47
10 0 0
25 0 -252
5 10 325
-10 40 -90
8 160 600
1 4 104
-6 -96 -432
8 128 512
-7 84 -217
4 -8 -596
-5 -9 -2
-6 108 -390
9 36 -9
-2 -4 38
7 28 -252
4 -72 420
2 -8 -592
9 -30 -263
9 108 174
36 144 -368
5 30 170
1 2 -99
7 42 203
7 70 287
1 -4 -68
-4 -48 656
4 12 -391
-3 -18 -21
64 192 -756
6 -120 450
-7 112 119
-2 -40 24
9 72 -6
1 18 -99
1 10 52
-7 28 -476
64 -128 -136
-2 4 382
-6 -72 72
4 -24 44
16 -56 -463
-1 -20 467
1 8 -56
100 -100 -775
-3 60 -360
3 0 162
144 192 -368
-2 -12 -146
-7 70 -119
9 54 -648
4 -12 -311
16 -96 -56
4 64 252
225 -900 900
256 512 -320
-7 -126 -763
-6 120 -408
4 72 -36
25 -350 739
1 2 4
-8 -144 504
-7 -56 -112
3 -54 978
-2 -12 238
625 -750 225
6 -108 -594
4 24 180
-1 2 -641
4 -80 40
4 -8 -896
144 -504 -711
16 80 -152
5 -100 460
-3 18 123
-5 -90 -405
8 64 528
-3 60 -540
25 -200 392
-5 -80 -810
2 36 162
81 -324 -576
16 64 -230
36 -144 -256
2 24 -108
2 4 -318
144 384 193
1 -6 2
9 36 -72
-1 -12 -180
4 -80 -32
256 -128 -272
1 -2 -575
-9 -72 -36
-10 -100 -750
3 -36 -180
6 -36 54
-1 -4 -76
81 216 -423
-2 -8 152
1 -18 179
-9 180 -414
3 12 12
4 -8 -108
4 -16 -956
-2 24 -464
-9 -90 -9
-4 16 240
-8 144 -8
-9 36 612
4 16 -164
-3 18 -297
1 -6 809
9 60 -143
9 -18 -81
-10 -120 620
100 800 160
-6 -72 -216
-4 0 144
3 3 -3
3 54 -957
81 -486 693
4 -80 544
-5 -50 875
-10 -6 -2
16 192 571
-1 -18 -84
10 -80 520
-2 24 614
-2 16 -128
5 -90 645
-9 -6 4
-6 96 -384
-3 -42 -147
3 -6 -3
9 -9 -2
7 -70 245
16 -56 49
-5 70 475
-1 -2 -46
64 -384 396
5 -100 875
-6 12 -888
-7 140 -665
5 100 -500
-9 -90 18
25 -60 -214
64 -256 -320
-2 -20 -48
1 4 -68
10 -140 470
-3 12 -12
25 50 -275
-8 144 -8
1 0 -360
5 -70 -235
-2 4 22
7 -3 -9
4 -56 -245
2 20 736
-2 -16 360
1 20 2
25 -150 -25
2 -36 144
64 192 80
-9 -90 -198
-10 120 620
-2 40 232
-9 144 -549
2 -16 -128
-5 -30 -420
2 28 746
9 -42 -392
-3 42 -915
-7 84 -882
4 -24 52
9 -3 -9
3 60 -468
5 -10 -2
144 288 16
9 144 576
-5 50 35
81 540 -252
6 36 54
1 -20 -200
6 4 4
-7 -84 308
9 108 -324
1 -12 34
6 -108 486
-6 -120 -600
-3 6 -3
-1 14 -49
5 10 965
-4 40 412
-3 30 -69
-6 -120 -816
144 432 244
400 600 -351
36 -96 -908
-6 96 204
5 -10 630
9 -54 -207
4 72 -405
-5 40 -280
3 42 -153
16 -32 -16
-8 3 3
1 20 145
-3 24 384
2 -32 192
144 648 -551
-8 -160 -800
-7 -112 -889
8 112 392
-5 70 -245
-2 -8 -792
-2 -28 -448
9 -72 99
3 6 4
25 0 -8
-4 -80 -304
-9 -18 720
100 -600 452
64 -384 376
4 64 250
-4 72 188
4 28 -15
-2 -8 8
-2 8 -776
-6 12 876
10 -100 10
9 -180 0
100 -40 -446
9 -6 -35
7 126 441
-2 28 -348
144 -144 -44
3 -1 0
4 -8 788
4 -80 600
1 -12 32
25 -80 64
36 -144 -640
-9 0 0
64 288 -108
-8 96 -72
1 -12 -164
64 320 304
1 18 -94
1 2 41
36 -168 142
-10 -20 50
-3 36 -492
1 -6 -591
2 28 -542
7 28 728
-6 -108 -270
-6 -12 642
-3 36 -588
6 -84 282
-7 8 7
1 -10 29
4 16 -96
9 -126 409
25 -300 868
2 16 0
8 -128 584
4 -48 928
9 -108 324
-3 30 33
2 -8 -188
400 -600 -223
4 -72 124
6 -72 192
3 -18 -27
25 250 622
144 -672 -791
-3 -54 237
8 -48 -576
3 30 27
-10 1 -9
9 -24 -884
-1 -18 -571
-6 0 -60
-5 60 -180
81 -378 -999
-10 60 -990
64 -320 304
-7 56 -112
4 -32 160
-1 0 28
10 0 -80
10 60 -30
1 14 -437
-2 -32 -578
-3 -42 717
-3 -54 -99
-6 96 -6
-6 -72 0
25 200 384
-3 24 -24
81 -432 351
256 896 768
5 90 -470
-1 18 819
5 -100 375
3 42 231
64 288 324
36 -192 -392
5 80 -400
3 30 3
10 -40 -120
-3 -60 225
144 480 364
16 -16 -388
-6 72 324
6 -108 654
8 96 576
8 -10 1
64 256 -64
64 160 -908
-3 42 933
16 -96 -101
9 144 326
4 -32 80
1 4 -380
9 108 180
2 -32 2
9 144 568
1 14 49
-4 48 -336
16 -40 -983
1 -20 443
25 50 -2
4 32 496
10 -20 60
5 0 0
4 -72 276
3 36 156
100 700 637
4 24 -156
-1 18 495
4 8 -284
3 42 -825
9 162 324
16 224 720
-9 144 747
81 -324 -684
-7 84 -756
-4 -72 -4
-7 140 -322
9 -36 -936
36 192 112
10 -180 850
4 64 256
9 0 -441
-9 90 -225
36 36 -963
36 -168 -236
6 -120 -858
4 -72 772
36 36 5
6 -2 5
-6 -72 744
16 192 486
7 -3 3
-8 -112 8
-7 -98 -791
1 -12 180
3 -24 60
-6 84 -294
144 -504 -71
-4 0 32
9 -108 -252
5 1 -5
1 -20 99
16 144 -852
1 -4 328
6 -48 576
2 36 72
16 80 20
-4 -32 368
225 -150 -47
2 40 300
4 -16 -304
-3 42 -72
9 108 252
64 -256 -464
-10 100 1000
4 80 397
9 -108 324
64 -256 -528
5 30 -90
-4 -24 -116
-2 40 -488
4 56 -204
144 360 -175
8 -32 96
10 -200 840
36 192 -230
4 40 148
400 960 576
100 -40 4
-1 -10 -925
-4 64 -4
6 -12 6
-5 60 -55
-2 40 -196
5 -50 -375
36 -144 -180
-1 -8 -400
2 24 -328
-7 -28 -42
81 270 153
4 -40 64
16 -32 -308
-5 0 -120
36 120 -548
1 4 328
36 120 -800
4 32 40
9 162 479
3 42 282
10 -80 160
7 -126 -63
-5 90 45
5 10 5
1 12 -774
-2 -40 -100
6 -108 972
144 -504 9
-9 72 738
10 -60 -390
10 2 10
9 -18 -375
2 36 -350
-9 54 -306
16 160 391
7 -112 -77
7 28 476
-9 108 -144
25 80 -386
36 216 -316
9 36 0
144 -768 142
64 -128 64
-5 -100 -320
-6 -24 -294
4 72 388
-2 -32 -146
-3 54 -627
1 14 49
-3 -6 -591
7 -84 777
1 -16 112
5 -20 380
6 24 924
4 56 196
-1 6 11
6 -96 -216
4 -8 -36
9 180 918
-2 8 292
-5 -20 780
4 4 -3
-4 8 140
5 -2 -9
1 8 16
400 1000 593
9 -126 765
-2 16 -96
-3 1 -6
-2 -24 -104
-2 -36 -158
64 32 -60
-5 100 -500
4 -72 132
-4 64 -256
2 32 -896
6 24 -84
4 -56 132
9 42 -815
1 -18 71
-2 24 -360
9 54 -369
-8 -96 -544
-2 -8 -4
36 96 -8
7 -1 -9
-3 48 333
-7 -70 -301
8 -144 648
1 0 200
9 -42 -131
-10 -60 180
-3 12 -72
100 -600 388
64 64 -384
4 -64 456
-5 -10 310
-1 -12 -84
-1 14 -129
6 96 576
-4 -56 -228
3 9 3
4 -32 -236
81 -378 333
-8 -112 -392
400 -600 -799
1 2 -191
-3 -24 48
10 -120 420
3 -6 -93
64 -320 -752
-9 126 -621
4 48 -144
8 80 400
-6 -60 -318
-1 18 -73
7 -126 343
36 36 -135
-9 36 -9
4 56 196
400 0 -192
1 -8 -176
2 0 -144
8 -64 632
4 -64 256
4 80 596
-8 16 640
-7 70 -133
1 -20 -44
625 250 -375
-1 -8 -304
225 750 -95
-8 -64 -848
-1 4 -4
5 30 60
1 -10 250
10 100 -110
400 800 -300
-2 0 648
1 -2 -7
3 54 264
-3 -12 -252
225 150 16
16 -128 256
-8 -128 -512
4 -28 -383
-2 -12 22
1 6 -216
4 -80 400
-9 -54 -405
4 -40 100
1 2 -99
-1 16 -61
2 -4 146
4 -80 382
144 -288 -531
9 36 -9
9 -72 -306
-3 -42 -876
400 600 225
2 -28 98
5 80 345
-10 60 -570
-4 -16 0
5 60 180
4 -8 -68
9 -90 127
4 0 -32
-2 4 -2
-6 24 144
-3 -5 -6
-4 -72 -912
-1 -16 -64
-10 140 -490
9 126 603
-3 60 -516
-10 -40 -680
9 -162 819
8 -32 -96
9 162 529
4 40 64
4 40 -684
9 18 -315
6 36 54
6 12 -318
1 -20 244
7 140 -700
-4 80 -400
7 42 -287
400 -200 -487
5 80 370
7 14 343
1 -6 9
36 144 16
4 0 -648
-4 32 -48
-10 40 120
400 0 -16
3 36 132
36 288 64
9 54 -729
-3 12 468
1 20 106
8 -80 1000
1 -8 -229
-1 6 -609
-5 30 -585
16 144 312
3 -12 -180
5 90 405
25 -100 -525
10 120 360
3 48 -768
4 -40 -292
-8 64 448
-1 -2 26
-7 28 112
8 144 648
-9 -7 -5
1 14 21
7 70 343
36 -324 701
2 -24 -418
-7 -56 574
5 90 450
3 12 -288
7 0 -441
-5 -60 65
-6 -72 -72
4 -8 5
3 6 3
-2 12 -368
-2 -24 -72
7 -98 364
-8 0 0
2 24 136
3 30 -357
3 42 447
-5 -40 920
2 -40 1000
1 10 20
7 -56 112
7 126 511
3 24 198
1 2 -174
9 -9 8
81 -216 108
7 -56 553
5 50 -625
7 98 -287
6 36 18
100 400 -600
25 150 216
10 140 490
-9 54 -108
64 64 -112
36 48 -146
10 -9 -10
7 0 -140
16 -64 55
-2 8 -302
1 -20 68
8 128 512
16 32 16
225 900 -558
7 -84 756
-5 -10 40
-10 60 660
-4 -24 -836
36 168 -956
1 16 70
16 32 -29
16 -16 -796
-2 4 -102
36 360 100
1 -14 -76
-1 -2 -73
100 -500 113
2 -32 -172
2 -4 -448
9 -5 -10
-9 72 -207
8 -64 -672
-10 -120 -350
-2 8 -8
-3 -24 -489
4 16 -48
8 -64 152
5 -20 -40
5 -40 400
-1 -10 -45
-2 -36 -202
4 72 300
16 160 -86
1 12 -264
9 36 36
4 -40 -800
8 64 -16
-9 126 855
-8 128 256
-2 -4 -2
36 24 -428
25 0 -490
1 -12 36
-7 28 315
1 14 -79
25 -80 64
3 -18 27
-6 -72 108
6 -6 -3
7 14 -63
2 24 360
4 -24 -348
9 -18 -279
-6 -84 -510
9 18 117
256 -256 -96
81 -54 -54
9 -6 -80
2 0 224
6 48 390
36 -72 -604
7 14 -441
6 -24 -516
7 -28 728
-2 -28 -116
1 12 111
-8 -128 -568
-5 70 -965
-4 -1 10
1 2 -124
16 -64 -192
1 10 -11
9 42 -23
3 6 147
144 0 -864
10 -140 410
25 200 398
-3 48 -327
10 -20 -310
7 -140 175
4 4 -319
1 -9 10
-4 -24 -36
9 -108 333
1 18 -135
4 8 -388
25 -50 -675
16 96 144
-2 12 -18
9 54 -27
16 -96 136
3 -60 60
-5 80 -480
4 16 8
-6 7 -5
3 8 3
6 24 510
-6 96 768
3 8 10
5 90 405
8 -128 904
225 -900 -450
-7 -10 -3
-4 -40 -108
4 -48 288
9 -144 576
9 60 -575
-1 12 288
-5 90 -405
2 8 -384
4 12 -999
25 -300 557
8 2 9
1 -14 -147
-10 -140 -460
6 -48 204
-2 -32 -148
400 -320 -611
-2 -24 -872
-4 -48 -128
1 10 -83
-5 40 170
8 96 488
-2 32 -224
225 0 -200
-4 -24 164
4 -36 81
-3 48 294
-4 -80 776
-4 64 68
25 0 -225
4 -56 -404
2 -16 32
100 -200 -100
3 5 8
25 150 -27
8 112 -40
6 -72 816
64 160 -924
-2 -8 -4
-10 0 50
-1 14 15
400 1000 561
16 64 -236
-1 20 -100
-1 -2 -1
64 -256 128
-4 -8 -4
-5 10 4
16 48 -124
6 96 -66
-3 -12 24
-6 -36 -702
3 -24 498
6 108 0
-3 18 -135
1 -10 21
9 144 585
-9 90 675
144 -288 -864
81 -216 135
-1 -14 -81
10 180 750
64 -384 -224
7 -84 378
-1 18 -231
-1 0 -125
-5 100 300
25 -100 -194
144 -288 -738
3 24 -708
36 0 -18
4 -16 -560
-5 50 -285
-2 -28 -112
4 72 252
5 -50 125
7 42 959
-2 -32 -618
100 -300 -135
-1 20 -64
100 -400 -188
-9 -18 -657
-7 42 945
7 -14 42
1 18 -15
100 500 481
-9 108 324
9 108 296
1 -12 -45
3 -30 411
7 -56 -266
100 40 -221
4 56 -804
-6 120 -600
-4 48 -16
4 48 240
225 150 -695
-9 -72 -144
-9 -72 -153
-3 24 -102
-4 0 392
3 -36 108
4 -16 -180
16 -24 -183
-8 9 -5
-4 8 -304
-1 6 -9
1 -12 116
-2 36 990
1 -4 31
1 -10 -875
-4 72 -516
-6 24 -24
10 -40 40
4 36 81
-1 -4 -704
9 0 -36
-6 -9 0
7 14 -245
-2 -24 124
81 324 324
-9 -72 864
4 -72 324
-8 80 600
-1 0 8
-3 6 447
81 270 -27
6 72 198
10 -60 90
1 -20 181
-7 -112 -406
-2 28 874
400 -320 39
-2 -32 -112
2 -36 162
144 -360 -223
4 72 -444
1 8 -92
2 12 -178
400 -800 -240
36 -96 -260
8 16 208
16 80 -872
16 96 44
-10 100 -70
3 24 -402
3 -36 492
100 200 75
-2 -28 -34
-4 40 872
8 -112 392
-7 56 -868
5 -70 -655
3 -24 48
3 0 -54
5 60 -320
9 -42 -356
36 288 252
-4 -8 860
9 18 9
2 -12 20
-5 -100 -500
9 -144 504
-9 -54 648
-2 32 -124
1 -12 -54
9 12 -320
-8 64 0
2 16 718
36 72 -72
25 -150 -18
10 120 990
36 -360 -72
-10 -200 -520
-5 80 -320
-10 160 -740
9 24 -272
5 2 4
5 3 -2
1 12 29
4 -56 4
-5 -70 -245
81 0 -567
8 -128 512
-5 50 -125
8 -16 104
8 -16 136
1 20 -412
-2 36 -972
-10 60 70
-7 -56 896
-1 -4 -4
1 6 121
-2 -12 54
9 -54 99
-2 24 -108
-2 -20 440
-8 48 648
-9 90 657
-6 48 -582
16 -160 204
-8 -48 -360
-1 8 -336
16 8 -511
10 80 -560
8 16 -72
-2 -32 34
-1 8 65
3 -30 -675
1 8 52
-1 12 -18
64 -576 -752
-3 18 873
-6 120 0
3 -18 219
4 0 64
-2 40 -400
-7 -14 28
3 -6 153
-4 80 -500
-3 -6 -453
9 30 -650
9 -60 10
-10 -60 -90
-5 60 -180
-3 48 -408
4 -24 36
-6 60 -42
-4 -56 -232
16 -160 352
25 -250 585
4 -16 -752
36 -324 345
-9 162 279
6 72 510
4 -72 -166
81 -162 -243
4 40 36
-6 120 0
-6 -36 846
-8 -112 632
-9 -72 -198
-2 -4 30
9 18 -72
-4 80 -204
1 -3 -3
-10 60 -720
4 32 -188
-8 3 6
1 8 15
1 -4 -284
16 -48 -828
64 576 272
-4 -8 896
100 100 -955
16 -32 -272
36 -144 144
3 -24 156
100 -100 25
4 -16 10
2 0 -72
-9 36 -108
-4 -48 -344
4 -40 -260
1 -4 -320
144 360 -575
9 -60 -224
-2 36 -412
9 162 729
-10 60 360
144 144 -540
4 12 -71
-5 -30 -105
2 -36 -38
625 0 -500
-8 -16 -40
4 8 -860
8 -16 -152
-9 108 -324
-3 6 24
-6 -48 -72
-1 16 336
-8 -112 -104
2 24 68
7 14 -749
-8 -64 592
-5 100 -400
1 -18 53
7 -56 112
1 16 864
6 -84 894
25 -150 216
-4 -56 252
-10 140 -520
9 60 46
-4 24 160
4 -4 -323
5 -60 180
4 -8 200
81 108 -36
3 36 -378
4 -28 13
2 -4 -52
-6 108 -270
2 -12 58
400 -320 64
36 180 -287
-5 -2 8
2 -24 -184
-10 100 -260
-7 -84 -301
-9 -180 -18
8 -48 112
64 -384 560
2 36 154
36 -120 -44
9 -18 -999
-2 -40 -206
-1 2 -811
-8 112 -784
1 -18 57
-1 -12 -279
225 -900 500
1 -18 27
16 -144 0
6 0 0
1 6 -87
16 -144 308
6 -24 -264
16 -160 148
9 72 124
100 -400 -825
16 -160 8
4 -8 112
-3 -12 204
4 72 324
36 -48 -38
6 -84 258
4 -8 652
144 864 846
2 16 176
4 12 -19
8 32 -992
81 -216 -585
4 -48 160
-2 24 -366
4 -56 180
16 64 -908
1 -2 148
256 768 560
-2 28 -58
-3 60 186
-1 -2 -1
10 -60 90
25 50 0
8 64 128
4 40 100
225 300 -908
1 4 -696
64 320 -176
-8 4 5
-3 54 -819
64 -512 724
2 0 -12
-9 -54 -144
-2 8 580
7 126 819
9 108 315
-5 10 115
9 -10 8
225 -270 -369
-8 -144 -616
81 162 63
4 -80 397
9 -90 252
8 96 -360
-6 72 552
-7 42 -189
8 48 -952
-5 40 655
-6 -7 0
-6 -48 -474
3 48 180
-4 32 -96
9 -144 464
16 96 124
-2 12 -18
-4 -80 -976
2 20 -150
16 -128 -192
6 -120 546
100 320 31
400 0 -125
144 -192 64
10 100 890
2 24 88
-2 12 570
-9 144 -576
-10 200 0
-1 -14 -52
144 360 -31
9 144 612
64 128 -128
64 -64 -56
2 -4 22
25 90 -169
5 -90 385
-7 42 -511
3 -36 408
400 800 -752
2 -8 -28
9 126 433
10 0 -320
-1 -18 -529
-6 36 330
4 -32 -128
9 60 -620
7 -140 728
-4 80 -508
-6 -5 8
9 -54 243
1 -8 -584
400 400 -156
-10 120 440
625 -250 -25
10 120 420
-6 48 492
7 -140 588
-1 -8 308
225 0 -150
16 288 996
1 20 28
1 16 71
81 -486 54
-3 -24 -12
-6 120 -546
4 24 0
7 42 441
-1 8 20
-8 -128 -640
36 48 -164
10 -160 480
3 54 243
144 -480 256
-4 72 -580
4 40 68
16 -112 -452
2 -4 146
36 192 -68
4 -36 9
225 150 -263
8 160 152
-2 40 -524
-2 0 -384
-6 -24 -24
-9 -126 -927
-3 1 -5
4 56 340
5 90 225
1 -10 -269
-6 108 -528
-1 -16 152
4 -48 144
-8 -112 -424
10 120 360
64 -256 144
-1 -4 0
-4 40 -820
-5 100 -320
7 2 -10
-7 -28 -56
-5 100 -600
400 -800 256
-6 -36 -54
64 320 -240
3 5 1
3 30 459
4 80 184
-2 24 -558
-1 -6 -21
3 -30 450
6 -84 324
8 -48 72
-3 60 -216
16 0 -490
256 896 -784
4 -28 -951
-1 -20 -740
4 72 162
7 84 252
1 16 48
2 -20 -238
-1 -6 71
2 -16 -608
81 0 -882
64 -384 -124
-8 -144 -776
1 8 -56
8 128 416
2 -8 408
-6 2 -2
3 -48 -396
-3 12 588
-2 40 -136
-4 -64 -256
-3 36 468
-10 -200 -980
36 -36 -775
-3 24 27
1 12 4
1 4 31
9 -144 630
-4 0 0
3 -36 87
7 -112 -238
-10 -20 -50
4 -24 -288
4 -6 0
1 0 -36
-1 8 -376
6 48 96
-10 -40 -680
-6 96 -624
-7 126 -567
-5 40 640
1 14 -207
4 -72 756
16 128 224
25 70 -451
36 144 -288
-3 6 9
100 500 369
-3 -48 -207
-1 -18 79
8 64 56
-8 -64 -144
-8 64 -344
1 -16 24
4 -72 328
-1 20 44
10 -60 90
-1 2 383
-2 -8 -62
-9 -126 135
16 -72 -79
1 20 586
-3 42 -531
-9 162 -324
6 -72 144
100 -1000 556
400 -480 -31
-1 10 -52
16 -96 80
-9 144 -756
-10 -60 -180
25 250 481
8 -32 -112
7 -70 -140
3 -6 9
10 0 -320
-3 24 -27
1 -6 495
1 -6 -87
-7 -42 966
36 252 249
9 -18 -3
16 128 232
5 30 205
-3 30 525
400 320 -936
-7 -4 8
-10 40 -680
1 12 31
2 12 12
1 0 128
10 -160 390
-6 60 522
-1 2 107
4 -80 275
5 -30 45
9 36 -72
8 -16 80
1 -2 -111
5 -30 270
-3 24 -48
36 144 -504
-2 24 0
36 168 142
-5 50 -485
-8 0 0
-4 -40 332
3 18 27
-2 -28 226
256 768 -624
8 0 -288
64 -64 -784
9 -36 -774
-4 -48 240
-10 1 0
-7 -42 -252
64 -128 -512
9 24 -74
5 60 -20
36 288 544
-9 18 -459
-1 -20 -132
36 168 -92
-4 72 -292
1 -16 64
9 6 -440
-1 -16 136
2 -12 318
-5 -70 -325
-6 10 5
6 -96 342
-10 180 -770
-4 -24 -36
-1 -14 -98
-2 20 -834
-5 30 -205
2 36 162
25 -200 238
1 4 -9
-2 40 -50
2 -28 674
-2 36 -174
1 8 9
-4 72 -360
36 -36 -391
9 54 1
10 -180 810
-1 8 -116
-5 80 -720
64 96 -476
1 18 65
-3 48 564
-7 -56 392
9 -54 -243
64 -384 -64
-10 120 -330
-1 14 -41
8 -160 816
16 -160 360
25 50 -175
-10 80 -960
3 6 -438
-10 140 -490
-8 -112 -200
-7 -98 -784
3 -24 72
-3 -48 960
-8 -80 88
1 2 -35
100 -400 288
3 -24 96
16 -192 495
-8 -160 -224
6 60 132
4 -40 600
9 -162 0
256 512 256
-10 -160 -440
3 -18 -513
-1 -14 131
-6 -96 480
64 -224 132
-1 -8 -592
-7 84 -819
6 24 -96
1 -6 -36
8 128 464
3 -36 -468
100 -200 -908
4 -8 4
-8 -64 -768
7 -112 259
-1 -4 -148
1 2 244
9 54 90
4 64 76
-2 -32 -272
-7 0 350
3 30 651
4 -64 256
3 30 123
9 0 -36
-10 -60 720
4 -80 76
-5 7 1
-8 -16 -8
-8 -64 272
-10 -140 50
36 -360 828
7 84 -273
-3 0 0
81 486 729
-3 54 -135
16 160 238
2 8 648
9 180 888
64 -192 32
4 64 240
9 90 225
-1 0 4
-6 96 -84
16 80 -412
25 -100 -92
100 -200 -156
3 -18 -81
2 28 398
7 56 49
10 40 140
1 -12 261
7 14 70
25 -200 -410
64 -640 -360
4 -1 1
3 54 675
-2 8 2
8 112 392
9 -54 -243
225 -720 551
6 24 -426
5 -70 280
2 -32 -672
3 0 -75
10 0 640
1 -4 347
4 32 40
1 -6 -216
36 144 -880
3 -24 75
5 -60 130
36 -72 -108
6 -2 3
4 56 196
9 36 -540
3 -60 780
-8 32 -320
9 0 0
144 -648 329
81 540 225
4 72 74
-10 160 -650
-5 -30 355
4 -8 4
4 -24 -264
7 -14 -343
144 576 -208
-3 60 900
-1 -16 -52
-3 36 -708
144 648 -871
-3 42 -735
7 -28 42
3 -36 87
4 -72 324
-4 72 -216
400 -320 -386
9 108 244
-2 4 -130
-5 -100 -230
25 90 -119
-1 -20 -200
-8 160 -800
3 -12 -231
-8 32 0
-5 -30 -855
225 -180 -664
3 -60 300
6 108 -594
10 -100 250
-1 -2 -1
9 0 -567
-6 -12 -42
3 -60 543
-2 -28 -48
2 12 802
-5 100 220
-7 56 -140
-5 -10 -95
36 -324 229
10 140 890
144 -480 355
9 6 -287
4 -56 204
-4 -24 -252
-3 12 135
-10 -140 -510
5 0 -20
3 -42 123
7 -112 644
4 -56 -188
36 -288 -404
-3 12 -60
8 144 264
2 36 -818
8 112 392
8 -160 608
16 -224 712
100 -300 129
-10 -180 -730
5 100 420
256 -768 64
16 64 -8
-3 -30 75
16 -320 871
8 128 584
1 10 -675
-9 -126 -333
-5 20 -335
4 16 -236
3 -1 -5
225 -900 675
-2 -12 -12
6 36 54
-8 -96 736
-4 -56 392
9 -144 0
9 6 -485
144 -96 -434
-3 48 396
1 -6 -72
256 512 -464
81 -216 -72
4 -24 64
7 -2 -2
4 -32 -128
4 4 8
-3 30 885
3 54 783
5 30 -135
4 12 -775
4 -48 139
225 -810 329
-2 -16 256
400 800 300
8 112 392
3 -2 1
16 -64 -64
-5 60 -20
6 60 174
-4 -40 -116
3 18 6
-4 72 252
81 0 -162
1 2 -19
-2 16 -282
-4 40 -492
-2 -8 188
8 0 800
4 24 164
-3 -42 339
9 18 -558
-2 8 136
-5 -30 -585
81 486 -423
1 4 -68
-8 160 -728
9 -126 440
1 8 15
-9 90 -198
1 4 -21
3 42 147
100 -600 -700
-1 -6 -9
5 -40 -60
3 -30 459
81 162 -27
4 16 -20
-3 24 -696
-3 -24 720
2 4 -798
-1 4 -4
1 -2 1
-9 36 -936
36 144 -756
225 -450 -495
-1 -18 -81
16 16 -124
9 -72 -18
8 7 2
4 -64 202
-2 24 36
5 -6 -4
-3 -54 -618
81 -270 207
1 -18 78
-2 40 -136
5 70 285
4 -24 -476
64 640 900
-4 24 -36
-7 84 882
1 -6 156
16 0 -96
1 2 -485
8 96 -888
225 750 49
8 64 160
10 100 970
36 216 24
-1 6 55
-2 -28 262
9 -90 125
2 8 776
8 -112 392
1 6 153
3 -48 108
1 12 428
36 -252 437
10 0 -200
9 162 729
16 -224 775
9 126 431
10 -180 0
256 256 -512
-4 16 572
1 -18 6
36 180 185
6 96 654
100 320 -444
-9 108 -324
36 -144 116
36 168 178
10 120 -140
1 -8 14
9 -18 414
3 24 -168
1 -10 425
-2 32 -128
-6 48 -108
25 -250 561
10 -140 -510
64 320 220
81 540 540
-9 -90 -81
36 36 -991
10 -20 -630
-1 16 -84
6 120 762
-1 -8 20
-2 16 184
1 6 -99
9 18 -87
-2 24 -216
3 -36 -54
-4 16 -272
-1 -14 -40
36 -144 -456
9 54 -207
100 -200 60
-1 20 -19
1 -10 -23
3 -36 180
8 112 264
9 -54 -144
-7 -14 -175
4 -48 54
5 70 0
144 72 -567
16 0 -36
-3 42 603
144 672 -368
1 -16 289
9 108 -19
8 128 520
-2 -12 -990
36 24 -878
3 -42 255
-3 -24 -432
10 -60 90
9 54 -648
16 -24 -503
10 80 160
-8 96 -280
9 162 -396
2 -12 74
5 40 125
144 -960 592
3 18 243
-10 80 820
9 54 -164
3 -54 405
5 -3 4
9 -54 -99
400 1000 -175
-1 16 -60
16 -80 -92
4 8 -32
36 144 108
-2 -36 -162
1 8 826
5 10 255
225 0 -800
4 -32 -116
7 14 196
100 200 -92
16 -256 988
9 -72 80
-4 -48 -48
-2 -32 -378
225 -180 -64
-8 32 -424
225 450 -63
-5 80 -320
-5 -80 -320
144 0 -432
-4 -56 -708
4 -80 76
-5 40 -440
16 256 960
25 150 215
5 80 820
-1 -20 194
-5 10 -505
-1 16 -160
4 -12 -291
1 -8 64
4 8 68
64 64 -964
-1 -20 -94
8 160 0
36 -36 -71
16 64 -36
-5 -70 -110
1 6 -720
9 108 -324
-9 90 -153
-2 24 -222
81 108 36
-5 -40 -80
-5 -30 -405
4 -1 10
16 64 0
2 -16 -24
-7 0 0
256 -128 -272
-10 7 9
-2 -32 -614
9 -54 81
1 2 -7
-2 24 -128
4 -64 -68
1 -4 249
-10 -60 -90
-4 -64 -256
4 80 400
3 9 -6
4 40 36
225 90 9
2 -40 164
-4 -56 -196
5 -30 -275
6 7 -9
2 -36 198
7 70 175
-7 -84 -168
-9 144 -603
10 -60 -550
-5 -50 -935
-1 -8 -16
16 -96 -52
16 16 -140
-6 -108 -486
-2 8 142
8 5 1
-8 32 -32
1 -4 -10
7 -28 91
64 -192 32
3 42 39
-6 108 -216
5 100 125
9 144 171
-8 48 -112
-1 -20 305
-10 -160 -1000
-8 160 -768
1 0 -80
-6 -120 -582
4 -64 -68
7 56 -77
64 -32 -92
-3 -48 558
-1 8 -196
-9 126 999
9 -162 729
-5 30 -45
7 -42 504
4 -72 504
4 56 132
-8 32 -288
-1 8 -10
8 160 896
10 0 -250
81 432 90
1 2 -9
-3 -24 -48
9 180 972
-2 28 82
400 -480 19
4 -32 -436
6 -120 792
-4 40 -212
-3 12 96
144 -480 400
3 24 30
3 48 -456
2 -28 50
9 -180 900
8 -160 288
3 60 372
-9 -8 7
81 270 171
-1 -6 72
-4 8 -704
16 80 -28
-3 18 -57
36 252 -199
3 -60 444
1 6 -334
-8 0 8
-8 128 128
4 -8 -188
-5 40 920
25 90 -719
9 126 495
225 810 279
-3 -48 -432
4 -8 -696
-10 9 2
-8 -32 -632
-3 42 -876
-1 -20 -80
2 36 306
-3 42 -159
-3 -9 -4
-2 4 -20
9 -36 20
-2 0 72
-2 -24 -144
1 18 82
-4 16 752
36 -192 112
16 -288 396
4 -8 -76
-9 -144 -621
1 -14 124
2 36 234
8 -32 32
25 50 15
-10 -80 290
-9 0 -36
225 -450 -207
7 42 -77
-3 24 -33
9 -18 297
5 10 -20
-9 18 -297
9 126 191
144 -144 -92
1 18 130
-2 -12 38
1 12 45
7 56 112
36 240 -752
-7 112 -448
4 -32 384
1 12 28
36 108 -319
-2 -8 -264
-1 8 284
3 6 483
1 -14 49
16 -48 -748
64 0 0
225 720 526
4 -36 41
-2 -12 -180
9 162 693
9 -108 432
-8 112 -432
2 4 92
100 -200 -476
25 50 -487
36 -36 -691
36 36 -503
-2 -8 10
-10 -120 -270
16 -24 9
1 7 5
-3 48 108
25 -100 -152
16 192 9
10 -100 -870
8 32 320
4 8 -77
-1 8 -56
64 0 -256
1 12 -44
-1 8 -421
-1 8 84
4 -16 -240
9 -126 441
2 40 362
100 360 224
6 108 648
100 -400 -500
-3 0 -48
10 160 840
-2 4 -2
25 -150 -216
16 -128 256
9 72 81
-1 -2 -1
9 -36 -216
-9 144 -828
5 -40 80
144 -384 -149
8 112 432
5 -30 225
4 0 -72
-6 0 0
-2 -28 52
-9 -18 567
-1 -16 -92
-9 54 81
-3 -36 -81
9 -6 -8
-9 0 324
9 -162 54
-3 0 0
5 -20 -10
64 -384 552
-9 -162 567
4 0 -10
-3 -48 -192
4 72 516
-7 -70 -616
6 72 360
3 18 174
-1 16 -469
-8 -32 -64
-1 -20 156
5 -90 270
1 20 10
-6 72 960
8 -48 264
64 288 -396
-8 128 -128
64 320 400
5 -70 -160
2 28 42
-5 100 -185
1 -4 604
-1 -18 -63
16 -48 -28
-8 -128 -592
25 100 -75
4 0 100
-6 -108 -510
36 -240 -752
-8 -112 -648
-5 90 -405
1 12 292
2 36 648
10 -60 130
9 108 0
-8 96 224
4 -24 -364
16 -160 -176
400 320 -186
4 -40 36
3 -54 273
16 -128 4
-6 84 -564
9 180 300
36 -72 -92
-1 6 183
8 16 8
-10 -40 -490
-4 40 200
-1 -8 -163
4 72 -700
-5 50 -170
7 0 -56
9 -144 -774
4 -72 -124
25 -300 648
1 10 -65
-3 -12 474
100 100 -39
4 -32 15
9 72 -585
4 -80 364
2 0 -128
1 12 -356
4 12 -691
-8 -160 -1000
100 500 609
-5 -20 -55
36 -168 -668
16 -128 252
-9 -126 135
-9 126 -846
-10 80 -790
100 -100 -263
4 -72 -972
7 84 252
2 -24 72
3 6 78
9 108 432
64 448 392
-7 56 392
-2 12 -146
256 -768 -224
1 18 -111
9 -126 -909
5 50 370
144 -432 228
10 -20 10
2 -12 -766
16 16 -252
5 20 520
-7 -126 -427
-9 -126 855
16 80 72
64 576 904
4 8 -241
-8 -16 280
-9 -144 -468
-8 80 -1000
3 36 60
-4 -56 -52
3 -54 243
9 180 909
8 0 768
-2 28 -94
-3 0 6
4 16 16
25 200 400
-10 -80 800
-9 90 -180
256 256 -656
3 36 -180
64 -576 896
100 320 -144
-4 64 -832
-7 -28 -56
1 14 -343
64 -128 -328
36 -240 76
-4 56 -196
256 640 -48
-8 48 -144
-6 60 144
625 1000 400
16 160 100
256 -640 368
81 -378 -45
-3 -24 246
8 80 128
1 6 -103
2 -40 -88
-8 128 -728
-2 -8 -608
7 84 -973
-10 80 200
-7 -140 -350
36 24 -563
4 -40 100
8 32 -64
144 -648 601
-5 -50 -395
-3 -54 297
-9 6 4
-9 126 -9
-1 -8 -16
9 -60 19
1 -14 193
-3 -42 -75
2 40 -16
16 0 -384
16 56 -15
144 72 -567
16 -64 40
3 -18 27
9 -162 345
-6 -24 -18
-9 -36 -180
36 -168 -290
-1 6 -234
-10 0 -120
-1 6 -45
3 18 927
1 20 72
4 -12 -191
-6 48 384
144 192 64
-7 126 -567
-10 140 -850
-6 48 336
3 -18 54
-10 -200 -1000
-1 -8 82
9 -24 -470
-3 24 -912
-7 -84 -224
2 32 -52
-2 0 0
-10 -8 1
1 -12 -76
1 8 16
-3 24 393
1 -16 576
-9 54 -153
-4 -8 -516
-1 -14 -69
-10 -160 -640
-1 -14 -49
10 120 90
1 4 11
6 36 594
-3 12 108
9 72 36
2 -8 4
10 100 250
10 120 120
10 -9 5
4 4 -299
-1 10 -79
3 -6 -291
16 128 181
4 -40 84
9 48 -8
-6 0 -60
4 -32 -192
8 64 128
16 64 -230
1 -8 -47
-7 7 -4
-4 -40 80
-4 40 -900
-8 4 4
7 14 385
-1 -6 -909
2 40 200
6 0 -48
6 96 624
4 64 60
-6 -72 -168
3 -12 12
4 -48 144
7 -56 301
36 -252 413
9 36 36
4 -64 60
1 12 -139
400 -160 -384
7 56 -140
-9 0 -288
10 40 490
9 126 891
-1 -6 631
4 32 64
100 80 -384
6 72 216
64 288 324
-6 -48 -216
3 -7 8
-2 -8 -98
-5 -60 180
64 192 -176
-10 -100 -450
2 12 20
100 600 756
-1 -10 -319
8 -144 648
1 10 -50
-3 -6 213
6 24 -456
-2 40 780
-6 -60 -54
7 140 700
-4 64 -256
225 -750 -23
-6 24 -402
-9 0 0
-7 7 2
-7 1 3
16 -160 208
-5 -20 520
-1 -16 -128
-7 28 322
-8 -128 -832
-3 -24 981
25 100 68
4 80 404
-9 -180 -909
-5 -30 -90
1 0 245
9 -126 433
4 -16 -24
1 -6 -8
-7 126 945
3 -60 300
5 100 1000
-2 4 -402
10 -120 280
9 -108 288
4 0 0
100 -600 864
-4 -24 124
2 8 -242
1 -20 829
16 0 -288
8 5 8
-1 8 -304
64 640 952
9 54 -495
10 -200 -440
10 -100 250
9 36 612
-9 108 -324
144 672 298
-3 48 -192
-8 128 768
-10 60 230
64 192 -176
-2 -16 -288
36 -24 -563
1 18 -19
-1 20 -100
9 90 -167
1 -8 -65
2 -12 24
36 -324 697
-2 40 -272
-1 -2 242
16 32 -432
-7 -112 -448
144 -960 -992
4 -24 -364
144 -504 185
1 18 486
16 -40 -487
1 18 81
256 -768 0
4 8 -12
1 -20 -900
4 -80 400
10 -20 -950
5 10 5
-3 6 -138
6 36 654
9 54 324
100 700 -71
-6 -120 -546
4 32 -36
8 80 56
400 -200 -423
4 -80 200
-9 72 -216
3 -42 -441
5 -90 -235
-3 42 825
5 -30 30
36 192 -32
-2 0 -20
-1 4 -652
64 64 -200
100 -600 -636
-2 -20 538
-9 144 -171
2 -20 -636
-8 160 -800
144 -672 -566
100 200 -100
8 0 -216
-3 -24 708
9 6 5
-6 -72 -408
16 160 368
400 320 -136
4 -48 144
-6 120 -168
-2 40 -214
16 192 -72
36 -72 -288
256 384 -656
1 16 96
9 162 693
8 80 -440
10 -40 130
3 18 27
-6 -84 84
2 -4 -18
25 80 -611
-10 -20 -10
16 -144 0
16 -128 128
6 -96 360
7 -140 700
-3 54 -243
-9 18 -36
9 -108 -243
4 -32 208
-3 -42 78
36 0 -288
9 -72 387
5 -50 125
6 -84 294
36 108 45
9 -108 900
225 810 -471
6 96 444
-2 4 684
-7 140 -700
-7 -84 -392
1 -10 5
16 -144 128
9 108 308
-5 4 -9
1 6 -36
-7 -126 -567
64 -288 260
9 72 171
-10 4 -10
8 8 -3
3 -54 -525
400 -800 -624
-1 -18 -1
-10 0 -640
-2 32 -92
2 4 22
-6 72 -24
3 -30 84
256 -384 144
10 -160 -160
10 -60 -180
5 7 4
6 -48 288
-10 20 -20
-3 -54 -243
10 7 1
9 162 891
9 0 -147
-2 0 10
-4 80 300
-4 64 244
-7 28 -28
25 90 -19
1 -16 -17
-2 12 38
1 12 36
8 144 648
-2 8 -818
100 200 -600
36 -144 -423
-9 -126 -189
100 -600 100
-7 112 -483
-2 -12 -82
-2 -20 -374
100 -360 -76
1 -2 6
10 -80 60
6 -120 558
6 60 192
4 80 184
-9 -10 2
2 4 514
-10 20 790
16 0 -512
-8 -16 -8
-2 -16 -800
3 48 252
4 -32 -908
-9 -162 171
-4 -8 1
4 -28 -239
25 -200 292
5 -30 105
4 -16 -368
8 112 264
-1 -4 -652
64 320 272
16 0 -432
36 216 -396
16 -32 -884
-9 18 477
5 -100 100
8 144 488
-8 80 -200
5 -100 100
-10 80 20
10 -40 360
-1 4 -148
9 -144 576
4 -40 112
6 120 492
9 -180 900
-5 60 320
-5 -50 -85
4 8 292
16 -192 432
-9 -72 -144
81 378 405
-10 -40 940
-5 50 -85
5 100 580
2 12 -108
25 -60 -364
16 144 308
4 28 -851
5 -1 -7
4 -16 -20
-10 -100 -610
3 54 -207
10 160 540
-3 60 -408
-7 70 -623
1 -8 -794
-10 120 280
3 -10 1
225 300 -260
400 -320 -161
-9 72 -54
7 126 -119
9 36 -18
144 720 -108
1 -14 -79
-1 -14 -50
-7 -84 448
-2 16 -194
3 42 339
36 -108 -243
3 48 195
25 -200 320
9 -162 631
1 4 -96
-8 144 -648
-8 -80 16
-2 6 -5
-4 -56 188
7 42 77
1 8 -112
4 16 -92
-1 20 243
16 144 -124
5 -20 645
16 192 568
1 14 -101
144 384 -644
3 -48 117
-3 60 -84
8 -48 -440
225 600 256
3 -60 462
2 28 -102
16 80 -80
64 448 780
16 -40 -759
2 32 178
-8 144 -680
16 96 -240
-1 4 572
25 -50 17
-7 140 -700
-8 -128 -512
-4 40 44
16 288 976
100 -600 132
5 40 -80
400 -200 -295
-1 2 44
7 42 -637
-8 80 -200
4 -28 25
7 -140 133
2 16 842
-4 -72 -612
9 180 576
64 -192 -828
8 96 -480
-1 10 -23
-9 36 -72
3 -30 105
1 0 28
-5 -80 -820
10 -20 280
4 -16 -684
-7 -112 -448
25 -40 -609
10 160 960
-2 -32 -728
9 -18 -63
10 80 -740
-5 0 5
10 0 -630
-3 6 -579
9 72 0
-4 24 12
8 -10 10
9 108 68
-2 24 -96
6 12 -234
-5 40 -60
6 96 480
16 128 64
-9 -144 -936
-7 -126 -546
-4 56 -196
36 72 -92
144 -720 -252
1 16 793
7 56 -14
2 8 40
-9 162 -765
-4 56 572
16 -192 9
-2 32 264
2 -16 96
36 -96 -44
-5 -30 595
16 -96 -356
-2 32 -192
-5 -20 -180
-4 -8 284
16 32 -560
144 -216 -175
4 64 4
2 12 18
-3 -24 -48
10 -140 400
3 30 75
-5 0 0
2 0 -896
-4 -80 -436
-10 80 -440
25 -80 -36
1 -16 -136
-6 72 270
-9 180 -819
-1 8 -664
-1 10 -25
9 -180 600
225 -360 -756
64 64 -20
81 486 0
-8 -2 -9
8 160 864
-2 28 926
1 -14 -392
-4 48 248
4 80 302
225 -540 174
4 -32 -224
3 -12 453
8 48 504
100 0 -256
4 72 324
100 -900 405
-4 -8 -44
225 810 -871
256 896 720
7 -140 -350
1 -10 -227
-2 16 -194
16 0 -320
8 -112 360
5 -10 5
-4 -24 476
-3 36 -99
4 8 -24
8 -32 -224
-8 -144 632
9 -144 567
9 -60 -548
7 6 9
4 40 37
1 4 4
16 -64 -368
2 -32 128
-7 -42 49
-8 144 -704
-3 -42 -747
1 8 141
5 -70 65
81 486 -891
1 20 247
25 200 175
16 32 -159
64 -160 -348
-6 -72 -216
5 30 -955
400 600 145
3 30 363
-1 -8 236
1 18 181
36 192 4
-4 64 320
36 -240 364
-10 120 -360
7 42 91
10 60 130
144 648 697
-3 -60 -408
-9 -180 -414
4 -4 -107
81 -270 -207
2 32 416
-9 144 -900
-2 20 -66
16 56 -207
6 96 -216
9 -54 648
7 84 -798
8 112 464
1 -10 -218
3 -6 -573
8 0 32
4 -72 124
-4 -40 -68
36 108 -639
-9 -162 891
7 -70 175
10 160 -800
4 -24 -214
-2 32 872
-3 42 -897
-7 -112 252
100 -160 -836
16 64 64
-2 24 252
1 -10 25
100 400 0
1 -14 -101
5 -80 320
-4 8 1
10 -160 700
5 80 -170
9 -36 117
-8 -64 -128
4 80 508
4 -64 -192
-1 -16 8
4 48 -432
-1 -10 10
16 128 -32
-8 2 1
-3 6 -192
-3 -12 -39
81 270 -675
1 -20 116
225 180 -189
81 324 324
9 180 612
1 -6 -10
-6 96 -288
-1 7 2
-3 6 45
4 8 28
625 0 0
4 56 -444
36 360 580
4 0 24
-5 -90 -405
8 0 -128
9 54 53
-9 0 -576
4 80 900
-3 36 -843
3 36 111
36 192 -896
-1 7 10
-2 -4 -302
1 20 -125
4 48 -31
4 24 -764
9 -18 -243
25 -250 49
400 400 -476
5 20 245
4 0 588
8 -112 384
25 50 -150
6 12 54
10 -60 -710
1 18 54
-8 16 -400
3 24 129
10 -80 320
-3 36 -138
1 14 49
36 -216 -108
-5 -100 -465
7 -112 700
3 54 279
64 576 316
16 -32 0
100 0 -128
-7 28 -91
1 -16 56
7 112 427
7 98 686
6 84 102
4 16 416
36 96 -368
-1 -6 315
-1 -20 0
9 0 -180
-4 32 0
-5 -3 8
64 -160 84
6 0 24
-9 18 -9
1 8 91
-2 16 -30
-9 -54 -243
5 -5 -4
2 16 914
-2 20 0
16 192 -24
-4 80 -496
9 -54 81
7 -4 -1
-3 -6 81
-8 -144 -576
2 -8 776
2 -16 -96
100 200 -28
10 -7 8
7 -42 63
-6 84 -486
-4 40 -600
25 -350 577
-1 2 11
1 6 0
256 -768 -864
10 -80 520
-5 -30 855
1 4 -124
-3 48 -45
8 32 32
4 0 600
400 0 0
2 28 -622
2 -32 132
-8 112 -320
16 96 44
-6 -60 -150
9 12 4
-3 60 -492
9 -108 132
-8 -48 440
5 30 225
7 -70 238
-2 -16 -256
-5 90 -445
8 -80 -88
-9 -144 -252
5 7 9
4 -24 -160
7 -56 364
-2 32 16
144 384 -554
10 140 670
-1 14 -49
1 -6 -191
-9 4 -3
-4 40 -244
2 4 98
2 -40 360
-10 180 -10
1 20 -467
3 -9 0
-3 -54 345
1 -2 -149
-2 -5 -8
4 -5 0
-1 9 9
5 80 320
64 384 448
256 512 -384
144 672 784
4 0 -100
64 -256 -544
1 -8 -159
-7 98 -455
-1 14 -49
-6 24 -792
4 -40 68
-7 56 -364
-1 -16 179
6 36 -426
-3 -12 636
6 -108 0
4 80 400
1 -12 -39
6 48 96
2 -4 492
8 -16 8
-3 0 300
-9 -180 -900
4 8 44
144 648 473
-3 -42 -27
9 -36 -72
6 -96 396
-8 -96 432
256 768 432
-4 -16 96
6 108 582
64 -512 512
-5 50 -445
16 48 36
100 200 -44
16 -40 -119
8 0 1000
-4 32 -112
36 252 41
100 -900 25
8 32 80
16 144 296
8 -32 608
-7 98 -343
-4 64 -400
-8 -128 -512
9 36 12
2 16 544
-10 20 -30
225 150 25
1 18 -69
9 -54 -94
-8 0 7
625 -250 25
-10 -120 -720
-2 16 -680
9 0 0
225 540 249
-8 32 352
16 -80 72
-10 -100 560
-3 42 -75
9 144 540
16 160 400
-2 -12 -66
-8 32 -536
2 12 342
9 108 212
1 -18 81
9 -30 -137
-5 90 -405
4 -72 324
-4 0 12
16 32 -992
7 -28 -35
144 -720 868
6 -48 -228
144 384 184
16 -160 319
-5 30 405
3 -48 222
-10 -120 -460
-9 108 -369
9 -12 -968
9 72 99
5 -40 -655
3 -30 63
4 -32 -800
16 128 128
-2 28 -226
-5 -30 -65
-6 108 -756
-1 10 -26
3 60 840
144 288 -432
5 90 810
64 -256 240
-2 32 768
400 1000 609
1 -16 92
16 32 -496
4 40 228
10 -40 40
-2 8 -8
36 -72 -864
-6 84 -222
-9 36 -126
2 -4 9
10 -120 300
64 -384 432
64 -576 496
100 280 196
7 112 308
1 16 145
8 112 784
9 -90 -18
-2 -20 22
36 -48 -425
4 64 96
-5 -10 -50
100 -600 -720
9 180 657
9 90 -18
16 -160 288
4 24 612
-1 2 31
256 896 672
16 160 -400
-7 -84 -252
1 12 -28
1 -6 -243
-1 14 -49
9 -72 171
9 -12 4
4 -64 -716
1 -16 -17
1 -16 -536
-3 42 -51
-8 -1 0
-5 90 -445
2 12 -78
-9 126 -441
1 -4 249
-7 -84 532
-7 -70 -119
25 -300 900
-3 -9 -9
-7 -84 -476
6 36 -186
1 10 -380
64 448 528
36 240 346
8 160 800
-10 -200 -510
-6 -12 -438
36 240 -248
2 -32 128
9 18 -423
-5 100 -660
2 8 358
-6 -36 -432
-2 -24 328
10 60 -810
-8 -48 -584
-5 -30 -45
36 -72 -944
100 -600 900
25 -40 -284
256 512 0
-3 60 -420
7 -14 -371
4 56 388
5 30 170
-3 -36 -117
-5 -70 -245
36 168 124
10 -140 490
4 20 -227
4 64 228
6 60 -930
100 320 256
5 -30 -135
5 0 -180
4 36 -351
-10 -60 -630
9 144 126
-4 -5 6
9 -54 522
1 -10 25
10 20 -350
-1 -8 -8
144 216 33
-5 -60 -340
10 140 170
-1 12 -36
36 252 393
-1 8 184
4 -64 4
5 -20 520
-5 -60 555
6 72 198
8 -144 360
1 4 -24
-8 -160 480
4 72 312
5 -100 600
-5 100 580
2 36 -862
81 -540 -900
-3 5 6
-8 32 -8
-7 140 -350
9 0 -360
2 0 800
4 -16 592
625 250 -175
25 200 391
256 -896 -368
100 700 361
16 128 -464
-10 160 -720
-5 -70 -370
9 -126 -207
3 -24 -528
16 160 350
9 108 124
2 -36 -158
1 -6 9
6 -96 678
1 4 -388
4 16 28
-3 54 729
-7 -98 -280
16 -32 -48
4 -48 108
7 84 112
3 6 5
-9 108 -288
36 72 -108
3 42 -825
-5 0 320
1 -10 -75
-2 -16 164
3 -30 237
64 -640 400
-7 0 42
144 -768 448
-2 16 218
1 14 301
9 162 345
25 -80 64
-5 -10 535
8 96 -216
81 -54 -99
8 -16 -760
36 -180 -223
-5 -40 370
100 0 -864
-5 -20 -100
-8 -2 1
-2 20 382
144 -480 -248
4 40 -44
3 -24 48
10 -10 -3
9 -54 -369
144 -288 108
-10 -20 800
16 288 953
3 12 -960
-3 36 -108
7 -56 812
4 -56 596
3 -54 246
9 -36 -288
7 -140 476
2 -24 8
-8 144 -672
16 -96 -864
3 -30 75
-4 0 576
6 -24 42
-2 28 286
8 80 128
-3 -42 -876
-8 -64 -320
-2 24 360
9 162 728
-1 -16 -37
-6 -120 -600
5 -10 205
9 -36 -612
-6 48 -96
225 180 -64
9 162 639
4 -64 256
144 -864 810
-10 -60 -10
1 -18 473
7 14 91
-7 28 -196
144 -960 925
9 36 -108
-2 32 -344
-5 -20 -520
144 -768 961
3 12 768
4 16 -227
-4 24 -36
256 -384 -240
8 32 104
400 600 -543
1 6 265
-2 -20 112
-4 40 880
1 -6 -183
-2 0 12
-7 56 -553
4 12 -7
3 6 297
-4 -40 476
144 144 -364
144 -864 0
64 512 -740
1 0 -7
6 36 150
9 -42 -383
9 0 -576
9 -144 -72
-5 -30 -45
-3 18 -27
3 -6 63
-8 -160 -728
8 112 776
-10 -120 390
-5 -10 -25
25 -100 -800
-3 -60 -84
1 18 -495
-1 20 -352
9 90 225
-7 -126 0
-1 12 36
-5 5 1
-10 140 -850
-2 24 -720
6 -36 54
-3 30 -171
-8 0 0
36 0 -360
16 64 -179
36 288 276
7 140 952
9 -60 -224
9 -36 -36
6 -120 384
100 300 -99
-1 2 -361
-4 40 -68
9 162 725
2 -4 296
-2 -12 -218
-1 8 112
1 -18 -69
1 8 -551
4 40 612
-5 -20 -335
-7 -70 -49
36 36 -315
25 -80 -836
64 64 -240
4 48 141
16 -96 -368
9 0 -8
100 0 -300
10 0 480
3 18 459
2 32 448
-9 -54 279
-4 56 0
225 -450 207
-3 6 -138
-4 80 -784
-6 120 -624
36 324 -279
100 900 457
-10 0 0
-5 20 -20
25 350 739
16 -96 80
-5 -90 95
2 16 -130
5 40 -120
-10 60 -90
-8 160 -1000
-2 -32 160
-10 160 860
1 -14 -203
144 -384 -896
81 -432 0
-2 4 390
9 36 -216
-8 -128 -192
-10 -120 -480
16 160 320
-7 126 -693
-3 -6 105
9 12 -644
1 -12 -207
-1 12 -36
2 -20 350
256 768 416
144 -960 952
-3 12 513
-5 7 -3
64 256 192
10 3 9
-9 -108 126
5 60 915
-1 0 -192
2 -12 342
36 -108 -639
-2 -28 -898
16 0 -36
-5 40 60
5 70 195
64 -192 -656
-1 -14 -949
-3 -6 -246
2 24 -328
1 -16 -61
8 0 24
-10 120 -80
4 -40 76
-1 -20 -225
64 96 36
8 -160 848
1 4 814
16 80 -800
16 -64 64
4 -40 -684
9 108 324
16 -64 -136
2 -36 114
3 2 5
144 0 -450
-1 8 -261
-3 -60 -297
16 288 848
3 -48 948
36 36 -87
7 -70 742
-2 -32 -628
6 -2 4
3 24 798
8 128 -664
-7 126 -504
3 36 108
144 432 4
2 -12 34
9 72 -504
-8 32 184
4 72 216
-6 72 -366
-9 180 -972
-9 -126 -432
-2 -24 -72
-9 0 -108
10 -7 7
-6 -12 -438
-4 -32 -864
7 -7 -7
2 4 14
-7 -28 -77
-7 -14 -7
9 126 377
1 0 48
2 32 384
4 40 -80
4 -80 184
-5 80 -335
-9 126 207
16 128 -32
9 18 -639
-6 -12 -174
-1 10 87
-3 -6 -603
9 36 -936
2 -8 10
-3 -12 -93
-7 -42 -175
4 64 -716
-10 160 -160
25 250 380
-2 -24 90
100 900 489
9 36 684
36 48 -956
36 36 -279
2 40 74
9 42 13
16 -32 -632
-1 -20 -300
36 -120 -116
-1 -20 -72
10 -180 730
100 -160 64
4 -16 996
16 -128 109
-6 -48 0
-3 30 -78
36 -324 -643
9 -126 441
9 180 0
-8 -80 160
-7 0 70
9 0 324
-2 4 198
10 -140 430
9 162 504
1 4 -32
-4 8 388
81 378 360
64 64 -992
-8 32 688
1 -10 277
9 -180 644
4 -16 -784
5 -10 -495
10 120 720
-9 18 -153
5 -1 9
6 5 2
2 -32 0
4 32 64
-8 -10 -4
-3 -60 -300
1 -16 96
-10 140 -670
-5 -60 -180
3 24 78
1 -4 -196
3 -42 372
16 32 -272
225 900 -700
4 48 -666
4 -48 160
-10 180 -750
7 14 7
-6 0 -600
-5 10 175
-9 -36 -288
2 36 -198
-9 -36 -486
9 -18 0
2 -32 136
2 12 -282
4 16 -984
1 12 846
100 400 -950
9 36 108
64 448 184
1 8 -229
225 -900 900
64 0 -864
16 96 80
-6 -36 -162
400 640 -644
9 18 -639
-9 162 -972
9 -144 184
5 30 65
9 90 150
16 -64 -181
4 0 32
16 -64 -936
9 0 8
-4 -64 -160
3 54 216
7 -56 868
25 0 -294
1 2 -639
4 -64 247
81 -486 324
36 -360 868
2 -4 -808
-1 -2 74
2 16 -168
-8 16 568
-10 -180 660
-4 16 -16
16 -16 -320
6 60 444
16 -160 336
9 54 -648
1 12 27
-2 10 0
100 800 800
-4 -64 -220
-1 2 -10
3 54 843
-5 -100 -10
3 -60 -180
2 -20 -14
1 4 -77
4 16 13
400 -480 -56
4 40 100
36 -96 64
-6 -48 -120
9 72 198
2 -4 2
-2 20 -66
-8 48 -72
3 0 12
-5 -7 9
4 48 135
-1 -12 564
9 60 55
36 -108 49
-1 9 0
-4 80 -544
-1 18 -45
-4 -48 -336
-1 -14 -50
9 30 25
-2 20 -178
64 320 320
1 2 10
1 -2 -1
100 800 576
16 -80 100
1 -10 49
9 -48 -386
225 630 -184
-7 8 1
5 50 -365
36 -36 -423
-5 -60 -805
16 112 -188
-4 -1 -8
9 108 324
2 -5 8
-8 -144 -648
-1 20 -75
6 96 90
5 -20 755
9 126 765
9 54 -319
2 20 -718
16 -112 -188
1 14 -599
-9 5 -1
1 -2 361
225 630 -259
8 128 544
6 -24 168
10 180 860
9 -30 -119
3 36 483
-2 16 -26
-8 -32 616
-6 -48 -168
225 900 252
225 900 810
400 960 176
-1 -12 -46
-6 -60 -120
-10 -60 -50
-1 -8 159
-2 -32 16
-6 48 -120
3 24 783
1 16 -746
-6 96 -366
9 42 13
5 -10 -265
10 0 0
25 250 49
5 -60 180
-2 1 -1
-3 24 -534
4 8 364
9 -180 495
-2 -20 130
6 -12 222
225 450 200
1 -12 -160
5 2 10
4 -56 -49
10 -20 -150
4 72 -476
2 -20 114
-4 32 -24
-3 -48 33
-4 -24 -36
-8 -64 -48
1 -2 -7
-3 18 -147
4 -48 48
4 -48 -180
-4 -16 992
4 16 -180
-6 120 -150
2 -4 -62
-10 40 210
9 126 441
-2 16 66
-1 18 27
16 -144 288
16 -64 19
225 720 526
2 36 242
7 0 252
4 48 -216
-3 30 -75
5 20 -115
2 16 32
7 -70 -392
36 -168 -452
9 180 606
1 4 -5
3 24 -552
9 90 225
1 -12 38
2 16 140
-1 -6 391
9 54 6
-10 -140 -670
144 -960 718
9 -54 99
25 50 16
7 -140 812
-2 -28 -108
-8 -64 72
-10 -180 -270
-8 -96 -288
-7 -56 784
-4 -72 -292
-6 -84 378
9 -24 -20
64 -320 -880
6 -96 240
2 -32 716
10 140 90
81 216 -504
4 80 -200
4 48 144
2 28 866
4 48 -864
4 40 -92
4 -56 260
1 -16 58
9 -90 225
1 0 48
-1 8 16
5 100 590
6 96 438
-2 -20 -90
9 -72 -342
7 84 189
2 -8 -120
81 0 -54
-3 -42 96
-7 0 8
-7 14 -28
100 400 -752
25 0 -36
3 -12 0
-2 -4 -20
5 -100 -310
10 -20 10
4 -40 68
100 -300 33
-3 -30 465
-5 -10 -185
8 -32 32
5 -70 145
4 40 676
-6 72 -594
-2 4 -6
8 128 912
-5 -60 -420
5 60 160
64 0 -28
-1 -4 -704
-3 36 621
-2 24 -576
16 -288 972
-6 -6 8
-3 -54 -243
-1 10 -169
7 -42 56
36 180 -575
-6 -84 -294
6 -36 -432
-4 -40 -100
-6 -6 -8
-3 42 -144
2 24 360
5 10 -265
-3 -24 477
6 -72 216
-4 72 60
-6 -36 -66
10 -100 250
10 -80 130
-7 14 -7
-5 60 -240
-3 48 -300
3 -60 888
-1 5 -1
225 900 850
36 120 46
225 -270 -819
2 4 82
16 256 976
-2 -8 874
-6 108 -678
3 -6 -189
2 12 -382
5 10 5
6 -84 -666
-1 4 -328
-6 84 192
7 -42 -504
6 60 444
16 0 -256
10 -200 360
36 -108 -619
3 6 12
9 -36 -288
64 -320 -48
81 378 441
36 108 -111
225 -900 -450
9 -6 -323
5 -100 635
9 72 252
9 -36 72
256 768 384
1 -20 76
3 54 -525
1 -4 1
2 -8 18
5 -80 320
5 50 305
4 20 -335
2 12 -432
400 0 -400
-7 -6 1
-9 -72 -144
16 256 961
25 350 735
-2 8 -440
144 -480 -752
1 -8 -794
-7 -28 -28
9 126 425
6 120 -264
-7 -98 -315
9 -90 477
-1 10 -15
-3 -24 252
36 0 -225
6 24 132
1 8 -112
-8 160 -728
-1 2 8
-6 -84 -132
-3 36 -123
2 12 818
1 0 8
64 32 4
8 -16 8
-2 28 -26
4 32 60
-4 -32 576
5 20 -605
-3 -54 -819
81 378 441
100 -360 99
3 30 96
9 90 -575
1 -10 -299
225 750 193
16 -48 4
9 36 -414
9 -90 234
1 -4 -21
-6 36 -270
-8 -32 -320
100 -40 -146
6 0 -168
5 90 505
-1 -6 -252
3 -48 384
4 80 -48
4 -48 32
6 96 -768
1 4 814
2 24 180
2 36 486
-1 10 -61
4 40 -12
10 -60 450
-2 20 670
4 -16 -236
-3 54 -171
-1 10 9
3 12 84
2 20 50
-7 -84 -882
6 72 312
5 60 580
3 3 7
-2 28 190
9 30 -47
-7 -56 -147
144 288 144
1 0 -1
4 0 -972
-8 48 -72
1 -18 108
25 -150 209
-8 160 -800
-2 -32 -632
3 -12 18
1 16 -116
2 -20 -146
1 -4 -71
4 8 -796
9 126 378
9 -126 416
4 -32 964
400 -200 -759
2 -36 762
2 -16 332
-5 10 75
-6 0 108
-9 54 324
-2 16 -718
144 -864 414
1 20 95
1 16 37
-9 -18 0
-3 36 216
1 12 28
64 -64 -16
16 256 224
64 448 -224
256 0 -800
-2 36 -126
9 8 -6
-10 140 470
64 -512 -348
16 32 -308
-3 -42 228
144 720 116
-8 -16 352
-5 -50 -165
-5 0 0
-2 -12 -828
25 -50 25
9 18 90
225 -900 612
-10 -120 -340
4 -20 -15
400 -800 -896
-4 24 -36
4 -48 69
400 200 -359
8 8 -2
-2 -20 6
-10 -80 -160
256 -384 -656
8 -144 776
36 -360 132
3 54 243
-8 144 -72
-3 12 852
-5 -100 940
64 320 -112
2 9 -3
-5 50 -445
-7 -98 -686
-8 160 -544
81 -486 441
81 162 -63
5 0 160
2 32 164
2 -16 -352
-5 -70 -260
-3 -6 72
4 1 4
9 18 -720
3 0 81
-2 -32 -256
9 7 3
-1 20 -107
36 -36 -87
-4 -80 112
36 72 36
-2 -16 -672
10 100 890
-2 40 120
100 0 -900
-8 0 0
-7 42 -413
-5 -10 315
1 -14 113
256 128 -16
144 192 -512
10 100 250
4 24 20
64 -320 288
16 16 -92
-5 100 -680
-5 20 -20
8 144 -376
-3 24 -648
36 108 -207
2 -20 50
36 -324 513
2 32 512
2 -8 608
-9 -144 -549
25 -250 382
1 18 81
36 108 -719
-3 30 -225
25 -250 544
5 70 245
2 -40 232
-2 32 -184
6 -8 -8
-3 -48 24
-10 20 -330
1 -8 -131
-1 12 -36
-9 108 -306
-2 28 -418
2 28 198
4 0 128
1 -12 32
-3 -6 45
-1 12 -36
4 -32 -448
-9 -18 -63
-8 -48 360
1 20 -92
-6 24 18
1 -8 -33
-1 -6 -72
81 54 -639
1 -14 -26
-3 12 -255
6 72 -834
25 90 -319
-5 -90 -405
4 -8 -124
-10 200 280
-6 -84 -894
16 32 -240
7 84 168
5 -40 90
5 -100 500
6 24 -126
81 162 -783
-10 -60 -90
2 16 72
-9 -36 288
-10 -100 240
5 40 830
81 108 0
1 8 -632
-9 -108 324
8 112 176
-2 36 -210
-8 -96 -72
-3 -6 -123
100 300 -783
6 -84 246
5 -40 260
-10 20 530
16 -224 781
-3 42 813
64 256 256
-3 48 -192
1 -12 -72
4 48 208
2 -10 -4
4 -8 4
6 84 588
9 18 -396
8 -16 8
-4 -32 -92
-1 -4 296
9 -72 -81
4 16 340
-2 40 -218
-2 28 -498
-8 -160 -768
-9 4 -4
-2 24 738
64 -128 48
2 16 -18
3 0 750
2 8 72
3 30 237
16 144 -188
-2 -24 -522
3 -6 867
4 16 9
-5 70 -725
4 32 28
4 -40 -924
-6 -84 -306
-3 -18 -147
1 0 486
-1 12 -37
-9 -144 -612
3 60 -429
10 -80 -640
4 -56 196
10 -60 -360
-4 -16 -16
2 -32 136
-10 -180 190
-2 -4 -492
400 800 -725
400 -480 -756
-8 5 -3
6 0 -270
225 720 576
-5 -90 845
-10 180 -90
16 48 -28
3 -30 831
-10 -20 490
9 60 -548
25 300 300
3 7 8
64 -448 424
1 14 -311
3 -24 183
36 -108 -687
6 -12 -534
100 -900 849
1 0 -8
-1 -16 -64
2 36 138
3 48 162
25 250 623
-8 -48 -136
-4 -16 -208
-10 140 -490
16 -16 -104
1 1 -10
-6 24 -60
3 -60 -780
3 -18 762
16 -16 -108
144 -576 576
6 -4 -1
1 -10 -83
64 -288 276
64 -384 216
10 -80 360
625 750 -575
81 108 -72
36 -192 166
36 -144 108
9 -180 792
-2 -28 -98
36 216 -176
5 20 -620
144 -96 -29
4 -32 -584
256 -768 512
9 18 9
1 16 -260
225 900 100
9 54 657
2 8 0
8 -112 392
9 24 -29
-3 24 -48
-10 -40 -1000
1 20 -710
-9 18 72
-5 -70 -255
-1 14 -535
-7 -112 602
10 80 800
16 224 294
-4 40 92
16 144 -540
-6 108 -324
36 -216 -396
225 -300 -467
-10 60 -150
-1 -8 -178
-10 0 10
4 40 -700
-1 -8 33
-9 72 72
-1 8 -516
7 14 49
-5 -20 25
-10 -60 190
1 -4 -482
7 -112 644
-2 24 -104
256 896 208
-3 18 -12
-1 2 35
7 -70 623
64 -384 416
3 18 27
5 -90 5
-9 -90 -225
3 0 768
36 -36 -187
5 20 160
-1 -4 4
-2 -8 -24
4 -24 420
25 -150 219
-5 3 5
81 162 -927
7 84 252
4 -24 36
1 8 17
16 224 460
225 900 -864
-5 -60 460
-10 -120 0
2 28 -10
5 90 205
-3 12 12
-9 5 8
1 18 -729
4 -32 40
225 180 -189
-5 3 -6
64 96 -540
36 144 -756
4 0 -36
25 -100 -350
7 14 357
-1 -4 -9
-3 -24 912
-10 -120 -260
4 24 -348
3 0 10
1 -14 -76
10 160 660
8 -128 512
-8 -48 -720
-6 72 -648
9 -2 -5
-7 -70 49
-3 24 -84
-4 -32 -664
-4 56 20
4 32 -960
-4 48 -144
-7 112 -672
2 28 98
400 -200 -551
3 -36 783
4 -64 232
-3 24 -192
2 40 -120
9 -126 377
4 -32 104
-10 140 -220
-8 16 192
64 -224 -380
-4 -48 -152
16 -8 -95
144 432 324
-4 16 -408
-5 40 55
7 -28 28
4 24 436
8 144 656
-2 10 -2
400 -800 400
7 -14 7
-2 -8 -656
3 48 -24
-4 -40 -424
36 120 100
-8 2 -3
400 0 -112
8 -7 -2
4 24 20
-7 56 -77
7 10 7
4 72 -276
144 -480 319
-2 10 3
-4 -16 884
5 0 -405
225 -150 -299
-10 200 -840
144 72 9
1 18 17
36 360 388
4 -36 -243
225 90 -391
9 180 819
-1 -18 619
16 -48 8
7 0 -4
4 -20 -175
225 810 654
3 54 -207
1 8 -38
64 384 576
-4 16 384
-2 -36 486
1 -4 -8
2 -32 478
-6 12 -606
-8 80 -272
-2 -20 350
2 4 164
5 10 -495
-8 -112 472
-6 -84 90
2 28 908
5 -90 225
100 0 -675
10 -20 250
16 -72 -207
7 42 147
225 0 -90
1 16 -736
10 -160 650
-4 -16 -916
1 14 33
-7 -28 -532
-7 -112 -168
6 24 510
-4 16 24
-4 64 -128
-2 28 252
625 750 -675
3 12 -474
7 56 -448
4 -48 -180
16 -48 -552
64 -64 -240
-1 -20 -247
225 -810 704
2 32 -166
-4 80 580
-2 24 810
5 80 200
-7 8 -9
-1 6 -8
-3 -12 588
4 -40 -143
4 -24 -693
-7 56 0
5 -30 85
-8 -80 312
1 16 64
-1 -16 -64
64 128 -48
-2 20 -338
9 90 405
9 54 -15
-7 -126 -567
-6 -84 156
64 -128 48
100 100 25
5 50 530
4 48 -880
4 -56 644
-3 -42 -201
4 -32 352
4 -40 -200
4 -16 604
-3 -60 -300
-1 0 100
16 80 72
9 18 -591
144 -720 772
-1 14 -56
-6 7 7
1 -20 -540
-1 -20 -116
16 -128 175
2 -8 88
16 112 196
5 -70 270
1 -12 -258
-6 0 600
-1 2 199
5 0 -1000
-7 98 -336
64 -96 -348
5 -80 520
1 4 204
100 0 -16
-5 90 845
10 -180 750
9 36 -612
16 -128 256
4 40 884
36 -180 189
6 48 96
144 -672 -116
-6 -5 -7
10 -10 -9
9 -30 -299
-1 -14 -454
4 -32 28
1 -4 7
36 -324 721
3 6 651
-4 -24 -68
10 -180 570
400 -400 -412
400 640 256
5 50 125
100 300 -207
-9 36 -36
64 -256 256
-1 14 -199
-8 -160 -80
2 36 306
-10 200 -200
-8 -48 -296
6 12 30
4 -24 -476
-1 2 -401
4 40 0
81 -324 0
225 -90 -791
2 -24 104
144 -576 -864
3 36 255
-4 48 -144
6 -12 -480
6 12 -858
1 -18 -79
16 80 -156
7 112 826
625 750 -675
1 6 37
7 84 217
-9 126 -117
-4 -72 -124
-8 16 -728
-4 9 -8
-9 -72 585
-6 72 -504
2 1 -2
-7 98 532
-4 -24 156
-5 50 -395
225 -450 -675
-1 20 -76
144 504 -135
16 144 288
7 0 -560
4 -48 172
9 144 560
256 128 -704
5 -60 -360
-5 50 -685
9 162 604
1 18 77
9 36 -54
100 100 -675
9 -126 927
10 120 680
9 90 222
6 -72 108
9 -108 99
-3 42 -222
1 -18 181
25 -200 375
-9 -144 -612
-2 -12 750
-4 64 32
9 0 -400
