4802 1000
86 0 774
203 0 -203
3 0 27
420 0 -420
-256 0 256
-532 0 0
-493 0 -493
664 0 0
51 0 -204
-21 0 -21
223 0 0
-332 0 332
371 0 -371
799 0 0
-544 0 0
-749 0 -749
-26 0 650
-43 0 387
-460 0 -460
21 0 -525
298 0 0
-66 0 66
28 0 700
82 0 -738
109 0 436
207 0 -207
336 0 0
-136 0 -544
-50 0 450
82 0 82
9 0 -576
105 0 -420
-81 0 0
-694 0 -694
-501 0 0
38 0 152
676 0 676
-684 0 684
577 0 -577
253 0 0
400 0 0
51 0 816
140 0 -140
-784 0 0
-246 0 -984
762 0 0
-4 0 -196
-72 0 -72
-695 0 0
487 0 487
875 0 0
-118 0 118
14 0 504
-296 0 0
284 0 284
-741 0 0
803 0 0
-643 0 643
-206 0 824
112 0 -448
55 0 -495
41 0 369
735 0 735
97 0 97
118 0 0
606 0 606
441 0 -441
162 0 648
-346 0 0
-5 0 605
-304 0 304
-560 0 0
-685 0 685
83 0 -332
2 0 32
-336 0 0
711 0 0
8 0 968
-610 0 -610
210 0 0
13 0 325
-304 0 0
858 0 0
500 0 500
-588 0 0
455 0 0
-68 0 -272
18 0 450
435 0 0
12 0 -768
-463 0 463
24 0 0
-177 0 177
-140 0 560
-104 0 -936
-388 0 -388
-134 0 0
-145 0 -580
359 0 359
703 0 0
226 0 -904
30 0 -480
73 0 -292
-124 0 0
557 0 557
-471 0 -471
519 0 -519
-7 0 63
310 0 310
640 0 -640
-192 0 768
-459 0 -459
-372 0 -372
565 0 565
-244 0 -976
277 0 0
489 0 489
178 0 -712
734 0 -734
-287 0 287
-649 0 0
-760 0 -760
-14 0 -350
-648 0 0
14 0 -224
-28 0 -112
-218 0 0
-246 0 246
608 0 0
20 0 20
-229 0 229
77 0 0
-480 0 0
374 0 0
-270 0 270
-790 0 0
-838 0 0
25 0 -625
-660 0 660
158 0 -158
-42 0 168
1 0 -1
-23 0 575
189 0 756
454 0 -454
-31 0 31
-839 0 0
-82 0 0
-299 0 299
833 0 0
799 0 799
35 0 0
-631 0 0
62 0 558
-11 0 44
-36 0 -576
835 0 0
-633 0 0
709 0 0
-608 0 608
-553 0 0
118 0 -472
-688 0 0
380 0 -380
620 0 620
25 0 400
779 0 0
686 0 0
768 0 0
783 0 -783
-232 0 -928
-105 0 945
633 0 0
-845 0 -845
-95 0 380
132 0 -528
-287 0 0
30 0 0
-855 0 0
-402 0 -402
183 0 0
621 0 -621
-654 0 0
-875 0 -875
-594 0 0
-700 0 0
-253 0 253
-68 0 0
135 0 0
511 0 -511
-55 0 880
-35 0 -560
476 0 0
741 0 0
213 0 -213
-897 0 0
-816 0 0
900 0 0
478 0 0
347 0 0
-320 0 320
-779 0 -779
-26 0 416
299 0 299
46 0 -46
18 0 -162
-748 0 0
230 0 0
33 0 0
-1 0 400
-610 0 0
6 0 24
71 0 -639
-811 0 -811
-29 0 29
241 0 241
-129 0 0
-150 0 -600
-808 0 -808
290 0 290
-101 0 0
-342 0 0
-642 0 642
-838 0 838
-638 0 638
-399 0 0
-178 0 178
685 0 0
-451 0 0
-693 0 693
-8 0 -512
-822 0 0
-131 0 -131
61 0 -549
-13 0 -13
595 0 595
501 0 0
-775 0 0
740 0 -740
22 0 0
-158 0 -158
-401 0 401
-452 0 0
-307 0 -307
24 0 -216
-774 0 0
66 0 594
47 0 752
-226 0 0
-777 0 777
122 0 488
394 0 -394
-110 0 990
312 0 312
143 0 143
-844 0 -844
102 0 408
-835 0 835
333 0 -333
48 0 0
-58 0 232
-793 0 0
-97 0 97
-8 0 72
167 0 167
527 0 527
49 0 784
-711 0 -711
89 0 356
-86 0 774
592 0 592
-116 0 -464
113 0 0
-729 0 0
-4 0 -900
337 0 -337
-495 0 495
376 0 376
16 0 256
-279 0 -279
-751 0 -751
-19 0 -76
177 0 177
-384 0 -384
-531 0 0
-846 0 -846
-537 0 0
4 0 256
347 0 347
219 0 -219
112 0 -112
399 0 -399
415 0 0
-10 0 490
117 0 117
-185 0 0
75 0 0
-475 0 475
283 0 0
469 0 -469
-130 0 130
-12 0 0
76 0 -76
52 0 -52
456 0 0
-150 0 0
184 0 0
216 0 216
-442 0 0
-251 0 -251
-427 0 0
-1 0 784
662 0 -662
189 0 0
-206 0 206
-666 0 0
-16 0 -784
-674 0 -674
-376 0 0
-2 0 -968
583 0 0
48 0 432
-1 0 -64
46 0 736
147 0 588
-454 0 0
-87 0 783
201 0 201
-10 0 -1000
514 0 0
-4 0 -36
-752 0 -752
-396 0 -396
88 0 -352
-348 0 0
-2 0 -882
-299 0 0
-161 0 0
-12 0 -432
-851 0 0
-724 0 724
652 0 652
431 0 -431
-59 0 236
-226 0 -904
530 0 0
-145 0 0
57 0 -57
-443 0 443
814 0 814
-374 0 0
-285 0 285
-2 0 162
-22 0 -550
589 0 0
-521 0 0
775 0 0
165 0 0
605 0 0
466 0 0
779 0 -779
447 0 0
-398 0 398
-522 0 -522
-131 0 0
-790 0 790
-235 0 0
567 0 0
156 0 -156
-882 0 0
648 0 648
6 0 -726
409 0 409
-235 0 -235
208 0 832
683 0 0
-19 0 -475
-311 0 311
-84 0 -84
90 0 90
-670 0 0
867 0 -867
148 0 0
17 0 17
-7 0 252
72 0 -72
282 0 0
-398 0 0
56 0 -896
898 0 -898
584 0 0
895 0 895
81 0 -324
191 0 0
484 0 -484
493 0 0
569 0 0
528 0 -528
45 0 -720
100 0 0
-881 0 0
200 0 200
-380 0 0
631 0 0
377 0 -377
176 0 0
-30 0 0
-13 0 0
182 0 -728
821 0 -821
43 0 -43
-530 0 530
-200 0 800
501 0 501
-122 0 122
-3 0 768
-8 0 -800
-769 0 0
110 0 0
-190 0 -760
191 0 764
155 0 155
-589 0 -589
-215 0 215
-593 0 -593
669 0 669
-278 0 0
-583 0 583
-101 0 -101
-408 0 -408
-690 0 0
201 0 -804
-656 0 -656
643 0 643
20 0 -720
512 0 0
-15 0 -375
-51 0 -51
209 0 -209
214 0 0
-791 0 791
-865 0 -865
101 0 404
430 0 430
-544 0 -544
-149 0 -149
881 0 0
644 0 -644
699 0 0
-559 0 559
546 0 546
-426 0 426
238 0 -952
381 0 -381
48 0 192
138 0 552
144 0 -576
-698 0 -698
-212 0 0
-507 0 0
248 0 -992
182 0 0
-202 0 202
48 0 -48
-11 0 -704
640 0 0
20 0 500
70 0 -280
-143 0 0
245 0 -245
-11 0 11
-899 0 899
757 0 757
-448 0 0
142 0 0
36 0 -324
556 0 556
186 0 -744
61 0 0
-705 0 705
506 0 -506
-26 0 -234
-172 0 0
229 0 229
-322 0 -322
234 0 234
672 0 0
-435 0 -435
548 0 -548
114 0 -114
561 0 -561
-17 0 0
-494 0 0
-9 0 -144
773 0 -773
-185 0 185
-592 0 592
815 0 -815
-738 0 0
478 0 -478
686 0 -686
-851 0 -851
32 0 -288
-186 0 186
-162 0 0
786 0 0
-197 0 0
-609 0 0
-698 0 0
771 0 0
853 0 853
382 0 0
-210 0 0
94 0 -376
27 0 -108
-5 0 -405
619 0 0
523 0 0
412 0 0
-356 0 0
541 0 0
693 0 693
285 0 0
-571 0 0
247 0 988
-56 0 56
627 0 -627
-868 0 0
-888 0 888
3 0 -108
-527 0 0
551 0 -551
-863 0 -863
243 0 -243
832 0 0
-300 0 0
-92 0 368
177 0 708
654 0 -654
848 0 0
-85 0 -85
-246 0 0
15 0 -960
-294 0 294
4 0 784
-810 0 0
859 0 859
760 0 0
-283 0 0
-783 0 -783
-728 0 0
752 0 0
-34 0 0
690 0 0
-416 0 0
-6 0 24
532 0 532
-709 0 -709
616 0 0
-111 0 -444
75 0 300
309 0 0
404 0 404
-406 0 0
-171 0 0
-843 0 -843
-563 0 0
-423 0 -423
-189 0 189
530 0 530
-883 0 0
72 0 288
854 0 -854
-177 0 0
-240 0 -960
619 0 -619
-555 0 0
-562 0 0
129 0 0
722 0 722
717 0 0
613 0 613
897 0 -897
-80 0 720
110 0 990
170 0 0
-628 0 0
-830 0 0
894 0 0
-244 0 -244
-95 0 -855
-50 0 0
-96 0 96
613 0 0
761 0 0
726 0 0
765 0 0
-17 0 -68
4 0 -400
1 0 -841
-247 0 988
556 0 0
-322 0 0
489 0 0
-705 0 0
-898 0 -898
20 0 -80
134 0 -134
47 0 188
164 0 0
-413 0 413
-83 0 0
10 0 810
-876 0 0
-441 0 0
57 0 228
199 0 0
-219 0 0
50 0 -800
661 0 -661
-5 0 320
-69 0 -276
-844 0 0
6 0 486
-835 0 0
-868 0 868
-612 0 612
490 0 -490
-867 0 -867
-184 0 736
8 0 72
-509 0 0
-849 0 0
583 0 583
51 0 -51
609 0 0
-298 0 -298
-539 0 539
-330 0 0
-273 0 -273
-887 0 0
197 0 0
871 0 0
758 0 0
811 0 -811
-594 0 -594
-359 0 0
455 0 455
41 0 -41
-222 0 0
99 0 -891
-13 0 637
776 0 776
233 0 -932
151 0 604
-431 0 0
-813 0 0
-74 0 666
-353 0 353
-656 0 0
238 0 238
27 0 -432
237 0 -948
-529 0 -529
-809 0 -809
-293 0 0
-186 0 -744
750 0 0
746 0 -746
521 0 0
-564 0 564
-145 0 145
663 0 0
-428 0 0
-389 0 0
-3 0 -243
-492 0 -492
-856 0 0
492 0 0
128 0 128
208 0 208
-407 0 0
696 0 696
880 0 -880
-272 0 -272
-49 0 784
-130 0 520
702 0 0
190 0 0
92 0 368
136 0 0
804 0 0
-464 0 464
-474 0 0
-743 0 0
-7 0 343
-208 0 0
463 0 463
-579 0 0
348 0 -348
-585 0 0
24 0 -384
-718 0 718
712 0 -712
-674 0 0
660 0 660
210 0 840
-693 0 0
-207 0 0
-606 0 0
-880 0 0
151 0 0
26 0 -104
-744 0 0
-570 0 0
785 0 0
-852 0 852
-521 0 521
-875 0 0
-2 0 0
39 0 351
-677 0 0
-900 0 -900
-37 0 -592
838 0 838
-572 0 572
-749 0 0
-13 0 52
-772 0 -772
54 0 486
-662 0 0
695 0 695
-859 0 0
299 0 0
-164 0 -164
543 0 0
-624 0 -624
132 0 0
11 0 99
-1 0 100
-778 0 -778
325 0 -325
-436 0 -436
135 0 -540
-28 0 0
-587 0 0
571 0 0
-20 0 980
258 0 258
-512 0 -512
201 0 0
-853 0 853
785 0 -785
808 0 -808
-236 0 -944
-575 0 575
-895 0 895
-323 0 0
747 0 747
-802 0 0
246 0 246
-372 0 0
-514 0 -514
-291 0 0
38 0 950
-4 0 144
-425 0 0
-405 0 -405
65 0 0
636 0 0
878 0 0
764 0 764
701 0 -701
-709 0 0
-340 0 -340
35 0 315
75 0 675
-334 0 -334
482 0 0
-325 0 0
-595 0 0
270 0 270
-187 0 0
46 0 184
5 0 -80
74 0 666
579 0 -579
-160 0 -160
437 0 -437
-256 0 0
59 0 236
626 0 0
52 0 0
-644 0 0
239 0 239
-613 0 613
752 0 -752
-713 0 713
2 0 -98
873 0 -873
109 0 -981
-811 0 0
377 0 0
253 0 253
-776 0 0
-62 0 248
-10 0 10
-465 0 -465
824 0 824
896 0 896
-168 0 168
-149 0 -596
-141 0 -564
7 0 -175
-132 0 132
-494 0 -494
12 0 -432
-457 0 457
-162 0 -162
-792 0 0
-302 0 0
-478 0 0
-378 0 378
-263 0 -263
239 0 0
639 0 -639
225 0 -225
-409 0 409
897 0 0
-397 0 0
-505 0 0
96 0 384
837 0 0
-306 0 306
345 0 0
-885 0 885
558 0 0
-360 0 360
-467 0 -467
-556 0 556
699 0 -699
262 0 0
-98 0 98
292 0 0
11 0 11
395 0 0
-752 0 0
286 0 0
496 0 -496
737 0 0
97 0 873
150 0 0
-288 0 0
-554 0 0
563 0 -563
54 0 216
-39 0 0
-833 0 -833
-658 0 -658
138 0 0
-495 0 0
-36 0 900
107 0 -963
326 0 0
-13 0 -832
-61 0 976
133 0 532
-63 0 -567
-37 0 37
-742 0 0
396 0 0
-207 0 -828
-157 0 0
-128 0 0
3 0 -243
-308 0 0
5 0 -20
-362 0 -362
794 0 -794
-506 0 -506
236 0 -236
-354 0 0
-45 0 -720
-14 0 -126
550 0 550
5 0 320
272 0 0
7 0 252
-54 0 -864
-788 0 0
-650 0 0
-5 0 500
-148 0 -592
-33 0 -825
-431 0 -431
108 0 0
21 0 0
-498 0 0
-238 0 238
101 0 -101
795 0 0
-764 0 0
-276 0 -276
-786 0 -786
-86 0 0
242 0 0
-10 0 0
-373 0 0
-22 0 -198
453 0 -453
-897 0 -897
237 0 0
-23 0 207
-65 0 585
222 0 0
202 0 0
313 0 0
215 0 215
793 0 793
163 0 652
38 0 0
-543 0 -543
9 0 -900
632 0 0
87 0 87
-65 0 0
-869 0 -869
-97 0 873
-124 0 496
291 0 0
-731 0 0
-289 0 289
666 0 0
-678 0 -678
11 0 0
-128 0 512
-314 0 0
-711 0 0
-584 0 -584
1 0 400
-298 0 0
41 0 -656
-268 0 0
115 0 115
-274 0 0
55 0 220
108 0 -108
-402 0 0
808 0 0
140 0 0
19 0 -76
-1 0 -441
13 0 52
756 0 0
-17 0 -153
100 0 400
67 0 268
212 0 0
-552 0 0
-480 0 480
133 0 0
26 0 650
-681 0 -681
319 0 0
-382 0 0
480 0 0
694 0 0
450 0 0
-663 0 0
492 0 -492
55 0 880
316 0 0
185 0 185
830 0 830
-88 0 -88
-383 0 383
824 0 0
-320 0 0
775 0 -775
127 0 0
176 0 -704
112 0 0
-853 0 0
-35 0 140
-468 0 -468
820 0 -820
-27 0 -243
468 0 0
430 0 0
121 0 484
25 0 -25
-90 0 0
6 0 -216
-345 0 345
12 0 48
-330 0 330
-56 0 0
104 0 416
-191 0 764
-234 0 234
338 0 0
-242 0 968
421 0 0
646 0 -646
-590 0 590
-133 0 532
93 0 -372
332 0 0
774 0 774
-21 0 84
207 0 0
-745 0 0
899 0 899
40 0 0
-496 0 0
-2 0 800
279 0 0
259 0 0
-764 0 764
-227 0 -908
-552 0 -552
102 0 -918
211 0 844
-358 0 -358
510 0 -510
-513 0 0
-340 0 0
389 0 0
-16 0 -576
-24 0 24
-617 0 617
361 0 361
670 0 -670
45 0 405
-231 0 -231
-24 0 -864
-513 0 513
759 0 759
826 0 -826
-172 0 172
-704 0 0
-163 0 652
588 0 0
235 0 -940
56 0 -504
-135 0 0
-712 0 0
656 0 0
877 0 -877
-819 0 -819
19 0 171
23 0 368
864 0 0
-648 0 648
-164 0 -656
29 0 -116
364 0 0
18 0 -648
-550 0 550
566 0 0
-797 0 797
-158 0 0
-221 0 221
-874 0 0
678 0 -678
350 0 0
22 0 -198
790 0 0
11 0 891
110 0 440
-438 0 0
87 0 783
-658 0 0
451 0 451
224 0 0
460 0 0
288 0 288
-440 0 -440
79 0 711
5 0 5
406 0 -406
596 0 596
787 0 -787
-596 0 0
765 0 765
10 0 0
-433 0 0
-120 0 0
-179 0 0
837 0 -837
-57 0 0
-797 0 0
-233 0 0
-279 0 0
-307 0 0
-127 0 -508
-691 0 0
-405 0 0
379 0 0
600 0 0
-5 0 720
887 0 0
883 0 0
724 0 0
892 0 0
794 0 0
-175 0 175
192 0 768
-412 0 0
69 0 -69
-845 0 0
454 0 0
378 0 378
-84 0 -336
19 0 684
850 0 850
226 0 226
-3 0 675
219 0 0
-158 0 -632
-223 0 -223
-863 0 0
412 0 412
872 0 0
-38 0 152
-23 0 0
-780 0 780
104 0 -936
-458 0 458
265 0 -265
322 0 0
266 0 266
-255 0 0
-354 0 -354
702 0 702
-42 0 0
465 0 0
-141 0 -141
685 0 685
-131 0 -524
675 0 0
37 0 333
462 0 0
-309 0 0
713 0 713
-53 0 -53
-295 0 -295
96 0 -864
678 0 0
168 0 0
225 0 0
587 0 -587
411 0 0
-445 0 0
-55 0 0
-317 0 -317
282 0 282
-587 0 -587
-8 0 -648
692 0 0
289 0 0
-517 0 0
-96 0 0
811 0 0
-798 0 -798
-461 0 -461
335 0 -335
1 0 25
158 0 0
-864 0 0
-82 0 -738
-684 0 0
-173 0 692
570 0 -570
682 0 682
-1 0 -1
-824 0 824
9 0 0
704 0 -704
55 0 -55
-870 0 0
688 0 0
680 0 -680
463 0 0
84 0 -84
161 0 -644
97 0 0
51 0 0
99 0 -396
418 0 418
464 0 464
885 0 885
569 0 -569
-49 0 441
692 0 692
432 0 -432
131 0 -524
-430 0 430
-275 0 0
-285 0 0
-204 0 816
862 0 862
641 0 -641
3 0 -3
-249 0 0
425 0 0
364 0 -364
171 0 0
187 0 748
398 0 0
594 0 -594
-198 0 0
639 0 0
-371 0 -371
-112 0 -112
66 0 0
590 0 590
547 0 -547
-52 0 -52
-775 0 -775
173 0 692
705 0 705
-155 0 -620
-233 0 -932
477 0 -477
1 0 144
252 0 -252
-21 0 336
-4 0 256
27 0 27
-504 0 -504
-337 0 -337
-106 0 0
-91 0 364
16 0 0
-52 0 0
71 0 284
-763 0 -763
-509 0 -509
-640 0 0
-129 0 516
-755 0 -755
-41 0 -656
-4 0 16
-791 0 0
-592 0 0
879 0 879
-30 0 -750
442 0 0
571 0 571
-818 0 0
-40 0 -40
-6 0 -96
-461 0 0
40 0 360
217 0 -868
77 0 77
566 0 -566
-632 0 -632
-321 0 -321
22 0 -352
-620 0 620
166 0 0
-643 0 0
-198 0 -198
-166 0 664
542 0 542
850 0 0
404 0 0
195 0 -780
-756 0 756
790 0 790
-301 0 0
1 0 961
-892 0 -892
-840 0 840
-65 0 -260
288 0 0
-858 0 0
-746 0 0
372 0 0
362 0 0
-283 0 283
-262 0 0
-798 0 0
94 0 -846
-591 0 0
-26 0 -26
-85 0 0
-416 0 -416
-116 0 0
758 0 758
23 0 0
889 0 0
-850 0 850
658 0 -658
620 0 0
537 0 0
365 0 0
-163 0 0
1 0 -441
-113 0 -113
-55 0 -55
355 0 0
520 0 0
504 0 -504
5 0 605
603 0 -603
69 0 -276
736 0 0
-665 0 665
-864 0 -864
798 0 0
-667 0 0
365 0 -365
210 0 -210
-8 0 8
-125 0 -125
-740 0 -740
361 0 0
-97 0 -388
-506 0 0
162 0 -162
747 0 0
733 0 0
348 0 0
-885 0 0
-888 0 0
-895 0 0
-871 0 0
385 0 0
29 0 464
-180 0 0
-503 0 0
503 0 -503
724 0 724
-778 0 0
887 0 -887
17 0 -153
41 0 164
305 0 -305
-591 0 591
-758 0 0
153 0 612
-137 0 -137
11 0 -176
-237 0 -948
-220 0 0
163 0 0
-387 0 -387
842 0 842
-849 0 849
-745 0 -745
52 0 -208
56 0 224
50 0 450
8 0 8
549 0 0
103 0 -412
-48 0 0
125 0 -125
498 0 0
-157 0 -628
-622 0 0
295 0 -295
816 0 816
-837 0 -837
-280 0 0
-267 0 0
715 0 0
-819 0 0
15 0 -135
-63 0 -63
645 0 0
849 0 849
-1 0 25
-12 0 48
203 0 -812
19 0 -931
-26 0 0
-441 0 -441
-370 0 370
5 0 -125
-355 0 -355
-99 0 -891
-707 0 0
-635 0 635
769 0 0
-7 0 448
777 0 777
-36 0 -144
628 0 628
648 0 0
-120 0 480
592 0 0
-453 0 0
394 0 0
172 0 -688
-474 0 474
-15 0 540
-3 0 -867
-894 0 -894
137 0 -137
-460 0 0
1 0 -64
-173 0 0
203 0 0
646 0 0
171 0 -171
764 0 0
-537 0 537
-768 0 0
643 0 0
813 0 813
292 0 292
-140 0 -140
-79 0 -79
867 0 0
-339 0 339
488 0 0
-44 0 -704
-39 0 351
227 0 0
-604 0 604
328 0 0
-27 0 -972
-753 0 -753
-99 0 -99
828 0 -828
657 0 657
661 0 0
-561 0 -561
-350 0 350
-169 0 169
371 0 0
-862 0 862
-15 0 -960
-194 0 -194
140 0 560
423 0 -423
12 0 -588
-111 0 999
-770 0 770
544 0 -544
10 0 10
250 0 0
446 0 0
453 0 0
-39 0 39
419 0 0
9 0 -36
-682 0 0
-316 0 316
573 0 0
120 0 0
-440 0 0
608 0 608
-655 0 -655
-146 0 584
269 0 0
710 0 710
-230 0 0
-37 0 333
-603 0 -603
31 0 0
610 0 0
-387 0 0
-719 0 719
-216 0 864
-224 0 -224
1 0 121
-236 0 0
2 0 392
-200 0 0
291 0 -291
-49 0 0
-200 0 200
-470 0 0
11 0 539
-553 0 -553
237 0 237
330 0 0
4 0 4
815 0 0
198 0 792
-108 0 -108
638 0 0
-672 0 0
509 0 0
863 0 0
865 0 -865
-58 0 928
-10 0 160
-232 0 232
-578 0 0
-344 0 -344
6 0 294
-5 0 -20
-48 0 192
731 0 -731
-191 0 0
836 0 836
154 0 -616
-399 0 -399
-499 0 0
730 0 0
205 0 -205
-229 0 916
65 0 585
-119 0 0
384 0 0
-20 0 -180
-32 0 128
-522 0 0
172 0 172
57 0 -912
353 0 353
-814 0 814
491 0 -491
-38 0 -608
-359 0 359
-217 0 -868
564 0 564
877 0 0
-862 0 0
773 0 0
-808 0 0
689 0 689
-69 0 -69
-294 0 0
323 0 -323
-89 0 356
-796 0 796
836 0 0
200 0 800
-66 0 594
195 0 195
-382 0 382
-7 0 -847
-331 0 331
62 0 992
84 0 -336
-13 0 468
-25 0 -625
-341 0 0
-566 0 0
244 0 0
588 0 588
34 0 -306
119 0 119
-91 0 0
-426 0 0
-383 0 0
-860 0 0
-183 0 0
-810 0 -810
558 0 -558
-14 0 56
-736 0 -736
458 0 0
-106 0 424
-21 0 756
-255 0 255
118 0 118
-631 0 631
740 0 0
847 0 0
83 0 -83
460 0 -460
286 0 -286
337 0 0
342 0 0
709 0 -709
582 0 0
-605 0 0
-252 0 0
321 0 0
833 0 -833
-8 0 968
-189 0 756
-777 0 0
352 0 0
13 0 468
-20 0 500
-64 0 0
12 0 108
-741 0 -741
98 0 98
-27 0 27
178 0 0
79 0 -79
-357 0 0
676 0 0
211 0 0
-590 0 0
-17 0 -833
611 0 0
-66 0 -264
-165 0 0
772 0 0
130 0 130
-813 0 813
683 0 -683
825 0 -825
43 0 0
-122 0 488
-420 0 0
-164 0 0
-542 0 542
2 0 -882
-56 0 -504
-77 0 0
-81 0 -324
-249 0 -249
-297 0 297
-54 0 216
783 0 0
370 0 370
-47 0 752
49 0 49
753 0 -753
-738 0 738
25 0 900
-374 0 -374
414 0 0
-7 0 -700
143 0 0
-68 0 68
-500 0 500
-25 0 -100
-63 0 -252
-757 0 0
439 0 -439
671 0 -671
563 0 0
-4 0 0
-789 0 789
-232 0 0
767 0 0
-541 0 0
53 0 848
-274 0 274
-607 0 0
751 0 0
-834 0 -834
890 0 890
434 0 -434
15 0 -60
-584 0 0
-796 0 0
-153 0 153
155 0 0
64 0 64
18 0 0
-430 0 0
387 0 -387
34 0 34
623 0 623
602 0 602
-40 0 640
-57 0 -513
2 0 -968
-2 0 -512
3 0 675
386 0 0
-17 0 -272
-2 0 128
-672 0 -672
-47 0 47
491 0 0
279 0 -279
684 0 684
-102 0 408
238 0 0
-872 0 0
83 0 0
719 0 0
-313 0 -313
314 0 314
107 0 107
-560 0 -560
-463 0 0
353 0 0
-106 0 -106
-570 0 -570
381 0 0
-25 0 -25
545 0 -545
-536 0 -536
-814 0 0
265 0 0
-569 0 -569
258 0 0
-53 0 477
-240 0 0
-806 0 -806
-281 0 0
-175 0 0
-327 0 327
179 0 0
763 0 -763
-444 0 444
809 0 0
269 0 269
-248 0 -248
-1 0 -484
485 0 0
-673 0 -673
145 0 0
475 0 475
135 0 135
-469 0 0
100 0 -900
-17 0 17
7 0 -847
870 0 870
146 0 0
-159 0 -159
52 0 -832
-634 0 0
122 0 0
-227 0 227
-352 0 0
-280 0 -280
-706 0 0
336 0 336
-266 0 0
-269 0 269
-133 0 0
641 0 0
264 0 264
213 0 0
669 0 0
-234 0 0
-85 0 340
-8 0 -200
401 0 401
-94 0 94
13 0 -117
41 0 0
-29 0 -116
-305 0 0
8 0 288
10 0 -1000
-696 0 0
132 0 132
-110 0 -110
-42 0 672
-896 0 896
-3 0 -108
-221 0 884
-650 0 -650
2 0 -288
-293 0 293
770 0 770
602 0 0
36 0 36
334 0 -334
-435 0 0
402 0 -402
-318 0 0
817 0 817
-233 0 -233
437 0 0
-3 0 -12
-20 0 -80
-137 0 -548
91 0 -91
524 0 524
852 0 0
-767 0 -767
102 0 -102
-806 0 0
-351 0 351
-139 0 139
3 0 -12
7 0 -28
-773 0 0
59 0 0
-763 0 0
624 0 0
134 0 0
-77 0 308
-514 0 0
-662 0 -662
-187 0 -187
170 0 680
663 0 -663
-629 0 0
229 0 916
36 0 900
681 0 -681
131 0 -131
1 0 100
-54 0 -54
192 0 0
66 0 -264
14 0 56
215 0 860
-465 0 0
-622 0 -622
212 0 -212
-87 0 87
23 0 207
-831 0 0
817 0 0
515 0 0
-5 0 845
494 0 0
5 0 0
91 0 0
485 0 -485
616 0 616
-877 0 0
-1 0 -9
-247 0 0
387 0 0
526 0 0
-214 0 -856
87 0 -348
721 0 -721
792 0 792
519 0 0
713 0 0
-483 0 -483
-671 0 0
527 0 0
-568 0 568
-242 0 0
78 0 0
236 0 0
310 0 0
59 0 531
-429 0 0
416 0 0
24 0 96
-43 0 -688
-619 0 -619
-195 0 195
-44 0 176
-26 0 936
731 0 0
-59 0 -944
159 0 636
-96 0 384
789 0 0
-286 0 0
461 0 0
-22 0 -22
252 0 0
116 0 -116
-395 0 0
804 0 804
-515 0 0
47 0 0
-61 0 61
34 0 -850
-316 0 0
734 0 0
-221 0 0
147 0 147
-439 0 0
-165 0 660
584 0 -584
-46 0 414
622 0 -622
69 0 0
729 0 0
-652 0 652
513 0 0
17 0 -425
-364 0 -364
885 0 0
-102 0 -102
281 0 0
129 0 516
-562 0 562
-675 0 675
3 0 0
-225 0 0
802 0 802
-600 0 0
826 0 0
-551 0 -551
27 0 -972
-438 0 438
3 0 -867
128 0 0
486 0 0
7 0 7
443 0 443
333 0 0
762 0 -762
-742 0 742
262 0 262
22 0 -550
-831 0 -831
-228 0 228
-38 0 0
-35 0 315
-314 0 314
212 0 -848
876 0 0
-92 0 0
-2 0 648
15 0 -375
-144 0 -576
-349 0 349
-5 0 0
-188 0 -752
260 0 260
-160 0 0
49 0 441
129 0 -129
4 0 144
-639 0 0
-807 0 0
-623 0 0
246 0 -984
599 0 0
-42 0 378
284 0 0
-305 0 -305
425 0 -425
688 0 -688
62 0 248
235 0 -235
421 0 -421
507 0 0
623 0 0
-894 0 0
-248 0 -992
-8 0 -392
-857 0 0
240 0 240
630 0 0
-415 0 0
801 0 0
39 0 0
44 0 176
-114 0 -456
-673 0 0
-301 0 301
418 0 0
3 0 432
115 0 0
95 0 -855
-64 0 64
474 0 474
130 0 520
116 0 -464
-94 0 0
195 0 0
-448 0 448
-84 0 -756
239 0 956
-205 0 -820
3 0 -48
245 0 0
-524 0 524
4 0 -324
459 0 0
782 0 -782
-701 0 0
-2 0 -72
840 0 840
150 0 -600
16 0 -784
458 0 458
626 0 -626
-2 0 -722
-17 0 612
-556 0 0
-829 0 829
-484 0 -484
-421 0 0
99 0 0
-14 0 -896
80 0 0
-427 0 -427
-93 0 93
26 0 936
796 0 0
-890 0 0
434 0 0
2 0 -242
289 0 289
413 0 0
574 0 574
247 0 0
301 0 0
840 0 0
499 0 499
-381 0 -381
-11 0 539
-832 0 0
57 0 -513
-62 0 0
-76 0 0
647 0 647
358 0 -358
-62 0 992
-360 0 0
565 0 0
-604 0 0
-5 0 245
-93 0 0
601 0 0
-669 0 0
326 0 326
-334 0 0
-19 0 -19
-125 0 0
93 0 -837
-601 0 -601
-842 0 842
3 0 -192
7 0 448
444 0 444
-28 0 448
-107 0 0
828 0 0
136 0 -544
-20 0 -720
-191 0 191
249 0 -249
-319 0 0
766 0 -766
-71 0 71
-820 0 -820
516 0 0
-21 0 0
-32 0 0
139 0 0
524 0 0
-219 0 -219
-214 0 -214
251 0 -251
-239 0 956
607 0 607
-449 0 0
-195 0 0
-614 0 0
261 0 261
-58 0 0
278 0 0
647 0 0
-861 0 861
681 0 0
40 0 1000
677 0 677
509 0 -509
459 0 -459
-78 0 0
-338 0 0
487 0 0
-250 0 0
85 0 0
-341 0 341
6 0 0
174 0 696
-410 0 0
-397 0 397
-471 0 0
-406 0 -406
194 0 776
427 0 0
-286 0 -286
707 0 -707
-120 0 120
449 0 0
-234 0 -936
-721 0 0
-837 0 0
-582 0 0
354 0 0
-358 0 0
-596 0 596
335 0 0
221 0 221
-190 0 0
-676 0 0
-386 0 0
615 0 615
-695 0 695
84 0 0
-804 0 0
-181 0 -724
-107 0 -963
598 0 0
-4 0 576
22 0 -88
-879 0 879
-141 0 0
-9 0 0
-730 0 730
-27 0 -108
419 0 419
-112 0 -448
101 0 909
339 0 0
-155 0 0
15 0 -15
-618 0 0
422 0 422
-446 0 -446
662 0 0
90 0 0
343 0 343
32 0 -512
-747 0 747
-614 0 -614
-409 0 0
-823 0 0
300 0 300
-36 0 -324
-841 0 0
77 0 308
224 0 -224
-7 0 -567
-735 0 735
707 0 0
7 0 343
-199 0 796
-429 0 429
-630 0 -630
-100 0 -900
-884 0 -884
642 0 642
164 0 -164
-87 0 -348
495 0 495
473 0 0
376 0 0
120 0 120
-201 0 201
46 0 414
-21 0 -189
-508 0 508
48 0 768
81 0 81
-347 0 347
141 0 -141
-52 0 -208
-98 0 882
155 0 -620
76 0 304
2 0 2
-388 0 0
-625 0 0
-891 0 0
855 0 -855
-482 0 0
153 0 0
431 0 0
-704 0 -704
209 0 0
-4 0 -64
178 0 178
227 0 -908
884 0 -884
308 0 -308
-220 0 -220
-184 0 0
-485 0 0
-385 0 -385
-163 0 163
665 0 665
-204 0 204
-706 0 706
25 0 -100
-335 0 -335
7 0 -700
780 0 0
313 0 -313
-723 0 0
2 0 648
8 0 -800
-488 0 -488
-355 0 0
505 0 0
28 0 -28
-62 0 558
-170 0 0
-40 0 1000
-737 0 -737
561 0 0
59 0 -944
39 0 39
105 0 -105
538 0 538
-381 0 0
-490 0 -490
-800 0 -800
-161 0 161
-111 0 111
-389 0 389
388 0 0
186 0 0
-846 0 0
79 0 0
9 0 441
-273 0 0
-652 0 0
-35 0 -35
-249 0 -996
393 0 -393
213 0 852
573 0 573
193 0 772
-77 0 -693
-12 0 -588
637 0 -637
502 0 -502
-412 0 412
516 0 -516
-209 0 -836
63 0 -567
805 0 -805
-542 0 0
-411 0 0
-600 0 -600
416 0 -416
-481 0 0
64 0 -576
-312 0 0
-303 0 0
-92 0 92
535 0 0
-4 0 -676
-228 0 0
11 0 396
274 0 274
-35 0 875
-450 0 450
-60 0 960
-101 0 404
-676 0 676
1 0 -81
759 0 0
363 0 363
4 0 0
303 0 303
533 0 0
-75 0 0
796 0 796
781 0 0
260 0 0
614 0 0
-717 0 0
-568 0 0
-512 0 0
-34 0 -850
488 0 -488
612 0 0
-623 0 623
188 0 -188
-616 0 616
552 0 -552
633 0 -633
448 0 0
687 0 687
714 0 0
577 0 0
-433 0 -433
-621 0 -621
10 0 490
706 0 706
-759 0 759
-324 0 0
-2 0 -288
-269 0 0
-683 0 0
-586 0 586
98 0 0
91 0 364
-24 0 -216
-626 0 0
715 0 -715
7 0 63
-519 0 -519
-765 0 765
-654 0 -654
-147 0 588
386 0 386
358 0 0
-250 0 -1000
585 0 585
562 0 562
-40 0 160
-815 0 -815
848 0 848
-415 0 415
20 0 0
-579 0 -579
523 0 -523
-300 0 300
-189 0 0
-199 0 199
-710 0 0
344 0 -344
-548 0 -548
572 0 572
73 0 657
79 0 316
541 0 541
-74 0 296
349 0 349
196 0 0
26 0 -26
718 0 0
4 0 100
5 0 245
-75 0 300
-73 0 657
-727 0 0
184 0 736
215 0 0
691 0 0
844 0 0
-667 0 -667
397 0 397
-14 0 504
869 0 -869
107 0 0
-670 0 -670
-55 0 -495
-834 0 0
-803 0 -803
157 0 -628
38 0 -342
-51 0 0
446 0 -446
332 0 332
-108 0 0
597 0 0
-898 0 0
185 0 0
-580 0 580
-380 0 -380
322 0 -322
-540 0 540
6 0 384
22 0 -22
271 0 -271
-547 0 -547
-534 0 -534
-36 0 0
-82 0 328
834 0 0
-486 0 486
306 0 0
375 0 375
-18 0 -162
657 0 0
-60 0 540
-766 0 -766
654 0 0
807 0 0
-5 0 -125
343 0 0
242 0 968
-414 0 0
86 0 86
390 0 -390
95 0 380
-51 0 -459
-655 0 0
255 0 0
-859 0 859
-67 0 268
-533 0 533
-487 0 0
-199 0 0
637 0 0
62 0 0
-196 0 -784
1 0 529
-753 0 0
839 0 839
85 0 340
-561 0 0
-121 0 0
-653 0 -653
-3 0 363
123 0 123
9 0 -729
-627 0 0
27 0 -243
81 0 0
-728 0 728
-1 0 121
-18 0 288
700 0 700
254 0 0
384 0 -384
138 0 138
145 0 145
822 0 0
-114 0 0
157 0 0
-526 0 526
-95 0 95
-193 0 772
777 0 0
37 0 -592
442 0 -442
263 0 0
-17 0 -425
-201 0 0
-91 0 819
-126 0 504
20 0 320
-825 0 0
-57 0 -912
-661 0 -661
74 0 0
-750 0 0
-72 0 288
-115 0 -460
-32 0 -512
862 0 0
-644 0 -644
181 0 -724
-615 0 0
-231 0 -924
-241 0 0
5 0 -180
-7 0 7
-373 0 373
-439 0 -439
-107 0 -428
531 0 -531
86 0 -344
483 0 -483
-240 0 240
555 0 555
-747 0 0
-79 0 316
403 0 0
-25 0 400
854 0 0
-804 0 804
-678 0 0
-70 0 -280
-3 0 27
375 0 0
-20 0 0
179 0 179
445 0 0
-26 0 -104
668 0 -668
-472 0 -472
-96 0 -864
157 0 -157
587 0 0
-612 0 0
-291 0 -291
448 0 448
810 0 -810
-45 0 405
865 0 0
-1 0 529
-761 0 0
29 0 29
-529 0 0
-516 0 -516
-729 0 -729
357 0 0
889 0 -889
-363 0 0
126 0 504
-540 0 0
223 0 -892
536 0 -536
-89 0 801
-151 0 0
-69 0 0
-277 0 0
-205 0 0
882 0 0
78 0 -702
-132 0 -528
54 0 -864
-12 0 192
1 0 -16
-391 0 0
-142 0 -568
12 0 -300
276 0 -276
687 0 0
44 0 -44
518 0 518
294 0 0
-7 0 -28
-400 0 400
-90 0 90
95 0 95
268 0 -268
21 0 -189
-6 0 384
-51 0 -204
-1 0 -361
-83 0 -332
554 0 -554
50 0 -200
417 0 -417
-171 0 -171
-1 0 961
-418 0 418
-179 0 716
533 0 533
-424 0 0
-34 0 34
37 0 148
-528 0 0
248 0 -248
-247 0 -247
346 0 0
-6 0 150
-1 0 225
539 0 0
356 0 0
-223 0 -892
-743 0 -743
-807 0 807
-616 0 0
206 0 824
156 0 0
857 0 0
315 0 0
235 0 0
810 0 0
873 0 0
136 0 -136
-565 0 0
899 0 0
-526 0 0
-124 0 -124
407 0 0
-754 0 754
236 0 -944
748 0 0
627 0 0
-333 0 0
92 0 92
635 0 0
-8 0 128
-576 0 0
-376 0 376
398 0 398
-75 0 75
-108 0 -972
-211 0 844
-152 0 0
327 0 0
175 0 0
-57 0 -57
-385 0 0
127 0 -508
-825 0 -825
-19 0 304
856 0 -856
14 0 -126
1 0 -9
-546 0 546
-259 0 0
-180 0 -180
-692 0 0
160 0 0
-436 0 0
-722 0 722
1 0 -169
581 0 581
-641 0 0
-571 0 571
-407 0 -407
-94 0 -846
-787 0 0
105 0 0
-14 0 686
-288 0 288
-49 0 49
-211 0 211
28 0 252
96 0 0
578 0 0
-242 0 -242
-356 0 356
9 0 -144
-815 0 0
486 0 486
-541 0 541
-75 0 675
-20 0 320
517 0 517
-2 0 392
-597 0 -597
89 0 801
408 0 0
-867 0 0
3 0 -300
738 0 738
-176 0 -704
-174 0 174
1 0 -484
-22 0 0
-336 0 336
469 0 0
-217 0 0
-9 0 -729
110 0 -110
845 0 0
108 0 432
-744 0 -744
725 0 0
-699 0 -699
199 0 796
-28 0 700
755 0 -755
-57 0 228
63 0 -252
271 0 0
-48 0 432
-67 0 -603
471 0 -471
900 0 -900
800 0 0
814 0 0
-871 0 871
-403 0 0
-5 0 -80
-306 0 0
-559 0 0
-346 0 -346
727 0 0
295 0 0
360 0 360
-130 0 0
196 0 -784
-812 0 0
-599 0 0
163 0 163
324 0 0
-545 0 -545
240 0 0
204 0 816
535 0 535
-873 0 -873
-193 0 -193
1 0 -4
-31 0 124
499 0 0
349 0 0
-9 0 -324
-1 0 -169
-443 0 0
7 0 0
2 0 -8
727 0 727
60 0 540
-501 0 501
273 0 0
540 0 0
40 0 640
-524 0 0
114 0 0
323 0 0
-716 0 716
-621 0 0
351 0 351
-2 0 2
-1 0 0
673 0 -673
-625 0 625
433 0 0
328 0 328
82 0 0
819 0 -819
174 0 0
-80 0 80
54 0 -54
-85 0 765
891 0 0
-297 0 0
277 0 277
739 0 -739
-725 0 0
-391 0 -391
-638 0 0
-194 0 0
113 0 -113
534 0 -534
187 0 0
18 0 -882
-100 0 0
-50 0 -800
-34 0 -306
-31 0 -775
39 0 -624
426 0 426
-205 0 -205
-583 0 0
-4 0 484
-770 0 0
452 0 -452
-780 0 0
462 0 -462
-105 0 -420
190 0 -760
-714 0 714
278 0 -278
-154 0 0
-9 0 441
-176 0 0
3 0 -75
-564 0 0
13 0 -832
-102 0 0
5 0 -405
188 0 0
543 0 -543
-206 0 0
401 0 0
-456 0 -456
-18 0 0
19 0 -475
199 0 199
-751 0 0
-93 0 -372
-146 0 -146
399 0 0
-139 0 -556
-81 0 81
158 0 -632
612 0 612
-339 0 0
802 0 0
-34 0 136
-337 0 0
-218 0 218
-152 0 152
287 0 0
-217 0 217
165 0 660
-344 0 0
-15 0 735
-11 0 -275
473 0 -473
297 0 297
-723 0 -723
206 0 0
44 0 396
-613 0 0
-80 0 0
-689 0 689
29 0 -725
4 0 -64
490 0 0
860 0 860
-686 0 -686
-227 0 0
-525 0 0
806 0 0
532 0 0
-848 0 0
-318 0 318
-872 0 872
-24 0 -600
23 0 -23
-483 0 0
410 0 -410
-78 0 78
-212 0 -212
420 0 0
557 0 0
672 0 -672
354 0 -354
825 0 0
-219 0 876
-795 0 0
36 0 0
560 0 -560
-165 0 -165
-377 0 -377
-267 0 -267
309 0 309
-117 0 0
-1 0 -81
-203 0 0
801 0 -801
466 0 -466
35 0 140
53 0 0
-73 0 -73
-22 0 792
-686 0 0
-3 0 -300
-333 0 -333
321 0 -321
18 0 288
-3 0 432
-343 0 0
-578 0 -578
-392 0 392
-661 0 0
-134 0 -134
39 0 -156
864 0 -864
660 0 0
103 0 0
791 0 0
-4 0 -324
-757 0 757
-139 0 0
-606 0 606
-284 0 0
78 0 78
-167 0 -668
90 0 -360
-257 0 -257
-857 0 -857
44 0 0
122 0 122
352 0 -352
137 0 0
789 0 789
-87 0 0
61 0 61
689 0 0
-182 0 -728
512 0 -512
780 0 780
-679 0 679
1 0 -729
316 0 316
697 0 0
183 0 732
31 0 124
809 0 -809
694 0 -694
-454 0 -454
16 0 16
710 0 0
-663 0 -663
-779 0 0
-61 0 244
42 0 672
45 0 -45
-315 0 -315
668 0 0
496 0 0
-62 0 -62
-375 0 0
-123 0 -492
293 0 293
-687 0 687
-619 0 0
653 0 -653
-86 0 86
-5 0 -180
-169 0 0
-617 0 0
31 0 -279
888 0 888
-731 0 -731
-739 0 0
40 0 -40
-347 0 0
-99 0 0
152 0 0
617 0 0
280 0 0
-447 0 0
244 0 -976
-104 0 416
-549 0 549
-108 0 432
-223 0 0
-244 0 0
-659 0 -659
875 0 -875
43 0 172
632 0 -632
7 0 -567
-601 0 0
-13 0 325
204 0 0
-173 0 -173
-98 0 -392
-818 0 818
-586 0 0
26 0 416
217 0 0
304 0 304
738 0 0
58 0 0
18 0 -72
-717 0 717
-52 0 -468
-54 0 486
-7 0 0
-160 0 640
-10 0 810
-589 0 0
148 0 -592
593 0 -593
-577 0 0
-675 0 0
-4 0 -400
382 0 382
-51 0 816
307 0 -307
-16 0 -144
34 0 0
-581 0 0
373 0 373
-877 0 -877
67 0 0
164 0 -656
756 0 756
60 0 960
56 0 0
43 0 -688
595 0 0
-282 0 282
-5 0 5
-488 0 0
-138 0 138
52 0 -468
-1 0 -256
241 0 0
8 0 -392
-110 0 0
591 0 591
495 0 0
818 0 818
-363 0 363
206 0 206
-468 0 0
407 0 -407
545 0 0
-860 0 860
51 0 -459
176 0 -176
181 0 0
853 0 0
42 0 42
391 0 -391
6 0 150
754 0 0
761 0 761
-891 0 891
-5 0 980
11 0 -275
-572 0 0
-734 0 0
-181 0 0
218 0 -872
74 0 -74
17 0 -272
560 0 0
-366 0 366
-836 0 0
-492 0 0
-41 0 0
-31 0 0
-9 0 9
701 0 0
-276 0 0
267 0 -267
49 0 0
607 0 0
76 0 0
-215 0 860
211 0 211
5 0 720
356 0 356
415 0 415
438 0 438
61 0 976
-635 0 0
798 0 -798
95 0 0
-536 0 0
500 0 0
-106 0 -954
47 0 47
-466 0 0
-204 0 0
538 0 0
-71 0 284
-135 0 -540
-762 0 -762
800 0 -800
-636 0 636
-134 0 -536
-593 0 0
-504 0 0
-393 0 0
-6 0 600
-455 0 455
-37 0 148
194 0 -194
844 0 -844
-641 0 -641
1 0 -361
3 0 768
667 0 0
-6 0 6
-45 0 180
-44 0 0
181 0 -181
-850 0 0
393 0 0
-404 0 404
-18 0 -648
732 0 732
93 0 93
10 0 640
843 0 -843
622 0 0
-703 0 703
788 0 0
-202 0 0
-519 0 0
-99 0 -396
-645 0 0
-188 0 0
14 0 0
167 0 -668
568 0 568
-220 0 880
221 0 884
677 0 0
-143 0 143
-510 0 0
-156 0 -156
-10 0 640
-785 0 0
-153 0 0
-157 0 -157
-765 0 0
-126 0 0
-599 0 599
-881 0 -881
30 0 270
-464 0 0
-557 0 0
820 0 0
-19 0 0
536 0 0
89 0 0
-239 0 239
121 0 0
674 0 -674
-185 0 -740
-476 0 476
85 0 765
-18 0 -72
-750 0 750
857 0 -857
-18 0 -18
16 0 -400
-61 0 -549
-855 0 -855
75 0 75
621 0 0
-677 0 677
379 0 -379
180 0 -180
-180 0 -720
-257 0 0
-125 0 500
21 0 756
863 0 -863
77 0 -693
819 0 0
-896 0 0
111 0 0
311 0 311
-166 0 0
-24 0 96
766 0 0
139 0 139
-799 0 799
-598 0 598
-671 0 -671
-79 0 0
708 0 0
-3 0 -3
-515 0 -515
-324 0 324
62 0 -62
744 0 0
70 0 70
534 0 0
-1 0 -676
340 0 0
-491 0 0
-271 0 0
-748 0 748
-140 0 0
-82 0 82
32 0 -800
851 0 0
-370 0 0
745 0 -745
-689 0 0
716 0 0
-624 0 0
482 0 -482
878 0 -878
-100 0 400
-110 0 440
-9 0 -81
-12 0 -300
-1 0 -576
304 0 0
-91 0 -91
192 0 192
137 0 -548
-309 0 309
-760 0 0
481 0 481
-18 0 450
-23 0 -828
832 0 832
68 0 -272
655 0 0
520 0 520
-565 0 565
-327 0 0
-437 0 -437
-15 0 240
167 0 0
644 0 0
664 0 664
128 0 512
370 0 0
-708 0 -708
-668 0 0
-259 0 259
-19 0 -931
-737 0 0
-226 0 226
742 0 742
-159 0 0
586 0 586
-253 0 0
-400 0 0
-202 0 -808
25 0 -225
-19 0 171
405 0 0
-6 0 486
866 0 -866
559 0 0
827 0 827
675 0 675
834 0 -834
-1 0 -729
-343 0 343
160 0 -160
-6 0 864
-368 0 0
273 0 -273
-98 0 0
35 0 875
40 0 160
144 0 144
892 0 -892
-362 0 0
-76 0 304
-2 0 32
-822 0 -822
-127 0 0
59 0 -59
-486 0 0
-89 0 -89
172 0 0
-118 0 0
797 0 0
307 0 0
46 0 0
84 0 -756
-832 0 832
-186 0 0
638 0 638
-192 0 192
-39 0 -156
9 0 -324
190 0 190
457 0 457
3 0 147
735 0 0
297 0 0
-64 0 256
-179 0 179
-736 0 0
25 0 0
-176 0 -176
-720 0 0
31 0 -775
691 0 691
-128 0 128
-628 0 628
-702 0 702
-90 0 -360
-609 0 -609
-419 0 0
-574 0 0
-418 0 0
259 0 259
141 0 0
-800 0 0
879 0 0
90 0 810
165 0 -165
-482 0 -482
-2 0 -18
-209 0 -209
880 0 0
-260 0 0
4 0 -900
324 0 324
-15 0 0
697 0 -697
-111 0 0
373 0 0
-475 0 0
436 0 0
10 0 -90
-23 0 -23
-310 0 0
546 0 0
719 0 719
-241 0 241
-827 0 827
574 0 0
-487 0 487
748 0 748
-245 0 -245
-151 0 -151
-861 0 0
-32 0 -288
-88 0 0
34 0 544
-194 0 776
152 0 608
-603 0 0
-713 0 0
770 0 0
428 0 0
-342 0 -342
127 0 -127
397 0 0
665 0 0
-72 0 648
550 0 0
275 0 -275
467 0 0
-756 0 0
-668 0 -668
-23 0 -92
849 0 0
285 0 285
11 0 44
439 0 0
898 0 0
-272 0 0
113 0 -452
329 0 0
529 0 -529
187 0 -187
712 0 0
107 0 -428
-209 0 0
526 0 526
19 0 304
481 0 0
-88 0 -352
78 0 -312
29 0 0
-774 0 774
-366 0 0
751 0 -751
-2 0 -578
-627 0 -627
36 0 -144
-478 0 -478
-1 0 -16
-331 0 0
704 0 0
721 0 0
839 0 0
895 0 0
-484 0 0
-377 0 0
-528 0 -528
-230 0 230
144 0 0
24 0 -864
-525 0 525
151 0 -151
-228 0 912
-854 0 0
-794 0 -794
-793 0 793
133 0 -133
406 0 0
-33 0 0
-7 0 -112
-664 0 664
21 0 84
45 0 180
-733 0 0
405 0 -405
472 0 -472
-490 0 0
-694 0 0
97 0 -388
-390 0 0
-839 0 839
656 0 -656
-78 0 -702
856 0 0
-281 0 -281
-368 0 -368
96 0 96
232 0 -928
-10 0 -90
125 0 500
-265 0 0
-697 0 0
-183 0 732
17 0 0
-434 0 -434
617 0 617
-629 0 -629
149 0 -596
318 0 318
102 0 0
-27 0 -432
204 0 204
-574 0 574
-112 0 0
-116 0 -116
-187 0 748
39 0 -975
457 0 0
-121 0 121
-423 0 0
597 0 -597
16 0 -576
-411 0 411
-36 0 36
-33 0 -528
-598 0 0
-170 0 680
-65 0 65
-74 0 -74
706 0 0
-732 0 732
391 0 0
-144 0 0
-88 0 -792
-41 0 -41
104 0 -104
246 0 0
-781 0 -781
-79 0 711
-801 0 -801
-94 0 -376
861 0 0
806 0 -806
-32 0 32
-828 0 -828
479 0 0
-37 0 925
-73 0 -292
-1 0 324
61 0 244
-144 0 144
883 0 883
-292 0 292
427 0 -427
-258 0 0
-476 0 0
317 0 -317
355 0 -355
-30 0 270
768 0 768
-41 0 164
368 0 0
-771 0 0
744 0 -744
31 0 496
70 0 -630
125 0 0
-784 0 -784
605 0 605
121 0 121
831 0 -831
229 0 0
218 0 0
549 0 549
65 0 -260
-84 0 0
472 0 0
-659 0 0
729 0 -729
-59 0 531
-873 0 0
-595 0 595
625 0 0
-50 0 -50
-109 0 0
154 0 0
10 0 160
173 0 -173
315 0 -315
1 0 -36
-369 0 0
-1 0 -49
10 0 40
-73 0 0
-352 0 -352
-18 0 -882
231 0 -924
614 0 -614
-325 0 -325
812 0 812
-691 0 691
860 0 0
305 0 0
842 0 0
68 0 68
-70 0 0
108 0 -972
98 0 882
-493 0 0
518 0 0
-719 0 0
-46 0 -46
822 0 -822
234 0 -936
645 0 645
782 0 0
-821 0 0
-721 0 -721
2 0 -450
-29 0 0
266 0 0
698 0 -698
812 0 0
788 0 788
-477 0 -477
372 0 -372
-127 0 -127
275 0 0
-224 0 0
-531 0 -531
505 0 505
33 0 -825
-42 0 42
655 0 -655
-633 0 -633
-518 0 0
312 0 0
-203 0 -812
37 0 925
205 0 -820
-345 0 0
21 0 336
303 0 0
-726 0 0
-502 0 0
763 0 0
-146 0 0
-730 0 0
609 0 -609
-60 0 240
245 0 -980
242 0 -242
106 0 -106
-847 0 847
314 0 0
159 0 -159
366 0 366
197 0 788
-268 0 -268
33 0 297
-647 0 647
396 0 -396
-573 0 0
618 0 618
-680 0 0
2 0 -722
-608 0 0
383 0 383
-11 0 396
-715 0 -715
769 0 769
-83 0 747
-2 0 -50
-129 0 -129
-43 0 -43
-884 0 0
341 0 341
-123 0 0
-538 0 0
-462 0 0
-203 0 -203
400 0 400
831 0 0
389 0 389
784 0 0
22 0 792
-38 0 -342
-878 0 -878
-12 0 -12
876 0 876
-462 0 -462
-70 0 -630
-532 0 532
-6 0 0
774 0 0
385 0 -385
-637 0 -637
1 0 625
45 0 0
72 0 648
58 0 232
6 0 864
7 0 -112
-222 0 -222
-739 0 -739
-114 0 -114
-119 0 -476
-52 0 -832
156 0 624
-8 0 32
506 0 0
-335 0 0
224 0 896
-848 0 848
-49 0 -196
-607 0 607
778 0 0
-238 0 0
594 0 0
60 0 0
-105 0 -105
8 0 -512
690 0 -690
-502 0 -502
-184 0 -184
-109 0 -981
-710 0 710
-137 0 0
193 0 0
553 0 0
72 0 0
-375 0 375
494 0 -494
169 0 169
-12 0 -768
141 0 -564
173 0 0
-16 0 -400
296 0 296
-497 0 0
24 0 24
16 0 64
-666 0 -666
342 0 -342
130 0 0
891 0 891
-538 0 538
705 0 0
720 0 0
-1 0 625
-511 0 0
551 0 0
-826 0 -826
-856 0 -856
-626 0 -626
870 0 0
58 0 928
65 0 65
2 0 -200
847 0 847
511 0 0
-450 0 0
703 0 703
-754 0 0
-74 0 0
-16 0 256
-275 0 -275
-725 0 725
-602 0 602
-789 0 0
3 0 507
-679 0 0
94 0 0
-371 0 0
6 0 54
-727 0 727
14 0 -896
57 0 0
480 0 480
-6 0 294
123 0 -492
-47 0 188
-148 0 -148
-421 0 -421
-470 0 -470
432 0 0
214 0 -214
-54 0 0
250 0 -1000
514 0 -514
-722 0 0
300 0 0
-277 0 277
105 0 945
-34 0 544
-575 0 0
893 0 893
188 0 -752
-394 0 -394
-263 0 0
33 0 -528
-122 0 0
12 0 972
525 0 0
797 0 797
306 0 306
649 0 0
-167 0 0
189 0 189
-289 0 0
351 0 0
-216 0 0
-210 0 840
81 0 -729
360 0 0
1 0 784
-769 0 769
193 0 -193
-401 0 0
-113 0 0
-329 0 0
-510 0 -510
-142 0 142
5 0 845
71 0 71
517 0 0
-67 0 -67
388 0 -388
835 0 835
-665 0 0
-647 0 0
-76 0 -76
440 0 0
281 0 -281
8 0 -648
693 0 0
475 0 0
-2 0 -8
28 0 -112
-455 0 0
-551 0 0
540 0 540
423 0 0
673 0 0
-154 0 -616
772 0 -772
-732 0 0
-567 0 -567
468 0 -468
888 0 0
-63 0 0
-197 0 197
497 0 0
-473 0 -473
268 0 0
-799 0 0
-357 0 -357
346 0 -346
-170 0 -170
-546 0 0
-4 0 100
-489 0 0
-13 0 208
-1 0 -289
-653 0 0
168 0 168
-3 0 -48
115 0 -460
37 0 37
1 0 225
-688 0 -688
182 0 -182
444 0 0
-726 0 726
-555 0 555
-874 0 -874
86 0 0
-43 0 0
27 0 0
-59 0 0
-296 0 296
555 0 0
120 0 480
5 0 500
604 0 604
522 0 -522
-893 0 0
-213 0 0
507 0 -507
651 0 651
-323 0 -323
841 0 841
9 0 -225
283 0 283
743 0 -743
-271 0 -271
-651 0 651
679 0 0
-520 0 520
106 0 0
-785 0 -785
1 0 -576
34 0 136
37 0 0
340 0 -340
-508 0 0
570 0 0
450 0 450
-113 0 -452
166 0 166
320 0 320
-866 0 0
383 0 0
327 0 327
-503 0 -503
-178 0 -712
263 0 -263
69 0 -621
231 0 0
596 0 0
-35 0 0
56 0 56
-30 0 -30
198 0 -198
13 0 208
-1 0 900
154 0 -154
-351 0 0
63 0 -63
-527 0 527
-651 0 0
169 0 676
-889 0 0
-451 0 451
-46 0 736
267 0 0
-712 0 -712
564 0 0
-303 0 303
708 0 -708
219 0 876
357 0 -357
-46 0 184
542 0 0
-869 0 0
317 0 0
363 0 0
-196 0 0
-56 0 224
-889 0 -889
-472 0 0
-2 0 -450
99 0 -99
58 0 522
649 0 -649
659 0 0
-178 0 0
-788 0 788
590 0 0
380 0 0
-216 0 216
-395 0 395
893 0 0
843 0 0
493 0 -493
-597 0 0
471 0 0
-646 0 0
-361 0 361
30 0 -750
-428 0 -428
-444 0 0
771 0 771
-248 0 0
-481 0 481
604 0 0
-3 0 -192
-573 0 573
-664 0 0
296 0 0
-446 0 0
714 0 714
-329 0 -329
12 0 -12
13 0 637
-876 0 876
-15 0 -15
-577 0 -577
-637 0 0
803 0 -803
-41 0 369
-19 0 684
-2 0 -338
-361 0 0
168 0 -672
205 0 0
-1 0 -841
-43 0 172
73 0 -73
24 0 -600
-30 0 120
-632 0 0
-109 0 436
183 0 183
586 0 0
464 0 0
89 0 -89
-197 0 788
-755 0 0
-420 0 -420
4 0 -196
109 0 0
341 0 0
-238 0 -952
256 0 256
-724 0 0
1 0 196
868 0 0
-201 0 -804
-535 0 535
829 0 0
882 0 882
720 0 -720
276 0 0
757 0 0
568 0 0
465 0 -465
-58 0 -58
585 0 0
-802 0 802
-193 0 0
-393 0 -393
5 0 -45
-70 0 70
554 0 0
88 0 -88
-121 0 484
-37 0 0
428 0 -428
-768 0 768
254 0 254
-758 0 758
-5 0 -45
-8 0 0
6 0 600
-258 0 258
12 0 192
2 0 0
600 0 -600
-523 0 0
733 0 733
-60 0 0
2 0 800
-2 0 -242
-72 0 0
20 0 -180
-685 0 0
483 0 0
-349 0 0
214 0 -856
161 0 161
111 0 999
-31 0 496
198 0 0
-496 0 -496
722 0 0
-866 0 -866
-687 0 0
-646 0 -646
-3 0 -588
-543 0 0
-759 0 0
-554 0 -554
502 0 0
-620 0 0
-816 0 816
-396 0 0
-195 0 -780
-239 0 0
-174 0 696
-505 0 505
-783 0 0
378 0 0
-365 0 0
191 0 191
-53 0 0
15 0 0
618 0 0
576 0 -576
50 0 -50
42 0 168
-24 0 -384
233 0 -233
-66 0 0
-437 0 0
-6 0 -726
-292 0 0
-11 0 -176
-771 0 771
-225 0 -900
-452 0 -452
4 0 484
-44 0 396
220 0 0
435 0 -435
-56 0 -896
-46 0 0
359 0 0
-817 0 0
179 0 716
852 0 852
767 0 -767
868 0 868
846 0 0
-311 0 0
-887 0 -887
728 0 728
896 0 0
152 0 152
-899 0 0
-16 0 0
859 0 0
64 0 0
2 0 -50
159 0 0
642 0 0
624 0 -624
408 0 -408
-642 0 0
311 0 0
67 0 -603
6 0 -96
742 0 0
207 0 -828
4 0 576
593 0 0
-162 0 648
881 0 -881
-364 0 0
433 0 -433
-432 0 -432
-585 0 585
-499 0 499
-168 0 0
-83 0 -83
230 0 920
-7 0 -175
82 0 328
576 0 0
-156 0 0
739 0 0
-611 0 611
-3 0 0
44 0 -704
-39 0 -975
-1 0 196
15 0 540
-700 0 700
222 0 888
787 0 0
-840 0 0
-870 0 870
126 0 0
-47 0 -423
-404 0 0
-21 0 -525
-64 0 -576
-640 0 -640
17 0 -833
47 0 -423
611 0 611
-558 0 0
-403 0 403
228 0 0
578 0 -578
290 0 0
-530 0 0
838 0 0
-449 0 -449
1 0 900
257 0 -257
117 0 0
160 0 640
-733 0 733
1 0 -289
-576 0 -576
-282 0 0
-326 0 0
580 0 0
-588 0 588
64 0 256
58 0 -58
2 0 -578
-153 0 612
414 0 -414
-458 0 0
784 0 -784
413 0 413
218 0 218
124 0 -124
2 0 -72
29 0 261
671 0 0
-214 0 0
-90 0 810
19 0 -19
410 0 0
-135 0 135
-332 0 0
631 0 631
-878 0 0
14 0 -14
793 0 0
-507 0 -507
3 0 363
846 0 -846
-25 0 0
-9 0 -36
403 0 403
-103 0 103
-55 0 220
-80 0 -320
-119 0 119
2 0 -338
16 0 -144
-136 0 -136
-61 0 0
-126 0 126
-787 0 -787
-103 0 -412
-365 0 -365
-312 0 312
-386 0 386
170 0 -170
438 0 0
184 0 -184
33 0 -33
-9 0 -900
42 0 378
344 0 0
-9 0 -225
-900 0 0
63 0 0
684 0 0
-243 0 0
467 0 -467
-683 0 -683
886 0 886
-28 0 252
249 0 -996
-190 0 190
-20 0 20
-720 0 -720
-854 0 -854
-582 0 582
402 0 0
-103 0 927
92 0 -828
-828 0 0
630 0 -630
142 0 142
-548 0 0
13 0 0
650 0 0
890 0 0
147 0 0
424 0 -424
200 0 0
-252 0 -252
515 0 -515
76 0 684
-196 0 -196
528 0 0
851 0 -851
109 0 109
8 0 0
175 0 175
-858 0 -858
443 0 0
754 0 754
-8 0 288
581 0 0
-852 0 0
231 0 -231
-782 0 0
575 0 575
741 0 -741
670 0 0
525 0 525
21 0 -21
-517 0 517
-103 0 0
537 0 537
-321 0 0
-168 0 -672
589 0 -589
175 0 -700
-115 0 0
-295 0 0
-581 0 581
548 0 0
240 0 -960
-28 0 -28
795 0 -795
374 0 -374
15 0 735
255 0 255
-245 0 0
884 0 0
-734 0 -734
874 0 -874
150 0 150
451 0 0
-245 0 -980
610 0 -610
-156 0 624
13 0 -13
73 0 0
-53 0 212
-829 0 0
1 0 -49
221 0 0
-558 0 -558
-69 0 -621
603 0 0
-803 0 0
778 0 -778
522 0 0
723 0 -723
-211 0 0
-237 0 237
185 0 -740
-262 0 262
220 0 -220
728 0 0
-557 0 557
-892 0 0
243 0 972
547 0 0
-824 0 0
366 0 0
-715 0 0
562 0 0
153 0 153
234 0 0
8 0 128
30 0 -30
-161 0 -644
440 0 -440
17 0 612
-781 0 0
-547 0 0
-218 0 -872
180 0 -720
781 0 -781
174 0 174
-71 0 0
-805 0 0
-14 0 0
68 0 0
-9 0 -576
-2 0 -98
50 0 0
-30 0 -480
521 0 521
447 0 -447
476 0 476
-761 0 761
-6 0 54
-4 0 4
-702 0 0
-166 0 166
-192 0 0
-188 0 -188
-167 0 167
217 0 217
871 0 871
362 0 -362
579 0 0
243 0 0
-260 0 260
20 0 980
91 0 819
615 0 0
325 0 0
-417 0 0
791 0 791
-59 0 -59
818 0 0
-445 0 -445
-24 0 0
-231 0 0
9 0 9
426 0 0
-516 0 0
-773 0 -773
-681 0 0
-12 0 972
-251 0 0
-77 0 77
-842 0 0
4 0 16
225 0 -900
106 0 424
-107 0 107
-230 0 920
123 0 0
-690 0 -690
-117 0 -468
-68 0 -612
-886 0 886
-491 0 -491
247 0 -247
74 0 296
331 0 0
417 0 0
-264 0 0
-1 0 -36
635 0 635
813 0 0
-820 0 0
-762 0 0
456 0 -456
-175 0 -700
-1 0 144
-81 0 -729
-29 0 -725
106 0 -954
-425 0 -425
177 0 0
-181 0 -181
241 0 -964
230 0 230
-13 0 -117
652 0 0
4 0 -36
-3 0 507
-290 0 0
732 0 0
-22 0 -88
634 0 634
27 0 675
737 0 -737
-118 0 -472
369 0 369
-6 0 -216
60 0 60
-520 0 0
-123 0 123
116 0 0
-261 0 0
-133 0 -133
-545 0 0
-237 0 0
-284 0 284
171 0 -684
829 0 829
-801 0 0
-25 0 900
272 0 -272
-143 0 572
-222 0 888
32 0 0
-826 0 0
244 0 -244
330 0 330
679 0 679
-266 0 266
-159 0 636
32 0 32
470 0 -470
-67 0 0
302 0 -302
-172 0 -688
-456 0 0
-489 0 489
666 0 -666
-794 0 0
368 0 -368
-27 0 675
-48 0 768
80 0 80
390 0 0
816 0 0
474 0 0
18 0 -18
-243 0 972
-636 0 0
-15 0 -60
827 0 0
-25 0 -225
445 0 -445
726 0 726
-353 0 0
38 0 -608
-392 0 0
-865 0 0
760 0 -760
-213 0 -213
146 0 584
334 0 0
26 0 -234
320 0 0
821 0 0
544 0 0
-394 0 0
-243 0 -243
345 0 345
-413 0 0
31 0 31
10 0 -250
103 0 927
-432 0 0
749 0 -749
14 0 -350
449 0 -449
38 0 -38
-539 0 0
101 0 0
9 0 -81
-746 0 -746
32 0 128
470 0 0
755 0 0
111 0 111
-33 0 -33
-29 0 464
-138 0 0
-207 0 -207
572 0 0
166 0 664
-805 0 -805
83 0 747
194 0 0
294 0 294
-479 0 0
264 0 0
-138 0 552
-95 0 0
2 0 -18
139 0 -556
-16 0 16
-319 0 319
208 0 0
331 0 331
146 0 -146
650 0 -650
-142 0 0
461 0 -461
131 0 0
350 0 350
-2 0 -200
-566 0 -566
-254 0 254
-701 0 -701
-772 0 0
145 0 -580
-147 0 0
-703 0 0
841 0 0
88 0 -792
1 0 -256
143 0 572
-419 0 419
-367 0 0
651 0 0
805 0 0
124 0 496
186 0 186
601 0 -601
-261 0 261
-847 0 0
-369 0 369
8 0 32
-442 0 -442
718 0 718
750 0 750
-149 0 0
98 0 -392
-235 0 -940
-523 0 -523
43 0 387
598 0 598
874 0 0
629 0 0
497 0 497
-11 0 99
124 0 0
1 0 0
23 0 575
-102 0 -918
119 0 0
559 0 559
23 0 -92
-657 0 0
228 0 912
-328 0 328
-40 0 360
126 0 126
227 0 227
-174 0 0
-602 0 0
-152 0 608
220 0 880
-12 0 108
-229 0 0
-182 0 0
-645 0 645
67 0 -67
-50 0 -200
-169 0 676
12 0 0
-497 0 497
85 0 -85
629 0 -629
-696 0 696
338 0 338
80 0 720
723 0 0
367 0 367
-615 0 615
736 0 -736
-183 0 183
42 0 0
-151 0 604
-278 0 -278
436 0 -436
894 0 -894
-718 0 0
-618 0 618
318 0 0
-890 0 890
-177 0 708
-498 0 -498
424 0 0
599 0 599
-92 0 -828
-453 0 -453
66 0 66
567 0 -567
674 0 0
-104 0 0
-105 0 0
-716 0 0
-11 0 891
-830 0 830
-31 0 -279
580 0 580
-518 0 518
749 0 0
142 0 -568
392 0 0
-580 0 0
-657 0 657
698 0 0
15 0 240
-100 0 100
-117 0 117
634 0 0
-3 0 147
582 0 582
-447 0 -447
-563 0 -563
-348 0 -348
-708 0 0
-86 0 -344
298 0 -298
248 0 0
-254 0 0
-208 0 208
26 0 0
-29 0 261
202 0 202
-384 0 0
845 0 -845
19 0 0
5 0 980
591 0 0
700 0 0
-767 0 0
-33 0 -132
-10 0 40
-379 0 0
539 0 539
498 0 -498
33 0 -132
-669 0 669
-782 0 -782
-270 0 0
216 0 0
161 0 0
134 0 -536
-611 0 0
55 0 0
-639 0 -639
-147 0 147
636 0 636
-136 0 0
103 0 103
553 0 -553
3 0 -588
293 0 0
250 0 -250
886 0 0
-224 0 896
149 0 0
-466 0 -466
830 0 0
-148 0 0
308 0 0
-48 0 -48
11 0 -704
395 0 395
823 0 0
-511 0 -511
-424 0 -424
53 0 -53
716 0 716
-379 0 -379
301 0 301
-58 0 522
257 0 0
-410 0 -410
-843 0 0
-467 0 0
251 0 0
49 0 -196
-422 0 422
-11 0 0
-459 0 0
659 0 -659
-549 0 0
503 0 0
869 0 0
100 0 100
-879 0 0
87 0 0
280 0 -280
-115 0 115
17 0 -68
228 0 228
552 0 0
-10 0 -360
94 0 94
35 0 -35
625 0 625
233 0 0
858 0 -858
-39 0 -624
232 0 232
28 0 0
-132 0 0
-893 0 893
270 0 0
-326 0 326
-101 0 909
-823 0 823
287 0 287
2 0 162
392 0 392
-812 0 812
-535 0 0
-792 0 792
510 0 0
-302 0 -302
-605 0 605
-22 0 -352
477 0 0
-60 0 60
-14 0 -224
-817 0 817
-485 0 -485
-3 0 972
-32 0 -800
513 0 513
-567 0 0
261 0 0
-212 0 -848
-827 0 0
-265 0 -265
-414 0 -414
-735 0 0
-78 0 -312
30 0 120
-38 0 950
667 0 -667
-104 0 -104
216 0 864
861 0 861
-171 0 -684
441 0 0
508 0 0
-649 0 -649
-699 0 0
-697 0 -697
4 0 -676
-10 0 -250
479 0 -479
1 0 -676
54 0 0
-250 0 -250
-15 0 -135
-264 0 264
730 0 730
-836 0 836
792 0 0
-550 0 0
872 0 872
746 0 0
409 0 0
3 0 972
-882 0 882
-707 0 -707
256 0 0
866 0 0
80 0 -320
-150 0 150
6 0 6
10 0 -360
-71 0 -639
-534 0 0
-473 0 0
-317 0 0
508 0 508
-76 0 684
-883 0 883
531 0 0
92 0 0
223 0 -223
-692 0 692
-841 0 841
117 0 -468
-886 0 0
2 0 128
-109 0 109
529 0 0
680 0 0
148 0 -148
-880 0 -880
717 0 717
-208 0 832
-833 0 0
658 0 0
93 0 0
68 0 -612
606 0 0
-33 0 297
-241 0 -964
-38 0 -38
-93 0 -837
-479 0 -479
119 0 -476
274 0 0
-40 0 0
-477 0 0
88 0 0
169 0 0
-457 0 0
575 0 0
695 0 0
786 0 -786
-367 0 367
-533 0 0
411 0 411
-16 0 64
-434 0 0
-27 0 0
-210 0 -210
-740 0 0
-4 0 784
-290 0 290
422 0 0
711 0 -711
-660 0 0
753 0 0
-821 0 -821
452 0 0
1 0 324
53 0 477
8 0 -200
302 0 0
-408 0 0
104 0 0
682 0 0
-14 0 -14
-45 0 -45
329 0 -329
2 0 -512
-53 0 848
-786 0 0
-569 0 0
-328 0 0
-766 0 0
807 0 807
-45 0 0
-97 0 0
319 0 319
429 0 429
-682 0 682
-313 0 0
14 0 686
-390 0 -390
-350 0 0
180 0 0
-47 0 0
-469 0 -469
628 0 0
369 0 0
743 0 0
35 0 -560
-378 0 0
249 0 0
-155 0 155
-213 0 852
53 0 212
-215 0 0
-1 0 -4
70 0 0
-417 0 -417
23 0 -828
-776 0 776
-315 0 0
111 0 -444
-795 0 -795
-182 0 -182
60 0 240
-338 0 338
209 0 -836
653 0 0
71 0 0
745 0 0
696 0 0
28 0 448
-422 0 0
-44 0 -44
-23 0 368
36 0 -576
222 0 -222
197 0 197
429 0 0
-714 0 0
-236 0 -236
-809 0 0
232 0 0
-680 0 -680
823 0 823
149 0 -149
226 0 0
-308 0 -308
-198 0 792
367 0 0
-634 0 634
-630 0 0
202 0 -808
196 0 -196
725 0 725
-154 0 -154
-3 0 -75
339 0 339
-89 0 0
484 0 0
114 0 -456
504 0 0
-500 0 0
-225 0 -225
162 0 0
855 0 0
776 0 0
-310 0 310
