4084 1000
-413 0 -760
56 0 472
338 0 868
446 0 -769
-268 0 -2
7 0 247
-53 0 593
415 0 284
138 0 983
-357 0 -539
-179 0 -47
414 0 154
-226 0 -963
440 0 -418
-212 0 877
-201 0 -846
300 0 -594
-135 0 -375
204 0 548
265 0 -173
-412 0 717
231 0 -642
-71 0 -260
489 0 469
-305 0 -958
352 0 244
-239 0 86
106 0 -665
119 0 857
319 0 179
-223 0 905
221 0 291
454 0 81
-418 0 561
-111 0 174
77 0 -387
-446 0 -744
98 0 307
-494 0 532
-390 0 -243
165 0 -918
89 0 -231
190 0 948
361 0 112
-429 0 -396
-457 0 -539
290 0 -104
414 0 203
479 0 -928
-108 0 -346
-330 0 -308
62 0 774
289 0 958
439 0 -510
-142 0 -215
-493 0 -361
-481 0 753
-268 0 -573
-153 0 -666
80 0 62
182 0 -622
-257 0 548
-307 0 -142
38 0 944
326 0 -162
369 0 701
-325 0 161
88 0 940
49 0 64
-44 0 -583
-439 0 -161
-5 0 996
-314 0 932
338 0 -806
-77 0 688
-292 0 -714
262 0 84
138 0 767
37 0 758
272 0 -966
-131 0 902
454 0 -340
-323 0 -724
-421 0 -81
468 0 -440
219 0 -631
375 0 -132
202 0 964
464 0 410
17 0 202
342 0 405
174 0 -350
460 0 401
-320 0 560
371 0 -194
-190 0 -445
-374 0 -835
-227 0 -346
-300 0 -329
375 0 285
131 0 -410
282 0 676
408 0 370
101 0 570
22 0 -892
181 0 -110
-85 0 894
332 0 -144
415 0 768
-292 0 -572
-32 0 -617
72 0 829
-489 0 -220
9 0 -986
-500 0 -463
483 0 268
401 0 575
-65 0 -142
211 0 238
-136 0 -881
-374 0 343
-342 0 425
-454 0 526
313 0 -453
354 0 -208
158 0 -19
213 0 946
-122 0 493
203 0 -152
62 0 487
397 0 32
-68 0 -694
359 0 -905
-194 0 -521
-103 0 244
-438 0 -528
-479 0 463
-494 0 -74
-316 0 384
-476 0 -800
273 0 658
2 0 61
333 0 236
-202 0 393
246 0 840
-336 0 832
349 0 727
442 0 -103
-142 0 -30
-434 0 941
406 0 -493
-289 0 931
186 0 -277
147 0 501
-397 0 -911
-409 0 -876
312 0 424
312 0 84
-430 0 14
-131 0 -834
447 0 811
303 0 750
498 0 150
-414 0 -152
-97 0 -637
404 0 479
255 0 -79
-438 0 73
115 0 -457
99 0 -957
-22 0 120
-309 0 664
-7 0 938
-161 0 -726
311 0 363
-309 0 794
-431 0 244
464 0 -666
-370 0 -247
162 0 -270
-303 0 635
110 0 -90
165 0 -35
262 0 -783
101 0 810
-308 0 -432
-492 0 194
62 0 -657
65 0 -201
83 0 58
63 0 -740
-137 0 -239
54 0 -952
-467 0 247
-190 0 320
377 0 684
265 0 78
-29 0 -270
-273 0 242
149 0 139
-285 0 -465
-64 0 748
-235 0 -743
343 0 -192
-250 0 735
121 0 771
-332 0 -480
-232 0 47
342 0 -381
-460 0 -652
366 0 -862
467 0 38
-120 0 -960
-477 0 124
51 0 831
300 0 676
-397 0 -269
-138 0 228
-364 0 788
24 0 -550
220 0 934
486 0 213
373 0 -888
-439 0 190
496 0 -152
-409 0 -150
-357 0 -597
267 0 740
241 0 176
52 0 489
237 0 822
123 0 -732
194 0 -533
124 0 718
305 0 -621
271 0 -887
184 0 -673
-7 0 27
352 0 424
-486 0 -488
-217 0 973
-14 0 940
-408 0 -916
-400 0 -383
482 0 -852
-485 0 808
134 0 -515
-284 0 -926
292 0 -521
-292 0 -320
333 0 554
416 0 -676
126 0 603
-282 0 963
373 0 -657
-259 0 -572
-222 0 936
286 0 328
7 0 434
407 0 -191
218 0 553
-28 0 -706
304 0 757
374 0 917
-137 0 333
111 0 -74
48 0 -48
-153 0 587
-377 0 -355
-112 0 -486
68 0 -912
309 0 -573
188 0 655
63 0 410
146 0 -404
-13 0 -36
-66 0 -806
354 0 -520
-74 0 524
56 0 -237
-56 0 -114
435 0 342
288 0 492
-454 0 388
-117 0 486
-478 0 -818
-449 0 467
99 0 -546
-454 0 962
348 0 -941
-145 0 463
133 0 407
292 0 86
286 0 -756
486 0 -525
491 0 562
-321 0 339
412 0 -270
-39 0 395
390 0 478
-212 0 -745
-220 0 -852
341 0 -568
117 0 961
-286 0 -722
316 0 -615
485 0 -475
218 0 958
-157 0 -29
-200 0 953
322 0 -636
204 0 -804
-272 0 797
-293 0 -999
13 0 -655
-317 0 -90
382 0 848
118 0 836
-407 0 40
393 0 -348
120 0 -113
421 0 98
-205 0 -294
53 0 -534
171 0 -837
68 0 83
341 0 778
106 0 660
-470 0 -964
-135 0 729
258 0 17
-153 0 -105
268 0 764
178 0 -742
363 0 823
-216 0 750
231 0 270
-438 0 56
-483 0 -540
-111 0 262
268 0 605
-180 0 -228
-137 0 554
150 0 -503
421 0 901
146 0 -424
51 0 -756
424 0 -31
-397 0 288
-450 0 992
270 0 279
-414 0 -297
492 0 268
-36 0 -703
444 0 -771
-478 0 597
-432 0 -799
152 0 -911
260 0 483
-384 0 34
-94 0 -57
-75 0 -610
-173 0 819
-441 0 -349
-486 0 160
-118 0 -102
-289 0 -486
-375 0 -852
240 0 286
-110 0 -964
-421 0 -307
118 0 362
250 0 -411
360 0 -677
-231 0 -193
-276 0 -219
23 0 944
373 0 140
-478 0 -450
-144 0 -582
-393 0 -543
405 0 -662
369 0 160
174 0 -750
-395 0 683
-183 0 594
234 0 978
-364 0 520
-445 0 718
353 0 332
246 0 22
169 0 149
215 0 -991
-239 0 -613
382 0 -14
227 0 -604
66 0 303
127 0 -24
424 0 811
-125 0 201
4 0 -50
446 0 -646
-21 0 43
-97 0 -906
496 0 10
38 0 288
147 0 477
-267 0 -970
332 0 548
317 0 208
119 0 -500
22 0 720
363 0 -259
-317 0 -136
290 0 767
-40 0 565
449 0 102
228 0 784
95 0 225
-67 0 -807
156 0 225
-409 0 500
357 0 662
-420 0 -740
-38 0 81
240 0 -620
-111 0 -831
144 0 -332
-301 0 -400
-80 0 -26
-77 0 231
-80 0 -13
163 0 -177
220 0 389
237 0 -280
250 0 -831
-86 0 -565
-104 0 -737
59 0 554
67 0 244
258 0 970
196 0 183
453 0 -993
59 0 -184
-84 0 -429
-355 0 393
-69 0 -761
160 0 403
-339 0 -273
102 0 -947
-370 0 298
350 0 -712
-231 0 -743
476 0 75
-247 0 -701
-108 0 -374
-208 0 -133
-13 0 -816
-432 0 452
235 0 215
-417 0 -216
78 0 -259
83 0 128
-379 0 99
-147 0 405
-242 0 815
441 0 818
39 0 -522
-218 0 -763
-286 0 9
349 0 540
-134 0 -343
355 0 -676
390 0 842
-474 0 -921
40 0 364
179 0 793
-366 0 -186
364 0 896
159 0 -973
-162 0 -589
478 0 29
-59 0 974
-181 0 -204
406 0 -750
209 0 -942
176 0 142
-455 0 -93
326 0 -214
-53 0 677
-252 0 -432
-495 0 -955
175 0 -722
339 0 -820
408 0 883
105 0 -976
253 0 -973
35 0 -219
-446 0 -392
426 0 -573
290 0 -301
66 0 -577
233 0 -467
32 0 397
-372 0 -561
-491 0 453
-94 0 895
32 0 -730
-337 0 116
-1 0 96
22 0 -527
115 0 205
-329 0 -916
-369 0 -988
207 0 -168
298 0 -141
-231 0 -873
95 0 -856
397 0 994
136 0 -53
-354 0 -834
-420 0 -254
119 0 -697
142 0 -165
-162 0 793
271 0 -183
-182 0 157
-84 0 -900
-59 0 -158
196 0 -812
-362 0 -811
83 0 -20
167 0 -460
419 0 442
20 0 -133
-267 0 466
277 0 -981
269 0 684
-175 0 -842
28 0 -747
415 0 -565
-118 0 -508
-442 0 -663
480 0 573
-25 0 442
183 0 -648
-84 0 -758
-392 0 -320
-127 0 815
427 0 -877
462 0 163
-239 0 631
491 0 -982
401 0 34
-466 0 733
-298 0 27
2 0 -86
-366 0 -765
495 0 936
-288 0 767
-257 0 -275
-423 0 746
-98 0 863
-447 0 909
-407 0 587
-198 0 306
211 0 812
24 0 437
469 0 -519
417 0 665
110 0 -488
-109 0 -473
-94 0 955
-367 0 -794
14 0 604
-126 0 -838
59 0 707
-242 0 -455
239 0 0
333 0 -542
169 0 874
-362 0 -135
-346 0 -87
-101 0 -237
88 0 -11
-299 0 -954
307 0 390
-19 0 229
-306 0 -215
-71 0 77
486 0 208
-94 0 -394
-191 0 848
-361 0 734
-159 0 -769
404 0 -5
-378 0 -806
-422 0 -51
223 0 24
245 0 966
389 0 -600
-398 0 -902
28 0 -399
-53 0 -433
212 0 302
-62 0 689
316 0 -994
402 0 -891
-59 0 828
64 0 909
-255 0 -6
173 0 -245
-354 0 -761
-13 0 0
482 0 891
-418 0 -152
212 0 -991
-16 0 -434
-413 0 -203
-489 0 -278
-232 0 -194
73 0 -732
93 0 75
322 0 999
199 0 -797
21 0 -199
-302 0 -465
492 0 -703
184 0 -382
363 0 309
-320 0 810
397 0 -254
288 0 396
-406 0 -501
-133 0 -939
-219 0 760
328 0 -639
303 0 965
352 0 458
-145 0 76
-192 0 -90
-217 0 894
422 0 985
-165 0 50
-168 0 -291
-26 0 480
411 0 39
106 0 -492
-63 0 -975
270 0 -413
-400 0 -685
-127 0 -487
198 0 628
125 0 749
249 0 884
-236 0 891
436 0 -761
323 0 -334
220 0 576
-214 0 293
-80 0 586
-227 0 -470
-309 0 958
-311 0 -88
306 0 75
77 0 891
-274 0 765
-491 0 790
470 0 -790
-342 0 557
500 0 -817
-273 0 355
158 0 145
-132 0 -433
-278 0 -243
-368 0 63
-70 0 -60
352 0 -907
-66 0 -155
-111 0 -947
-256 0 466
330 0 -906
13 0 -184
-271 0 -328
211 0 -211
10 0 -609
371 0 410
15 0 -829
-54 0 -592
-105 0 681
128 0 376
202 0 -262
-106 0 512
309 0 916
-457 0 -744
49 0 193
115 0 -756
146 0 222
97 0 -301
34 0 435
-473 0 923
245 0 432
327 0 840
-267 0 452
317 0 322
376 0 709
476 0 950
238 0 -236
161 0 -375
214 0 446
-25 0 -857
7 0 499
92 0 433
-421 0 640
-493 0 -736
76 0 -828
-215 0 856
214 0 -845
-215 0 -971
374 0 836
-154 0 -535
458 0 702
103 0 -670
-305 0 -553
-460 0 -633
-47 0 273
-381 0 99
68 0 343
-221 0 675
-308 0 -827
-157 0 -485
266 0 413
305 0 102
106 0 527
-329 0 -231
399 0 -114
451 0 898
-310 0 -265
-146 0 -294
-426 0 -342
-321 0 -679
242 0 689
-268 0 707
382 0 23
11 0 106
252 0 846
260 0 226
203 0 -156
-313 0 156
88 0 -694
-99 0 961
-161 0 404
-197 0 247
-425 0 -736
-476 0 -175
-487 0 -333
-221 0 -673
-348 0 200
36 0 730
-367 0 118
-11 0 9
70 0 -547
-119 0 539
227 0 426
157 0 -68
-245 0 655
44 0 -859
-298 0 420
383 0 385
-162 0 -983
-314 0 -538
218 0 716
-401 0 107
58 0 957
34 0 -664
-182 0 130
-410 0 586
398 0 -141
-204 0 874
382 0 124
62 0 34
-42 0 -433
-416 0 -413
298 0 -210
-38 0 -911
-164 0 -163
143 0 -725
491 0 725
155 0 538
-20 0 837
105 0 -275
-406 0 -782
40 0 -38
329 0 -685
221 0 -515
417 0 -566
193 0 -397
401 0 709
94 0 -833
78 0 -735
213 0 424
-416 0 79
313 0 -807
-189 0 -20
-335 0 950
343 0 664
424 0 -94
54 0 277
-265 0 -343
-11 0 210
307 0 -18
-175 0 -109
19 0 745
-60 0 -845
488 0 796
94 0 570
173 0 -737
46 0 291
-498 0 -190
203 0 798
30 0 -74
332 0 -862
291 0 -182
-119 0 507
149 0 153
-199 0 -964
-183 0 -57
-30 0 241
145 0 -169
312 0 44
-12 0 -514
66 0 901
-152 0 732
-135 0 -304
357 0 222
198 0 963
332 0 729
485 0 -425
-267 0 227
252 0 83
-183 0 158
-462 0 166
454 0 585
2 0 4
-343 0 708
440 0 -950
335 0 841
-460 0 388
-121 0 347
92 0 165
350 0 -602
-43 0 -35
160 0 434
303 0 -340
498 0 -68
-409 0 -659
-116 0 430
-282 0 425
277 0 -936
96 0 269
-269 0 -745
-212 0 -481
404 0 -744
238 0 -52
-206 0 -32
193 0 -308
-435 0 109
475 0 -244
85 0 -239
312 0 568
-351 0 -276
462 0 -69
-340 0 445
357 0 -347
-484 0 -507
-202 0 279
-289 0 720
32 0 404
290 0 -997
139 0 454
-361 0 -45
-263 0 -932
-314 0 -112
142 0 722
-346 0 745
191 0 510
-463 0 -24
-53 0 922
-37 0 -340
130 0 236
-226 0 847
-38 0 -55
-183 0 623
338 0 304
-40 0 -662
440 0 -354
235 0 671
-322 0 -273
269 0 -217
350 0 1000
-486 0 -464
-335 0 789
319 0 -690
-54 0 147
-79 0 976
364 0 63
-375 0 424
-112 0 634
-407 0 -671
-347 0 28
-414 0 587
-372 0 -684
-304 0 -520
-174 0 803
493 0 -133
-117 0 -174
-104 0 366
-232 0 -55
382 0 -887
-177 0 962
208 0 936
271 0 -869
293 0 -36
-239 0 -211
422 0 154
-480 0 249
320 0 -337
-144 0 499
266 0 -505
221 0 710
297 0 -309
-361 0 966
323 0 -412
-485 0 -395
22 0 -341
-477 0 914
419 0 -932
-380 0 -48
35 0 164
-217 0 -846
-401 0 337
-69 0 -30
-14 0 -635
-261 0 55
140 0 -654
-310 0 701
138 0 938
455 0 -594
-368 0 -871
98 0 -913
-144 0 -448
-216 0 242
161 0 491
-194 0 -601
-77 0 875
455 0 957
61 0 638
-257 0 588
-284 0 475
-5 0 194
233 0 -287
-39 0 570
157 0 992
-199 0 -322
-480 0 684
-210 0 -81
-390 0 860
-323 0 868
-274 0 257
-368 0 767
369 0 -962
-276 0 327
-496 0 621
-284 0 -181
-435 0 -275
-9 0 -97
11 0 -496
111 0 -306
132 0 -846
-366 0 -886
282 0 -883
296 0 -717
-452 0 112
234 0 45
258 0 -470
-80 0 147
485 0 -675
-99 0 726
-432 0 -324
214 0 241
256 0 186
-351 0 -578
-434 0 405
-62 0 568
-372 0 281
-128 0 192
-432 0 -211
-295 0 98
278 0 581
67 0 -39
-414 0 -730
326 0 -622
-441 0 742
-435 0 960
-79 0 988
-70 0 -139
-264 0 430
42 0 648
-386 0 -267
374 0 -49
-365 0 -191
-143 0 583
263 0 -362
182 0 444
27 0 -78
496 0 72
128 0 -796
-288 0 4
-212 0 -13
413 0 218
-45 0 706
-162 0 -954
-480 0 562
-288 0 -658
-327 0 542
-219 0 167
-18 0 970
-461 0 170
-442 0 -155
-327 0 48
305 0 -398
159 0 594
-300 0 398
443 0 -445
282 0 98
-281 0 -179
-35 0 926
-189 0 877
59 0 -862
-456 0 -160
-474 0 -162
170 0 588
476 0 844
273 0 -861
-492 0 -365
182 0 -282
476 0 439
406 0 551
178 0 -781
364 0 -54
145 0 542
379 0 294
-498 0 -458
7 0 -988
464 0 -52
480 0 93
-149 0 -933
-413 0 812
-139 0 591
1 0 -913
199 0 -975
272 0 749
344 0 64
-206 0 614
349 0 -946
211 0 -588
1 0 -307
12 0 -94
201 0 469
-79 0 48
313 0 -177
311 0 782
175 0 -660
-406 0 -161
-200 0 -181
480 0 965
-5 0 -663
258 0 -688
414 0 -579
363 0 527
-351 0 103
170 0 94
-392 0 689
467 0 -164
155 0 -697
-103 0 199
292 0 -865
249 0 -849
311 0 830
231 0 -930
434 0 698
-397 0 -176
303 0 -592
36 0 -813
-227 0 -297
447 0 -511
-169 0 -234
12 0 207
483 0 -709
-127 0 -447
61 0 -374
-334 0 -744
106 0 -857
-163 0 259
278 0 -193
179 0 -122
-458 0 950
421 0 -65
-288 0 -917
-172 0 -623
354 0 -188
-93 0 326
310 0 518
201 0 251
9 0 -201
248 0 491
13 0 -550
29 0 839
363 0 -31
110 0 930
170 0 -302
-489 0 -41
-313 0 -660
-284 0 -5
378 0 489
-348 0 427
413 0 925
465 0 -81
270 0 -975
-452 0 -425
426 0 4
321 0 -244
152 0 -607
184 0 -196
-371 0 -160
262 0 89
-67 0 -846
126 0 -139
-186 0 799
390 0 343
-499 0 284
-78 0 443
86 0 145
-93 0 796
78 0 782
496 0 801
448 0 -601
-396 0 -182
-334 0 -351
-399 0 -274
-170 0 390
186 0 -794
-256 0 267
-354 0 -249
469 0 539
477 0 852
496 0 928
38 0 639
-194 0 70
-446 0 848
-183 0 311
-450 0 429
200 0 784
-94 0 914
237 0 660
324 0 394
-477 0 317
159 0 -641
334 0 -713
110 0 -159
-284 0 -398
-265 0 -130
-137 0 206
165 0 824
276 0 -863
-279 0 -976
-50 0 646
-108 0 508
-432 0 -231
218 0 -981
-483 0 -480
-112 0 697
-33 0 997
268 0 -284
-227 0 -630
161 0 997
351 0 -107
-89 0 -126
329 0 -463
242 0 -594
-342 0 187
-242 0 -667
74 0 -111
-82 0 870
199 0 -251
15 0 -979
-47 0 -286
-341 0 902
-115 0 775
-492 0 312
-195 0 -248
131 0 -359
-120 0 373
6 0 234
91 0 -930
-389 0 995
229 0 741
-487 0 -324
248 0 -639
-162 0 798
-67 0 -385
378 0 -715
168 0 -978
-114 0 -612
-26 0 322
-350 0 814
-441 0 -207
-500 0 -813
-374 0 -543
-368 0 -640
-78 0 829
-38 0 659
132 0 -196
399 0 -817
-324 0 512
261 0 -592
-265 0 -75
325 0 -496
-454 0 -309
269 0 -765
201 0 256
182 0 -777
419 0 162
-213 0 64
-186 0 -600
-480 0 -780
-171 0 665
220 0 602
261 0 -207
-312 0 -494
293 0 538
-186 0 -968
111 0 -611
-141 0 824
-162 0 -935
117 0 -623
179 0 103
321 0 -184
-136 0 -45
435 0 -986
-47 0 -285
493 0 -883
447 0 782
-126 0 965
357 0 -526
20 0 404
98 0 972
20 0 301
78 0 -671
68 0 377
-105 0 67
-79 0 -1000
-427 0 -375
-80 0 587
-472 0 492
132 0 -569
-475 0 -965
-357 0 -535
-476 0 -374
-236 0 403
91 0 344
-200 0 -919
-125 0 -472
-6 0 -200
-311 0 -903
382 0 878
118 0 43
-488 0 -568
-324 0 190
438 0 -251
135 0 758
123 0 38
-302 0 -624
499 0 -819
-126 0 983
187 0 -654
-49 0 4
-470 0 -928
-16 0 -174
-291 0 167
-350 0 903
409 0 790
379 0 -42
-30 0 -615
-55 0 -33
-38 0 -365
304 0 234
-88 0 965
-419 0 690
-208 0 -767
126 0 355
-499 0 707
-360 0 -517
335 0 234
-291 0 419
303 0 979
303 0 249
248 0 578
40 0 -58
-334 0 -925
199 0 216
-440 0 -504
182 0 250
-230 0 -319
-353 0 219
-495 0 743
309 0 -408
-373 0 688
449 0 -343
461 0 295
-465 0 161
-462 0 -163
-500 0 -442
52 0 -49
321 0 169
-239 0 -441
-370 0 -776
-167 0 -277
369 0 779
-357 0 -94
448 0 -355
411 0 725
360 0 -899
165 0 87
-444 0 -481
-34 0 37
391 0 -496
464 0 -135
139 0 -402
-55 0 601
310 0 959
-387 0 -460
-286 0 679
-428 0 410
-227 0 126
-67 0 -940
410 0 -67
287 0 -90
-208 0 445
86 0 744
-165 0 -24
-102 0 642
319 0 -768
480 0 -1000
-277 0 -450
-365 0 459
33 0 -179
-174 0 737
5 0 -817
-329 0 465
414 0 -728
-427 0 -889
356 0 -194
-143 0 537
85 0 575
-208 0 -814
-494 0 -887
-118 0 -431
-172 0 277
-265 0 -378
-274 0 -974
-302 0 441
-148 0 357
436 0 -55
-461 0 506
-456 0 -439
378 0 848
-411 0 -404
464 0 -392
-426 0 -671
-262 0 250
-1 0 -835
17 0 455
371 0 708
95 0 -967
-291 0 -937
-138 0 -166
123 0 461
213 0 -686
442 0 -646
388 0 -635
-61 0 -239
252 0 105
119 0 200
-389 0 -426
-8 0 -293
53 0 -809
-335 0 -831
-316 0 -144
-284 0 -555
-73 0 276
169 0 342
-36 0 -519
96 0 235
44 0 -532
-184 0 468
422 0 923
30 0 -940
233 0 278
399 0 908
-348 0 551
164 0 -947
346 0 -325
-179 0 988
-294 0 129
275 0 -113
-389 0 510
-432 0 -619
189 0 748
35 0 648
182 0 -123
415 0 -925
35 0 378
149 0 357
-320 0 -480
96 0 247
362 0 281
-479 0 -342
-293 0 -951
213 0 8
-488 0 -840
375 0 954
-287 0 696
-294 0 -709
258 0 458
-225 0 416
-57 0 -148
15 0 783
-31 0 -502
-95 0 748
-29 0 95
-255 0 -386
137 0 -467
-287 0 693
45 0 -485
163 0 -870
5 0 -948
304 0 -735
148 0 889
-146 0 52
-258 0 -295
207 0 22
-41 0 672
459 0 586
-455 0 400
-314 0 190
-136 0 922
-73 0 537
-334 0 99
244 0 -197
-351 0 -814
256 0 -398
481 0 -209
204 0 146
-235 0 -164
64 0 385
-173 0 506
-163 0 -212
427 0 -908
94 0 92
-469 0 659
-480 0 46
496 0 -774
314 0 12
224 0 418
-273 0 742
395 0 352
-455 0 356
202 0 55
326 0 -546
418 0 -711
438 0 124
226 0 -1
182 0 -756
-366 0 924
-124 0 98
347 0 593
77 0 859
297 0 85
180 0 -211
418 0 670
82 0 15
256 0 -375
249 0 -193
123 0 719
285 0 697
-127 0 450
82 0 126
38 0 -827
-216 0 851
459 0 -372
465 0 30
24 0 786
10 0 754
-125 0 664
177 0 -733
-235 0 -753
380 0 -803
-165 0 -113
331 0 13
-15 0 148
-445 0 280
-165 0 -175
397 0 -912
-15 0 866
429 0 545
412 0 -119
-402 0 226
-227 0 72
449 0 585
-189 0 150
220 0 -12
-94 0 325
339 0 -79
420 0 -120
-359 0 -500
-39 0 252
103 0 873
-477 0 870
-78 0 898
469 0 262
-463 0 -999
163 0 388
-492 0 -294
-26 0 275
-62 0 446
-33 0 -157
392 0 253
-361 0 -638
-359 0 -155
439 0 213
-312 0 313
276 0 -138
-156 0 624
-152 0 787
14 0 -195
-276 0 199
-355 0 -30
418 0 709
-105 0 -819
-354 0 -413
-451 0 -808
-479 0 537
66 0 210
-61 0 447
269 0 -185
292 0 -794
-308 0 461
-66 0 -877
-216 0 -567
99 0 811
-410 0 216
100 0 686
70 0 -652
-34 0 -644
367 0 -476
-350 0 -951
-430 0 86
-273 0 -453
-49 0 -850
451 0 -619
-261 0 335
495 0 489
160 0 990
346 0 971
347 0 288
251 0 942
52 0 -677
-360 0 -11
354 0 643
345 0 -762
233 0 853
106 0 892
-414 0 501
-93 0 -653
142 0 719
269 0 -34
-93 0 198
-256 0 -238
150 0 367
-308 0 -213
417 0 490
98 0 -509
-443 0 437
-35 0 -397
-71 0 32
241 0 529
-494 0 -359
-291 0 -685
73 0 967
467 0 891
113 0 728
317 0 70
-310 0 -539
-23 0 -185
149 0 32
278 0 775
-97 0 -752
353 0 19
-184 0 -577
46 0 293
-343 0 1000
105 0 449
485 0 -532
-61 0 391
282 0 -306
300 0 910
-246 0 605
267 0 -561
-447 0 759
-242 0 548
-385 0 -945
-429 0 -466
430 0 -775
-388 0 -661
479 0 906
286 0 -94
-198 0 50
-153 0 -606
-141 0 573
226 0 -722
-54 0 -816
-216 0 908
39 0 -538
-319 0 -666
113 0 -638
-72 0 666
-210 0 260
-475 0 -872
-218 0 -866
235 0 -478
-250 0 788
170 0 -473
-446 0 826
-451 0 546
491 0 -154
301 0 -766
-13 0 54
-428 0 -408
-154 0 -899
248 0 696
223 0 281
398 0 -749
364 0 -219
-82 0 -529
-156 0 829
-358 0 -8
-48 0 -268
-451 0 -495
93 0 -134
304 0 440
301 0 -12
-461 0 685
-198 0 379
195 0 120
-500 0 -641
-92 0 -93
117 0 440
300 0 -751
461 0 -660
108 0 -145
259 0 922
-455 0 -711
-397 0 625
409 0 -690
-12 0 -896
-234 0 -429
-58 0 89
-155 0 -686
247 0 969
-28 0 361
271 0 -4
-75 0 590
-237 0 -709
-286 0 236
-494 0 554
403 0 -778
-87 0 255
-353 0 -346
138 0 476
102 0 -85
-403 0 413
475 0 483
405 0 303
-377 0 885
-403 0 -765
365 0 -491
-128 0 -706
99 0 -352
-152 0 -812
-479 0 127
-112 0 580
409 0 523
-360 0 978
236 0 -70
-410 0 -826
-390 0 -309
237 0 406
173 0 -531
329 0 -266
-173 0 -572
64 0 884
59 0 -264
-250 0 -248
437 0 328
403 0 762
20 0 -774
-486 0 -851
105 0 898
390 0 -918
-415 0 -455
41 0 853
468 0 617
-74 0 -164
461 0 665
214 0 96
-117 0 -828
20 0 401
480 0 960
-157 0 -759
-184 0 573
-416 0 -6
247 0 455
-483 0 428
-64 0 -200
-146 0 915
-218 0 359
-184 0 92
181 0 -576
200 0 121
17 0 305
24 0 -318
428 0 -749
60 0 377
-275 0 153
84 0 835
272 0 -546
92 0 360
438 0 -232
67 0 -133
127 0 353
190 0 -253
-229 0 818
244 0 -926
-483 0 999
480 0 -752
-196 0 598
176 0 -343
26 0 -811
-69 0 -506
-171 0 -633
-240 0 -493
-184 0 641
226 0 -105
30 0 401
168 0 -350
-402 0 844
27 0 -427
289 0 -206
-53 0 -806
-358 0 105
-204 0 327
132 0 466
342 0 291
64 0 -361
-185 0 -293
-258 0 -701
-467 0 -329
492 0 -818
-173 0 -929
146 0 -145
215 0 -744
305 0 -946
101 0 -394
-308 0 -581
357 0 774
134 0 461
-350 0 380
-441 0 362
-265 0 -655
36 0 433
94 0 419
-108 0 305
277 0 922
-276 0 -925
-170 0 -611
142 0 -221
307 0 662
-244 0 71
223 0 -445
-64 0 307
215 0 929
-159 0 618
-39 0 -403
-446 0 923
-50 0 -321
292 0 -718
-465 0 -957
221 0 -306
-480 0 551
111 0 -442
-347 0 -228
254 0 -952
389 0 -740
-231 0 468
245 0 317
-436 0 -261
436 0 -990
-306 0 -38
447 0 -643
423 0 -154
203 0 -524
-96 0 438
-406 0 924
-165 0 125
-219 0 -268
-197 0 27
-227 0 876
93 0 8
-326 0 679
354 0 -690
-352 0 -200
92 0 -907
330 0 -366
-245 0 108
259 0 950
383 0 249
41 0 -761
-236 0 -613
-137 0 42
341 0 57
195 0 -353
72 0 -464
-135 0 -648
-331 0 635
-353 0 -799
141 0 -924
129 0 -467
-277 0 -118
-256 0 371
-330 0 -124
336 0 207
-409 0 779
-119 0 102
-440 0 900
399 0 831
-254 0 -338
169 0 -94
323 0 188
344 0 257
-424 0 -107
348 0 -104
45 0 369
-419 0 298
327 0 524
-371 0 -579
215 0 -514
364 0 919
256 0 -276
-258 0 483
-308 0 -972
-438 0 -542
-349 0 -486
-306 0 77
-53 0 -228
132 0 -794
-282 0 492
-4 0 -967
-53 0 -867
181 0 -488
-302 0 -308
-140 0 922
435 0 -831
276 0 -594
-98 0 -578
-387 0 851
191 0 221
478 0 -598
-286 0 906
165 0 -340
438 0 -73
425 0 -97
-430 0 -383
142 0 -583
-439 0 608
362 0 -407
366 0 -551
-61 0 775
-365 0 280
142 0 -772
-454 0 -497
-117 0 815
-468 0 -246
-495 0 842
236 0 -698
-16 0 -648
-98 0 644
-172 0 677
3 0 490
231 0 440
320 0 800
148 0 86
-74 0 102
-180 0 630
-134 0 -674
-36 0 -829
-334 0 -781
-193 0 217
-200 0 -750
66 0 595
-88 0 918
-138 0 -118
-385 0 -871
80 0 -46
-115 0 347
302 0 592
-101 0 797
-150 0 -729
96 0 -302
460 0 -211
-406 0 -124
-473 0 171
248 0 -662
353 0 447
233 0 -302
267 0 662
-400 0 43
347 0 689
98 0 -681
-22 0 -976
-377 0 -168
-153 0 617
-315 0 -533
457 0 17
414 0 502
98 0 -169
-116 0 569
-135 0 -15
233 0 7
-276 0 253
-103 0 -641
-173 0 688
-457 0 806
276 0 931
-150 0 -898
455 0 420
-352 0 -790
-136 0 -173
73 0 930
-385 0 401
417 0 -915
411 0 739
452 0 -450
305 0 -403
160 0 -990
249 0 358
-324 0 485
-281 0 535
-212 0 -338
-228 0 -210
425 0 -728
30 0 -2
-2 0 -411
-491 0 379
-406 0 -289
-491 0 136
85 0 632
106 0 349
310 0 -8
59 0 919
424 0 640
381 0 -440
410 0 -667
-427 0 865
-303 0 342
48 0 155
6 0 -391
-373 0 220
-246 0 188
-429 0 297
-410 0 -848
67 0 300
462 0 484
-226 0 104
-256 0 -295
128 0 466
-146 0 -900
-267 0 742
325 0 517
123 0 115
-383 0 -746
-376 0 -921
-362 0 -576
136 0 -640
325 0 591
78 0 -622
-374 0 -287
-338 0 -954
11 0 685
-244 0 482
231 0 -583
135 0 -191
-186 0 -75
-157 0 414
-91 0 199
-433 0 -693
433 0 871
470 0 828
354 0 -571
-227 0 -1000
412 0 -686
41 0 741
-432 0 522
211 0 -327
228 0 -336
65 0 848
-62 0 -665
281 0 -204
-96 0 467
177 0 -245
-32 0 -768
302 0 8
498 0 931
-458 0 388
-41 0 839
-28 0 456
97 0 610
-175 0 -986
-371 0 -633
453 0 987
-263 0 363
-274 0 -417
-116 0 -823
489 0 565
-276 0 -803
96 0 -996
-455 0 -19
466 0 462
81 0 373
-439 0 176
-409 0 119
-52 0 -724
-253 0 -914
63 0 645
172 0 -238
-231 0 -583
-147 0 822
-351 0 -94
185 0 -301
442 0 515
288 0 562
-379 0 216
-52 0 -341
-365 0 -833
387 0 743
153 0 -269
250 0 800
338 0 -2
23 0 252
-138 0 801
-232 0 -335
116 0 -130
-423 0 -596
-107 0 -978
-442 0 -814
-190 0 511
-147 0 833
101 0 458
-301 0 -515
-266 0 894
-367 0 680
-368 0 -682
185 0 840
74 0 -315
-7 0 470
288 0 673
-201 0 -148
-464 0 -574
13 0 -776
-374 0 780
-431 0 -157
411 0 33
-314 0 -104
-479 0 2
452 0 -973
214 0 -140
149 0 -831
70 0 -825
431 0 -822
-102 0 -204
-251 0 -855
147 0 519
-406 0 -572
-146 0 -358
-154 0 669
-262 0 311
-126 0 -623
-16 0 166
236 0 -348
212 0 -534
-241 0 420
340 0 -406
329 0 147
-36 0 -7
-311 0 -325
75 0 -390
-139 0 847
93 0 -23
361 0 875
-19 0 -591
-89 0 315
416 0 530
-282 0 89
-17 0 -606
178 0 -144
-375 0 -395
4 0 -670
325 0 -282
413 0 -401
327 0 510
-288 0 92
-377 0 342
-394 0 -30
48 0 915
404 0 -134
-134 0 -762
-413 0 996
-361 0 93
261 0 795
-180 0 -913
-297 0 574
-455 0 551
296 0 -141
-468 0 -387
354 0 879
91 0 669
-307 0 -880
368 0 -537
-294 0 700
-12 0 754
58 0 -957
-141 0 -362
373 0 73
-68 0 314
-51 0 569
287 0 285
-486 0 62
-33 0 -945
211 0 909
188 0 166
-447 0 -835
-24 0 -527
-418 0 744
-137 0 -197
187 0 -701
134 0 -575
-46 0 921
188 0 -248
-499 0 -161
453 0 -971
-353 0 919
47 0 314
3 0 323
-66 0 -890
466 0 861
-194 0 -439
263 0 -48
275 0 999
-411 0 593
-235 0 -828
-180 0 221
-426 0 834
107 0 353
-365 0 44
310 0 -628
-196 0 -227
491 0 -123
-206 0 603
-422 0 -333
-457 0 -535
-123 0 822
165 0 -123
345 0 992
-128 0 -232
17 0 727
32 0 89
167 0 634
-420 0 -511
-232 0 981
-453 0 136
184 0 943
-35 0 -843
-433 0 195
341 0 293
-145 0 172
32 0 755
-1 0 -269
354 0 -47
-461 0 -629
317 0 425
-254 0 67
-32 0 408
-121 0 -678
57 0 -335
487 0 99
-55 0 -579
100 0 260
-298 0 798
-3 0 -136
349 0 -241
412 0 -58
89 0 510
292 0 518
148 0 -954
370 0 597
-388 0 462
238 0 -235
365 0 430
-399 0 -914
-436 0 -783
140 0 319
-322 0 554
476 0 -695
148 0 -192
-6 0 95
327 0 425
13 0 465
-7 0 924
-390 0 383
277 0 953
352 0 -984
240 0 646
-10 0 854
-122 0 166
-62 0 433
208 0 63
-410 0 -55
423 0 504
223 0 -802
429 0 -95
76 0 -33
82 0 49
109 0 -971
-379 0 -229
47 0 -571
-453 0 -643
171 0 -267
86 0 963
214 0 -464
-485 0 -778
71 0 151
85 0 -507
6 0 -902
-471 0 -433
445 0 16
-5 0 12
-424 0 774
395 0 -458
-371 0 785
-267 0 -619
480 0 -861
458 0 -223
-422 0 82
483 0 -394
-101 0 -360
-472 0 566
-344 0 -227
370 0 415
-400 0 295
374 0 -476
-183 0 -353
-499 0 -813
434 0 279
159 0 -691
488 0 377
318 0 537
210 0 309
398 0 -657
489 0 -252
-465 0 690
-375 0 -562
-428 0 -164
-127 0 -365
-40 0 453
180 0 800
-73 0 -311
-321 0 485
-96 0 -800
19 0 -209
-383 0 -134
-358 0 367
-332 0 -401
-242 0 759
-20 0 2
-180 0 229
-313 0 79
-72 0 -872
-426 0 -993
-211 0 913
-396 0 486
404 0 -792
-14 0 -80
-279 0 981
339 0 -41
284 0 421
-479 0 314
-394 0 168
93 0 134
-194 0 -697
318 0 475
-229 0 374
476 0 799
160 0 -90
-364 0 -968
373 0 844
-29 0 451
-320 0 -247
263 0 98
384 0 670
243 0 675
2 0 -705
398 0 819
118 0 -975
60 0 581
362 0 434
106 0 771
-326 0 185
-97 0 326
148 0 -680
440 0 -391
-441 0 -777
-83 0 -919
-112 0 -151
157 0 440
16 0 699
-122 0 628
417 0 643
108 0 -196
432 0 475
-362 0 -236
-170 0 897
-246 0 -61
-173 0 874
-478 0 -716
480 0 -193
-25 0 705
350 0 -932
122 0 -921
-491 0 -567
238 0 -864
-149 0 383
-61 0 -103
-428 0 71
-154 0 330
-235 0 -915
-231 0 869
188 0 -982
-219 0 921
-117 0 576
296 0 -995
-470 0 201
43 0 937
398 0 -867
219 0 920
-118 0 56
12 0 -14
202 0 -754
357 0 308
-64 0 -48
-179 0 -184
379 0 -678
-237 0 -467
441 0 136
-142 0 -221
101 0 -542
-122 0 133
-393 0 411
-9 0 -577
-65 0 790
412 0 -410
322 0 662
402 0 423
400 0 578
499 0 -244
-399 0 734
-343 0 27
-154 0 534
404 0 32
-56 0 -273
356 0 99
-12 0 276
68 0 643
486 0 -301
30 0 195
-9 0 -501
42 0 119
308 0 -53
-345 0 -510
-428 0 -723
34 0 504
290 0 49
-390 0 -703
-148 0 640
155 0 -423
-68 0 478
191 0 450
-156 0 190
460 0 585
351 0 731
80 0 389
249 0 533
-292 0 -254
-421 0 -455
-267 0 614
418 0 85
360 0 633
-397 0 816
-323 0 417
-204 0 -844
-345 0 -217
228 0 -765
181 0 -520
147 0 279
93 0 69
-301 0 276
315 0 61
472 0 -720
-112 0 353
-194 0 415
-452 0 988
-132 0 91
405 0 936
241 0 -512
42 0 600
-142 0 985
-252 0 701
-463 0 649
441 0 -930
-274 0 -621
160 0 -333
-417 0 -726
-176 0 494
289 0 68
-264 0 -513
-13 0 -941
46 0 126
-81 0 -172
5 0 -997
-275 0 814
63 0 -4
-310 0 686
-202 0 -290
-3 0 292
-155 0 -370
404 0 -339
-394 0 917
-214 0 -349
-187 0 -315
-145 0 -448
435 0 -813
173 0 828
483 0 -414
-181 0 380
-36 0 746
193 0 -367
-275 0 -28
-154 0 -679
230 0 -576
378 0 -498
-376 0 -219
-232 0 -87
450 0 375
-304 0 671
-403 0 590
94 0 -52
327 0 -775
70 0 -273
-377 0 286
-215 0 212
-444 0 466
-327 0 553
388 0 -564
49 0 -75
-358 0 330
409 0 -255
-124 0 -585
-177 0 949
-165 0 -249
-367 0 -351
199 0 -732
-172 0 -92
-97 0 -690
383 0 -879
-65 0 -756
-283 0 372
243 0 608
54 0 569
230 0 375
-268 0 39
-320 0 -972
-150 0 -720
-453 0 -946
-312 0 -76
-294 0 -191
-303 0 686
107 0 -8
-176 0 878
-246 0 -50
-118 0 375
-226 0 -275
266 0 -377
117 0 648
233 0 934
-469 0 784
-344 0 857
106 0 18
338 0 -885
-373 0 333
-211 0 -829
428 0 612
-288 0 606
320 0 13
-153 0 -260
442 0 -566
17 0 59
-254 0 181
330 0 121
457 0 493
-300 0 -365
204 0 27
-288 0 820
79 0 -205
-293 0 932
191 0 967
406 0 426
-381 0 -735
-187 0 200
49 0 -422
-305 0 -513
139 0 -860
-222 0 833
298 0 -537
-138 0 918
-194 0 -849
159 0 -545
-164 0 -310
-172 0 634
206 0 -817
90 0 -439
-170 0 -482
-207 0 525
31 0 551
496 0 -760
20 0 908
-394 0 -72
241 0 46
-270 0 -680
171 0 973
-334 0 -348
-84 0 -348
-438 0 -853
149 0 146
-260 0 -513
207 0 184
-133 0 -494
191 0 423
-36 0 -918
-77 0 -372
-499 0 781
-421 0 312
375 0 20
313 0 -510
-190 0 -306
-106 0 696
-243 0 18
-333 0 -846
186 0 541
-275 0 746
-347 0 566
446 0 977
-270 0 676
-238 0 -844
367 0 256
-408 0 -822
-350 0 -205
498 0 -349
431 0 -957
482 0 -682
-346 0 -533
377 0 59
384 0 -131
-353 0 -506
247 0 -310
91 0 361
-241 0 -660
296 0 -263
276 0 210
-183 0 348
272 0 834
-173 0 891
494 0 -655
328 0 390
314 0 -360
251 0 469
477 0 -872
87 0 -223
-253 0 -242
51 0 -324
-161 0 27
388 0 877
-431 0 -502
208 0 -699
-9 0 -876
175 0 430
70 0 809
98 0 336
444 0 775
375 0 -840
147 0 321
-9 0 491
-447 0 -239
132 0 873
209 0 -711
203 0 275
-171 0 -718
27 0 928
-437 0 588
-419 0 616
-169 0 617
174 0 -555
57 0 -151
-165 0 -417
-27 0 191
-392 0 514
111 0 111
203 0 -832
-375 0 -878
-288 0 -706
-102 0 269
360 0 -101
71 0 -116
355 0 270
-197 0 653
-234 0 -107
-82 0 791
264 0 669
-113 0 95
197 0 -969
499 0 -954
463 0 -148
49 0 325
100 0 -599
-262 0 -946
474 0 33
-182 0 -466
392 0 147
9 0 -665
172 0 171
46 0 -125
-9 0 -195
6 0 235
-362 0 569
-76 0 -824
1 0 -459
-431 0 648
152 0 -672
-467 0 625
418 0 -547
402 0 345
-120 0 595
-84 0 553
131 0 -794
324 0 -707
365 0 543
-158 0 -943
452 0 -299
42 0 364
277 0 -305
52 0 -753
61 0 -470
-331 0 -42
-329 0 863
-13 0 215
-445 0 497
-488 0 826
-84 0 -702
435 0 935
-414 0 883
319 0 -451
231 0 188
-188 0 40
133 0 378
336 0 -188
-115 0 184
298 0 -631
479 0 -880
499 0 -822
332 0 -203
140 0 190
362 0 62
402 0 591
412 0 372
-134 0 881
37 0 -683
367 0 501
-265 0 -156
-383 0 340
168 0 446
-397 0 179
-91 0 413
-391 0 651
-421 0 -638
-468 0 -108
295 0 -488
-312 0 -594
372 0 269
333 0 -492
-371 0 -959
165 0 -114
-372 0 96
420 0 -803
-118 0 750
397 0 -417
390 0 -915
-444 0 -319
119 0 -908
-381 0 15
-55 0 255
264 0 277
380 0 408
-499 0 -74
173 0 610
355 0 -889
-203 0 -642
-23 0 341
-145 0 328
-69 0 369
-86 0 -555
-45 0 -892
493 0 557
-464 0 -398
-196 0 -783
193 0 -835
-462 0 -324
369 0 606
157 0 929
253 0 -48
-441 0 811
155 0 -601
-75 0 -568
370 0 771
-494 0 -788
156 0 -463
-44 0 -626
103 0 -283
111 0 -279
326 0 -926
94 0 -589
347 0 -226
-83 0 451
-6 0 497
-66 0 -676
-249 0 955
-141 0 -884
276 0 330
14 0 80
256 0 -728
-446 0 988
-87 0 -270
190 0 324
69 0 -963
-354 0 686
-439 0 473
2 0 -760
-205 0 -798
63 0 256
67 0 78
127 0 335
366 0 -211
480 0 583
-214 0 700
-57 0 -792
-103 0 -954
-439 0 989
130 0 -854
462 0 -312
410 0 993
414 0 -786
398 0 612
371 0 -583
212 0 747
-39 0 -932
-265 0 -887
-318 0 884
-256 0 -910
-478 0 -80
-108 0 -560
328 0 -134
-34 0 -607
93 0 641
-380 0 854
-436 0 -614
-262 0 -681
-320 0 -655
-285 0 905
-174 0 338
-279 0 -743
-272 0 268
-10 0 951
-340 0 437
-184 0 495
-27 0 -496
443 0 668
98 0 -973
203 0 -290
191 0 640
262 0 -713
262 0 -496
425 0 894
484 0 968
-60 0 455
-124 0 746
231 0 716
-414 0 739
-265 0 -515
-143 0 -508
346 0 -289
408 0 -401
-410 0 -942
408 0 468
-471 0 -128
-258 0 537
418 0 204
335 0 -919
380 0 689
-272 0 720
88 0 -945
-437 0 -59
-124 0 -471
-384 0 705
-162 0 -647
-232 0 682
9 0 592
306 0 -77
-303 0 880
-3 0 -444
42 0 -369
398 0 36
-372 0 213
271 0 187
284 0 872
206 0 660
-294 0 -395
-15 0 857
17 0 881
393 0 -629
-331 0 226
-218 0 410
-312 0 -284
-388 0 -785
-59 0 347
56 0 -114
324 0 -522
-414 0 653
-378 0 -301
353 0 868
-352 0 3
495 0 -863
412 0 519
-121 0 -613
-87 0 -594
-54 0 -332
-384 0 321
-387 0 -524
-310 0 426
-426 0 -588
-430 0 367
166 0 904
-430 0 95
-24 0 876
26 0 -47
-113 0 533
368 0 -69
-79 0 480
84 0 448
50 0 -76
363 0 -248
-279 0 524
-334 0 -410
-190 0 500
463 0 -161
-365 0 -263
268 0 -857
149 0 -552
-94 0 341
-500 0 805
473 0 785
202 0 862
233 0 92
126 0 -276
-280 0 -285
-328 0 -681
-149 0 83
-27 0 686
-459 0 610
-474 0 956
195 0 -76
211 0 -616
207 0 915
93 0 491
-135 0 155
-293 0 645
115 0 671
-414 0 -583
341 0 76
110 0 337
85 0 -637
122 0 -28
477 0 607
409 0 -425
357 0 -254
-500 0 -666
375 0 -96
402 0 -487
301 0 69
286 0 -711
138 0 269
-428 0 967
242 0 381
-24 0 526
266 0 -915
-194 0 785
315 0 -24
5 0 -956
-412 0 -248
-500 0 852
-353 0 365
247 0 -530
-285 0 -559
-301 0 81
316 0 -530
382 0 -805
-236 0 -109
335 0 -39
-212 0 -960
465 0 -991
203 0 -62
286 0 792
-364 0 835
-129 0 -862
131 0 -432
-221 0 632
383 0 663
473 0 768
-373 0 558
-178 0 -452
-41 0 -42
7 0 -249
-240 0 -781
344 0 -519
311 0 453
-26 0 307
-40 0 -567
19 0 -996
-153 0 91
39 0 598
288 0 -999
-474 0 468
-470 0 -89
-92 0 750
-31 0 166
-315 0 -861
124 0 16
350 0 667
-95 0 -791
465 0 -837
-366 0 -902
144 0 456
34 0 678
165 0 -607
344 0 384
3 0 890
254 0 481
-172 0 -150
173 0 -880
96 0 320
96 0 866
385 0 -843
-438 0 -784
-65 0 768
-82 0 -615
-49 0 -407
-99 0 -324
149 0 265
-290 0 965
291 0 -764
-134 0 878
-183 0 -175
-369 0 -783
-407 0 -403
299 0 713
22 0 565
448 0 -388
271 0 -584
302 0 521
-390 0 -447
-451 0 -417
-359 0 -301
76 0 999
208 0 -853
471 0 856
212 0 -767
-25 0 715
75 0 -828
420 0 103
-219 0 -99
-458 0 689
199 0 857
-374 0 -924
96 0 -505
435 0 -901
425 0 -820
389 0 141
-329 0 734
212 0 -147
-290 0 -271
218 0 762
-231 0 -357
35 0 -11
-59 0 992
-435 0 -492
-280 0 545
-87 0 -960
-433 0 651
-194 0 123
-300 0 -122
438 0 321
-111 0 80
-190 0 -310
363 0 476
437 0 -110
342 0 -753
-466 0 -562
-150 0 -493
-354 0 -995
132 0 -488
343 0 -170
157 0 -126
192 0 -232
283 0 -191
51 0 -335
363 0 -312
-368 0 -427
-360 0 656
-66 0 207
434 0 127
392 0 -9
338 0 -428
50 0 -337
153 0 -386
417 0 167
-105 0 -978
-8 0 923
-141 0 -37
-113 0 447
-23 0 -483
221 0 -253
-437 0 -665
-129 0 382
-49 0 -975
367 0 -388
198 0 -671
-370 0 955
45 0 -890
474 0 -72
26 0 -510
-284 0 -913
-433 0 -506
125 0 -10
-8 0 -731
397 0 -666
-170 0 727
-391 0 -841
-101 0 803
183 0 -435
-167 0 750
-180 0 -862
-256 0 154
227 0 -505
418 0 -268
-93 0 -37
160 0 446
99 0 -507
458 0 181
-341 0 -980
-44 0 -811
-351 0 21
439 0 42
120 0 368
454 0 -35
423 0 795
82 0 -665
-409 0 319
-299 0 -706
211 0 126
-249 0 -61
-320 0 -870
-160 0 -265
-472 0 -22
257 0 303
-300 0 100
461 0 -359
121 0 -630
-261 0 14
31 0 -20
-70 0 829
442 0 -472
89 0 -622
-490 0 649
248 0 484
-287 0 -429
166 0 -252
79 0 848
-154 0 -553
75 0 -878
331 0 259
-427 0 -132
-100 0 662
-294 0 -525
-103 0 134
177 0 -707
-220 0 -428
-260 0 -640
-30 0 -917
397 0 -625
396 0 -795
341 0 -392
-450 0 316
144 0 -947
-92 0 -811
-38 0 -1000
-263 0 -664
385 0 -440
248 0 -479
-89 0 -852
-386 0 -470
375 0 -590
47 0 190
97 0 -95
370 0 578
-235 0 -196
-485 0 413
199 0 -892
29 0 1
187 0 611
6 0 989
-267 0 -982
154 0 -365
440 0 454
-433 0 394
252 0 326
22 0 -59
-68 0 430
-196 0 461
-467 0 -464
-489 0 -642
-290 0 26
287 0 112
182 0 -481
-183 0 -377
-150 0 -749
400 0 -862
313 0 983
172 0 18
-168 0 -622
-480 0 -468
370 0 347
162 0 261
-340 0 -676
230 0 498
-130 0 -806
-198 0 -262
227 0 -523
-200 0 420
-486 0 510
-130 0 -271
-188 0 491
95 0 -517
55 0 -885
256 0 35
255 0 -78
283 0 982
-183 0 -440
-118 0 850
382 0 -570
360 0 565
176 0 38
-361 0 388
-391 0 631
382 0 506
-91 0 -694
-264 0 869
217 0 -388
75 0 511
116 0 543
349 0 -649
498 0 -827
468 0 -297
-313 0 -955
-466 0 459
-32 0 -507
-17 0 -336
-328 0 515
477 0 -116
-156 0 200
52 0 -574
-111 0 233
-237 0 923
227 0 276
458 0 940
378 0 315
-287 0 -220
-39 0 380
-299 0 -79
203 0 -717
-7 0 745
-237 0 -155
-373 0 33
-450 0 -868
-211 0 -804
492 0 -799
366 0 173
-189 0 993
112 0 8
203 0 -223
-373 0 122
371 0 392
-145 0 122
276 0 -320
209 0 -925
-168 0 -503
267 0 -740
-89 0 599
-300 0 522
-227 0 -320
326 0 438
-152 0 681
142 0 -457
265 0 665
407 0 -152
-109 0 -609
238 0 439
80 0 -135
-234 0 343
-180 0 609
-455 0 -40
-119 0 -170
429 0 -603
124 0 988
-167 0 630
-291 0 -400
447 0 -43
40 0 -69
306 0 895
-51 0 40
61 0 969
-473 0 -530
11 0 -125
49 0 -111
-312 0 -402
-499 0 197
252 0 -157
430 0 -449
331 0 856
-485 0 100
-118 0 -194
-362 0 567
354 0 347
-264 0 411
367 0 239
-3 0 846
28 0 406
-475 0 46
381 0 226
52 0 -464
107 0 742
227 0 516
-492 0 904
-396 0 -66
-28 0 4
-483 0 365
-184 0 -192
-273 0 -925
-32 0 -100
347 0 -27
496 0 645
-90 0 -982
121 0 657
33 0 55
-62 0 -263
-211 0 -249
433 0 -562
491 0 -735
409 0 -518
-268 0 -216
379 0 -834
108 0 -661
-404 0 167
-474 0 495
-280 0 -554
-412 0 241
385 0 -12
132 0 -165
264 0 460
-32 0 -469
455 0 -993
402 0 -927
274 0 -944
-308 0 681
-411 0 852
388 0 32
-424 0 -491
239 0 -618
-84 0 16
-450 0 -841
-316 0 -679
463 0 104
-418 0 651
326 0 -207
-259 0 -49
148 0 -876
321 0 486
-98 0 -560
294 0 -875
481 0 -513
41 0 862
-382 0 -940
64 0 535
410 0 -760
385 0 52
438 0 -931
194 0 -407
-293 0 105
-343 0 -174
-444 0 247
-334 0 586
79 0 -831
144 0 -696
285 0 215
54 0 -769
-59 0 -663
-98 0 667
-203 0 -387
-359 0 -867
-282 0 -43
-35 0 54
215 0 -83
243 0 -769
-209 0 928
380 0 -382
434 0 561
-141 0 999
204 0 -508
-283 0 18
79 0 -150
-299 0 707
360 0 298
-320 0 164
-149 0 -174
-389 0 722
393 0 -243
138 0 -272
-323 0 -229
-421 0 -912
254 0 -599
69 0 -742
-392 0 513
-280 0 781
-232 0 -748
-479 0 -653
-295 0 596
-121 0 410
166 0 -587
-167 0 635
219 0 -463
-189 0 -430
260 0 189
447 0 -822
207 0 242
334 0 -363
-285 0 -632
192 0 -639
327 0 -298
-304 0 -845
-395 0 279
-217 0 881
-392 0 231
250 0 257
-314 0 -200
-458 0 692
443 0 -373
-320 0 499
100 0 -820
-495 0 750
420 0 -19
482 0 694
-303 0 822
-289 0 -444
389 0 673
-496 0 -674
-224 0 683
-331 0 -446
3 0 274
117 0 -813
-108 0 -459
443 0 -240
-495 0 994
-354 0 -55
401 0 506
319 0 276
364 0 955
459 0 -805
442 0 552
-403 0 -177
325 0 -177
328 0 -805
-481 0 -453
-161 0 894
346 0 787
124 0 786
242 0 -100
59 0 -418
-165 0 502
332 0 593
445 0 -890
370 0 469
393 0 -152
255 0 -937
119 0 -449
279 0 -754
319 0 843
463 0 518
-363 0 -236
460 0 -562
421 0 -696
481 0 545
-41 0 358
498 0 321
-425 0 -769
-221 0 15
141 0 -198
-370 0 259
65 0 -624
-385 0 254
400 0 591
-245 0 930
229 0 -336
131 0 465
-55 0 -787
284 0 60
173 0 -705
-230 0 -723
304 0 723
69 0 102
443 0 623
405 0 528
28 0 430
271 0 -764
114 0 -499
-340 0 -276
94 0 -296
473 0 -474
-376 0 447
-487 0 703
-332 0 88
-98 0 -721
-15 0 -121
248 0 16
77 0 248
-454 0 236
-242 0 593
324 0 482
44 0 -608
-199 0 -318
95 0 -199
-160 0 144
100 0 -547
100 0 137
-489 0 -7
267 0 -3
485 0 -615
-472 0 559
146 0 -182
399 0 398
-400 0 -802
105 0 868
266 0 -569
-422 0 932
493 0 -653
-165 0 -966
321 0 -845
-496 0 785
426 0 -440
197 0 -646
28 0 67
-349 0 -91
88 0 813
494 0 -188
474 0 647
387 0 301
-247 0 -855
177 0 -207
10 0 -121
307 0 64
296 0 -340
-105 0 49
-116 0 -29
460 0 98
305 0 -212
-328 0 -889
-278 0 970
-143 0 824
-281 0 34
-32 0 -584
-333 0 128
487 0 542
290 0 656
251 0 -53
51 0 -43
382 0 819
-95 0 603
260 0 -104
-230 0 947
-485 0 384
-184 0 483
-252 0 -550
413 0 -884
-124 0 276
-233 0 -1
-93 0 934
-192 0 -510
374 0 -468
-384 0 806
96 0 -384
326 0 890
-178 0 -305
290 0 -471
-375 0 -357
413 0 -166
-485 0 563
410 0 -466
-100 0 980
378 0 874
488 0 153
417 0 -205
128 0 122
64 0 538
-101 0 443
-130 0 -67
-344 0 -69
439 0 -503
-231 0 -524
-193 0 -483
-450 0 318
433 0 105
114 0 213
-330 0 -776
295 0 -867
485 0 -84
-425 0 759
-146 0 -769
-72 0 -319
-10 0 195
-411 0 919
270 0 522
-213 0 599
412 0 965
28 0 -328
-233 0 -951
-97 0 -760
354 0 852
-313 0 -204
185 0 -974
348 0 170
-401 0 859
-318 0 -855
24 0 -264
-214 0 -417
421 0 30
-294 0 972
-463 0 -60
290 0 224
-417 0 757
458 0 861
368 0 68
-433 0 931
-47 0 324
-485 0 -967
428 0 784
495 0 132
-52 0 -145
-462 0 591
180 0 -472
-63 0 377
304 0 877
314 0 -371
253 0 -855
-155 0 594
130 0 -168
-60 0 -749
214 0 562
-483 0 -610
452 0 -212
230 0 -771
289 0 559
116 0 678
-487 0 -931
-269 0 -855
369 0 -420
455 0 -721
227 0 -227
-310 0 386
-119 0 -642
-30 0 297
-49 0 719
-266 0 -418
-163 0 -165
-38 0 -27
-245 0 112
-239 0 -114
355 0 300
491 0 707
-223 0 -983
-389 0 425
-339 0 644
-446 0 66
305 0 327
155 0 -204
-61 0 592
-283 0 -419
273 0 -737
-41 0 -605
267 0 314
-162 0 591
-113 0 523
-441 0 30
-262 0 -132
-249 0 516
-374 0 517
-412 0 -833
46 0 653
81 0 -631
-84 0 762
179 0 501
227 0 -42
-483 0 -531
85 0 755
373 0 722
40 0 872
476 0 937
-337 0 484
86 0 -162
233 0 798
-376 0 -514
202 0 -567
-431 0 -445
289 0 525
51 0 302
174 0 780
420 0 760
-456 0 119
-348 0 569
-28 0 428
355 0 -563
222 0 683
-248 0 118
-228 0 481
-113 0 336
-79 0 279
128 0 183
157 0 336
-482 0 -9
-358 0 978
248 0 -491
-109 0 370
-418 0 -531
464 0 -277
-484 0 -337
-126 0 -194
-48 0 319
-270 0 -389
103 0 -773
191 0 69
-485 0 -518
-194 0 -631
-259 0 -19
-483 0 -897
332 0 4
43 0 -295
-367 0 -493
-328 0 457
192 0 -677
-384 0 -23
-223 0 -882
-365 0 -549
64 0 496
-163 0 -923
203 0 -118
242 0 -660
417 0 -983
103 0 659
2 0 792
243 0 -685
119 0 -532
414 0 458
-352 0 356
-152 0 428
-16 0 881
231 0 155
-169 0 -84
148 0 -352
281 0 705
466 0 -318
-401 0 847
21 0 -266
-487 0 -137
-351 0 -420
-499 0 -329
-24 0 229
427 0 683
-274 0 172
-117 0 231
-197 0 -111
-483 0 390
84 0 -209
-148 0 168
-193 0 -688
-68 0 -531
108 0 743
-320 0 140
463 0 457
-287 0 261
-269 0 196
323 0 245
52 0 354
-381 0 -426
-299 0 367
498 0 21
-298 0 157
15 0 -990
133 0 -799
31 0 -550
382 0 762
-491 0 -699
-423 0 -377
-461 0 782
496 0 897
-426 0 940
-456 0 -242
-149 0 -899
455 0 588
250 0 721
-395 0 -920
82 0 -648
-339 0 -150
292 0 743
214 0 -196
-421 0 -539
406 0 -406
78 0 695
330 0 2
-494 0 987
-445 0 39
74 0 -601
106 0 446
-438 0 -26
332 0 -964
-239 0 -641
230 0 -58
-333 0 178
132 0 898
-266 0 -489
-394 0 -927
-15 0 809
121 0 97
281 0 95
-363 0 650
-367 0 -238
-93 0 -496
-304 0 -441
-49 0 296
-338 0 138
-49 0 -332
198 0 169
-383 0 460
-125 0 -762
12 0 63
381 0 -446
-327 0 477
-273 0 882
29 0 -66
-255 0 -283
156 0 -174
419 0 555
-447 0 845
-210 0 528
250 0 -58
-177 0 114
-477 0 105
-496 0 -484
112 0 -875
53 0 935
-140 0 -405
398 0 144
359 0 -609
292 0 -890
477 0 789
282 0 -320
337 0 -791
406 0 34
-288 0 853
81 0 -755
233 0 -407
152 0 -88
-24 0 -389
197 0 123
-91 0 -414
-479 0 -474
328 0 -417
369 0 -349
188 0 598
-441 0 844
-200 0 936
271 0 -200
-480 0 -609
-219 0 453
-11 0 536
20 0 669
-261 0 -129
-161 0 -326
399 0 265
-444 0 -691
177 0 -152
-57 0 950
-244 0 914
-220 0 740
290 0 -665
101 0 -197
416 0 -519
344 0 47
468 0 -320
58 0 863
17 0 -692
-84 0 720
-354 0 -628
453 0 792
-39 0 -804
-321 0 -713
425 0 -686
-11 0 271
-373 0 -289
-490 0 -852
231 0 93
-431 0 387
-336 0 -967
498 0 -901
114 0 6
-320 0 193
-32 0 -805
-127 0 332
147 0 -5
-71 0 -507
301 0 3
-201 0 88
-105 0 703
-52 0 882
-402 0 425
-180 0 638
-128 0 184
409 0 -749
202 0 -860
-389 0 867
-481 0 -791
357 0 -628
461 0 515
346 0 -12
-180 0 57
-226 0 615
336 0 548
326 0 -422
251 0 -814
224 0 447
-440 0 -867
-321 0 -100
-225 0 -415
-480 0 763
-140 0 212
328 0 717
-281 0 -715
261 0 -670
101 0 451
52 0 -47
-223 0 -997
-351 0 976
-9 0 -325
223 0 837
269 0 17
498 0 958
-238 0 -151
486 0 847
473 0 330
94 0 193
-179 0 131
356 0 -793
27 0 319
-56 0 542
-179 0 -853
-357 0 885
223 0 822
-129 0 388
-189 0 868
375 0 904
-170 0 356
134 0 -958
-27 0 222
402 0 -383
349 0 -722
-273 0 148
-3 0 -966
-397 0 -462
177 0 -4
109 0 940
-468 0 840
-250 0 -723
72 0 369
176 0 -857
-259 0 452
-147 0 -225
436 0 -529
67 0 -987
460 0 -464
-92 0 -181
-294 0 769
190 0 541
87 0 730
-399 0 -930
147 0 98
194 0 -262
225 0 952
-360 0 382
380 0 194
154 0 -910
375 0 369
272 0 400
376 0 250
284 0 -420
299 0 718
-35 0 -869
-241 0 777
142 0 -8
367 0 -503
-474 0 330
-105 0 308
377 0 -179
-119 0 -943
360 0 329
58 0 737
-470 0 744
142 0 708
300 0 91
-366 0 394
-226 0 148
-119 0 -185
4 0 -287
-400 0 782
-109 0 569
-170 0 531
46 0 -843
-71 0 469
434 0 386
492 0 -657
47 0 -73
86 0 -946
169 0 -639
178 0 -264
474 0 -887
161 0 649
305 0 -705
-429 0 -917
133 0 553
422 0 224
-365 0 -85
125 0 -168
-322 0 267
-465 0 -290
493 0 368
134 0 -783
-446 0 989
-162 0 558
198 0 -962
-456 0 -343
-419 0 80
-352 0 364
437 0 -907
-176 0 -348
-19 0 -541
-492 0 229
367 0 -178
47 0 687
314 0 710
332 0 339
-392 0 774
-147 0 -690
229 0 -477
-209 0 339
146 0 585
-261 0 706
-255 0 -159
354 0 94
-133 0 -238
261 0 371
-472 0 -681
-418 0 -403
-299 0 -424
340 0 366
-107 0 -509
-359 0 622
197 0 -322
-11 0 457
154 0 558
379 0 361
-379 0 -679
-121 0 -799
-27 0 836
-446 0 835
-17 0 599
-463 0 755
-365 0 631
155 0 17
-495 0 -95
431 0 -444
283 0 235
-195 0 951
92 0 -814
336 0 -260
-139 0 -778
404 0 -901
-462 0 -440
97 0 -885
-318 0 669
34 0 -250
-450 0 -277
-333 0 -377
-467 0 588
-199 0 358
-321 0 -170
-106 0 -669
237 0 143
426 0 377
415 0 390
-329 0 361
-310 0 -761
-190 0 -284
189 0 -127
-150 0 229
-457 0 -885
239 0 -318
399 0 -596
-156 0 126
355 0 235
-422 0 418
29 0 -535
-77 0 882
-427 0 -856
