47
0
0
52
1
0
206
0
3
0
1
380
3
72
3
4
0
130
0
90
0
692
0
0
64
392
537
0
0
0
0
0
1
1
0
0
11
609
133
146
0
0
0
0
0
80
0
0
0
20
0
0
0
0
682
3
0
0
0
114
9
1
103
0
385
0
0
0
0
9
0
0
3
0
6
0
0
0
0
60
0
0
2
0
0
0
0
0
663
0
65
183
56
60
0
28
0
489
671
51
12
0
25
0
0
0
8
2
0
2
6
3
0
14
0
0
0
0
0
12
0
0
0
0
0
0
0
0
27
84
0
0
0
9
0
0
28
718
0
0
51
7
0
23
45
0
0
0
0
301
111
2
166
137
0
0
0
0
0
0
0
0
0
0
1
0
0
0
0
0
0
2
4
839
105
6
858
6
0
1
0
850
55
0
0
0
2
48
517
38
0
0
0
3
0
33
0
3
0
121
44
7
0
0
0
910
3
0
0
11
2
123
0
0
0
112
0
1
2
0
0
0
0
5
0
0
71
6
6
1
190
16
55
0
0
0
0
117
0
0
16
0
0
0
0
3
15
0
0
301
1
9
0
0
0
0
9
194
0
21
0
0
0
3
1
0
0
4
0
0
2
1
1
0
0
0
0
0
54
0
0
2
0
1
0
0
0
841
1
0
203
0
2
268
778
0
0
13
0
2
0
330
109
3
6
0
414
0
0
0
82
0
0
3
21
0
0
4
0
4
0
0
0
3
1
11
179
0
136
42
0
297
0
0
0
0
0
12
1
892
0
80
0
0
585
292
0
643
0
0
0
0
3
21
0
1
8
83
6
0
400
3
0
21
0
0
6
25
354
11
0
0
0
0
9
8
0
22
8
0
1
644
0
158
0
0
0
997
427
102
0
0
49
0
0
0
618
0
0
0
0
0
0
0
0
0
0
4
2
19
18
0
314
3
0
3
4
0
0
0
0
2
2
0
0
4
0
0
0
0
0
1
38
0
964
0
0
587
3
0
0
129
3
7
14
75
0
102
0
9
0
0
116
0
0
0
68
117
327
0
0
18
0
27
319
12
3
0
0
0
0
459
0
264
2
0
0
0
500
0
0
0
2
0
14
0
0
0
126
222
414
2
0
5
0
0
0
140
96
0
2
26
0
0
222
55
796
130
0
0
7
0
0
0
0
0
0
33
96
0
8
1
0
2
482
0
52
2
24
4
0
82
0
664
296
319
2
2
0
0
0
31
0
0
0
12
0
0
1
0
578
0
0
0
0
0
0
9
235
0
0
4
0
29
143
0
20
0
0
0
0
0
0
0
0
38
0
0
1
11
2
20
948
76
51
85
0
36
38
0
0
0
0
8
10
66
5
0
3
116
0
920
44
2
3
3
0
6
383
6
0
8
0
0
0
0
1
16
18
5
67
0
482
0
36
0
39
0
437
8
3
11
0
7
0
0
0
0
0
0
3
1
5
0
1
9
0
30
0
0
0
2
0
307
0
0
0
0
0
1
0
0
4
0
0
119
0
0
320
0
2
32
0
0
0
0
0
0
0
0
333
110
0
2
2
143
7
9
2
0
91
0
232
3
0
241
2
5
2
0
0
32
0
191
0
9
1
0
0
0
436
8
0
124
0
0
74
4
7
0
875
417
1
0
1
0
8
0
344
0
0
146
1
0
0
55
317
0
0
0
0
62
0
0
3
0
0
0
32
0
0
0
24
5
1
6
0
1
0
620
0
30
0
0
34
0
2
79
0
1
0
0
0
0
4
0
63
0
0
0
14
2
1
0
94
10
3
0
0
2
0
0
282
0
0
0
4
42
28
0
0
0
2
3
699
0
2
781
44
0
5
0
0
0
0
0
0
2
0
12
0
6
0
0
2
27
0
0
0
0
563
0
0
0
2
4
0
0
0
0
0
403
0
0
0
254
2
5
6
0
0
1
0
0
0
0
0
0
3
11
251
0
648
0
204
0
1
0
10
14
0
1
54
4
0
34
924
21
0
0
10
2
0
2
0
11
0
110
0
0
0
0
0
0
0
60
0
18
0
0
27
18
0
6
968
9
39
0
63
0
2
0
0
17
0
0
6
90
0
19
0
0
0
42
0
2
0
16
0
6
27
0
18
0
7
0
577
157
0
0
0
0
2
0
7
1
0
29
0
4
2
766
0
0
0
1
6
35
0
19
0
0
251
0
0
0
0
0
345
37
4
4
1
0
74
1
0
39
0
0
1
0
0
0
0
0
5
441
2
773
0
17
0
1
91
12
14
0
0
8
23
0
0
5
300
0
242
0
0
583
0
0
1
14
1
17
2
75
0
101
173
4
298
0
0
0
0
2
0
0
0
56
0
0
0
0
0
0
1
0
48
0
15
122
102
0
0
370
0
0
0
0
46
22
48
0
6
0
0
0
0
1
8
3
113
17
0
0
0
0
0
112
0
532
90
0
0
8
0
0
0
660
0
0
151
947
7
0
37
4
84
0
0
0
1
0
9
0
149
0
50
0
0
4
99
0
0
74
1
0
0
0
2
0
0
67
0
342
40
0
0
12
9
0
0
0
26
604
457
220
59
0
0
0
0
107
989
0
18
2
0
0
2
0
2
0
34
5
0
0
40
0
0
4
0
0
0
26
0
100
1
0
0
488
0
0
0
0
68
0
0
32
0
0
768
2
13
0
0
0
99
6
0
0
0
0
232
25
7
0
0
49
38
0
0
0
0
0
0
345
484
0
0
0
0
40
0
22
0
0
0
47
48
0
0
0
43
0
0
2
0
0
886
0
990
0
4
15
899
0
227
0
11
43
0
546
951
0
0
0
1
0
0
84
12
0
21
874
0
0
27
48
499
0
0
3
45
0
94
33
0
3
16
1
0
4
12
1
2
0
146
3
8
0
0
0
736
9
12
10
0
15
0
9
425
0
19
0
153
0
0
327
0
19
724
670
0
0
876
63
109
0
177
0
47
0
26
0
114
1
0
0
0
0
1
1
1
241
237
0
0
1
18
0
110
0
783
921
76
0
0
1
0
29
9
0
8
111
0
0
0
0
4
461
0
0
20
0
0
0
2
0
2
0
0
0
0
1
0
2
0
0
0
0
520
27
4
0
0
240
0
0
0
0
0
26
0
0
0
13
0
0
0
0
0
13
27
0
0
0
0
1
0
26
0
0
0
0
0
0
0
2
0
0
264
232
11
31
0
2
1
0
402
16
0
311
0
0
1
0
0
2
0
0
0
66
6
0
1
90
0
0
5
49
0
0
0
90
6
543
0
3
0
0
177
0
20
1
523
2
0
0
2
0
0
42
0
0
95
0
65
1
5
0
0
0
2
206
0
0
0
0
13
328
0
0
0
0
0
18
8
2
0
0
947
15
347
0
27
0
341
0
49
79
0
35
0
0
15
0
23
44
0
0
7
3
14
3
0
0
408
0
9
0
11
616
251
31
1
0
0
0
0
18
0
0
0
0
0
0
14
510
0
0
0
19
27
2
0
0
80
0
683
107
131
173
382
9
5
192
41
0
0
0
145
5
0
230
82
0
98
0
0
1
0
0
0
54
0
21
19
25
640
0
0
0
132
880
731
0
0
0
42
448
0
0
0
19
0
0
4
0
645
389
0
50
25
2
11
0
2
0
564
0
1
0
119
319
0
0
0
389
0
73
0
18
1
0
6
272
0
3
22
0
0
0
11
35
46
0
85
2
310
0
0
0
164
103
261
0
0
0
20
1
933
275
171
0
0
0
791
365
100
0
0
0
9
181
0
0
0
38
0
8
0
0
0
0
0
0
3
0
117
0
0
0
0
0
61
12
8
0
14
885
817
0
0
0
0
5
81
5
2
3
0
62
1
0
370
6
4
0
0
0
96
0
2
0
228
0
16
7
0
0
0
0
0
0
3
0
0
0
0
0
478
113
0
0
198
0
10
0
9
2
1
0
0
1
2
0
0
337
0
0
0
0
0
0
0
0
0
0
11
0
330
0
0
629
0
3
3
0
0
0
14
5
0
10
1
0
0
0
0
3
8
40
0
0
9
82
0
2
16
0
0
2
0
0
0
271
0
0
92
0
6
255
129
0
0
0
0
1
0
0
2
81
178
0
0
0
16
2
0
30
410
0
3
22
450
41
0
89
0
128
0
231
0
0
94
0
4
20
0
0
0
0
7
0
0
0
23
629
38
2
0
0
26
0
0
5
0
155
0
186
14
5
0
706
0
296
3
8
13
0
0
2
0
0
0
0
0
1
0
0
4
1
7
177
0
658
2
0
0
3
0
0
45
1
0
3
0
0
0
0
1
6
0
0
59
0
268
591
203
566
13
0
0
160
18
0
0
186
0
0
0
41
973
49
0
28
0
0
0
0
0
25
51
0
0
0
0
6
233
10
1
0
136
51
3
198
2
82
16
0
0
2
0
0
0
3
174
0
0
2
17
0
4
0
87
9
4
2
0
0
8
0
91
0
0
0
0
0
1
684
769
442
0
0
30
152
48
3
980
0
36
379
0
0
11
0
3
187
0
2
136
9
0
500
2
5
11
472
253
0
3
6
0
3
31
10
0
0
0
0
0
0
0
0
0
462
0
0
0
0
0
5
0
21
0
823
0
36
0
137
0
0
0
0
113
0
86
141
2
0
0
0
0
0
0
0
0
176
6
0
432
703
0
0
0
55
0
1
7
10
0
8
47
939
0
0
0
134
0
0
0
0
133
2
0
0
0
1
0
1
0
0
0
0
464
5
0
217
29
2
122
0
0
0
385
5
0
0
0
0
51
948
5
0
183
0
29
0
0
9
0
2
0
126
424
0
0
0
455
19
8
937
0
2
364
34
0
7
2
0
121
1
0
0
5
0
94
0
0
0
26
0
923
0
0
857
0
51
0
171
196
0
92
0
329
326
12
0
0
63
0
34
0
139
15
15
0
313
2
0
7
82
0
46
423
1
518
0
98
0
0
77
0
3
49
0
0
501
0
10
0
971
0
0
91
0
80
0
0
0
0
10
0
79
422
1
1
0
2
41
3
0
7
38
0
86
5
66
53
8
0
1
8
0
86
8
25
6
2
26
0
0
283
0
0
1
0
0
0
1
0
0
0
115
140
0
2
48
4
70
68
0
0
11
410
92
0
0
0
72
0
79
23
18
513
0
288
0
0
0
7
0
1
0
0
9
101
592
350
5
0
0
24
282
0
269
0
39
16
0
562
20
50
7
16
148
0
63
0
99
0
0
4
0
550
200
0
214
0
0
0
1
2
0
0
1
150
226
0
0
1
0
47
0
52
0
0
0
0
0
830
43
0
0
1
929
0
26
5
0
0
114
0
3
17
1
0
9
0
0
0
11
51
0
0
85
0
0
103
0
0
0
0
0
22
14
3
18
0
0
0
0
0
2
0
2
0
25
0
0
0
0
0
0
0
0
0
0
895
0
0
2
0
7
15
0
0
0
0
14
0
1
700
233
0
0
0
0
0
0
1
0
0
7
325
2
29
0
0
0
0
0
0
0
0
0
118
197
0
0
111
0
454
0
0
0
0
0
2
0
0
0
0
447
222
38
224
980
0
4
1
2
1
0
0
7
0
2
2
1
59
17
0
51
2
0
0
10
16
41
476
732
62
0
4
0
0
2
454
36
0
0
0
28
4
0
4
4
0
2
0
0
0
0
0
739
1
1
0
999
3
47
56
13
0
0
54
86
0
120
0
0
0
9
251
0
10
0
403
154
311
6
43
7
0
59
37
80
8
0
6
223
0
242
0
94
0
264
535
0
16
4
0
0
0
0
0
10
0
0
42
0
0
0
22
0
7
0
398
1
7
0
0
12
27
0
3
2
1
0
0
155
16
1
0
124
0
1
1
27
37
34
0
210
59
0
1
0
0
446
0
4
118
0
0
0
6
0
632
0
0
434
0
5
0
13
0
14
0
1
0
0
0
0
21
43
0
0
9
0
0
129
89
0
0
140
11
0
0
95
0
0
0
2
103
34
0
0
3
22
7
0
0
0
0
0
0
0
0
4
0
0
29
0
0
124
0
21
6
3
0
0
1
0
2
0
0
0
53
0
0
1
0
1
13
42
37
3
0
0
10
0
4
0
0
6
0
423
0
0
0
0
0
0
133
12
0
33
0
42
0
169
0
0
0
29
0
0
0
0
0
5
0
160
11
0
0
0
0
13
0
48
148
0
13
2
0
0
0
879
0
0
0
0
0
76
107
3
0
0
0
5
25
149
34
0
106
0
0
0
0
48
0
8
0
13
87
3
0
0
248
0
20
0
0
0
0
0
21
0
0
0
0
0
30
0
46
0
12
179
0
31
6
0
0
106
0
0
1
1
0
0
0
0
0
0
245
0
117
0
30
12
2
0
0
36
11
89
0
14
0
0
224
15
72
0
2
0
0
70
0
0
3
2
107
3
0
148
8
0
5
13
1
83
9
33
0
0
0
0
32
5
6
56
29
0
2
25
121
0
0
0
0
0
3
1
0
119
0
7
0
0
0
0
141
0
0
617
1
0
0
0
15
3
2
0
15
0
0
3
0
76
0
0
14
79
1
0
0
0
0
9
71
7
0
94
0
0
606
13
14
0
0
0
0
0
0
0
0
0
0
9
0
4
0
0
1
0
0
0
46
0
11
0
432
8
5
2
103
115
451
0
1
0
3
0
14
0
11
0
27
302
0
58
5
0
125
757
0
69
190
0
0
0
0
2
964
25
0
1
197
13
0
6
0
0
0
64
0
0
0
489
240
0
0
0
22
0
0
4
0
21
0
0
305
0
56
0
0
0
1
6
210
0
0
1
18
0
0
0
1
7
208
0
0
0
0
42
0
20
0
0
0
0
0
0
0
0
17
1
0
2
0
26
202
4
0
0
0
0
0
0
0
253
0
0
0
0
105
146
111
7
358
0
1
4
2
93
58
3
13
1
0
0
1
0
0
340
56
137
0
0
0
0
70
0
186
961
6
0
991
463
433
24
8
0
492
0
221
0
31
0
0
1
0
13
192
0
1
944
29
0
0
0
134
228
0
0
0
0
0
8
0
0
0
42
0
13
336
3
0
0
18
0
0
196
1
188
1
0
0
1
0
27
0
0
0
0
0
0
0
41
273
0
0
0
8
1
0
0
0
17
0
953
0
601
0
0
0
247
2
2
161
0
58
4
21
0
0
0
1
2
0
0
0
2
69
0
0
0
0
0
0
28
40
0
0
0
9
1
928
0
2
0
7
0
9
0
116
0
0
0
20
4
0
0
1
0
14
16
0
965
0
45
6
0
0
277
0
4
9
0
24
0
95
0
0
0
0
7
82
81
24
0
12
4
0
47
0
7
637
0
0
5
47
0
0
0
0
0
9
0
0
0
110
0
671
0
0
141
34
8
20
1
0
0
0
0
182
0
19
21
0
227
0
182
478
0
0
0
0
0
0
0
1
223
9
178
39
442
3
0
0
18
0
0
0
26
152
0
0
0
0
0
294
0
0
12
0
0
0
0
0
0
0
526
0
160
17
0
0
0
0
0
0
25
5
787
35
11
792
3
39
9
0
0
0
0
118
0
0
1
916
0
27
304
0
95
0
0
979
50
62
8
16
4
69
0
88
0
236
0
0
626
0
0
86
557
67
39
78
49
480
1
563
0
0
2
0
17
1
0
0
0
136
0
32
28
0
0
0
11
203
0
82
0
2
308
0
0
329
0
0
0
0
0
846
73
0
0
6
3
0
0
0
0
239
24
2
0
0
0
0
12
14
0
0
67
0
2
0
0
0
51
0
0
0
33
0
726
0
1
111
0
246
0
0
0
0
5
0
0
0
0
0
49
324
3
115
463
10
1
0
0
3
0
0
0
53
1
0
0
5
0
1
0
0
0
22
0
237
115
0
0
36
334
62
0
0
0
0
182
0
111
590
8
3
0
149
91
2
5
0
21
0
0
473
0
5
240
0
0
0
0
16
0
0
0
3
566
0
7
0
0
0
0
1
0
0
44
0
0
0
0
2
0
0
0
0
11
0
0
20
0
4
0
0
0
87
0
1
0
178
3
0
88
0
217
0
911
386
3
810
0
45
0
5
0
0
2
1
0
3
71
0
443
64
5
367
3
0
10
0
173
0
0
0
6
0
0
3
0
0
0
0
0
121
0
0
0
0
146
6
141
1
92
66
814
77
0
0
2
0
88
0
32
6
3
104
0
0
0
19
0
0
0
0
175
0
0
647
16
0
131
28
0
971
0
83
0
0
58
4
2
0
1
23
0
0
0
41
0
1
55
9
0
316
1
2
2
0
274
0
5
758
16
0
91
0
0
3
52
1
0
0
295
0
18
3
0
64
0
0
2
0
0
77
18
0
11
0
34
0
0
0
141
0
2
0
160
0
70
31
0
0
66
112
246
71
0
0
480
0
2
215
2
0
0
399
6
46
85
0
0
37
0
0
754
0
0
0
0
139
0
0
0
0
61
0
0
579
225
281
36
0
24
157
0
3
5
0
0
0
0
0
0
0
0
0
853
499
159
0
6
2
2
11
10
927
9
10
0
2
189
16
1
0
2
0
0
0
0
0
0
4
0
7
0
496
0
0
3
0
0
5
0
11
99
484
0
0
5
0
0
226
38
94
0
0
1
0
0
5
2
0
0
17
0
40
0
42
5
83
0
0
0
0
0
912
23
4
93
82
0
0
0
0
232
5
116
0
3
447
0
0
44
0
0
0
0
25
0
0
81
0
0
2
23
0
540
0
10
2
22
0
92
69
0
10
1
268
0
33
0
0
0
0
0
0
145
0
0
60
0
0
11
3
22
762
19
0
120
0
0
0
0
0
9
0
0
0
0
0
0
0
0
27
3
0
0
0
306
207
0
122
4
2
50
7
0
0
0
0
0
175
0
300
3
0
8
0
20
42
48
1
37
0
1
312
0
0
0
0
65
34
0
2
21
2
0
1
5
327
0
124
166
24
465
68
0
0
127
0
220
0
0
0
50
0
0
560
0
24
157
0
1
0
301
0
0
0
3
0
0
2
0
0
0
2
2
195
44
0
0
18
0
0
17
0
24
0
0
8
0
66
4
0
479
199
0
55
4
0
894
0
0
0
8
0
15
3
0
393
0
1
0
0
70
0
0
0
0
21
0
0
1
0
4
0
0
479
73
0
0
0
20
0
2
0
13
223
577
4
4
0
0
0
446
5
0
0
0
233
12
928
0
0
0
0
13
748
26
798
0
1
0
46
0
504
461
0
0
119
3
0
53
0
0
5
0
5
0
0
0
131
0
217
0
107
133
1
0
430
9
0
627
2
0
21
362
0
9
0
0
0
0
0
0
177
0
212
0
0
0
13
6
0
0
258
940
1
0
0
1
687
1
53
0
0
0
0
196
0
0
42
0
0
23
0
0
0
930
0
0
0
31
0
195
143
0
0
0
76
0
0
0
0
0
5
0
0
0
0
37
633
0
6
0
135
12
236
304
8
0
11
2
1
0
0
0
630
0
0
3
22
73
153
86
0
975
0
151
2
0
416
0
1
0
5
4
0
914
329
0
13
0
161
0
138
0
1
31
5
16
21
0
0
110
186
0
1
3
0
0
120
0
0
0
138
0
0
115
2
0
0
0
0
101
0
13
0
0
3
8
78
11
2
58
963
284
690
14
291
158
0
419
66
5
0
0
30
0
0
0
32
28
32
2
0
0
0
249
446
3
0
13
12
22
1
3
0
8
41
2
0
0
5
458
0
0
142
11
50
0
0
0
0
13
0
0
3
0
12
0
100
462
0
2
0
139
969
32
7
0
0
0
4
26
0
0
194
0
1
0
655
17
0
34
7
10
852
0
0
116
0
4
0
0
0
0
142
26
412
110
735
0
17
0
0
0
14
0
22
156
0
9
109
0
45
0
0
0
409
0
8
0
14
0
356
0
2
17
87
4
0
6
0
0
78
789
0
36
34
49
0
336
0
0
0
99
74
65
4
72
0
24
247
0
0
0
0
0
290
27
0
6
52
51
127
0
0
0
0
0
0
0
277
55
0
5
14
3
42
1
0
0
0
0
27
0
15
0
87
0
0
888
0
309
0
2
33
0
0
0
0
17
98
0
0
1
0
0
3
0
0
0
0
2
0
0
923
0
0
0
0
125
0
0
0
101
11
42
1
833
668
0
0
0
28
14
25
1
99
698
16
0
0
0
590
0
96
30
920
1
689
2
66
0
19
0
160
0
0
12
0
0
0
452
0
249
0
0
0
0
0
94
0
12
0
0
0
728
0
0
0
338
4
0
0
16
0
169
0
5
25
0
0
2
0
151
71
84
844
12
0
0
106
0
0
41
0
0
439
0
0
0
2
123
0
11
2
48
0
15
0
0
215
66
49
1
324
0
4
0
0
0
0
8
133
0
0
0
7
0
0
0
0
2
0
0
4
222
932
6
16
66
0
9
0
0
54
247
0
0
0
10
79
24
2
448
83
0
101
625
0
0
2
0
13
0
593
32
296
93
0
5
0
31
2
0
26
3
0
10
1
0
0
23
893
31
0
0
0
28
0
0
0
8
2
9
0
0
0
0
80
0
0
0
0
0
0
0
0
0
1
2
0
0
0
0
550
0
0
0
14
196
0
0
574
103
0
9
1
0
17
0
14
41
0
18
20
58
0
0
0
0
150
1
44
4
0
0
886
0
86
10
60
133
0
0
0
2
91
0
0
0
0
0
0
483
0
0
0
0
0
3
0
6
0
7
0
45
4
0
0
0
0
0
2
0
639
0
0
0
0
0
54
11
82
0
131
50
3
0
0
0
108
0
0
29
1
3
0
150
428
46
940
0
116
87
0
0
0
505
23
0
2
21
0
0
0
19
0
31
0
0
0
483
0
14
0
0
0
0
6
0
240
12
0
1
0
0
21
0
41
0
230
3
4
775
8
2
10
2
0
0
198
270
0
0
5
0
0
0
0
314
0
1
61
0
97
0
236
20
545
602
6
96
572
0
0
47
0
123
3
88
0
91
3
0
4
892
0
0
0
12
0
0
257
80
0
0
0
0
680
1
64
2
1
76
445
0
0
21
1
1
0
0
0
0
2
1
22
0
72
0
0
444
0
5
8
94
0
35
0
125
4
14
0
959
200
0
0
119
0
34
1
0
36
249
50
176
0
459
0
219
77
0
0
0
101
84
28
90
1
101
0
0
0
9
92
2
22
11
0
9
0
8
23
0
7
0
13
0
0
0
0
0
21
6
311
0
27
0
0
0
0
0
0
5
0
182
159
8
147
0
0
0
0
0
2
0
0
0
3
0
0
0
39
0
0
0
0
0
69
0
2
599
239
1
0
0
0
117
0
6
