5000 1000
12 -564 0
158 632 0
7 658 0
-16 832 0
487 -487 0
430 430 0
-2 412 0
-59 -472 0
284 -852 0
-455 -910 0
-29 29 0
-2 760 0
81 -243 0
5 -360 0
-145 435 0
247 -988 0
-61 -244 0
4 -520 0
-9 -927 0
10 -900 0
-307 0 0
-1 692 0
1 787 0
42 378 0
11 -704 0
-1 392 0
1 -537 0
3 567 0
-86 -860 0
192 768 0
1 774 0
-70 -980 0
-422 422 0
275 -275 0
29 348 0
-13 -325 0
-29 319 0
1 -609 0
4 -532 0
-2 292 0
92 92 0
-1 -496 0
78 780 0
8 768 0
-42 0 0
7 -560 0
1 542 0
1 726 0
-1 -847 0
10 -200 0
-21 -903 0
198 990 0
71 994 0
141 987 0
1 -682 0
-7 21 0
289 0 0
-208 -416 0
-156 -312 0
1 -114 0
95 -855 0
181 -181 0
3 -309 0
9 252 0
1 -385 0
-101 -707 0
-25 -875 0
-391 0 0
-1 -807 0
-105 945 0
94 470 0
-7 -35 0
-163 489 0
2 932 0
101 -606 0
-9 -450 0
-245 -490 0
61 610 0
-2 -480 0
-16 960 0
-1 -779 0
-7 -973 0
-64 128 0
98 490 0
65 845 0
2 488 0
7 175 0
-19 -114 0
1 -663 0
1 933 0
-6 390 0
1 -183 0
-10 560 0
9 -540 0
-14 0 0
-7 196 0
-22 -440 0
-2 978 0
1 -671 0
-11 561 0
77 -924 0
-244 0 0
-17 425 0
79 474 0
-38 0 0
-311 -311 0
-17 136 0
118 -236 0
-12 -336 0
-186 372 0
102 -612 0
-221 663 0
301 0 0
24 -336 0
4 720 0
45 270 0
174 870 0
-494 0 0
-37 -666 0
60 -720 0
-29 -435 0
167 835 0
13 520 0
-181 -905 0
-82 -246 0
-69 -828 0
3 234 0
127 254 0
-2 54 0
-6 504 0
-23 -276 0
-1 -788 0
2 894 0
-7 63 0
-9 -585 0
-2 -638 0
-3 84 0
-1 718 0
-115 -460 0
13 299 0
-17 867 0
-38 266 0
-318 -954 0
30 -690 0
22 -990 0
13 676 0
9 99 0
-264 -792 0
-4 -200 0
3 -903 0
-7 777 0
-328 656 0
6 -996 0
5 -685 0
-9 -360 0
-4 -960 0
75 600 0
-2 -12 0
-14 -238 0
-1 -965 0
6 132 0
3 699 0
1 799 0
1 432 0
-352 352 0
13 494 0
-5 -115 0
-7 -343 0
28 952 0
418 0 0
185 555 0
260 -520 0
-138 552 0
-1 839 0
-1 105 0
-39 234 0
1 -858 0
-46 276 0
498 498 0
-239 239 0
26 104 0
1 -850 0
6 -330 0
-194 -970 0
12 168 0
3 888 0
216 -432 0
16 -768 0
1 -517 0
-13 494 0
-44 -792 0
-435 -435 0
-1 -811 0
128 -384 0
-131 -393 0
18 -594 0
310 620 0
-305 915 0
25 225 0
-8 968 0
-15 660 0
46 -322 0
-37 -111 0
-160 0 0
-71 -710 0
1 -910 0
-131 393 0
47 470 0
-1 -228 0
52 -572 0
-395 790 0
2 -246 0
-33 -825 0
-5 -565 0
-17 -595 0
-1 112 0
47 611 0
327 -327 0
206 -412 0
-6 -774 0
83 747 0
1 652 0
-12 -276 0
-134 670 0
-21 0 0
1 742 0
-12 852 0
-115 690 0
-42 252 0
334 -334 0
5 -950 0
13 -208 0
4 -220 0
-9 -225 0
-2 -478 0
-36 -828 0
-1 -601 0
1 -117 0
-2 -354 0
-337 -674 0
17 -272 0
125 500 0
1 162 0
31 372 0
-8 -752 0
-73 219 0
61 -915 0
1 849 0
-6 -714 0
-1 301 0
134 -134 0
4 -36 0
5 915 0
160 0 0
14 28 0
1 161 0
36 -324 0
-4 776 0
-10 -290 0
-3 63 0
-5 -725 0
-1 -524 0
-1 -599 0
-226 678 0
148 -148 0
-1 -312 0
-12 -576 0
-11 44 0
-21 -189 0
35 210 0
485 -970 0
-156 156 0
-262 262 0
27 81 0
-49 -441 0
51 459 0
3 198 0
-1 -724 0
11 -594 0
2 478 0
-31 -713 0
231 -462 0
-185 -185 0
-5 5 0
-139 -834 0
16 64 0
-4 -168 0
-1 841 0
-102 102 0
-255 -510 0
-2 406 0
-9 -378 0
-364 728 0
3 -804 0
-1 778 0
-1 -100 0
-1 -363 0
10 -130 0
2 748 0
-201 402 0
41 164 0
-2 660 0
1 -109 0
20 -60 0
151 -906 0
82 0 0
2 -828 0
-89 -445 0
4 360 0
-3 -900 0
12 -984 0
1 439 0
166 0 0
307 -921 0
-33 693 0
253 506 0
24 456 0
186 -744 0
-17 -238 0
-136 544 0
-219 -438 0
-1 -798 0
-1 -327 0
87 -261 0
-14 14 0
-10 110 0
-1 179 0
197 591 0
-4 544 0
-1 42 0
27 621 0
2 -594 0
-360 -720 0
-7 -896 0
-23 -46 0
15 285 0
-1 -580 0
-34 408 0
-247 247 0
-1 892 0
-4 -232 0
9 -720 0
89 534 0
-33 -891 0
-1 585 0
2 -584 0
-5 -615 0
1 -643 0
-2 -282 0
-30 -90 0
86 86 0
97 0 0
14 -42 0
27 -567 0
4 244 0
438 -438 0
39 -312 0
5 -415 0
-12 72 0
-3 -564 0
1 -400 0
-197 591 0
-336 -336 0
-7 147 0
-455 -455 0
490 0 0
-74 444 0
27 -675 0
-1 354 0
-1 11 0
-258 -774 0
113 226 0
-62 -558 0
25 875 0
50 -450 0
81 -648 0
1 225 0
-14 308 0
-67 536 0
24 120 0
325 -325 0
1 -644 0
214 214 0
-3 474 0
-22 -792 0
-1 -934 0
-205 0 0
-1 997 0
2 -854 0
9 -918 0
10 390 0
-2 -514 0
-7 343 0
321 963 0
6 324 0
7 448 0
1 -618 0
-248 -496 0
30 690 0
-1 -714 0
2 270 0
4 248 0
1 622 0
-1 -939 0
172 860 0
268 804 0
-172 -172 0
163 -652 0
480 -960 0
10 -190 0
46 -828 0
-13 -572 0
2 -628 0
-176 528 0
-30 -990 0
-77 231 0
238 -952 0
-36 -468 0
-50 -450 0
270 810 0
-182 -728 0
-235 470 0
-133 266 0
-10 -540 0
33 297 0
-231 924 0
183 183 0
7 861 0
101 606 0
-1 -874 0
2 166 0
-245 245 0
-10 380 0
347 0 0
-1 964 0
7 154 0
-23 -414 0
-1 587 0
47 -141 0
263 0 0
-4 -80 0
7 -903 0
-321 963 0
43 -301 0
-20 280 0
-4 300 0
-348 -348 0
5 -510 0
-462 -924 0
-41 369 0
1 493 0
-98 -882 0
-6 696 0
-1 -812 0
-1 -406 0
25 750 0
-11 748 0
7 -819 0
1 -327 0
-327 -654 0
6 168 0
39 -702 0
34 136 0
-32 864 0
-1 319 0
47 -564 0
-298 894 0
421 421 0
-5 -800 0
31 589 0
43 516 0
-1 459 0
5 430 0
3 -792 0
-386 772 0
17 748 0
-3 -123 0
-88 0 0
-2 1000 0
-12 -912 0
41 779 0
23 805 0
135 -270 0
1 357 0
-58 812 0
1 760 0
9 225 0
153 765 0
-3 378 0
-2 444 0
1 -414 0
-471 942 0
2 762 0
51 -255 0
-1 -557 0
-86 -688 0
-115 -575 0
7 -980 0
-6 576 0
1 796 0
422 -844 0
-12 312 0
-10 -750 0
430 0 0
2 -444 0
-10 550 0
1 -796 0
7 -910 0
325 325 0
-1 -187 0
-27 189 0
14 672 0
-97 -582 0
72 936 0
180 720 0
-2 -970 0
1 221 0
21 -693 0
6 -576 0
37 703 0
-28 224 0
195 -195 0
4 824 0
-55 110 0
1 -482 0
-32 -96 0
2 -104 0
-278 556 0
2 -48 0
217 -868 0
-8 -208 0
6 -492 0
-1 -529 0
1 -664 0
-1 296 0
-3 957 0
326 -652 0
-202 404 0
1 417 0
-91 -273 0
1 518 0
-21 651 0
251 0 0
2 736 0
-9 -693 0
57 -684 0
313 0 0
1 968 0
-10 10 0
348 0 0
-1 578 0
-20 -860 0
-25 -300 0
-5 -375 0
-12 -288 0
-1 -103 0
1 103 0
-24 216 0
4 -940 0
-3 -516 0
-7 -560 0
116 -464 0
-5 -560 0
8 -232 0
-4 572 0
11 66 0
32 -640 0
30 210 0
-191 -764 0
-1 -885 0
-92 -460 0
-9 -27 0
4 988 0
-5 -890 0
-1 -879 0
-11 418 0
-322 -644 0
-20 -760 0
132 -132 0
36 -396 0
-80 160 0
-44 880 0
-1 948 0
5 -380 0
7 -357 0
11 -935 0
1 800 0
5 -180 0
17 -646 0
6 18 0
17 782 0
2 344 0
-11 -968 0
-123 984 0
-49 490 0
1 -66 0
-189 945 0
-3 -144 0
208 -624 0
6 -696 0
-2 -56 0
1 -920 0
14 -616 0
131 -262 0
49 -147 0
12 -36 0
2 744 0
8 -48 0
-2 766 0
122 -732 0
-18 -432 0
48 -384 0
-15 -855 0
3 930 0
-3 -951 0
-297 -891 0
291 -291 0
-30 480 0
-11 198 0
47 -235 0
-10 670 0
32 768 0
-2 964 0
-246 -492 0
-25 900 0
483 0 0
20 -780 0
23 506 0
-1 437 0
99 -792 0
-300 900 0
-50 550 0
2 836 0
-91 637 0
298 596 0
2 540 0
44 792 0
432 864 0
344 0 0
-2 -430 0
181 -543 0
135 -135 0
-123 615 0
-5 -260 0
152 -152 0
-52 468 0
-82 -738 0
29 -870 0
-24 -48 0
25 250 0
-1 -201 0
230 -460 0
-4 -108 0
-2 614 0
29 580 0
-233 -699 0
10 770 0
226 452 0
-187 -187 0
373 -373 0
69 0 0
43 645 0
-157 628 0
1 122 0
-247 0 0
3 -357 0
-47 -658 0
-15 -15 0
-2 640 0
30 660 0
-360 720 0
-14 448 0
386 386 0
3 882 0
303 303 0
2 826 0
8 16 0
-3 -831 0
-3 -474 0
218 436 0
-1 333 0
4 -440 0
-71 -497 0
-130 260 0
103 -206 0
-6 858 0
116 -812 0
42 -378 0
449 -898 0
-322 0 0
-6 546 0
52 104 0
-1 232 0
68 -204 0
13 91 0
1 -241 0
49 -98 0
34 -170 0
273 -546 0
-109 -981 0
11 517 0
-21 672 0
124 620 0
-3 573 0
27 756 0
-85 765 0
-201 201 0
-34 -714 0
-27 -189 0
-7 -686 0
1 -436 0
105 -840 0
-70 -490 0
2 -248 0
-1 -819 0
8 192 0
2 -148 0
-126 504 0
-9 63 0
-6 -486 0
-1 875 0
2 -834 0
186 -186 0
-1 -859 0
349 -349 0
-17 -646 0
-86 688 0
4 784 0
2 -688 0
-1 -738 0
-14 -210 0
2 -292 0
-301 301 0
-36 -540 0
4 596 0
9 -495 0
-2 634 0
-1 -78 0
304 608 0
-4 -348 0
-28 -644 0
10 -620 0
12 132 0
290 580 0
148 -444 0
-23 -644 0
-494 -494 0
-201 -804 0
24 -768 0
-1 -511 0
3 966 0
-1 -888 0
10 -240 0
-14 70 0
217 -217 0
-25 150 0
-7 -273 0
409 -409 0
19 722 0
1 -620 0
-8 -200 0
-8 240 0
-286 -858 0
-1 -654 0
29 -986 0
-5 -530 0
173 -346 0
8 -632 0
24 648 0
-318 318 0
24 432 0
177 354 0
-3 -294 0
-11 -462 0
197 -788 0
2 300 0
3 -189 0
-36 -864 0
-2 -832 0
-452 0 0
-52 728 0
-439 878 0
162 -162 0
-1 -947 0
-2 188 0
42 -420 0
-315 945 0
-2 -240 0
5 655 0
-327 654 0
495 0 0
-4 -64 0
1 -282 0
58 986 0
-1 -179 0
-136 -408 0
-56 224 0
-11 462 0
-20 560 0
-13 -195 0
458 458 0
-46 -966 0
151 -302 0
16 -48 0
1 -699 0
97 97 0
296 -592 0
-1 781 0
-2 88 0
101 404 0
-45 225 0
1 312 0
1 881 0
1 78 0
26 468 0
5 475 0
-1 -261 0
-102 204 0
-381 0 0
23 -276 0
-141 -705 0
-165 990 0
4 308 0
-10 -110 0
271 -542 0
13 -351 0
-1 -437 0
-1 -392 0
218 218 0
-5 -415 0
1 -563 0
113 339 0
1 534 0
4 96 0
219 -438 0
12 -48 0
-8 -952 0
1 608 0
-285 0 0
268 536 0
-3 -441 0
-2 806 0
107 0 0
450 450 0
75 825 0
-1 254 0
181 -362 0
-57 285 0
-26 156 0
4 72 0
-3 -990 0
100 -100 0
-65 -520 0
19 893 0
-1 -543 0
-12 -312 0
-16 -288 0
3 237 0
178 -534 0
79 -869 0
2 -502 0
1 189 0
1 -648 0
-1 -854 0
2 -408 0
-207 -621 0
72 -72 0
-15 -315 0
-10 100 0
48 -672 0
-1 -172 0
-72 72 0
-2 108 0
-103 412 0
32 128 0
-16 544 0
-1 924 0
36 -756 0
-37 -888 0
-1 -484 0
-12 120 0
-167 334 0
-4 -708 0
268 -536 0
279 0 0
-33 363 0
497 497 0
-3 330 0
225 675 0
-10 -860 0
122 976 0
1 559 0
-14 -350 0
-135 -135 0
51 561 0
-12 720 0
1 75 0
7 -126 0
92 460 0
-1 -335 0
-27 729 0
18 -324 0
-8 -440 0
88 -528 0
-1 968 0
-20 180 0
22 -858 0
155 930 0
10 -630 0
-15 -675 0
-440 880 0
357 714 0
24 24 0
25 -425 0
426 426 0
-223 -669 0
50 -300 0
-3 270 0
206 412 0
-22 418 0
-7 -770 0
-38 -380 0
5 480 0
7 -294 0
84 504 0
495 -990 0
-3 -591 0
-62 992 0
31 403 0
44 -264 0
21 -567 0
-15 -960 0
49 -882 0
6 984 0
-7 49 0
-40 -640 0
-1 577 0
4 -628 0
-22 -132 0
-2 -390 0
1 52 0
-70 -140 0
-10 20 0
34 476 0
48 -336 0
-244 244 0
-1 -665 0
4 -116 0
-6 -720 0
-168 672 0
115 -230 0
-1 766 0
49 882 0
-148 0 0
5 755 0
-27 27 0
-18 108 0
16 -560 0
427 0 0
5 -95 0
10 90 0
-53 -636 0
-3 753 0
1 89 0
30 270 0
-1 -540 0
59 590 0
3 852 0
2 -690 0
26 -962 0
-51 204 0
126 -504 0
17 -17 0
66 792 0
6 -444 0
433 -433 0
29 957 0
-13 507 0
-1 -723 0
-120 -480 0
-225 225 0
-3 -180 0
7 791 0
245 980 0
-6 -276 0
-219 -219 0
-17 85 0
1 -441 0
66 -132 0
1 -773 0
4 200 0
-54 918 0
4 396 0
378 -378 0
-1 91 0
20 -240 0
-11 154 0
-6 -156 0
201 603 0
82 -656 0
-31 713 0
-9 -873 0
-17 -119 0
-85 425 0
3 -900 0
-8 -240 0
-2 484 0
-8 -928 0
470 940 0
-1 583 0
72 360 0
-1 -407 0
-113 113 0
55 -770 0
287 -287 0
-20 340 0
461 -922 0
-7 525 0
1 834 0
7 -707 0
-4 692 0
-112 448 0
-1 298 0
-28 -280 0
74 592 0
192 960 0
-1 -230 0
-276 552 0
140 420 0
167 334 0
445 890 0
-11 616 0
235 0 0
-4 -452 0
31 31 0
-29 -174 0
-26 -234 0
368 736 0
-261 261 0
-1 -962 0
-16 768 0
-7 -833 0
6 -90 0
-7 854 0
-1 102 0
17 510 0
-118 -354 0
-1 370 0
50 650 0
50 750 0
-4 -612 0
-6 -900 0
12 -552 0
-22 484 0
7 -336 0
316 632 0
90 -540 0
183 366 0
13 78 0
-377 0 0
-1 -81 0
-163 163 0
-31 248 0
-225 675 0
5 -565 0
15 -255 0
11 176 0
-18 -198 0
-119 -952 0
-85 -85 0
33 990 0
-5 560 0
1 207 0
1 -532 0
8 -720 0
-96 -288 0
-2 -298 0
-59 472 0
-2 -336 0
46 598 0
132 132 0
1 -660 0
3 15 0
-427 -854 0
-6 906 0
1 -947 0
68 -476 0
247 741 0
-16 592 0
-192 768 0
5 -420 0
-68 -952 0
-24 -72 0
-4 -840 0
243 -243 0
2 90 0
-103 927 0
2 36 0
-5 745 0
84 756 0
17 -850 0
-61 -427 0
41 533 0
-233 932 0
6 -594 0
498 996 0
-1 -290 0
-1 74 0
210 -210 0
-8 -256 0
5 415 0
-1 -964 0
-313 626 0
-137 -959 0
-17 -187 0
14 -938 0
-1 -399 0
-2 684 0
-11 440 0
47 47 0
-1 -936 0
52 -624 0
-26 234 0
2 928 0
168 504 0
2 72 0
-30 780 0
-1 604 0
2 -914 0
-3 660 0
-1 59 0
-3 -579 0
-4 -4 0
1 586 0
-92 -644 0
7 -749 0
1 -989 0
-142 -284 0
-1 18 0
337 -674 0
-2 -916 0
-4 -332 0
38 -76 0
15 15 0
-396 792 0
112 336 0
-24 816 0
-40 200 0
-51 -561 0
8 400 0
-23 920 0
187 561 0
-91 -455 0
-206 824 0
-1 -603 0
1 716 0
32 320 0
-19 494 0
-26 -988 0
3 -300 0
190 -190 0
1 388 0
1 645 0
-2 976 0
-29 -145 0
-88 -88 0
302 302 0
-42 -210 0
-3 204 0
373 746 0
-12 -660 0
-5 160 0
50 150 0
-1 -800 0
-1 768 0
-418 836 0
-21 273 0
-116 -348 0
-29 -290 0
3 384 0
-4 396 0
160 -960 0
-1 -734 0
36 540 0
-45 -90 0
310 930 0
-2 464 0
26 -650 0
-139 973 0
-18 -162 0
269 807 0
14 -686 0
-19 722 0
1 184 0
-474 -474 0
-5 -60 0
3 867 0
-90 -360 0
9 828 0
-1 345 0
2 -968 0
182 728 0
-231 0 0
-7 -238 0
1 722 0
-5 200 0
4 76 0
25 -550 0
-1 -626 0
87 783 0
-137 -411 0
9 -423 0
3 -144 0
-15 -435 0
-383 -766 0
-5 -680 0
15 -645 0
-3 -192 0
-30 -690 0
-172 344 0
8 80 0
10 590 0
1 -886 0
1 305 0
1 -990 0
-1 -850 0
167 -668 0
-2 30 0
-1 899 0
3 936 0
-1 227 0
-2 -22 0
16 -176 0
20 -860 0
-306 -306 0
1 -546 0
1 -951 0
443 886 0
14 728 0
235 470 0
54 -54 0
-12 -804 0
-130 -390 0
11 -924 0
-52 624 0
-28 -840 0
-10 210 0
-1 874 0
-392 0 0
-1 -493 0
16 -432 0
4 -192 0
-2 998 0
480 960 0
127 381 0
173 -519 0
-18 810 0
-317 -951 0
-7 658 0
4 -132 0
-366 -732 0
57 -171 0
-38 608 0
-218 218 0
-51 -969 0
49 -196 0
-12 144 0
498 -498 0
212 -424 0
1 129 0
5 -730 0
-326 978 0
-84 672 0
11 616 0
5 985 0
39 507 0
1 -736 0
105 -945 0
-65 780 0
-46 460 0
-70 0 0
2 -30 0
1 959 0
-29 261 0
1 -425 0
-77 -154 0
33 -627 0
-1 -941 0
-6 918 0
-8 -232 0
20 820 0
-1 327 0
-27 -216 0
-11 209 0
-1 724 0
1 -670 0
-11 -77 0
182 0 0
-1 876 0
-6 378 0
8 -872 0
-7 -497 0
3 -531 0
22 374 0
4 -188 0
40 840 0
6 -156 0
-17 -884 0
-5 570 0
-298 298 0
6 300 0
175 525 0
-1 -5 0
1 213 0
-186 186 0
-418 418 0
-77 77 0
-1 241 0
-3 711 0
-1 -991 0
31 868 0
20 -20 0
-52 936 0
109 545 0
-8 880 0
328 984 0
1 -783 0
-1 921 0
-13 988 0
37 259 0
10 470 0
46 -46 0
223 0 0
-18 522 0
-48 432 0
-3 -570 0
-25 200 0
-1 111 0
-105 -315 0
-422 0 0
-129 -387 0
-59 -59 0
-54 216 0
-2 922 0
-10 -340 0
-25 -25 0
35 -700 0
6 846 0
446 892 0
1 962 0
-145 290 0
-2 -452 0
384 -768 0
-8 -312 0
39 936 0
-18 -36 0
-2 -448 0
-226 226 0
-8 -640 0
-206 412 0
-128 -256 0
-2 -996 0
89 89 0
12 156 0
-1 520 0
-12 324 0
204 -816 0
14 378 0
419 419 0
-3 720 0
-146 -146 0
-392 -392 0
2 450 0
-7 -924 0
364 728 0
32 -832 0
-45 -225 0
16 288 0
-361 -722 0
-74 962 0
-8 -424 0
84 588 0
-330 -990 0
281 562 0
-66 -858 0
51 -663 0
-19 513 0
-34 -68 0
-20 -560 0
-478 0 0
-3 -36 0
-23 23 0
-296 -592 0
-8 208 0
202 202 0
-6 -510 0
-7 -847 0
2 592 0
5 775 0
-1 -90 0
14 700 0
43 -86 0
1 464 0
-3 -888 0
-3 792 0
-3 696 0
13 -143 0
-22 682 0
-7 -707 0
154 -308 0
500 -500 0
2 664 0
1 -402 0
-37 592 0
-5 -900 0
1 -311 0
-386 -772 0
-118 -118 0
-48 48 0
-321 -321 0
15 180 0
320 -640 0
-319 -319 0
-21 -798 0
-2 -396 0
-9 594 0
-60 360 0
5 955 0
-191 191 0
11 -990 0
103 206 0
-1 -328 0
44 -220 0
-17 833 0
-9 -594 0
230 230 0
29 812 0
-2 180 0
-126 756 0
-1 543 0
6 348 0
-206 618 0
372 0 0
-27 -27 0
1 -177 0
-38 -874 0
-27 540 0
-425 425 0
-1 523 0
445 -890 0
-36 -144 0
12 480 0
470 -940 0
1 882 0
-58 -754 0
-17 714 0
93 558 0
-3 -468 0
5 -475 0
-32 -64 0
-1 65 0
-346 346 0
-162 810 0
8 544 0
1 530 0
10 580 0
-195 390 0
4 -824 0
-5 -625 0
-4 -748 0
399 399 0
4 504 0
-55 715 0
-3 984 0
-2 -362 0
-11 -66 0
-1 -136 0
-32 -640 0
-1 -526 0
-19 342 0
45 -360 0
87 -174 0
-4 -340 0
1 454 0
-1 947 0
30 -450 0
-1 347 0
1 4 0
31 -837 0
-13 -26 0
-1 341 0
-19 -570 0
-10 490 0
-2 158 0
5 760 0
-3 105 0
38 646 0
-104 -728 0
28 -420 0
4 984 0
24 -552 0
-11 484 0
-13 -13 0
388 0 0
89 -623 0
-186 558 0
59 -826 0
-157 471 0
-26 -520 0
-9 -918 0
1 -408 0
-67 0 0
-86 774 0
-138 -138 0
18 -198 0
-1 616 0
3 -753 0
-12 372 0
26 -26 0
1 584 0
33 231 0
-11 -473 0
17 85 0
-46 828 0
-12 -528 0
-239 -478 0
20 440 0
-17 -782 0
30 840 0
3 519 0
17 -238 0
1 -510 0
19 570 0
-12 -96 0
-43 -344 0
45 -855 0
-35 945 0
394 -788 0
9 963 0
5 935 0
-4 320 0
-7 -126 0
1 -683 0
5 -535 0
4 -524 0
-2 346 0
2 -764 0
5 -45 0
-29 145 0
5 -960 0
-9 369 0
2 490 0
-3 -852 0
104 416 0
3 -435 0
77 -385 0
-1 -347 0
-2 460 0
-6 492 0
103 927 0
2 -196 0
-3 -33 0
52 0 0
-450 450 0
28 168 0
-16 -880 0
-2 -444 0
-16 864 0
96 576 0
15 -315 0
26 -494 0
-5 125 0
-1 640 0
10 260 0
-33 -99 0
58 116 0
-7 924 0
1 -880 0
-1 731 0
-127 -635 0
459 918 0
14 882 0
-9 378 0
1 -448 0
55 825 0
-220 0 0
10 320 0
-46 874 0
-193 -965 0
-15 -345 0
172 -688 0
-23 -92 0
-1 645 0
2 -778 0
-6 0 0
-2 100 0
11 -275 0
-147 294 0
-68 748 0
29 783 0
475 -950 0
48 192 0
-1 564 0
47 846 0
-411 411 0
-38 -950 0
2 -238 0
3 -957 0
57 912 0
198 594 0
2 126 0
1 -389 0
33 429 0
-7 511 0
95 475 0
-7 126 0
-288 288 0
230 690 0
92 -552 0
2 -544 0
-2 -762 0
141 -423 0
-37 814 0
-23 -368 0
2 802 0
-294 -882 0
4 -44 0
13 -455 0
-19 874 0
-192 -768 0
-5 425 0
-305 610 0
1 -310 0
-140 -840 0
-9 -477 0
385 385 0
6 -984 0
-4 412 0
-2 522 0
1 509 0
-1 -878 0
1 873 0
-7 140 0
-192 192 0
-1 933 0
1 -275 0
2 -342 0
109 218 0
2 362 0
-5 -815 0
1 -791 0
-1 365 0
8 -800 0
25 25 0
-7 -308 0
155 310 0
3 -27 0
-2 362 0
-19 -855 0
397 397 0
1 154 0
-24 912 0
4 492 0
-107 856 0
6 426 0
237 0 0
1 510 0
21 336 0
1 660 0
21 630 0
82 -246 0
99 297 0
8 -936 0
-71 -355 0
-191 -573 0
258 774 0
250 250 0
104 624 0
-9 549 0
7 -84 0
116 -928 0
-18 -648 0
25 -350 0
-1 885 0
1 -817 0
-5 -175 0
-5 -885 0
92 184 0
-15 -240 0
-63 315 0
8 -648 0
85 -425 0
286 -572 0
83 -249 0
10 880 0
8 -496 0
57 -57 0
-76 -608 0
1 -370 0
158 -948 0
-175 700 0
1 867 0
-79 -79 0
-201 -603 0
-10 960 0
84 84 0
-387 774 0
-7 -980 0
4 -912 0
-2 -558 0
5 -80 0
22 -154 0
-148 -444 0
-56 -448 0
-2 -680 0
-82 -328 0
128 896 0
3 177 0
-96 288 0
-8 -568 0
-71 -781 0
81 405 0
-25 -900 0
3 189 0
1 -478 0
1 -113 0
13 390 0
-43 -301 0
-1 198 0
79 237 0
-41 410 0
-5 -740 0
30 -270 0
349 -698 0
324 -324 0
-464 0 0
-441 -441 0
22 -22 0
-20 40 0
-249 -498 0
-9 -351 0
2 -674 0
-1 -502 0
131 262 0
-400 -400 0
374 374 0
64 576 0
-150 -450 0
-123 -738 0
-67 -536 0
-18 -936 0
12 576 0
72 -792 0
2 532 0
-3 990 0
26 0 0
-57 -456 0
-1 629 0
31 155 0
43 -129 0
-198 594 0
-32 -672 0
89 445 0
186 558 0
41 -574 0
-97 485 0
-426 -852 0
94 -940 0
236 -236 0
3 390 0
-3 -549 0
11 495 0
11 880 0
305 -915 0
22 -176 0
-22 880 0
-218 -218 0
72 0 0
48 -432 0
8 -656 0
-86 -516 0
-379 758 0
38 -608 0
83 166 0
2 930 0
-30 60 0
7 511 0
15 750 0
255 0 0
-2 542 0
22 286 0
-12 -204 0
-8 736 0
-28 -588 0
-36 216 0
-2 510 0
-5 645 0
12 216 0
-7 -861 0
5 805 0
-1 -75 0
-500 500 0
349 698 0
-12 -384 0
-469 938 0
3 -243 0
-4 712 0
-2 -636 0
5 815 0
-14 -98 0
21 -336 0
-19 38 0
-275 -275 0
-15 450 0
2 -820 0
-261 -783 0
-242 726 0
44 -968 0
1 -450 0
-5 205 0
-2 -862 0
8 -712 0
5 970 0
-7 896 0
-55 -275 0
3 -693 0
13 845 0
-10 -70 0
-10 940 0
-200 0 0
230 -920 0
2 -40 0
-5 -400 0
-2 -880 0
-4 -184 0
6 744 0
127 -889 0
-28 -952 0
-1 -86 0
-242 -242 0
42 -966 0
1 -629 0
-7 266 0
-492 984 0
12 228 0
-222 -222 0
-23 598 0
1 585 0
-1 -706 0
162 -810 0
-3 -999 0
6 -930 0
-3 -531 0
2 -372 0
11 -154 0
-103 515 0
-16 -432 0
1 -706 0
-166 0 0
1 -296 0
44 -132 0
120 -960 0
24 -312 0
-388 -776 0
7 595 0
-316 632 0
-66 -660 0
-10 -180 0
1 876 0
-128 -768 0
94 658 0
-342 342 0
-19 -684 0
-62 -682 0
97 -388 0
356 -356 0
109 -763 0
-3 531 0
3 411 0
-1 658 0
-15 30 0
82 328 0
-15 -150 0
-41 123 0
419 838 0
-308 -924 0
-8 360 0
-376 376 0
18 720 0
-12 36 0
24 72 0
49 441 0
414 828 0
-34 -340 0
-42 42 0
-4 24 0
-43 -473 0
-38 -190 0
-14 826 0
1 19 0
-2 536 0
-1 591 0
-3 609 0
1 -566 0
37 -481 0
3 138 0
1 661 0
1 -160 0
-39 702 0
1 546 0
1 915 0
-1 186 0
96 0 0
1 79 0
1 398 0
18 -738 0
1 -973 0
11 -539 0
-18 -180 0
-8 224 0
1 211 0
-56 -280 0
-8 -672 0
-2 -106 0
-1 -900 0
2 -50 0
-6 306 0
-2 -634 0
102 204 0
-15 -990 0
1 18 0
-55 330 0
-3 699 0
-19 190 0
56 -56 0
-44 -352 0
6 -816 0
-7 357 0
33 -99 0
5 -990 0
-455 910 0
-12 984 0
-36 576 0
1 41 0
-33 -330 0
220 -440 0
-3 -636 0
-9 -54 0
-1 -568 0
-67 201 0
-1 174 0
80 400 0
2 970 0
-28 56 0
-51 867 0
-41 -656 0
33 -132 0
-22 -462 0
2 -174 0
74 -666 0
17 -68 0
311 -622 0
1 80 0
436 872 0
83 -664 0
-339 -339 0
-9 819 0
314 628 0
492 0 0
295 295 0
-385 -385 0
-207 -828 0
442 -442 0
-1 684 0
-1 769 0
1 -442 0
395 790 0
-8 -304 0
-16 480 0
-3 456 0
13 -624 0
-5 15 0
-1 980 0
-1 -538 0
15 -540 0
2 -758 0
-466 -466 0
-1 -388 0
-48 528 0
-394 -394 0
-29 87 0
4 -748 0
17 374 0
-373 746 0
1 -136 0
22 -198 0
-1 -621 0
2 -1000 0
446 -892 0
4 -20 0
-66 726 0
1 -472 0
-2 506 0
11 759 0
242 -726 0
-110 660 0
70 840 0
18 -54 0
-25 775 0
2 -20 0
-1 -768 0
86 774 0
8 912 0
365 0 0
8 808 0
-5 -315 0
-24 -96 0
79 0 0
1 743 0
-1 462 0
63 630 0
-324 -648 0
-48 -48 0
1 908 0
106 954 0
-124 620 0
33 99 0
38 -798 0
-19 -190 0
-1 823 0
3 81 0
-13 468 0
6 288 0
1 -137 0
-32 -736 0
-414 0 0
-2 -852 0
1 848 0
-7 791 0
-469 -469 0
7 -602 0
2 -282 0
414 -828 0
1 6 0
12 108 0
-2 -714 0
120 720 0
2 280 0
-15 -105 0
3 246 0
342 684 0
-4 704 0
165 -990 0
-1 -525 0
1 -432 0
-1 703 0
-5 -840 0
-36 -792 0
1 932 0
-11 605 0
15 165 0
297 -297 0
-46 322 0
-25 250 0
1 308 0
-45 360 0
21 -987 0
1 -939 0
-71 -142 0
1 667 0
164 0 0
6 -804 0
40 480 0
-1 -34 0
-1 -903 0
-1 -272 0
2 -266 0
-169 338 0
-103 -412 0
18 756 0
33 957 0
-233 233 0
6 900 0
-140 140 0
23 621 0
-1 -573 0
486 486 0
290 0 0
2 -928 0
41 -205 0
2 884 0
-2 434 0
-22 638 0
-283 566 0
1 -122 0
-393 -393 0
1 988 0
417 0 0
-1 385 0
-114 570 0
-47 -282 0
389 389 0
-18 -396 0
-6 -318 0
17 -867 0
1 -948 0
38 -190 0
4 908 0
-1 183 0
13 754 0
-19 551 0
19 171 0
6 750 0
44 -396 0
-13 -806 0
144 -288 0
-438 -438 0
-4 504 0
-1 424 0
3 873 0
-57 -285 0
-427 0 0
-2 910 0
-18 342 0
124 -992 0
1 -937 0
299 299 0
-255 510 0
1 -364 0
-7 238 0
-73 -292 0
64 -448 0
-67 134 0
-16 -256 0
-6 726 0
-395 395 0
-268 -268 0
-131 -917 0
188 -940 0
1 543 0
10 -940 0
-51 -918 0
-2 -796 0
1 982 0
4 -104 0
36 756 0
1 -923 0
11 528 0
362 0 0
1 -857 0
-21 -924 0
3 -153 0
-10 -950 0
4 -684 0
1 -196 0
18 522 0
5 -460 0
1 555 0
3 -987 0
-1 326 0
16 -192 0
-34 -272 0
-7 -735 0
-5 315 0
144 0 0
20 -680 0
8 656 0
-7 973 0
-40 600 0
47 -705 0
-21 -42 0
-1 313 0
-234 468 0
-90 -180 0
-76 532 0
-8 656 0
8 424 0
-12 552 0
2 -846 0
473 -473 0
1 -518 0
-3 -519 0
8 -784 0
421 842 0
102 0 0
-2 154 0
63 504 0
-147 441 0
18 -882 0
202 404 0
-72 -504 0
1 -501 0
55 990 0
54 -540 0
3 627 0
1 -971 0
-1 -769 0
-16 -384 0
-8 728 0
-30 -960 0
6 -480 0
-5 -635 0
6 216 0
-36 -36 0
-4 -844 0
99 -990 0
-2 -364 0
-8 632 0
-1 422 0
90 -90 0
211 -211 0
-7 -182 0
48 -96 0
-21 861 0
306 -918 0
1 614 0
87 -609 0
-14 532 0
-374 -374 0
-7 602 0
-24 120 0
4 -264 0
2 -106 0
1 -8 0
-13 -208 0
213 -213 0
53 -424 0
4 604 0
-6 516 0
-111 888 0
16 -400 0
6 -36 0
388 -776 0
17 -442 0
-11 -374 0
-4 -308 0
-2 566 0
6 510 0
-1 -802 0
-125 125 0
261 261 0
160 320 0
-1 -177 0
-401 401 0
-283 -849 0
15 375 0
95 190 0
3 -345 0
-4 560 0
2 234 0
-292 584 0
-2 96 0
-201 804 0
12 -840 0
-8 544 0
170 850 0
-59 -826 0
-81 891 0
1 -410 0
3 -276 0
203 0 0
19 608 0
1 832 0
-2 144 0
2 394 0
5 -395 0
21 -483 0
21 -378 0
1 -513 0
-1 -188 0
-2 576 0
30 240 0
42 882 0
29 116 0
-22 154 0
154 616 0
71 -71 0
-7 -203 0
-18 -378 0
109 -981 0
-4 404 0
-1 592 0
1 -350 0
96 -480 0
8 800 0
-11 -242 0
-30 720 0
-3 846 0
-13 -975 0
-1 269 0
234 468 0
18 -702 0
-5 80 0
-2 -798 0
-1 562 0
-6 120 0
11 -550 0
29 -203 0
57 -912 0
-4 592 0
-1 -360 0
-12 756 0
-476 0 0
7 -693 0
-15 -270 0
-3 -129 0
-29 116 0
2 944 0
-1 550 0
-4 800 0
2 708 0
1 -214 0
303 0 0
-367 -367 0
-9 -630 0
-281 281 0
36 -72 0
-1 -161 0
-8 -696 0
-388 388 0
1 -150 0
1 -226 0
-286 -286 0
-309 -927 0
-437 437 0
367 367 0
-20 940 0
-8 -248 0
-19 988 0
-2 -810 0
-146 -876 0
1 575 0
-491 0 0
-233 -932 0
1 -830 0
-1 43 0
117 117 0
-1 -642 0
-176 176 0
1 -929 0
-12 -960 0
26 -676 0
30 -150 0
-11 -33 0
30 990 0
5 -570 0
-2 -662 0
234 -702 0
-47 799 0
-144 144 0
2 42 0
-49 441 0
-350 0 0
-63 -630 0
-1 -164 0
28 -308 0
-8 408 0
-1 -36 0
-16 -736 0
-6 510 0
-198 -198 0
-2 -118 0
-2 206 0
4 692 0
43 258 0
-260 -520 0
-450 0 0
-306 -918 0
-19 418 0
-4 56 0
-108 324 0
22 -396 0
36 360 0
-151 0 0
3 108 0
122 122 0
1 777 0
141 -282 0
4 164 0
207 -414 0
-1 -211 0
21 -525 0
-334 -668 0
-3 -528 0
-62 0 0
5 565 0
9 54 0
-285 -285 0
132 0 0
2 716 0
-484 -484 0
42 966 0
1 -895 0
4 432 0
24 336 0
-487 974 0
-1 -120 0
-108 756 0
21 -315 0
-1 -58 0
-121 -484 0
26 598 0
-367 0 0
-64 896 0
-2 -926 0
-289 289 0
1 -700 0
-4 932 0
65 715 0
-2 -416 0
-26 -546 0
-252 -252 0
1 656 0
-11 -330 0
52 -52 0
-12 -684 0
-13 -338 0
-80 560 0
1 -325 0
147 -294 0
28 -812 0
38 152 0
-108 -540 0
-18 -450 0
116 580 0
1 838 0
89 356 0
3 732 0
185 185 0
-1 -707 0
3 -354 0
-4 788 0
-14 -280 0
18 216 0
-8 888 0
2 230 0
1 -454 0
15 435 0
21 798 0
-29 -783 0
-210 -420 0
-4 -428 0
381 -762 0
-95 -95 0
-2 -834 0
11 231 0
-6 -522 0
1 -447 0
-1 222 0
-9 342 0
-1 224 0
1 -980 0
2 318 0
-180 720 0
342 -342 0
-12 24 0
10 -10 0
27 0 0
1 210 0
-8 56 0
1 912 0
401 -802 0
361 -722 0
372 -372 0
12 -708 0
-22 374 0
2 158 0
10 -510 0
-300 600 0
40 280 0
318 636 0
-18 180 0
31 -496 0
-24 984 0
1 -476 0
-1 732 0
16 -992 0
41 738 0
112 -448 0
-2 -360 0
449 449 0
-295 590 0
-1 454 0
14 -504 0
-1 -678 0
69 483 0
414 414 0
11 -308 0
-209 836 0
1 46 0
-135 540 0
145 -580 0
5 50 0
440 -880 0
-2 -178 0
-16 -752 0
-14 -756 0
-2 -380 0
5 230 0
1 -739 0
-460 460 0
-41 41 0
312 936 0
-1 999 0
238 -714 0
-2 94 0
4 -224 0
-73 949 0
17 476 0
-1 -671 0
16 -864 0
-2 172 0
-13 -182 0
1 -120 0
118 708 0
6 870 0
3 570 0
24 -216 0
-1 251 0
-1 -451 0
-23 230 0
205 205 0
2 -806 0
6 -924 0
2 -622 0
62 -372 0
22 -946 0
8 -56 0
5 925 0
-9 531 0
25 -925 0
-9 720 0
10 -80 0
-20 -940 0
43 -258 0
-1 223 0
1 440 0
1 -242 0
-4 -592 0
8 -752 0
-275 -825 0
2 -528 0
1 -535 0
-2 -300 0
10 -160 0
28 -112 0
-1 -825 0
156 156 0
9 378 0
1 947 0
-10 -370 0
-39 390 0
7 896 0
200 200 0
-16 672 0
63 567 0
-2 -734 0
-7 -763 0
45 -990 0
4 948 0
-109 763 0
7 763 0
1 -398 0
422 -422 0
91 -637 0
-266 -532 0
14 476 0
-61 732 0
-1 27 0
27 648 0
-141 423 0
403 -806 0
-297 297 0
-155 -465 0
115 920 0
4 -620 0
19 -304 0
-293 293 0
43 559 0
-2 248 0
73 949 0
222 -222 0
328 -328 0
32 -864 0
3 -111 0
-5 170 0
1 418 0
3 -630 0
5 -295 0
-67 -871 0
370 -370 0
8 640 0
-1 -838 0
2 -892 0
5 15 0
128 -512 0
1 -118 0
-8 -688 0
-4 -688 0
210 630 0
61 -366 0
-13 -871 0
1 -632 0
1 291 0
-19 -760 0
-1 434 0
-3 -732 0
-79 395 0
13 897 0
36 -468 0
1 672 0
-35 490 0
325 650 0
-487 487 0
4 844 0
59 767 0
3 798 0
-16 -192 0
-21 441 0
21 -903 0
15 570 0
47 987 0
70 -630 0
-5 -430 0
-91 -728 0
-4 516 0
-10 890 0
-152 -760 0
-17 -306 0
-5 700 0
27 -297 0
9 189 0
-2 -40 0
-10 950 0
7 714 0
-4 -420 0
25 175 0
-83 166 0
2 -206 0
-18 612 0
293 0 0
29 899 0
63 -189 0
2 -44 0
61 -427 0
-3 -54 0
106 212 0
-413 0 0
-2 -442 0
340 340 0
-110 -880 0
26 130 0
-63 -819 0
-239 956 0
-6 -594 0
4 876 0
24 -696 0
-1 -730 0
-443 0 0
-7 868 0
-2 -802 0
13 -273 0
138 -828 0
84 -252 0
447 447 0
9 27 0
167 -167 0
9 981 0
316 -632 0
441 0 0
470 470 0
172 172 0
18 -954 0
-5 -130 0
362 724 0
207 -207 0
243 972 0
18 -18 0
56 -728 0
-4 168 0
17 -629 0
333 -999 0
-136 -544 0
51 612 0
37 -370 0
72 72 0
-98 392 0
37 740 0
159 636 0
-137 822 0
3 243 0
1 -423 0
-31 -775 0
15 735 0
45 585 0
-2 -256 0
-11 -352 0
16 224 0
-7 931 0
-60 720 0
-2 -744 0
-18 594 0
60 480 0
23 -966 0
2 586 0
3 -507 0
19 969 0
412 412 0
1 781 0
-21 609 0
-1 -801 0
-17 -731 0
-57 -570 0
1 268 0
-117 -351 0
195 -975 0
-2 -582 0
-6 960 0
-86 946 0
2 670 0
-207 -414 0
-291 -582 0
59 885 0
55 -715 0
1 682 0
-1 48 0
5 -740 0
-54 -702 0
74 -962 0
235 -470 0
1 532 0
-42 -420 0
-25 -625 0
-1 879 0
1 699 0
6 894 0
-74 -814 0
200 0 0
1 327 0
4 -304 0
-2 214 0
-113 339 0
-171 -684 0
-6 -528 0
182 182 0
-90 450 0
-6 150 0
3 -447 0
-20 680 0
496 0 0
6 -636 0
-167 -501 0
-24 -792 0
18 342 0
1 647 0
-17 816 0
-8 -88 0
-2 16 0
-29 -986 0
-66 858 0
5 -435 0
-60 180 0
27 324 0
384 768 0
4 -992 0
-1 -47 0
-40 800 0
4 936 0
49 294 0
-2 -174 0
222 222 0
-37 -481 0
4 -84 0
64 0 0
-25 -425 0
183 915 0
-296 0 0
-1 -959 0
23 -690 0
-2 -906 0
-15 690 0
11 924 0
6 -72 0
-3 537 0
176 704 0
7 -217 0
-11 66 0
-2 -406 0
2 332 0
-8 848 0
-2 -938 0
11 891 0
164 -164 0
193 -193 0
-111 -222 0
12 456 0
-104 0 0
-17 -612 0
103 0 0
-81 -972 0
3 -735 0
24 816 0
-5 585 0
-10 -840 0
-18 540 0
70 -840 0
-384 768 0
4 560 0
-396 -792 0
6 -216 0
69 -759 0
-11 979 0
423 846 0
8 -112 0
2 338 0
-25 -400 0
4 -896 0
-18 270 0
8 -576 0
-2 -424 0
-380 760 0
20 340 0
-452 -452 0
-13 910 0
23 207 0
-5 -755 0
125 -375 0
-115 230 0
-1 107 0
247 -741 0
-1 -490 0
1 -148 0
33 -264 0
9 369 0
-88 440 0
45 -585 0
468 -468 0
-9 747 0
-111 999 0
-28 924 0
-9 -738 0
-52 -52 0
91 364 0
256 768 0
11 -352 0
185 -925 0
-128 768 0
-8 448 0
-15 435 0
6 336 0
125 -250 0
38 -950 0
-5 605 0
157 942 0
2 618 0
-5 -200 0
375 750 0
-3 -561 0
-256 768 0
-331 331 0
49 784 0
-6 714 0
11 506 0
-86 602 0
-5 -195 0
3 681 0
479 479 0
-1 -796 0
-2 282 0
117 351 0
3 429 0
1 -617 0
-120 120 0
11 979 0
40 40 0
1 946 0
-56 840 0
-227 681 0
190 -380 0
-41 -205 0
49 -735 0
-156 -780 0
-3 -423 0
267 -801 0
-15 -795 0
-4 304 0
1 482 0
2 406 0
-1 14 0
-10 790 0
-52 52 0
-454 0 0
284 568 0
-3 -132 0
-3 -705 0
-58 522 0
4 -284 0
-112 784 0
-9 -405 0
6 -564 0
-196 -196 0
244 0 0
-1 606 0
73 -949 0
-65 910 0
-465 0 0
-3 -339 0
-234 -936 0
-235 -705 0
-325 -325 0
31 279 0
-24 -456 0
-181 -724 0
5 670 0
1 81 0
-12 108 0
148 0 0
-12 48 0
-52 -520 0
-70 -560 0
-212 212 0
-1 -481 0
-307 -921 0
-156 -624 0
15 -690 0
25 925 0
8 -88 0
-480 -960 0
-2 864 0
-20 160 0
-179 895 0
272 -544 0
-5 515 0
-2 230 0
2 -902 0
-9 -900 0
-488 488 0
-275 0 0
-220 660 0
-44 -308 0
-53 742 0
313 313 0
-36 396 0
22 682 0
26 -702 0
-1 302 0
1 494 0
10 -580 0
61 -305 0
461 0 0
-1 125 0
-1 757 0
-74 -592 0
11 -759 0
-2 380 0
19 456 0
-12 -828 0
-32 -544 0
321 321 0
-394 788 0
1 -964 0
19 -475 0
-2 -186 0
-126 126 0
-5 985 0
54 -702 0
284 852 0
-153 918 0
-107 0 0
-1 -781 0
207 621 0
-10 640 0
1 639 0
-69 -345 0
-2 -616 0
1 -489 0
3 -720 0
-3 -930 0
57 741 0
-1 -764 0
17 -374 0
-394 -788 0
-80 -80 0
161 -644 0
257 771 0
3 -63 0
-240 0 0
-22 -572 0
3 -915 0
3 135 0
9 -504 0
1 720 0
492 492 0
15 405 0
326 -326 0
79 -474 0
-1 210 0
6 858 0
22 836 0
19 -19 0
-31 558 0
1 255 0
54 702 0
2 852 0
-35 35 0
118 -826 0
2 -416 0
151 755 0
4 392 0
-12 -900 0
-1 -486 0
1 -42 0
-15 -210 0
3 -60 0
-14 -938 0
-386 0 0
-17 -102 0
-22 -352 0
104 104 0
1 424 0
10 540 0
7 525 0
35 -595 0
76 -76 0
205 820 0
-346 692 0
23 0 0
-25 650 0
-1 202 0
127 -508 0
4 788 0
13 819 0
-121 -605 0
23 552 0
3 588 0
-2 -334 0
1 242 0
2 -506 0
69 69 0
-1 -209 0
176 176 0
17 102 0
-3 315 0
-5 730 0
3 -333 0
-23 161 0
2 -716 0
132 792 0
-476 476 0
64 -256 0
-353 706 0
-5 465 0
9 -522 0
17 -51 0
-25 325 0
-190 190 0
-83 -996 0
-43 -430 0
-273 273 0
429 429 0
1 332 0
-2 680 0
7 -392 0
-6 822 0
43 0 0
1 340 0
1 994 0
1 721 0
-9 630 0
5 810 0
4 -744 0
-1 961 0
105 -630 0
125 750 0
-1 991 0
-2 926 0
2 -866 0
-41 984 0
96 -768 0
6 774 0
-1 492 0
-91 -364 0
-2 442 0
9 585 0
29 -899 0
-21 -882 0
-1 -550 0
-427 427 0
-12 -840 0
-70 910 0
1 -192 0
-1 -45 0
-198 198 0
-1 944 0
-10 290 0
2 528 0
221 221 0
-2 -426 0
4 -536 0
2 -456 0
-1 -220 0
184 184 0
-24 -312 0
13 715 0
10 850 0
2 -16 0
-1 -600 0
10 840 0
68 136 0
-22 924 0
-405 -405 0
18 -234 0
2 -672 0
-81 243 0
-153 -765 0
-370 0 0
-16 288 0
-467 -934 0
-12 -936 0
4 -784 0
-420 420 0
-1 188 0
238 -238 0
2 686 0
110 440 0
-230 230 0
4 44 0
-8 216 0
167 501 0
-3 -981 0
1 737 0
106 0 0
-27 -972 0
1 126 0
37 518 0
21 -861 0
1 -273 0
35 315 0
99 594 0
1 381 0
60 -480 0
-221 221 0
42 294 0
20 260 0
4 944 0
-32 544 0
-2 -570 0
-1 953 0
175 350 0
-1 601 0
-322 -966 0
451 902 0
356 0 0
4 -988 0
-218 436 0
-213 426 0
6 -966 0
-118 -472 0
12 -696 0
165 -660 0
14 -294 0
1 910 0
-2 -512 0
-1 -829 0
143 -143 0
-426 852 0
3 690 0
18 558 0
55 440 0
347 -694 0
3 -207 0
3 402 0
-321 -963 0
-24 0 0
-1 -851 0
1 668 0
-35 -350 0
-13 364 0
23 -920 0
48 0 0
-142 -852 0
46 690 0
-53 477 0
-374 374 0
1 -928 0
-28 -700 0
281 -562 0
13 611 0
113 -791 0
-30 -930 0
98 -882 0
2 40 0
8 -928 0
-9 -135 0
44 880 0
303 606 0
-5 100 0
115 -460 0
-18 -540 0
-374 0 0
-171 171 0
5 105 0
-57 798 0
11 -176 0
-54 -918 0
1 -965 0
-3 -210 0
5 -225 0
46 -276 0
-219 -876 0
1 579 0
3 -831 0
9 882 0
18 -72 0
-78 702 0
2 668 0
-38 912 0
427 427 0
9 -855 0
-121 -847 0
1 58 0
-24 -672 0
40 800 0
-100 700 0
-2 164 0
-12 972 0
-16 384 0
12 48 0
78 -936 0
21 -84 0
8 672 0
18 -846 0
-1 -588 0
133 -931 0
1 -637 0
-4 -540 0
-2 -392 0
156 -780 0
-4 188 0
-24 -600 0
-3 -432 0
-15 -255 0
411 822 0
9 540 0
-3 27 0
1 717 0
-3 -597 0
4 744 0
8 -880 0
-1 -411 0
-1 671 0
-243 -972 0
-8 -392 0
5 -705 0
-28 952 0
-50 400 0
-21 420 0
329 -329 0
-3 -48 0
1 766 0
-6 -756 0
456 0 0
2 -364 0
-13 -52 0
-32 608 0
25 -525 0
244 732 0
1 -227 0
-1 -750 0
-1 182 0
-1 478 0
-116 0 0
36 468 0
-1 -702 0
-27 -459 0
-237 -711 0
-11 -803 0
-138 -828 0
-12 12 0
-3 669 0
-93 837 0
-1 178 0
-11 429 0
-1 442 0
230 -690 0
353 353 0
-15 -390 0
-33 594 0
2 800 0
255 510 0
6 960 0
36 -936 0
4 -608 0
-393 -786 0
1 840 0
-132 -924 0
-128 -128 0
-1 -919 0
2 -588 0
-9 -558 0
23 598 0
63 -756 0
2 18 0
-1 -596 0
382 382 0
7 84 0
-8 -160 0
7 945 0
2 530 0
1 -526 0
81 729 0
-4 640 0
56 -952 0
-1 -604 0
-45 -720 0
22 0 0
-63 -441 0
-4 -664 0
-3 -552 0
-32 800 0
-105 525 0
-1 787 0
1 -35 0
-40 440 0
1 -792 0
-36 108 0
17 -663 0
-68 612 0
-430 -430 0
-39 -468 0
-194 -582 0
131 393 0
-2 236 0
-22 -88 0
-4 -808 0
258 -258 0
1 -916 0
1 989 0
35 -945 0
1 -304 0
26 650 0
-7 665 0
-12 -756 0
11 165 0
-1 979 0
-8 400 0
-13 806 0
-62 496 0
-16 256 0
4 -16 0
-13 897 0
-113 -452 0
1 -88 0
-19 -988 0
4 -944 0
-2 -998 0
-153 -153 0
-1 626 0
104 936 0
137 685 0
3 -258 0
-1 557 0
-2 134 0
-8 312 0
-12 936 0
3 -147 0
1 -480 0
435 -435 0
-1 563 0
96 768 0
39 468 0
168 -336 0
44 616 0
-53 901 0
463 -463 0
6 792 0
6 942 0
2 48 0
5 -680 0
-22 -308 0
15 -480 0
8 -224 0
318 0 0
-3 -603 0
-118 0 0
81 -891 0
1 -203 0
-31 -341 0
9 -738 0
-6 -198 0
183 -366 0
2 -616 0
-4 -472 0
-1 -553 0
-1 329 0
123 615 0
-66 -132 0
-2 -534 0
-1 -749 0
18 612 0
1 -846 0
-6 438 0
1 123 0
284 284 0
-57 342 0
323 -969 0
-9 -459 0
112 0 0
70 140 0
1 244 0
-3 717 0
-4 96 0
-478 956 0
90 720 0
2 422 0
-65 -260 0
-2 -718 0
5 -60 0
-59 826 0
29 435 0
-12 -180 0
9 -603 0
7 371 0
417 -834 0
-186 -372 0
-271 -542 0
-1 -293 0
-14 714 0
-333 -999 0
-2 -62 0
-38 -608 0
17 -561 0
37 111 0
-1 726 0
-375 0 0
271 -271 0
4 -444 0
-10 -50 0
-4 984 0
-5 -750 0
-5 -920 0
-23 -805 0
-28 -224 0
128 -640 0
174 0 0
1 693 0
-4 -196 0
-438 -876 0
-182 -910 0
-15 735 0
-3 972 0
310 -930 0
7 -805 0
-1 463 0
36 -360 0
424 -424 0
-11 -550 0
13 39 0
-55 165 0
17 816 0
68 952 0
-48 -768 0
15 -795 0
411 -411 0
137 137 0
40 200 0
-173 865 0
2 438 0
133 -133 0
1 860 0
-60 -480 0
-6 -630 0
31 -682 0
314 0 0
-4 948 0
4 -460 0
240 240 0
-329 -329 0
4 -144 0
-1 334 0
13 -806 0
217 0 0
-1 -923 0
-86 -774 0
36 504 0
-5 910 0
1 986 0
7 -777 0
1 -590 0
50 -400 0
-281 843 0
-13 -507 0
-1 149 0
-2 182 0
72 -144 0
74 -370 0
28 224 0
-16 336 0
296 0 0
-189 -756 0
-1 473 0
-123 -615 0
-27 135 0
-4 960 0
-393 0 0
317 0 0
-1 -722 0
-2 -754 0
55 -880 0
70 770 0
-256 -256 0
-48 -864 0
294 -882 0
-1 566 0
243 243 0
84 -588 0
1 342 0
-85 -170 0
-153 -306 0
-4 -380 0
-428 428 0
20 360 0
117 819 0
7 -308 0
113 678 0
-21 -420 0
1 517 0
-10 -360 0
84 -168 0
14 644 0
84 420 0
79 553 0
1 987 0
-54 594 0
215 430 0
1 803 0
-26 520 0
3 72 0
48 -192 0
-10 -770 0
-10 -580 0
-91 -546 0
-4 348 0
-2 -498 0
40 -40 0
141 0 0
5 -890 0
287 -861 0
-2 -138 0
-2 176 0
38 114 0
1 -217 0
104 0 0
-1 911 0
-1 386 0
92 -276 0
1 -810 0
-47 -423 0
18 -810 0
64 448 0
-48 240 0
371 0 0
-139 -417 0
-400 800 0
150 -150 0
2 562 0
-294 882 0
9 -639 0
-8 -600 0
1 -443 0
12 -768 0
80 -400 0
2 -734 0
168 -504 0
3 900 0
86 -860 0
66 396 0
1 -173 0
-122 0 0
-301 -903 0
171 0 0
40 -240 0
-6 -966 0
-96 -96 0
39 -117 0
332 332 0
1 885 0
-15 -510 0
-2 -142 0
-34 0 0
1 -121 0
-5 -630 0
-6 -18 0
-1 -364 0
1 700 0
4 -584 0
66 -396 0
-4 564 0
-117 117 0
9 -828 0
5 -330 0
1 -814 0
-1 77 0
-298 -894 0
-1 -245 0
-459 918 0
2 470 0
4 -352 0
266 266 0
-8 256 0
143 -858 0
-153 459 0
-8 832 0
-2 -370 0
-5 -975 0
-103 -515 0
7 -133 0
-22 -44 0
91 455 0
-4 -52 0
-77 0 0
-5 875 0
323 969 0
2 418 0
1 -647 0
40 -640 0
-2 -368 0
3 -393 0
3 -84 0
-1 -276 0
-1 971 0
-42 -84 0
8 -664 0
-1 -59 0
-23 -759 0
-14 812 0
-190 760 0
-121 242 0
-274 -274 0
-175 175 0
-39 897 0
-204 -612 0
52 208 0
17 442 0
3 -123 0
187 748 0
105 -105 0
-2 110 0
-94 846 0
14 420 0
-2 632 0
418 -418 0
-254 508 0
83 -166 0
8 240 0
2 -548 0
-2 -856 0
-91 455 0
-1 758 0
29 -464 0
14 322 0
10 -910 0
-206 -412 0
6 528 0
-23 69 0
15 -780 0
104 -104 0
31 899 0
8 552 0
-3 885 0
12 252 0
28 -504 0
150 -450 0
-1 -666 0
10 -640 0
48 480 0
1 223 0
-358 716 0
24 216 0
151 906 0
10 -770 0
44 -792 0
-48 -720 0
56 -616 0
-2 -756 0
9 -306 0
382 0 0
38 684 0
-245 -245 0
-6 846 0
288 0 0
-65 130 0
81 972 0
-2 320 0
-21 -693 0
13 -910 0
-3 93 0
50 950 0
-236 -472 0
-11 726 0
-2 224 0
-3 738 0
14 -994 0
-14 -364 0
-1 -945 0
-2 960 0
220 660 0
45 -90 0
3 -645 0
107 -214 0
279 558 0
-55 -935 0
2 -798 0
-116 696 0
-9 414 0
-9 765 0
66 594 0
2 886 0
-3 111 0
178 712 0
-1 -979 0
1 -754 0
3 942 0
-44 -44 0
-8 -768 0
-124 -372 0
1 -139 0
164 164 0
-342 -684 0
-4 -460 0
216 864 0
14 -854 0
1 256 0
-305 0 0
1 -579 0
4 -900 0
-1 281 0
23 -828 0
-6 -306 0
-25 600 0
-6 942 0
345 0 0
-248 744 0
180 -900 0
1 627 0
-114 -684 0
-1 -913 0
11 572 0
83 83 0
24 912 0
10 900 0
-26 -624 0
216 432 0
-1 853 0
1 -499 0
5 -795 0
-179 -179 0
87 -522 0
267 -534 0
-457 914 0
-35 385 0
-21 210 0
-1 927 0
40 -360 0
67 -670 0
-10 -780 0
-174 348 0
-1 189 0
-22 352 0
-170 170 0
333 333 0
-161 322 0
4 232 0
1 36 0
-1 -19 0
2 352 0
-4 -752 0
-95 -665 0
-219 876 0
19 874 0
-44 308 0
-21 -315 0
1 -496 0
-224 -672 0
-27 -270 0
171 -513 0
-72 -288 0
10 930 0
-141 705 0
69 966 0
61 -671 0
-8 792 0
1 -484 0
2 288 0
-5 -250 0
15 -75 0
4 552 0
-277 -277 0
2 -452 0
-4 152 0
-1 94 0
-7 -665 0
-1 -313 0
196 -196 0
25 850 0
60 660 0
-163 815 0
-310 620 0
-168 -672 0
93 186 0
28 -476 0
249 498 0
14 -560 0
129 0 0
-21 882 0
-117 585 0
-8 664 0
9 477 0
48 144 0
1 40 0
40 640 0
21 567 0
1 -912 0
34 -782 0
-218 872 0
-1 93 0
-10 820 0
-29 -203 0
8 824 0
442 0 0
-25 -1000 0
3 -696 0
-160 800 0
2 -232 0
-2 -912 0
-332 996 0
-1 447 0
19 361 0
-324 -324 0
-7 308 0
-1 -823 0
29 754 0
1 697 0
272 816 0
15 -375 0
-2 -324 0
-213 -639 0
-5 405 0
180 900 0
4 184 0
348 -696 0
-18 414 0
8 736 0
-1 540 0
-29 -638 0
-75 750 0
-257 514 0
23 -506 0
-3 -414 0
4 -368 0
4 -276 0
-1 -669 0
85 -850 0
-59 59 0
-1 268 0
48 864 0
5 -165 0
8 680 0
-428 0 0
233 466 0
18 414 0
-8 -416 0
5 540 0
-1 145 0
-83 -747 0
-414 -414 0
8 -480 0
158 158 0
-2 -782 0
67 -737 0
26 -78 0
-6 132 0
1 -762 0
-34 646 0
-2 -20 0
3 -360 0
-2 -46 0
-1 -870 0
2 776 0
102 408 0
23 299 0
31 -279 0
1 334 0
3 351 0
4 644 0
-9 -675 0
3 462 0
-6 -384 0
-365 0 0
385 770 0
-3 81 0
-4 12 0
6 372 0
-1 -699 0
-184 -368 0
2 -612 0
-1 207 0
-16 -368 0
4 -488 0
-86 344 0
287 -574 0
16 -800 0
-60 420 0
2 58 0
-96 -192 0
-1 -324 0
240 960 0
1 296 0
3 -525 0
-32 -224 0
1 -300 0
187 -561 0
14 140 0
121 -968 0
13 429 0
20 -400 0
14 -588 0
14 -672 0
123 -123 0
-5 185 0
6 312 0
88 -88 0
-3 936 0
-400 0 0
277 0 0
485 970 0
6 654 0
15 -975 0
-21 714 0
13 325 0
-139 278 0
43 -903 0
-117 234 0
24 720 0
-61 61 0
-51 255 0
2 -654 0
30 180 0
6 -744 0
-3 498 0
-10 240 0
-1 465 0
6 -408 0
-2 -116 0
2 922 0
-7 889 0
-9 -423 0
-1 220 0
-114 -798 0
-1 -503 0
-68 -884 0
-17 850 0
5 45 0
-9 -36 0
1 -560 0
32 416 0
8 -192 0
-5 785 0
166 166 0
317 -317 0
-3 -45 0
2 -602 0
-22 -22 0
410 0 0
329 329 0
266 -798 0
207 414 0
-337 0 0
-221 442 0
-1 -23 0
-13 -117 0
485 0 0
343 -686 0
-264 528 0
4 -780 0
6 -264 0
-1 -409 0
-3 -558 0
-44 792 0
190 0 0
51 255 0
11 -187 0
32 256 0
11 -264 0
-410 -410 0
90 0 0
11 -88 0
21 609 0
-3 198 0
-238 952 0
3 843 0
1 -479 0
-5 995 0
-1 -87 0
-18 990 0
233 -932 0
-1 -48 0
1 -894 0
-1 -944 0
110 0 0
-196 -784 0
-54 432 0
-183 -732 0
-32 480 0
-34 102 0
349 349 0
-2 786 0
90 540 0
-283 283 0
-1 -91 0
1 683 0
-10 700 0
7 469 0
-3 -891 0
2 954 0
61 61 0
-9 189 0
28 84 0
2 110 0
-154 154 0
101 0 0
209 -836 0
3 435 0
36 0 0
-1 479 0
-11 803 0
-21 -63 0
-88 -704 0
-22 -880 0
-13 260 0
121 242 0
-484 968 0
89 979 0
-23 299 0
1 -223 0
1 -577 0
37 -148 0
-63 252 0
-84 -168 0
-121 -242 0
9 108 0
-2 892 0
165 -825 0
3 327 0
274 548 0
-119 0 0
4 -932 0
-55 660 0
-1 928 0
-303 -909 0
-106 -636 0
500 500 0
-1 -940 0
-29 377 0
1 -748 0
38 -988 0
1 -798 0
-137 -274 0
-468 468 0
95 760 0
13 -598 0
-2 -170 0
-1 504 0
2 -922 0
-19 -627 0
26 572 0
6 -714 0
237 -711 0
-44 -968 0
-10 530 0
3 375 0
174 348 0
97 -485 0
-4 -492 0
110 -550 0
1 993 0
-4 -468 0
-1 -782 0
6 -786 0
-36 -684 0
3 -651 0
-19 -779 0
1 -107 0
-5 665 0
330 -330 0
14 350 0
2 -860 0
2 -18 0
-33 -759 0
1 -627 0
245 -490 0
-3 -729 0
-37 777 0
1 -362 0
159 477 0
-57 513 0
211 211 0
53 954 0
-434 0 0
-4 -24 0
1 309 0
-435 -870 0
-2 354 0
286 858 0
-4 848 0
8 320 0
5 240 0
13 702 0
-30 390 0
-27 162 0
366 366 0
23 989 0
-3 774 0
1 -940 0
80 -80 0
-154 -770 0
53 795 0
-81 81 0
1 -687 0
375 -375 0
-12 636 0
-5 -820 0
14 112 0
221 884 0
7 770 0
-3 588 0
15 840 0
5 520 0
10 -420 0
1 475 0
-29 -261 0
10 -230 0
-78 -546 0
-1 -861 0
314 314 0
1 -930 0
-112 -560 0
-40 -560 0
-113 -226 0
-2 62 0
-2 -422 0
-4 780 0
4 -572 0
1 199 0
4 524 0
-187 -748 0
10 -760 0
-7 -952 0
-193 -386 0
-1 -358 0
-6 -588 0
35 245 0
90 -450 0
1 795 0
15 645 0
276 552 0
-429 -429 0
-20 740 0
-1 633 0
-16 -816 0
-63 378 0
11 594 0
-2 270 0
22 -264 0
-2 472 0
3 -912 0
-60 480 0
-3 -618 0
26 -286 0
-1 2 0
-46 46 0
-3 -939 0
-138 -552 0
-9 -468 0
1 -630 0
-1 -379 0
90 450 0
-251 753 0
-4 88 0
-1 73 0
-3 459 0
2 -172 0
27 351 0
-1 975 0
-113 -113 0
4 -604 0
-269 538 0
-11 -792 0
-1 416 0
42 0 0
128 -128 0
-10 -980 0
54 -270 0
224 -896 0
2 768 0
1 -914 0
-3 987 0
383 766 0
-40 520 0
158 0 0
-4 644 0
-87 -261 0
-7 966 0
290 290 0
-270 270 0
-23 713 0
-145 725 0
-11 176 0
-43 903 0
-8 -984 0
4 900 0
1 -110 0
5 -930 0
-13 -286 0
-93 93 0
-182 546 0
20 900 0
-1 -97 0
-8 960 0
21 819 0
-115 -690 0
-3 -585 0
7 -966 0
1 488 0
85 680 0
5 -575 0
408 -816 0
-1 -469 0
1 343 0
-52 -988 0
-47 -846 0
-8 808 0
-6 -114 0
-46 598 0
-194 -388 0
1 285 0
-107 321 0
21 -168 0
1 -78 0
-51 561 0
-482 964 0
-17 986 0
-1 963 0
2 -568 0
1 -690 0
37 -518 0
1 -291 0
-6 948 0
-369 -369 0
-1 419 0
3 -198 0
157 -785 0
-394 0 0
50 600 0
-9 270 0
-2 -218 0
-5 -150 0
1 662 0
7 -224 0
6 -168 0
5 -160 0
289 -578 0
3 195 0
-144 -864 0
-5 -810 0
1 -249 0
1 -446 0
-237 711 0
2 614 0
-20 260 0
50 -600 0
39 -858 0
-433 433 0
-119 357 0
-24 -168 0
-58 464 0
-23 943 0
-223 446 0
302 604 0
-25 -800 0
-62 310 0
-2 916 0
172 344 0
10 60 0
6 -852 0
-71 781 0
14 -700 0
-55 -550 0
1 935 0
-19 -304 0
-3 -276 0
-10 130 0
-16 -448 0
15 720 0
-202 606 0
-160 -640 0
-39 468 0
2 268 0
-1 100 0
1 -462 0
-107 -428 0
-95 190 0
95 570 0
-2 278 0
-1 969 0
-11 352 0
124 -868 0
15 870 0
57 399 0
-106 -742 0
144 -576 0
-32 832 0
20 40 0
-78 -780 0
5 -970 0
-45 0 0
304 -304 0
48 960 0
1 -655 0
-55 935 0
-1 -331 0
-19 646 0
98 -686 0
48 -480 0
1 -852 0
48 432 0
-305 -305 0
-2 232 0
131 786 0
-179 716 0
-299 -897 0
2 446 0
-8 -80 0
84 840 0
4 -568 0
18 -468 0
-1 412 0
-2 220 0
-1 735 0
21 777 0
53 -901 0
-341 -682 0
4 476 0
197 197 0
54 -756 0
7 868 0
20 -440 0
-3 468 0
-1 -222 0
17 -153 0
-4 436 0
350 0 0
-7 315 0
419 0 0
-1 -889 0
336 672 0
-2 818 0
-73 -438 0
-116 928 0
9 144 0
19 -266 0
-498 0 0
2 -712 0
-155 0 0
391 -782 0
-37 629 0
-7 609 0
153 -612 0
57 456 0
-84 504 0
73 730 0
-285 -855 0
10 -780 0
1 -789 0
-5 -20 0
20 -720 0
27 -918 0
1 -49 0
-3 -183 0
-1 336 0
-176 -704 0
248 248 0
-492 -984 0
2 -198 0
-9 666 0
11 -715 0
-144 576 0
10 -720 0
32 0 0
-11 264 0
2 -494 0
1 12 0
1 358 0
1 183 0
-451 0 0
103 309 0
-2 580 0
24 -648 0
-3 -768 0
-130 780 0
12 -624 0
1 -51 0
5 -635 0
299 598 0
1 477 0
-440 0 0
1 145 0
295 0 0
1 527 0
17 221 0
2 -554 0
-1 55 0
-30 -390 0
2 -10 0
-27 378 0
201 -603 0
22 -924 0
-63 63 0
-437 0 0
-5 -965 0
-136 -680 0
-49 -98 0
14 -378 0
5 300 0
-35 525 0
-38 -912 0
8 -696 0
-409 -818 0
-2 -304 0
-1 888 0
60 900 0
-1 309 0
-2 -236 0
-31 62 0
-21 693 0
-63 -756 0
-210 -210 0
-401 -401 0
214 642 0
44 -748 0
-9 882 0
11 781 0
-5 -385 0
-122 122 0
180 180 0
1 128 0
129 -387 0
-11 -154 0
1 47 0
1 792 0
275 275 0
360 -720 0
-11 -616 0
-6 -234 0
-1 923 0
287 287 0
-57 -741 0
2 358 0
-3 -150 0
7 -875 0
-66 -264 0
1 468 0
3 63 0
4 -404 0
-85 935 0
-15 630 0
-441 441 0
1 -833 0
1 -668 0
49 147 0
-2 -258 0
26 780 0
26 -728 0
62 -868 0
-3 75 0
142 -142 0
-5 495 0
1 -698 0
4 -64 0
-3 -849 0
-7 -609 0
19 760 0
-1 590 0
2 626 0
5 -480 0
5 -150 0
-1 920 0
403 -403 0
-1 689 0
205 -410 0
-10 660 0
-6 -750 0
38 -722 0
20 700 0
-1 160 0
-1 -50 0
38 798 0
72 -864 0
1 920 0
-204 -204 0
1 963 0
1 -452 0
190 570 0
4 -996 0
14 602 0
389 778 0
-59 0 0
-3 -927 0
-425 0 0
-9 846 0
-7 -819 0
-59 708 0
-28 -392 0
42 168 0
-2 -150 0
-1 728 0
-232 -464 0
-73 -949 0
-22 -836 0
1 -338 0
35 -140 0
1 729 0
-1 -980 0
8 -128 0
-64 -768 0
5 -845 0
19 380 0
176 -880 0
-10 250 0
-5 -275 0
-42 -546 0
-320 640 0
-6 -804 0
-4 604 0
-14 994 0
3 -252 0
-1 844 0
-62 744 0
-214 -856 0
-3 -330 0
2 -212 0
3 366 0
-14 -966 0
-22 902 0
-106 -318 0
-16 -160 0
-1 439 0
81 648 0
1 958 0
-34 -952 0
357 -714 0
1 -123 0
-100 -900 0
-16 176 0
75 -150 0
-12 576 0
131 0 0
-37 555 0
1 0 0
-361 0 0
-3 645 0
-6 396 0
-5 245 0
269 -269 0
-2 648 0
20 80 0
-40 160 0
2 174 0
167 0 0
-72 -216 0
3 345 0
-4 32 0
6 -798 0
-419 -838 0
324 972 0
51 408 0
33 -231 0
-226 0 0
1 561 0
-402 -804 0
-1 -519 0
4 -8 0
-1 -492 0
-15 -135 0
-71 284 0
1 -222 0
-1 932 0
68 -408 0
-21 336 0
-8 528 0
-12 -708 0
-109 981 0
1 452 0
-1 -69 0
1 -54 0
-4 988 0
-18 -108 0
5 455 0
-16 -976 0
19 -190 0
7 -553 0
13 -312 0
6 -12 0
-1 448 0
-4 332 0
-280 -280 0
-5 505 0
1 -625 0
-1 -160 0
-294 -294 0
-39 78 0
5 340 0
12 -156 0
4 856 0
-1 593 0
14 -448 0
-3 888 0
-10 930 0
-330 0 0
11 -55 0
-7 -210 0
19 -589 0
-129 258 0
-2 -222 0
-29 754 0
50 -150 0
-448 0 0
-29 290 0
-90 90 0
-242 0 0
70 280 0
-35 805 0
1 -893 0
17 -527 0
-1 -864 0
8 88 0
51 510 0
-14 392 0
-50 -400 0
43 731 0
-11 -946 0
-21 168 0
120 -240 0
-88 792 0
-149 -298 0
-1 -824 0
84 168 0
-36 -576 0
3 -240 0
75 150 0
-390 -780 0
48 240 0
-1 -787 0
-24 -960 0
2 390 0
-13 -351 0
4 372 0
-31 -124 0
-394 394 0
429 -858 0
-2 -924 0
1 971 0
-10 -620 0
2 316 0
1 -550 0
7 630 0
13 689 0
-58 -580 0
27 -378 0
-1 196 0
-20 -260 0
9 927 0
1 -574 0
9 -927 0
-418 -836 0
-4 36 0
-196 196 0
197 985 0
-12 204 0
1 981 0
52 -728 0
6 -246 0
-28 -896 0
-35 630 0
-31 620 0
1 -58 0
6 624 0
18 360 0
351 702 0
-1 -733 0
-5 750 0
-477 477 0
-22 968 0
-124 496 0
-248 -248 0
399 798 0
-1 886 0
-3 -9 0
10 -860 0
-34 340 0
-3 180 0
3 -399 0
-7 -798 0
-336 -672 0
-1 -607 0
365 -730 0
-5 455 0
-75 -300 0
1 442 0
-89 -890 0
47 94 0
2 952 0
-3 -417 0
1 -483 0
-165 -825 0
95 0 0
12 96 0
13 364 0
355 355 0
-54 162 0
24 240 0
3 -18 0
12 144 0
-13 91 0
-94 -376 0
13 -585 0
135 -540 0
17 187 0
5 265 0
-11 -605 0
-63 -63 0
-16 -352 0
-341 682 0
-2 -164 0
-1 639 0
17 935 0
417 834 0
483 966 0
11 814 0
-122 -610 0
-9 486 0
-58 638 0
-4 328 0
1 208 0
-5 655 0
3 -150 0
-90 270 0
46 644 0
464 0 0
5 665 0
-5 540 0
89 0 0
4 224 0
-23 667 0
-494 494 0
188 -564 0
-8 -976 0
3 -450 0
2 -856 0
21 -966 0
-1 940 0
100 700 0
-8 928 0
-9 783 0
6 714 0
2 874 0
-11 -979 0
-1 505 0
38 -874 0
-68 -272 0
-318 636 0
-27 567 0
-70 -280 0
10 640 0
9 522 0
-28 532 0
-2 -76 0
20 -620 0
-2 -882 0
4 800 0
-5 -205 0
-1 483 0
-63 -315 0
53 -742 0
119 833 0
9 792 0
37 555 0
-10 -500 0
-102 612 0
28 420 0
1 -240 0
-48 576 0
5 90 0
-43 43 0
5 840 0
1 467 0
26 -546 0
2 238 0
10 -410 0
-49 -833 0
-3 690 0
-2 6 0
119 -476 0
-1 775 0
-13 104 0
418 -836 0
33 -330 0
393 -786 0
282 846 0
-1 -494 0
-5 990 0
-3 810 0
257 0 0
-449 -898 0
46 -230 0
14 504 0
-175 -525 0
-20 -840 0
1 707 0
3 -942 0
24 288 0
-9 9 0
3 -183 0
31 744 0
-8 776 0
-4 -88 0
-1 236 0
-48 960 0
-1 545 0
-1 602 0
-35 210 0
9 -864 0
1 -572 0
10 250 0
2 624 0
-18 846 0
-2 -946 0
-5 615 0
-74 222 0
-11 968 0
20 520 0
-3 273 0
147 -441 0
5 310 0
-169 676 0
1 -892 0
23 414 0
-15 -645 0
5 795 0
18 -216 0
-6 -816 0
-114 -912 0
-2 514 0
2 -160 0
-217 0 0
-426 0 0
2 710 0
75 750 0
1 -680 0
-123 123 0
-1 64 0
27 -54 0
-327 327 0
-11 836 0
-2 890 0
-115 -115 0
54 972 0
41 -861 0
-323 323 0
449 -449 0
3 636 0
-7 -441 0
-174 -348 0
25 975 0
372 -744 0
79 -79 0
-13 286 0
7 322 0
7 -504 0
265 795 0
6 396 0
-1 444 0
-139 0 0
-113 565 0
-10 80 0
4 -376 0
-470 0 0
-25 875 0
-2 -988 0
-6 750 0
-90 360 0
-70 980 0
253 0 0
1 -959 0
-5 1000 0
-243 -729 0
58 580 0
-1 119 0
-1 -661 0
-13 442 0
-399 399 0
-11 -55 0
-21 756 0
-3 747 0
19 -950 0
-2 352 0
1 852 0
2 -918 0
2 926 0
3 -657 0
3 -231 0
-3 -288 0
1 100 0
1 413 0
-9 909 0
-7 588 0
21 -588 0
2 -180 0
-280 280 0
3 -303 0
359 0 0
63 378 0
-1 -560 0
-33 297 0
-1 92 0
303 -606 0
-9 198 0
-32 352 0
325 0 0
-64 576 0
1 759 0
-5 40 0
4 -92 0
-246 -984 0
-32 224 0
15 915 0
-68 884 0
441 882 0
40 0 0
-1 -852 0
27 891 0
2 862 0
42 -882 0
-85 510 0
-2 622 0
43 344 0
5 -135 0
6 90 0
-32 -512 0
110 990 0
-15 -120 0
297 891 0
-489 -489 0
40 -200 0
-1 -619 0
-2 364 0
1 -159 0
37 -296 0
1 -147 0
-71 -213 0
117 585 0
-24 -120 0
-1 -834 0
2 388 0
-419 838 0
-154 0 0
-91 -91 0
-31 -31 0
103 -309 0
15 135 0
-24 -360 0
-180 -360 0
-5 195 0
2 510 0
26 156 0
384 0 0
1 234 0
17 238 0
1 -69 0
-1 -448 0
328 -656 0
-1 599 0
4 -956 0
95 -95 0
-17 -629 0
-262 -524 0
25 625 0
-6 702 0
-124 -620 0
-149 894 0
