5000 1000
-2 -328 330
-7 -987 0
6 -72 -510
-3 6 504
-9 837 0
-3 489 0
-10 -760 -750
-3 471 -468
1 57 -118
4 -120 644
6 -18 -648
-1 31 32
-2 -48 -88
1 -1 7
6 162 156
-4 108 -704
1 -8 -209
7 154 -525
2 430 428
1 -44 448
-3 -51 -126
7 -420 -868
1 -189 920
1 40 375
-1 80 -231
-4 -76 864
-1 -33 -90
1 -39 248
-1 14 -40
2 784 782
9 -153 -540
1 -129 854
1 155 -156
-3 -318 0
2 -320 0
2 78 -164
-2 28 784
-1 -643 0
-2 -180 0
-1 -377 378
2 276 -846
-2 630 -628
-6 -96 -234
3 648 -651
6 372 366
1 137 0
-2 102 -880
1 766 0
1 57 740
2 -24 40
4 -184 960
4 -336 -340
5 -160 960
10 -3 3
2 -220 218
-2 464 466
-2 -530 532
-1 -305 -606
-1 -59 -780
-2 -1 -2
5 15 -770
-5 220 -615
-1 9 792
-1 71 -798
-1 82 168
2 868 -870
2 864 862
-7 0 -4
-3 114 369
-4 236 240
2 -72 448
-5 -85 -330
8 -904 896
-4 932 -928
-7 588 0
6 984 0
-2 82 360
2 -150 952
-1 -489 490
-1 639 0
-4 128 -960
8 -40 -288
-4 -360 -704
1 156 -157
1 195 386
1 -194 384
6 534 528
3 -252 -516
4 -24 0
-1 -471 -938
1 697 0
-4 -100 336
1 -58 760
-2 6 308
-2 626 628
-1 36 901
1 -52 627
-2 28 144
4 -404 0
8 -40 -832
-4 344 0
5 110 105
1 23 60
3 945 942
-2 84 -234
-10 -350 -340
2 -58 -264
-1 -4 396
-10 -940 -930
-9 171 -756
1 951 950
-3 984 -981
-6 -60 336
-1 -314 315
-10 -60 910
1 -56 640
-1 -44 -420
3 -573 -576
-1 666 -665
3 -645 642
-2 -72 -448
1 -501 998
7 427 -882
1 86 480
-2 -322 0
1 -451 898
-10 -260 -690
-1 21 72
2 -104 -448
5 -220 420
-7 140 -672
-1 141 730
-1 -812 0
4 -88 -192
-1 -190 191
-6 174 792
3 9 -30
1 605 0
-1 6 135
-5 -390 395
-1 -428 429
-7 -175 182
9 450 -936
-1 259 -768
9 45 -216
-8 872 -864
-2 362 -716
3 27 -30
-2 720 -718
1 44 0
-7 -714 721
-2 -244 -242
-3 -114 945
8 -128 440
4 -364 -744
3 -198 195
1 -116 0
5 -810 -815
-2 -260 528
4 -284 -288
-1 416 836
2 -52 240
-1 60 -896
8 -336 0
4 112 784
-1 -40 176
-1 -21 0
-1 -63 988
-6 42 588
5 -220 800
-1 -617 -616
1 245 244
5 360 -365
-2 60 -112
1 -8 -945
-2 -218 -636
3 18 -21
-5 -85 550
7 147 -504
1 -21 -396
-2 -352 -696
-1 43 -82
-2 28 414
7 133 -140
-6 -84 -288
-4 264 268
2 72 -704
1 705 0
-2 -360 0
-3 -252 783
1 53 690
2 110 212
-1 5 924
-1 -409 410
-10 320 -870
-2 -932 934
1 16 15
-1 40 329
1 843 842
-1 143 0
-3 -90 777
3 -360 0
-2 204 0
-2 540 542
8 80 -952
1 -6 -247
-5 -225 -430
3 -357 -360
-1 231 232
-1 191 386
-2 -268 -786
-3 15 72
7 476 469
3 -354 696
2 646 0
1 -55 54
2 118 336
5 -165 310
-3 -99 -756
-4 508 -504
2 -258 -524
-1 60 -800
4 -604 0
7 -217 210
10 230 420
-4 -156 -992
1 -259 514
-9 180 -171
1 100 -525
-1 -222 -657
-4 -524 -520
-3 -627 0
-5 115 -450
1 -332 -333
-1 786 787
2 -490 488
3 297 -300
5 680 0
1 -317 316
4 -156 -328
-8 -312 -864
5 260 -265
-3 0 48
-2 -202 -588
-2 318 0
9 207 -450
3 -129 -270
-7 322 -315
1 -95 450
6 -492 960
-1 19 840
10 400 0
-1 -2 728
-1 -540 -539
-7 -154 -147
-4 -212 672
3 729 -732
3 357 0
-1 75 -216
1 -100 -864
3 -84 345
-2 -252 -250
-4 -72 832
3 -69 -420
-1 280 849
1 -11 -476
2 -12 0
-1 0 64
2 720 718
-2 52 -96
-9 -99 0
-1 85 -616
3 969 0
-2 974 -972
2 -76 -160
-3 453 -450
2 -98 440
-1 -217 -852
-1 504 0
-1 -97 -630
1 -397 -398
1 447 -898
5 -580 0
3 -375 -378
-1 23 -42
1 346 0
8 -176 -600
-1 -741 742
3 837 -840
6 42 60
3 69 -324
-1 -33 918
-3 840 -837
1 -70 384
4 36 72
-2 58 780
1 -242 952
7 -469 0
2 222 -224
-1 55 -336
-1 244 -243
1 50 -216
2 44 114
2 -792 -794
4 -680 0
1 -51 -220
-5 955 960
3 702 699
-2 118 504
1 -730 729
1 755 754
-2 -458 -908
-1 785 -784
-1 -455 0
-3 -150 -552
1 29 54
-1 32 900
-1 67 -616
3 345 342
-6 120 -450
-1 -72 -140
-2 -64 738
-3 63 216
2 -186 -980
1 109 -570
-6 6 180
10 -820 0
-5 -35 -30
1 34 264
-1 64 -735
2 818 -820
-2 306 0
-7 63 952
-3 -78 945
3 270 783
7 -42 -189
-1 -360 724
-3 480 483
-9 252 0
-3 135 -702
-7 287 -546
5 740 735
-5 -40 0
2 120 918
8 168 -368
-5 -135 -760
-1 -111 -110
3 783 780
-4 288 -560
4 84 272
1 379 754
-1 42 235
3 -531 0
4 -84 -928
-1 402 0
-3 111 492
-3 -447 450
-1 -638 0
-1 406 816
-4 -156 0
-2 8 504
5 -135 250
2 -82 780
2 -78 76
-3 -399 -786
3 69 -420
-1 271 -804
-2 -156 -304
-2 -142 -536
1 -313 312
1 848 0
2 80 800
-3 -852 0
5 975 0
-3 75 -342
-1 -94 -765
-1 -48 153
-2 -158 -600
4 36 -40
-1 -255 774
-2 104 -840
-6 168 768
-2 -990 992
-4 -108 -680
-3 -624 -621
1 147 -604
2 930 0
2 154 980
1 -41 148
3 309 -954
-7 623 -616
-2 -464 -920
7 805 0
-1 -454 455
-5 935 -930
-4 -24 448
8 -840 0
3 -264 -267
5 135 -800
2 960 0
-7 889 -882
2 522 520
-2 140 750
1 -870 0
5 500 980
-1 -55 -250
1 20 99
2 -392 -394
6 -9 6
1 62 520
-3 -873 -870
-4 -128 740
-6 756 -750
-1 -205 -406
-2 606 608
-4 -788 792
-1 -909 -908
-1 -74 -640
3 327 324
-5 -960 965
6 726 0
10 390 380
-4 180 -800
8 -64 -160
3 120 -387
2 -208 408
-1 -85 264
1 495 0
-6 -72 -66
6 18 0
-1 593 -592
-1 -111 702
4 -108 680
-3 312 -309
2 -280 -568
-6 -126 -648
-4 -48 -140
-1 -220 -864
7 1 1
2 536 0
-2 130 0
1 -159 468
2 300 882
7 -112 -119
-1 24 -95
-3 93 540
9 -189 0
8 136 528
1 224 -681
-2 -814 -812
5 -100 180
-1 190 191
7 231 -756
6 -750 744
8 224 -744
1 155 750
-8 776 -768
-1 233 -232
1 -244 243
3 -441 0
6 192 -864
-1 14 -40
2 -20 32
-5 -25 250
7 903 0
1 153 -954
4 300 -936
-1 -1 870
-3 45 -168
-1 57 180
-1 83 440
1 315 626
4 -272 268
-1 -86 -249
1 -902 901
-2 -226 936
-6 -90 204
1 489 -982
2 -488 -984
1 -841 840
-6 120 -546
8 176 320
1 -226 -227
-9 306 -297
-3 135 -972
-3 87 -540
-1 880 0
1 620 0
-2 414 416
4 -100 -104
2 500 0
1 573 0
-1 17 798
1 42 -135
1 330 981
-5 -45 180
6 2 6
4 -852 0
-3 -105 -912
-5 70 735
1 -14 -147
-1 888 889
-7 -154 -504
7 91 252
-4 -216 -416
1 -127 -660
4 696 692
8 280 768
1 12 0
1 100 -636
-1 193 -192
1 80 576
-1 -503 504
-1 -168 -167
-7 -504 -497
2 208 -210
4 88 468
3 108 864
1 -52 -285
-2 -94 300
3 -249 720
4 -580 576
1 35 -294
-1 954 -953
-1 246 -245
4 700 696
4 548 0
7 98 -840
-1 -272 273
5 -55 -210
7 -77 -294
2 -182 356
1 -324 -981
1 -182 360
5 65 60
-6 -702 0
-4 8 -6
3 189 366
2 -122 -804
-10 250 -1000
-1 -142 435
1 -81 -712
2 -128 896
-1 16 -48
-4 40 96
-1 -38 123
-6 276 -270
-2 -256 520
5 -85 80
-3 -99 102
-2 -364 366
-2 -140 -992
5 -720 0
3 24 21
-2 78 -676
-9 -153 -468
1 -370 -744
-1 -764 -763
-5 -995 1000
-7 168 -560
-7 -105 532
5 -15 -20
3 -372 -756
5 695 690
-1 18 243
-1 -416 0
10 550 540
-7 91 980
2 226 444
1 -462 -463
-1 -427 0
2 -322 -652
-8 -232 -960
3 -363 -738
-3 -345 -342
2 24 70
2 -86 444
-8 -472 -912
-4 324 328
-3 312 -612
-6 420 -816
-1 2 -3
-1 -143 438
-2 -182 184
-2 -138 -520
5 -125 570
-1 157 644
-1 56 737
-2 -260 528
-1 -4 672
2 486 -488
1 -213 -648
5 -215 600
1 -143 -894
1 -79 -890
-4 284 288
-1 36 205
-2 -102 212
2 -80 462
1 -330 981
-1 -88 665
1 -69 638
2 70 -312
-2 292 -290
1 -389 -390
-4 5 -4
-4 148 -928
3 933 0
5 260 960
2 270 268
7 126 455
2 -122 756
2 -94 344
-1 -117 -116
1 993 -994
-1 -488 0
1 -442 -888
-1 885 0
6 -312 306
-2 -280 -552
-2 -380 0
3 129 840
-8 48 -40
9 -18 -720
6 -42 -720
2 76 384
-1 132 -131
-7 7 392
-5 430 0
2 -92 896
-6 -546 -540
-1 324 -963
1 44 384
-4 -156 160
10 -390 0
5 290 0
1 492 491
-7 -210 -875
-1 857 858
5 -820 815
-5 30 360
-2 142 -896
5 750 745
-6 -126 -228
3 69 270
10 100 210
1 -837 0
1 -339 674
1 -75 -664
1 -319 -966
-9 -423 882
-10 210 0
-2 -26 228
4 824 0
-6 318 -900
-1 73 -210
8 120 -800
1 54 153
7 8 7
3 15 -198
2 -68 578
-10 -460 470
1 -299 594
-1 -748 -747
-1 211 -210
7 784 0
1 -228 -928
-10 -10 20
-5 120 -715
-2 160 850
-5 130 -765
1 375 374
1 -488 972
4 8 -32
-1 418 840
-1 -407 408
-1 -60 -539
-6 -138 -756
-1 194 -193
-2 184 -704
5 960 -965
-2 592 594
10 -370 -380
3 108 297
-3 210 -975
-1 498 -992
1 258 -783
9 603 -612
1 10 16
2 10 -48
10 140 240
-4 32 -60
-8 104 -320
-1 -102 -920
-4 -696 0
1 -407 810
-1 415 0
-3 -702 0
3 894 891
2 -418 0
-7 329 -630
2 -30 28
-3 -927 -924
-8 680 -672
-2 82 -836
2 86 744
1 126 -520
-4 -440 -436
-9 -261 0
-2 702 704
-1 -190 975
-3 123 -630
4 -44 -408
-3 -84 384
5 180 900
-6 -576 -570
-4 -288 -560
-1 -88 -975
1 -331 -666
3 96 -555
7 -7 -84
1 -983 982
8 -752 0
10 -880 -890
-1 468 -467
-1 947 948
1 56 735
2 104 102
-1 -10 504
2 436 -880
4 232 0
4 632 0
6 684 0
-1 -549 -548
-2 -324 -322
1 2 -195
-2 436 0
-3 711 714
1 61 228
1 -22 117
-1 -711 712
4 912 0
-1 -46 495
-3 -3 546
3 24 -720
1 -10 -416
8 128 312
-8 -168 368
4 0 3
-2 74 616
-4 -964 0
-1 118 363
-9 576 -567
-8 -128 456
1 -380 756
2 112 -480
-10 6 -7
1 825 -826
9 -225 900
-2 -428 -848
-4 -800 -796
10 70 -440
1 -83 532
-1 -418 0
-2 164 -912
1 -765 -766
6 -756 750
4 -96 540
-3 -966 969
-6 30 300
7 -469 -966
-3 -924 -921
-1 -488 489
-4 876 -872
-1 -55 576
1 -110 216
-9 27 972
-1 68 525
1 34 -111
1 -17 -168
-1 -82 -81
-1 -780 -779
1 -865 -866
2 -44 -46
-2 -104 106
-10 100 110
1 9 -136
2 900 898
2 168 -170
1 93 -594
-5 -140 -855
-2 488 490
-2 98 -360
-10 -970 0
7 448 441
-5 420 -820
1 230 681
1 996 -997
10 -40 0
1 -958 -959
1 -188 0
-1 -619 620
7 -203 378
-6 -438 900
9 -828 0
-1 -45 976
3 222 -936
-2 -42 -196
-1 -32 900
1 82 312
4 24 -108
-1 -62 -637
3 -36 -84
1 47 442
-2 -100 550
-1 -881 -880
1 -53 690
2 12 -864
-9 378 -369
8 -432 424
2 410 0
1 -121 -372
-8 96 -256
-7 -133 -490
4 216 -220
3 267 774
-5 260 540
-8 904 912
-1 24 -23
1 -311 618
2 110 752
-1 -93 490
1 -177 350
3 72 -651
-3 84 -480
-2 248 -488
-3 -696 699
-7 -728 0
7 -161 -350
5 220 -225
2 218 636
1 -22 -75
1 41 238
-1 -169 342
-1 -70 296
1 308 612
2 -54 324
-2 220 0
5 -235 -490
1 33 272
-6 108 -432
2 -8 -64
-3 -303 618
1 418 -840
-2 -548 -546
-6 456 462
2 306 604
-1 325 984
1 144 284
1 -40 -561
-1 375 0
9 -351 342
1 -98 -848
-10 -300 -290
6 918 912
1 33 -108
-5 100 -455
-1 -664 665
4 -392 768
-6 -372 0
-1 163 -322
-1 358 -357
-10 -100 960
1 45 -486
-3 -69 -126
4 -336 0
-3 -171 354
-7 -119 266
9 243 -522
-1 619 -618
2 360 -728
-1 -212 -832
1 78 152
3 -141 0
-5 145 480
2 -40 -192
1 -73 -390
-1 -497 998
-1 265 266
-7 840 -833
-2 86 -164
1 -142 0
1 -594 -595
-1 -674 675
3 -363 -366
7 -217 -224
-4 -96 -476
-6 -684 690
1 85 684
-5 655 0
4 156 -688
2 -472 -952
2 396 784
1 191 -192
-5 400 -395
3 114 -240
1 236 235
-1 458 -912
-5 155 -750
-4 -368 -720
1 -111 218
2 -516 514
-7 721 -714
-2 -238 -236
6 426 0
-4 552 0
-4 836 840
-3 114 -891
1 50 -531
2 86 920
-1 36 405
1 -261 -792
3 -660 -663
3 327 -330
-5 495 -490
-1 54 952
6 -156 -162
-1 -161 326
1 633 0
-1 112 113
10 510 -520
-3 -114 -891
-2 180 -688
-1 163 -480
6 168 -990
1 -33 272
-1 170 344
1 -77 -240
-4 92 -168
6 90 156
2 -172 -720
-4 88 672
-8 424 -416
-3 867 870
3 -153 -840
-4 308 -600
8 -608 0
1 540 0
5 115 300
1 373 -374
1 -120 999
-1 -698 0
5 3 9
2 -718 716
2 -442 0
1 -114 -976
7 154 280
-8 -136 144
4 -36 -448
6 -138 -840
-2 136 138
-2 574 576
-2 10 12
1 171 830
2 144 670
2 -68 -774
-1 -107 -970
1 -428 0
2 -296 -298
1 655 654
1 -770 0
5 -600 -605
2 -810 -812
7 -721 714
-3 123 -540
-1 -32 -240
2 360 358
1 292 867
-2 -2 180
1 243 720
5 -4 5
-2 -188 784
2 -688 0
5 140 0
2 84 544
5 -825 820
-1 -254 -753
-7 -217 -588
-1 230 936
8 784 776
2 16 -130
-1 -1 156
3 54 -525
-3 294 909
-2 -768 0
5 205 -210
1 67 0
-1 -42 648
-4 -144 -896
1 959 958
1 -39 -490
10 -590 580
-1 185 374
-1 -974 0
-3 -36 567
-7 -406 840
3 -780 -783
-1 -265 0
2 -124 -670
-4 -136 -832
5 -30 -275
-3 24 720
-3 150 825
2 -32 -754
-4 308 -888
-1 -31 -30
-8 152 336
2 -52 176
7 -112 385
6 -216 768
6 318 0
-2 -720 0
-1 717 -716
4 280 804
2 -236 0
-1 -888 889
3 -177 810
-6 -4 -4
-1 463 930
-5 -250 -480
2 -90 868
-2 394 396
-1 -173 -510
1 -593 0
-3 -42 -147
1 749 748
-9 54 819
2 -214 -436
-5 440 0
-1 374 -744
-1 -34 -208
-1 97 -870
1 385 -774
1 60 -700
-1 -432 0
-1 -251 -498
2 -256 254
2 -106 644
-5 -55 -150
1 -39 108
2 40 182
6 120 576
9 846 0
3 324 636
-5 -6 -5
-2 96 896
-3 522 -519
8 312 0
2 352 -354
-2 -620 622
-7 -161 546
3 -708 705
1 -375 0
-1 -34 387
4 -16 -20
-1 -508 509
-1 852 -851
-2 818 0
-1 35 156
-5 -815 -810
3 66 63
-2 152 -150
1 -29 120
5 80 -525
10 310 840
4 396 -400
-1 391 -390
-2 844 -842
9 162 720
-7 0 175
-3 -936 0
1 -350 -704
2 -268 -544
-4 -212 -208
-9 450 0
-2 -280 -552
4 148 640
-2 468 470
-1 -40 689
1 522 0
-2 314 -620
5 -655 650
-2 -132 710
1 64 -912
-2 104 826
6 -108 336
-1 -89 -988
-10 160 360
-4 -220 696
-2 428 864
2 -308 -310
1 -60 -396
-2 -8 -8
-5 55 900
3 378 -768
-2 -420 0
1 -61 798
-2 160 0
-3 609 0
1 796 795
1 586 0
-10 -40 320
2 -50 -792
-1 322 648
-1 904 905
6 186 -192
6 -468 -474
7 420 812
5 -365 -750
9 -225 414
-2 -248 -488
1 636 0
-2 326 -324
2 426 -428
1 -229 0
-1 -112 464
-7 -21 616
-2 -252 512
-6 -78 0
5 990 0
1 28 -29
-1 56 -684
-5 -370 0
1 113 -114
5 -320 315
1 -32 -228
5 -175 750
-1 657 658
-8 -48 728
5 -20 -585
-1 138 -665
-2 -110 -212
-2 220 -848
-10 -50 360
8 0 0
4 -920 -924
6 -138 780
1 -186 -955
1 849 -850
7 21 -756
-2 -182 960
1 211 0
2 -528 526
-1 -451 0
1 388 772
-3 -444 447
7 -203 -434
2 -484 -976
-2 -86 700
3 78 -945
-3 129 -246
-2 2 312
-1 78 -77
1 -678 -679
-1 -83 -532
8 176 -832
3 -96 -99
-3 738 0
-1 42 -432
1 -25 -224
-1 -193 -382
3 -660 0
3 105 -108
-2 -68 -506
3 27 -336
-1 -17 684
-1 162 163
2 -130 -268
-5 30 0
-3 45 162
-2 -3 -7
1 48 432
4 4 8
1 -867 -868
-1 -226 -448
2 -328 0
3 -198 -201
-2 78 864
1 81 770
-2 162 -900
-2 -596 598
6 372 -378
5 -495 -500
1 -988 -989
5 -125 500
-2 254 0
8 240 448
9 18 -432
-2 -814 0
-2 20 22
-3 -135 -378
-4 -100 -336
5 130 -600
4 40 -476
-1 -35 564
1 -87 -460
1 633 -634
1 -114 545
-7 2 -8
-1 -747 748
3 138 720
4 -932 -936
-1 -113 -936
-4 992 0
2 12 0
2 76 0
-1 -203 0
-1 134 135
-9 -441 -432
2 674 672
-3 -18 21
1 57 702
1 -154 304
-2 132 864
3 -882 879
2 102 -440
8 112 384
-2 -246 500
-1 -61 792
-1 28 960
-2 414 836
-1 63 -882
1 645 -646
-1 83 0
1 -14 -120
-4 60 216
-1 186 0
2 -108 -110
-1 -275 276
6 -624 -630
4 -272 -852
-1 -380 -379
3 -315 312
4 -760 -764
-5 -100 220
2 -30 100
-1 -232 233
-2 944 946
-1 19 290
3 -108 -756
-9 -198 207
-1 304 -604
1 -105 -324
-1 -293 0
6 780 774
10 -80 70
-1 877 0
1 186 -376
6 -912 906
9 18 -432
5 90 85
-2 -978 -976
-2 -882 -880
-3 114 -936
-1 387 -770
1 -25 -444
2 20 -528
1 -14 -32
1 453 -454
1 71 754
-3 3 168
-1 27 630
1 2 -15
-4 44 968
1 -584 0
-1 -578 579
-1 826 0
9 9 -180
3 15 12
3 312 -636
-1 -56 441
1 99 728
5 -340 660
2 -10 -1000
-2 -58 -276
3 -96 -315
-2 272 0
2 -188 -582
2 420 -422
1 180 -364
2 -102 -324
1 -172 -525
1 49 -330
-3 -123 258
-1 -242 488
1 -226 -920
4 548 544
5 30 -360
-1 -32 -220
1 241 714
10 160 -170
-3 51 114
-1 -97 -870
9 -774 0
-4 -64 -112
-6 -18 0
3 -528 525
-1 -169 -660
2 64 270
10 330 -340
-1 135 556
-1 -35 750
1 -52 387
-2 316 0
1 208 412
4 48 -432
3 -6 -144
2 -360 0
-3 225 -852
3 54 -957
1 -88 255
3 204 0
-1 -49 -390
-1 582 -581
-1 -18 -32
-3 72 -189
-1 -125 0
1 -253 -510
-1 -262 0
-1 979 980
1 -72 -385
-1 233 -462
10 200 840
1 -75 284
-1 -80 164
-4 -900 -896
-7 -105 -378
2 28 -144
2 548 -550
-2 38 660
9 -882 -891
1 -227 672
-1 -75 -146
-4 -36 -32
-7 -294 -819
-1 -79 890
1 -219 648
-3 -714 0
-1 -43 44
-1 73 -462
1 410 -824
1 13 -114
1 775 -776
-1 213 214
-1 42 -272
-1 -9 682
-4 -68 336
3 -324 -327
-1 1 42
-4 24 448
-3 357 -354
1 -140 276
-3 858 0
2 -624 -626
-4 900 904
8 0 4
7 588 0
6 174 828
1 -177 692
10 210 200
1 -262 0
1 64 903
3 -108 780
-2 -58 -420
-6 114 -528
1 -220 219
5 -830 -835
-8 360 368
-3 6 -6
1 -473 942
1 301 -606
-1 786 -785
1 -46 -560
1 -885 884
-2 4 198
8 -768 0
-1 440 -439
-1 385 386
-3 -819 0
1 -102 200
1 -81 884
1 12 -189
-6 -42 48
-5 -795 -790
1 63 290
-1 68 -67
-8 -144 -360
2 -84 82
-2 116 -114
-1 -231 -458
2 -462 -464
5 495 -500
-2 68 -578
-3 222 693
-2 -38 504
10 -10 0
-1 47 0
-4 340 0
-1 303 918
1 -73 -560
1 -71 558
1 -329 978
-1 -552 -551
4 64 -228
-6 342 -972
1 -310 921
7 371 0
7 679 -686
-2 -84 -640
-1 -59 122
-1 51 -188
4 -228 440
-2 8 792
-1 -7 494
-3 129 -570
1 -900 0
2 182 -960
-1 237 -236
2 -970 968
-4 16 84
1 183 362
1 649 648
-1 76 581
2 438 -884
-1 190 384
1 -993 -994
6 -18 -240
3 -213 -666
4 -580 0
6 12 -720
2 -236 -238
-7 378 -728
-1 65 -550
-10 10 -10
-1 -184 -543
-6 24 0
-1 140 876
-1 32 -207
-1 37 -270
2 102 988
1 -980 0
4 -380 -776
-3 198 621
-2 124 -770
-4 0 324
-5 -140 -900
-5 720 0
-1 491 0
1 48 215
-1 137 0
4 -68 -800
5 485 0
2 86 444
-2 232 960
7 -5 9
1 64 735
-3 -54 729
1 969 968
2 138 868
-8 -512 -504
-10 430 -820
1 135 -700
2 -1 8
-4 -84 520
-3 -234 -888
1 -32 -705
1 -151 -462
1 -67 616
-1 72 385
4 44 -968
3 105 198
2 -78 756
1 -390 389
3 -801 0
-8 -56 0
-1 -56 441
-1 -54 -693
-1 -42 400
2 82 828
2 552 0
6 -66 60
-5 -145 0
-9 -882 891
-1 169 -168
5 140 575
-1 411 826
-1 -40 176
2 184 -376
-2 384 0
-8 -40 832
-1 -13 -30
1 -203 0
1 838 837
-3 -81 480
4 -208 0
3 -111 756
1 -46 205
-2 -12 14
3 -657 654
3 162 735
-4 76 168
-5 230 -440
-4 140 -136
7 -658 -665
-1 -119 -460
-1 -47 638
1 189 0
-1 -314 -624
8 -5 4
-7 91 98
1 -166 648
-5 -35 0
-1 -59 -688
1 -756 -757
-1 6 280
1 253 996
5 -190 680
-2 -174 728
-5 -105 230
9 1 4
-4 60 -176
-2 130 552
-1 110 111
-5 -95 600
-2 -332 -330
-3 -114 -720
4 8 -320
-2 46 -240
-6 -150 -756
3 198 744
3 -855 -858
6 -222 0
1 416 828
9 -936 927
1 122 585
1 176 348
2 -100 -318
9 738 -747
1 437 436
3 24 0
4 132 128
1 -84 -940
-1 610 0
-1 -23 -132
-1 -953 954
-1 469 942
-2 20 -32
2 596 594
-1 149 -294
-4 -688 692
-1 208 420
-7 35 42
-1 -173 -342
-1 821 0
1 462 0
-4 192 400
1 -238 472
-7 -672 -665
-3 5 -6
-1 -119 0
-3 -360 0
-2 148 960
-1 140 -675
-3 -141 780
1 -517 516
-4 -688 0
-1 -988 0
1 -91 510
2 -660 658
-5 155 -650
-1 56 -783
1 -30 -1000
2 198 760
3 684 0
-5 -565 -560
3 72 420
3 138 135
-1 -150 936
-7 -294 301
1 -49 580
-8 -440 -848
4 -128 -132
3 -603 600
4 -204 0
6 -840 834
7 -441 854
-1 -103 0
1 59 564
8 -120 -128
-5 -930 0
2 816 0
-2 -286 -840
4 -176 780
-3 126 264
2 124 -816
4 -856 852
-1 -78 -621
3 9 -912
-6 -306 972
1 39 380
-1 149 770
3 12 -180
1 65 0
-1 18 648
-2 76 -624
-1 -155 0
1 -502 -503
9 -72 144
-1 993 994
-2 -128 -366
-1 399 802
-1 110 -109
-1 6 475
1 -905 -906
2 -526 -528
2 -130 -552
-1 523 524
-1 34 195
8 -32 -40
-1 -599 -598
2 196 -606
1 88 -180
1 711 -712
1 250 249
10 -760 -770
1 -87 170
-6 -36 96
1 127 952
-1 919 0
9 -648 0
-2 -12 -10
-2 -132 414
5 -110 425
-4 -60 -176
-8 608 -600
-1 -78 -152
1 181 534
-2 -240 242
-1 -500 0
3 255 -258
-4 -72 -320
2 -44 -270
-6 -12 0
-4 124 -840
-1 -36 252
-1 -131 680
4 -488 484
7 -175 168
6 102 432
-2 -22 160
5 60 -425
-1 -937 938
-8 704 0
-3 558 561
2 464 -466
-1 -647 648
-2 936 -934
3 198 384
-5 115 -650
1 29 -846
-2 -968 970
8 -600 -608
-6 156 522
6 174 600
1 -130 -675
1 -153 -790
2 110 -348
1 -146 -600
-1 -129 130
-8 -32 -32
-3 39 -120
-3 -192 0
1 -858 0
2 10 -168
1 -331 658
-1 -11 620
2 16 0
1 -637 636
4 -824 0
-2 -144 -544
4 12 -432
1 166 0
3 174 336
-3 -129 -666
1 -77 -498
-5 225 0
7 56 -588
-1 -277 0
1 -80 816
1 -56 255
-6 -978 984
-7 -168 -896
-4 80 -400
-1 -173 -510
1 -49 -212
-3 975 -972
-2 42 704
-1 7 368
-6 48 198
3 699 -702
3 135 258
-4 -944 0
5 -140 975
-1 495 496
2 250 -768
1 63 -490
-1 -14 627
1 -7 12
-2 474 0
-3 324 327
1 146 -755
2 -710 0
-1 155 966
-1 550 551
-2 -238 484
4 196 376
2 736 -738
-7 -119 -462
-1 473 -472
-2 122 -236
6 270 -276
-1 226 456
1 935 0
1 903 -904
1 191 0
-1 -41 -364
2 -62 -444
2 322 320
-7 -147 -630
-1 -721 0
-8 -392 816
2 -244 -246
-1 -357 0
-1 -81 -518
-8 104 -176
2 -518 -520
2 -164 770
5 -980 975
3 -405 402
-4 -220 224
-2 -178 -348
10 -530 0
4 -344 996
1 385 384
-3 -57 360
-5 -175 -870
5 790 0
1 34 64
-1 -256 516
-4 188 -688
1 -158 0
3 -990 987
4 316 912
1 -800 -801
-4 -152 -420
-6 -684 0
1 149 148
4 -116 -840
10 -960 950
-5 135 990
2 -38 -300
1 220 864
1 -11 28
4 776 772
-10 0 -1
-1 657 0
-9 -450 -864
-6 150 -144
-2 2 -6
-3 510 -507
6 -174 600
-5 245 -240
-9 -729 -720
7 -931 924
-1 -201 406
-4 -128 912
1 -181 180
1 -999 -1000
-1 104 212
-2 108 110
3 60 0
3 72 189
6 246 -516
1 205 406
-1 37 -232
-1 -770 -769
-2 542 -540
-5 -60 -180
1 16 -260
10 860 850
6 24 -702
-1 216 217
-5 9 -5
4 -932 928
-3 -72 -405
-4 -552 556
5 -145 0
2 -704 -706
-7 644 651
3 54 -264
6 804 0
4 504 -508
-1 246 496
-5 205 -900
2 270 -828
3 45 150
-7 168 0
1 -24 -697
-3 693 -690
-7 294 -287
5 35 -90
-1 -144 441
-2 -952 -950
-2 14 288
1 -698 -699
1 33 200
1 -397 -798
2 322 0
-1 -14 32
-3 -771 -768
-4 -8 480
1 48 -448
-1 49 522
1 -13 -714
2 370 732
1 -244 -492
6 462 900
1 60 900
-1 -225 226
5 -125 780
1 -26 168
-4 -960 -956
1 131 508
-1 -275 -816
-1 -105 -500
4 -140 -624
8 -120 -272
1 202 201
2 -228 -230
3 3 6
-1 299 -888
-3 -210 657
3 -186 -384
5 495 490
1 -394 -395
-1 72 468
5 -185 930
-4 372 376
-5 435 440
1 417 416
2 -302 -612
-8 -408 -784
1 -99 -520
7 -161 -546
-10 220 0
-1 49 270
5 240 880
-9 729 0
-7 -938 945
-1 -834 -833
-8 -224 -600
-5 -180 800
-3 318 -624
-5 210 -205
-4 -352 -688
1 201 -202
2 -744 -746
7 -189 182
9 -243 234
3 -348 0
-2 -54 -220
-2 -242 1000
-9 90 675
-1 -70 -825
-1 -134 552
4 464 0
8 208 -448
-4 156 -792
-7 112 -196
-1 -132 -875
-6 324 0
-4 492 -968
2 -908 0
-2 -290 -572
-10 150 160
2 974 972
5 -130 720
3 801 -804
3 -258 504
10 10 -200
-7 91 -294
-4 844 -840
5 615 610
-1 -63 -980
-1 292 -867
-1 -253 -996
4 -184 672
1 -82 312
3 462 0
-1 -146 147
10 330 -700
1 14 -435
2 102 616
1 -52 -413
-1 69 -684
-10 430 900
1 -529 -530
2 -396 -398
3 51 -414
-1 72 468
-1 -926 0
-2 88 -936
2 924 0
1 -230 904
1 -867 0
-2 6 8
-4 -136 -900
-9 180 -576
2 632 -634
1 -484 -485
1 30 56
6 -138 456
4 192 860
2 42 220
-2 -60 -250
-10 490 -480
4 112 684
9 -8 5
3 -81 276
-1 -41 -330
-6 -396 402
-1 -143 -690
-8 488 -480
-1 245 494
-3 102 456
-10 -100 -210
-1 -218 -645
4 -488 -992
1 47 540
3 -297 0
2 44 210
-4 820 -816
-1 -50 399
5 -450 -920
2 -552 0
-1 -3 598
-1 -69 292
4 -264 -828
-3 -51 0
-1 -45 684
-5 -65 340
-2 -686 0
-1 262 -261
1 70 825
-1 106 -960
1 -220 864
-2 -188 0
1 -121 -896
-3 204 -768
1 -24 -432
2 342 -344
-8 -104 -336
1 -38 -935
-1 -73 830
-8 -208 448
4 -528 524
-1 -84 736
-1 -33 -162
3 -33 -540
3 0 -147
2 1000 998
-1 -192 -380
-1 -49 -444
-2 -976 978
1 -882 0
1 -153 -954
-4 0 -6
1 116 339
5 35 -720
-1 -870 -869
6 -7 10
-1 825 0
8 -808 0
8 -168 -800
-2 -200 -950
8 -952 944
-2 54 -364
1 -146 145
8 -384 -392
1 -229 -696
-1 -156 -900
9 -612 603
2 -870 868
-8 528 0
-2 -200 832
5 770 0
-3 -270 0
1 231 458
-2 -2 924
3 723 720
3 -324 321
-1 671 0
1 170 984
-1 -18 208
-1 -241 980
1 -89 -276
-3 -96 -180
8 480 -992
-8 120 432
2 74 140
-10 610 620
-1 932 0
2 -42 136
-5 -875 880
-10 -5 -1
3 -876 0
1 45 450
10 -540 0
1 -463 -464
4 -140 264
4 -188 840
-8 -600 608
7 140 -147
1 13 -338
1 197 0
1 -152 -948
2 64 -946
-1 -164 -948
1 48 -793
-6 516 522
-6 210 684
1 -58 357
7 -168 -364
-2 466 -464
-4 -956 960
-5 -110 -600
3 72 132
-6 822 0
-4 -284 0
2 218 428
-5 180 -640
-5 155 -920
6 -4 7
1 57 806
-2 76 -384
-1 32 585
-1 -407 408
9 495 0
1 -56 208
2 62 216
1 -939 938
10 9 3
-4 208 212
-4 64 -252
-5 -520 525
2 -214 0
5 -2 4
1 821 820
7 735 728
-2 444 896
1 151 870
4 -136 832
2 -154 980
-8 -184 -960
-1 176 0
-2 -376 378
-1 142 -417
3 -18 -273
5 -565 0
-9 441 -846
-6 720 726
-3 117 660
2 -412 816
-4 -228 232
9 432 0
1 -130 -816
-1 -105 -306
3 -33 -78
6 276 -882
10 770 760
-2 -226 -444
1 5 -14
1 124 480
-4 -32 192
-3 -621 624
1 -168 -865
-2 58 684
-8 -24 144
-5 -415 -810
3 132 864
-2 -78 -216
-5 130 435
-1 88 0
-1 -485 974
9 -243 -810
-1 59 -850
-2 698 -696
-1 -71 -610
-1 -699 0
-1 825 0
-7 -238 -448
-1 -233 948
5 -135 810
-2 56 -192
5 780 -785
8 88 -208
1 -47 -708
7 -413 -854
2 170 -528
-1 -166 0
-4 -84 400
-8 112 -264
-1 -238 0
7 182 -609
3 750 747
-1 253 768
-4 2 -8
9 0 -81
-1 123 774
-2 -216 -832
1 -115 0
-1 103 -202
1 657 0
4 84 320
-1 -84 352
-2 262 -260
9 477 0
2 -342 0
10 -130 120
1 217 -218
1 -149 438
2 130 -852
-1 -306 -305
-4 -232 992
1 684 -685
-1 -296 596
-1 66 -968
1 -305 -306
-2 -832 -830
6 -48 0
6 -498 972
-6 66 0
1 77 780
-8 464 960
-2 52 -330
4 -488 0
-1 582 -581
-1 135 414
3 414 411
-2 778 -776
-1 -380 381
-3 -183 -354
-1 -76 -219
-1 -204 205
1 -67 -518
6 48 -630
1 294 584
-3 153 840
-1 497 -990
-5 -85 -150
-5 -165 -1000
4 72 288
7 714 -721
1 264 263
1 28 -245
3 -225 -948
-5 105 650
1 254 -512
-1 -870 0
-2 78 -580
6 -12 -480
1 184 895
-3 147 -774
9 -117 360
-8 -168 576
10 580 570
3 -354 0
7 84 -931
1 105 594
-5 30 135
-2 58 -200
1 -238 -723
1 -487 -978
-8 -2 -3
-1 -12 405
4 -732 728
1 -56 343
-2 -374 756
10 -530 -540
4 -400 396
9 405 0
-3 480 972
8 680 -688
-3 102 -504
1 -302 897
2 -48 -360
-6 -150 -924
-1 -89 -88
1 121 904
9 -864 855
-1 -897 -896
-1 -51 162
-2 628 0
3 489 -990
-8 344 720
-3 258 801
-1 -244 741
-1 94 600
5 -65 210
1 -674 673
1 -265 264
3 -6 0
-2 -620 622
-1 -11 726
1 97 870
-3 165 -612
1 -123 -508
1 59 598
-3 102 -864
-1 -59 690
-5 -110 375
-5 -955 -950
-1 506 0
-1 643 644
3 -273 -276
2 78 -540
-1 -55 -646
-8 360 -688
-1 82 -720
-1 613 0
-6 156 -288
-4 500 -984
4 -584 0
5 450 0
1 -38 360
10 880 0
1 54 -496
5 255 -530
9 450 864
-5 215 -210
-5 155 -540
1 75 900
-3 81 -420
-2 -74 828
1 41 180
5 -325 -330
-2 772 774
-7 -336 700
-3 -30 288
2 202 396
-2 148 -560
9 -801 792
1 50 621
-1 -163 -162
9 243 450
1 -576 575
2 -78 216
-9 -90 864
4 204 576
1 -119 234
-2 -50 792
-4 -116 -672
1 -146 -755
-2 -70 -300
9 99 252
-3 -174 -648
8 88 0
-1 -54 -473
-7 210 448
-7 1 -3
4 -784 0
-1 -366 -728
4 312 -640
-5 50 -125
3 -678 -681
-1 -746 -745
-4 -168 -320
-4 176 -336
-10 -100 750
1 -49 220
-1 206 840
-1 -530 0
1 43 -44
-7 616 623
-2 -62 -480
-1 -570 571
2 -720 0
-7 -434 0
-9 126 -432
1 212 -428
4 140 784
-8 872 880
10 -740 0
1 -258 257
-1 644 645
-1 -862 -861
-1 67 138
10 -4 9
2 -164 474
5 805 800
-1 74 -213
1 -934 -935
-1 537 538
-2 210 648
7 -672 0
-8 -856 0
1 -351 0
-1 -413 414
-6 618 -612
9 513 0
-1 -132 268
-1 47 638
-10 180 880
1 13 -140
1 34 145
-2 24 266
-9 279 288
1 -400 399
-2 762 764
2 230 -952
1 804 803
10 -160 390
-1 -83 -666
-8 -152 -624
9 135 126
1 387 -388
1 915 -916
9 -153 378
-10 -240 810
-4 -152 860
7 385 0
2 948 0
10 -40 -770
4 -92 480
-1 -106 -408
6 78 -180
-1 -76 581
-5 460 -900
-1 337 338
1 288 -289
-1 781 0
4 16 -48
-1 -67 -252
6 66 168
5 -495 970
-4 -964 968
-6 762 0
-3 834 837
1 209 414
-8 -64 520
1 36 -517
-5 35 300
4 -792 788
8 -40 -288
-2 50 -252
-4 8 -9
2 -34 -780
8 136 240
1 263 -798
-6 6 936
-7 973 980
-4 68 -280
-1 -286 -849
2 -240 238
2 170 492
6 624 -630
-1 -152 153
1 -54 104
-3 99 -726
5 -210 0
-1 305 -906
-3 3 126
1 -312 620
6 330 636
-1 -457 458
-2 200 -950
5 -20 -300
-9 414 0
-2 -672 0
1 416 0
-1 256 257
3 60 300
-2 -798 0
-1 804 -803
3 753 750
2 152 -474
1 932 931
-4 652 -648
-1 96 832
1 86 553
-1 488 0
1 530 0
-1 -12 589
-1 -1 506
-1 -535 0
-3 -75 -432
1 825 824
1 52 -768
1 -385 766
-2 -56 858
3 -426 0
2 142 -600
-8 -584 592
-1 711 -710
4 -628 0
1 818 0
1 -48 455
-1 -165 -800
3 66 -609
-1 -195 -764
-2 34 220
6 -144 570
2 276 810
-5 490 -960
4 -240 -756
-1 35 -196
-1 -66 -945
-2 -98 -656
5 225 -980
5 830 0
1 -188 -768
-1 -116 -228
4 -952 0
-1 -605 0
-1 73 738
-3 399 -396
-1 678 0
-1 -75 154
-3 12 960
-2 -98 -836
1 401 -402
3 495 492
-2 834 0
-1 86 267
1 149 148
1 -391 778
1 76 483
1 15 -34
-2 60 -208
1 172 835
8 -240 832
5 215 600
-7 455 -882
-8 -40 288
-1 490 -489
-1 421 846
-1 -68 693
1 -226 -227
2 614 0
4 -96 -868
-1 -947 -946
-1 61 -820
1 -726 0
-6 384 0
-5 -500 -495
2 42 -884
1 410 -824
1 132 -133
-1 48 0
1 930 929
5 -445 -450
7 -2 8
2 -158 -840
1 667 -668
-6 -360 -354
4 80 -276
3 114 891
-2 518 0
-1 677 0
1 849 848
-2 12 320
-1 -100 416
-3 339 -990
1 -45 -144
3 12 -36
1 151 0
1 123 -774
-1 -32 -256
5 -730 0
-6 -9 -8
-1 52 -676
2 -764 762
1 -235 -474
1 -30 -351
3 261 996
-5 -635 -630
4 120 -700
-8 -3 -10
-1 -45 46
7 -210 -448
-2 -54 -304
-2 -408 824
-3 687 690
1 -4 0
-1 31 -84
8 272 -280
1 -900 899
8 -304 -312
1 -21 110
2 842 -844
2 -12 -320
-9 -45 324
-7 -399 -392
7 294 0
1 84 740
6 126 0
4 -152 -156
5 -180 -800
3 -225 -702
5 570 565
-1 -41 -148
-1 -475 0
4 8 -672
10 640 630
-2 -898 900
-8 -112 -392
5 -230 -235
6 528 522
4 -312 608
-2 -118 120
-10 470 980
5 -70 120
-1 428 860
-3 -732 -729
1 50 504
-5 -125 0
-7 -42 385
1 -960 -961
-1 -249 -248
-3 891 0
-1 -479 0
-1 -4 0
-3 -537 0
-9 -855 0
1 308 0
3 774 771
1 -36 -205
1 -210 621
-3 -132 -585
6 -324 -330
2 -104 630
8 288 -936
-2 152 -438
1 -6 -160
2 604 -606
10 20 -150
-2 -78 -280
1 61 -192
1 71 918
6 -48 -54
1 59 -390
-1 -163 498
-1 -68 213
4 -484 480
-1 -153 -152
2 42 180
5 270 765
-2 330 0
-1 748 749
-1 -84 -164
-9 -486 495
-3 228 0
-1 276 277
5 -150 -495
1 348 -349
2 62 60
-1 -511 -510
2 76 -160
1 209 -422
6 -858 -864
-3 -627 -624
2 -74 600
1 -800 0
-1 -7 294
2 -70 -492
10 850 0
2 -36 -990
1 -42 -135
-5 290 915
-9 270 -261
1 -139 924
10 -40 30
1 59 850
-1 223 -660
4 -356 696
8 -440 -912
1 53 546
2 628 0
-1 496 -495
5 115 -390
1 -186 -760
10 380 0
10 20 -990
10 180 560
-1 -217 218
-4 -292 -568
1 167 492
-3 240 -693
6 786 -792
-2 50 888
3 333 -336
3 -123 714
-6 738 -732
-1 64 -540
1 251 744
2 446 -448
-4 680 684
6 -390 0
-3 -177 -954
2 -348 -350
-4 -160 -304
1 -31 -312
9 666 657
-7 -126 805
1 -59 850
2 -730 0
1 35 -36
-1 -153 154
1 127 -524
-4 -200 -384
2 102 100
-1 502 -1000
-3 -162 165
4 -204 -208
-1 139 -798
-3 129 132
-1 -12 253
-2 348 350
1 -130 0
-1 -274 552
1 254 -512
1 -215 0
-1 13 168
2 462 0
1 8 12
-4 24 364
2 124 954
-2 716 718
-1 6 160
10 -60 50
1 132 756
1 -358 0
1 38 352
2 -544 542
-5 -275 -780
1 -49 588
-1 160 161
1 -54 -55
-2 -292 -290
6 -78 132
1 -956 -957
2 90 592
-1 -6 280
2 666 664
-2 132 -826
-2 286 288
2 -704 0
-9 216 225
-5 -165 -310
1 32 -969
2 208 0
2 -128 990
-1 108 -800
-5 760 0
1 370 -371
-1 -63 -62
1 499 -500
9 -369 0
-1 -5 204
-4 -56 128
4 -752 748
2 -510 -512
-2 830 832
-3 -87 -162
5 -135 -990
-1 -20 341
1 819 0
1 284 -572
5 -145 -310
-2 -66 756
1 -114 -115
3 -129 756
-3 693 696
2 -42 -44
-1 -325 984
2 172 336
1 21 -820
1 102 837
1 -470 -471
3 411 -834
-1 -954 -953
-6 36 96
1 74 144
-1 65 426
1 -769 0
-2 -782 0
-9 882 0
1 532 531
-1 -18 703
-1 869 0
-1 -235 236
3 987 -990
5 -115 -250
1 -807 -808
2 232 -714
-9 -981 990
-2 -4 286
1 -59 -690
2 760 -762
-2 12 144
-1 -850 851
-2 -966 968
1 -970 0
-5 375 380
-1 -500 501
1 122 696
-6 390 0
1 294 873
-1 227 458
-1 520 -519
-6 126 -540
-2 882 884
5 -310 600
5 360 700
-6 -210 -900
-1 79 696
-2 584 -582
-6 -870 0
1 -723 -724
2 74 -156
-5 150 0
-1 -43 -252
-1 -69 216
-5 455 0
-1 -443 -882
2 -94 684
8 600 -608
1 -274 -275
-1 488 0
2 48 286
-10 100 0
-2 -110 -588
2 -166 -880
2 174 -356
-4 -516 -512
-1 -17 -42
-10 -920 0
-1 -68 0
5 -645 0
3 795 0
1 -284 -285
3 198 0
1 -425 424
-1 30 64
9 117 198
2 -560 0
-8 -120 -352
-9 -54 819
4 320 624
1 0 -4
2 -84 882
-9 108 117
1 550 549
-6 546 552
-4 -68 152
2 798 -800
-1 269 -268
1 732 731
1 313 930
3 -387 -786
-2 -108 -106
2 220 432
10 -340 0
-8 -840 -832
5 285 0
-1 753 -752
-9 -180 -864
-7 -196 -364
-5 -145 -840
3 645 0
-2 -474 0
5 -380 -780
6 690 -696
-7 994 0
-1 -307 618
-2 350 -348
-2 772 -770
-1 349 -348
5 230 840
-3 174 549
2 204 -630
1 -349 348
-2 396 398
-1 -174 175
2 144 -296
1 47 246
5 -590 585
-2 -138 284
-4 -488 -960
-6 114 252
-1 -8 308
-6 168 -690
1 370 369
-7 -112 -273
-2 352 -350
2 206 404
-10 -470 -460
1 -35 -344
-2 324 -322
5 -275 780
3 -78 360
-1 -77 -76
-1 -86 651
10 -910 900
-1 -346 347
1 907 0
9 -522 513
4 48 -640
10 -940 -950
-1 144 592
-3 -147 810
-1 88 -567
1 69 638
-3 99 0
-1 53 -646
2 36 90
-1 3 810
-1 44 885
-1 -14 -45
-1 -12 493
1 -58 265
-8 -424 0
-2 164 -162
3 -78 432
5 -635 0
1 -46 240
1 417 0
-6 780 -774
9 -657 -666
-1 367 -730
5 315 310
-1 7 60
2 -20 -918
1 88 0
-1 254 512
-1 -8 33
8 -2 9
1 -923 922
2 -44 -96
-1 27 418
-2 -132 864
2 -232 0
9 45 -126
10 -200 190
2 -416 -840
-7 805 0
-2 -10 252
-1 170 0
3 -117 -516
4 388 0
-1 -677 -676
-5 60 0
-1 -59 -630
1 -484 -972
2 336 -338
1 -75 536
-2 14 240
-2 -98 -888
-1 70 984
-4 712 0
1 -914 0
-1 -235 956
1 65 -66
8 -112 0
-2 -426 0
-3 -63 -114
2 -604 602
1 236 235
2 180 352
-3 -171 -330
-2 -800 0
-3 -135 -888
2 860 858
-1 338 0
-1 262 263
-2 -76 -624
-1 -408 -407
-9 -162 -585
-3 -810 -807
2 490 -988
10 -160 550
-1 -357 358
-5 -950 -945
1 -144 -592
6 -222 -468
-1 0 625
-2 -20 -48
1 -57 212
8 -576 0
1 373 372
2 -72 550
-2 106 580
-2 48 -238
1 -149 294
-1 109 -808
-3 -69 -126
3 -165 162
-1 -77 0
-1 -68 -480
-1 420 -419
2 -926 -928
6 -294 -936
2 -2 7
-7 63 70
-7 -840 847
4 -648 644
1 -119 888
-1 -143 438
3 -42 72
-1 -73 150
-2 -152 -150
1 -390 -391
-2 46 576
2 -156 304
-5 90 0
1 75 414
-4 -140 -496
-3 -468 -465
-1 141 -680
-4 -752 0
1 158 312
-2 -410 -812
7 679 -686
-3 330 0
-4 224 960
4 336 -340
-7 273 280
3 135 798
5 130 525
-1 364 -363
4 124 912
2 -492 -992
3 -5 6
-2 86 -900
-1 109 452
-10 70 600
1 398 397
1 -126 0
-1 154 -153
2 -82 816
-2 -106 -104
1 -49 -456
3 222 639
-1 448 -892
-8 840 848
4 464 912
2 34 144
2 -8 -42
1 -415 414
1 166 648
4 188 -392
2 2 4
-4 936 0
3 -225 -702
1 -202 985
5 -390 -395
-8 3 -6
3 -66 -609
3 792 789
-2 -10 352
-2 -258 -1000
1 89 -570
-5 -125 -770
-2 138 -756
4 40 -800
2 -216 0
-4 636 640
-2 -126 980
1 -613 612
4 148 408
-2 6 56
8 -424 416
4 -360 704
3 879 0
3 -144 141
7 196 189
-1 -22 279
-1 127 524
-9 27 -18
-1 -345 346
-3 93 -660
-1 -52 -627
2 -158 876
-8 -440 448
-1 -627 0
1 -544 0
-1 -196 -195
-1 -170 519
1 758 -759
-4 -736 -732
-3 -882 885
-1 -354 0
1 40 391
-1 -65 836
3 -108 924
-1 301 -598
2 52 -54
-4 -192 400
-1 -28 -187
-5 45 560
1 144 -441
1 -561 560
-3 -4 -8
1 124 -252
-3 84 864
-1 -199 812
-3 -423 858
5 100 -780
-3 789 0
2 -470 932
1 50 481
-1 -303 -900
2 -888 886
-2 -176 0
-2 -32 -126
-5 -625 0
2 -122 120
-1 47 930
-1 -258 -257
3 -51 -180
-9 963 -954
1 -746 745
-1 -10 704
6 240 864
5 45 90
-10 710 -700
1 52 -549
1 -473 -474
5 75 130
1 -90 -279
1 -10 -119
-5 -345 -990
-8 -184 -336
-7 84 595
1 -198 585
-1 -659 -658
-6 144 0
-8 -152 -720
3 -33 -726
-3 72 75
2 40 -250
1 -441 440
-3 -51 252
3 -951 0
7 105 -882
-1 430 -429
-3 -6 189
6 -198 -420
-3 -96 99
-1 -269 270
-7 -420 427
-2 -78 -580
4 56 160
1 -2 6
2 206 -636
9 -171 792
3 -621 618
-1 422 -421
4 636 0
2 56 -186
1 27 50
1 45 434
2 -236 -976
3 705 -708
1 23 -990
-3 -204 420
1 107 510
-1 66 -800
-2 90 728
1 49 580
6 -108 -690
-2 -44 -224
-5 -930 935
-3 -18 81
-5 80 -195
3 72 432
-10 -270 -500
2 -372 370
8 32 -96
-1 -77 -490
3 27 -966
-8 -464 472
-3 -81 -78
-7 140 -693
3 -3 -816
-10 -110 120
-2 -470 472
1 -35 -74
4 -152 0
3 87 414
-2 -30 -108
-2 -760 0
-3 -111 -858
-1 -76 765
-4 472 960
-3 -87 -462
-2 408 824
2 -306 -308
-6 270 864
5 -195 -860
-2 32 520
-1 683 684
-7 -1 -9
7 182 -840
-3 -6 189
10 -5 8
1 104 0
-1 -6 112
1 -279 278
5 20 15
-2 256 0
2 996 -998
2 -78 736
-2 162 -160
1 53 -290
-1 78 880
2 170 -528
3 -129 840
5 -260 960
1 -105 776
-3 -84 -225
3 102 720
-4 208 -768
3 -108 825
-1 310 -616
4 -72 68
2 338 996
-3 -126 -351
-2 212 654
3 12 -756
1 -110 -111
-10 180 -560
-2 116 -960
8 392 384
-8 -320 -608
2 36 64
4 864 -868
-1 -43 660
-1 409 822
-3 498 -984
2 -30 108
1 -51 0
10 -740 730
-10 -420 430
1 -38 165
1 786 785
-1 14 792
-1 -100 0
-5 -95 -390
2 -82 836
4 -164 312
-1 51 -578
2 216 424
2 -152 -984
3 78 -168
1 -162 632
-9 -243 0
2 36 -176
-2 42 884
1 -984 -985
3 525 0
-1 -76 -483
-4 -160 -924
5 -70 200
-1 60 -864
1 -63 392
4 596 -600
7 392 385
-2 760 -758
1 699 0
1 66 968
7 420 -427
2 100 858
-2 28 240
-7 203 -700
-10 10 120
-1 -850 -849
-4 -92 -504
-3 198 -195
-5 940 -935
1 -43 420
-1 10 0
2 -350 0
-2 -958 -956
-2 150 152
-7 28 672
-6 -78 180
-1 139 282
1 183 -940
-1 -57 -540
1 -252 747
2 50 132
-1 45 -450
-1 168 688
6 -960 0
1 -42 341
-8 104 -320
-1 -979 -978
-2 -40 952
-1 240 -239
-2 -112 114
-2 -36 638
1 -728 0
6 132 0
-3 0 867
-4 -2 -4
5 375 0
-2 130 -912
1 442 -888
-9 -216 -567
1 -61 -476
-2 -64 840
-2 288 -286
1 -49 -212
-8 -832 0
2 976 -978
2 -606 -608
-2 116 768
1 939 -940
-9 180 -675
-1 -126 -833
2 -22 -52
-2 58 -276
-7 574 581
-10 190 200
1 -995 994
1 143 -290
3 402 399
7 -483 938
-3 207 -594
3 -15 -528
1 -8 -384
2 -320 318
-3 198 -744
1 867 -868
4 292 -600
1 86 249
1 -583 582
-5 90 200
-1 106 -600
8 -24 -864
2 338 996
8 -224 416
-1 78 -77
1 -394 0
-10 170 0
-1 -291 882
6 438 -900
-3 -399 -396
9 -981 972
7 287 280
-5 -120 -220
-1 648 0
9 567 0
-4 -144 -272
5 -950 945
1 573 572
9 -207 -216
-6 -5 -10
10 -180 650
-5 -425 -830
-1 97 -946
-1 -112 0
2 70 -688
2 -96 -530
-1 592 -591
-3 -54 57
-1 305 -304
2 -174 -728
2 -54 0
1 114 -595
-1 39 82
-1 -154 -304
-2 302 612
1 344 0
1 19 -560
-3 996 -993
1 33 -430
1 651 650
-5 315 -310
-6 -8 -8
-9 -189 -810
2 428 426
-5 -490 0
-1 475 -946
-1 594 0
-3 594 597
-1 129 670
1 -30 176
-1 -240 241
-9 297 630
-2 232 714
-2 -32 -30
-3 54 -240
4 -60 224
1 426 425
10 20 -350
8 200 0
-3 -993 996
-1 -309 622
-4 -52 -144
-3 -450 912
10 160 -800
1 7 -8
7 294 819
-2 -668 670
5 -500 495
-2 236 726
3 132 -900
-1 -42 -392
-2 -494 0
-2 922 0
-1 196 -955
-6 702 708
-2 324 326
-2 202 412
1 -51 540
-6 78 84
2 -104 102
-2 -84 800
-1 95 824
-2 798 -796
-4 176 -912
-1 -681 682
-1 218 0
2 102 756
4 116 112
-5 100 -455
2 -406 404
3 93 -936
1 37 -650
-1 145 906
1 771 0
1 -703 0
-4 -68 -64
-5 60 945
-1 47 -210
-3 -96 0
6 30 -36
2 66 -380
-3 -402 -399
1 365 -366
-1 -44 -363
-1 -459 922
3 -336 333
-7 70 -168
2 -102 -440
4 132 0
-1 419 842
-2 706 0
-3 45 228
-9 0 -4
3 -519 516
3 -210 -213
1 -887 0
3 513 0
1 -16 -377
-1 175 -684
3 225 -228
6 -114 288
-1 -171 -668
-8 -120 -400
-2 -72 602
1 -23 -24
1 -914 -915
-2 76 336
5 140 -300
1 81 -82
1 -66 0
-1 65 -244
-10 290 620
2 386 -780
6 -498 0
-1 -36 0
-3 -30 -63
1 -327 -328
-2 -770 -768
3 -168 900
2 -122 -520
10 930 920
1 -31 -630
1 -34 273
1 -57 -58
4 380 744
-1 228 693
-3 492 996
5 310 0
-1 -274 -544
-1 -75 -284
-7 -651 0
3 -183 180
7 -63 98
3 -762 0
3 126 816
1 448 -449
-1 -46 -273
3 21 -54
-1 84 540
-1 189 0
1 214 840
-7 -224 -784
-1 30 400
-1 886 0
5 -345 -710
-1 198 603
1 -27 -90
3 954 -957
2 -132 -272
-1 481 482
9 450 0
-3 18 336
-2 -698 0
1 50 49
1 184 720
2 710 708
-8 -696 0
2 452 -912
1 -211 -642
6 -702 696
-1 -41 -348
1 301 -912
-3 -111 -306
-2 990 -988
1 -22 -203
-6 -258 0
1 144 695
1 -26 -120
3 180 -372
-1 73 -870
3 -870 -873
-3 576 0
-2 -188 384
9 -153 -990
8 960 0
1 -59 -690
-1 46 432
2 -110 -112
5 -45 -450
1 115 654
5 330 640
5 -55 140
-10 100 750
-2 336 -664
1 -325 -326
1 61 774
-3 141 -138
5 -555 0
-2 118 -336
4 196 -200
-1 146 447
-3 -12 756
2 -878 876
-1 181 552
1 -616 0
-10 -550 560
2 360 712
-3 360 0
2 24 -986
-4 276 280
2 284 -870
-2 -212 -816
9 153 594
4 -336 -688
3 66 -837
-10 150 -540
1 -186 -567
-9 -153 990
2 16 -306
-1 213 -630
3 3 -396
1 146 -296
1 -86 -855
-1 -762 -761
-2 -154 820
2 244 0
2 -26 0
3 -303 -936
-2 -640 -638
1 -103 -888
2 -104 -696
-2 -66 756
3 123 0
3 -249 -774
1 -148 292
-1 30 -81
-8 272 -512
-10 60 70
-3 978 0
1 -976 -977
1 -274 0
-1 -127 798
-3 348 708
1 -852 -853
-2 70 -132
1 414 0
-2 124 -672
5 -630 0
-1 -5 864
2 -124 -528
1 -33 -234
-1 -19 372
4 -380 744
1 101 100
2 -316 0
-2 304 0
-2 94 -344
-8 -888 896
1 -391 778
1 -58 -183
1 79 -990
1 380 756
-2 -728 730
-1 20 69
-3 114 -315
-1 425 854
-4 228 232
-2 526 0
-1 -809 0
1 -19 -92
-1 190 579
1 -316 939
2 -50 -528
-1 869 0
1 -604 603
2 -730 -732
2 464 462
1 -494 -992
10 500 -510
-3 -654 -651
-2 -2 760
6 -540 534
-4 -336 0
-5 960 -955
5 -140 0
-2 258 -1000
1 689 688
-4 -172 752
-1 65 204
-5 -125 420
1 82 -720
1 687 686
-6 4 -5
2 138 -140
-3 234 -456
-4 -2 -10
-5 390 800
1 -806 0
-4 992 996
-3 186 0
10 200 510
-1 -35 -276
1 798 797
-2 -252 -976
-6 150 -276
2 140 -750
-6 -138 -360
1 942 -943
4 -396 -400
-1 63 -290
-2 -898 0
4 48 -256
1 -45 -196
-6 -468 474
1 -102 -535
-2 -114 -864
1 -32 -320
1 -593 0
1 -2 -168
-7 882 889
2 204 0
-1 -37 -252
-4 -96 -432
2 -42 -884
-1 329 -328
3 288 -588
-2 382 -380
6 -246 -792
-4 636 -632
1 17 -270
2 184 704
-1 57 -260
-1 83 348
1 -23 -680
1 37 -848
-1 513 0
-1 67 -310
1 -63 612
-4 -192 612
-9 774 -765
7 -497 -504
-7 259 546
-1 604 0
-5 335 -330
4 48 -880
2 82 -84
-2 -106 -720
5 75 -380
2 10 -100
3 -480 477
1 -963 962
-2 -176 -984
1 11 -620
-1 -9 486
4 -96 -100
-6 462 468
2 38 180
-1 111 -824
3 78 -81
2 -150 -308
1 -108 -684
5 -125 780
-5 110 675
1 168 167
-1 287 288
2 102 288
-3 330 672
1 162 -163
-2 -914 916
1 100 651
-1 63 730
-1 14 15
1 111 428
-1 -61 -774
10 -310 300
-10 280 -750
4 -196 -624
-1 -236 -468
-8 -752 760
1 -114 -595
-1 -174 175
2 230 -468
5 -145 270
10 800 -810
-10 -170 0
-1 -500 -499
1 69 -70
4 -132 -432
-1 89 0
10 450 0
-2 -228 -666
9 -576 -585
-3 -966 969
-1 88 768
-1 146 912
-4 -52 -88
-6 324 330
-1 61 -924
-5 80 -240
-1 669 -668
9 72 -81
-4 -132 432
1 576 0
1 -110 -339
1 465 -466
-8 592 -584
5 -140 -145
1 272 -825
4 48 -52
-1 -110 -909
1 -11 -620
1 582 -583
-3 66 0
-1 232 0
1 -372 371
-1 -52 -507
2 318 -320
4 -216 800
2 6 -80
3 969 -972
-3 63 -294
-1 -59 -814
-1 -2 -8
-1 -67 -130
-1 -408 820
2 842 0
5 -640 -645
-1 144 -143
1 -79 -80
-2 84 -864
1 17 -348
-3 -87 -504
-2 106 336
-1 63 -782
-1 178 179
1 -445 -894
-2 -456 920
1 670 669
2 -186 -776
-3 -342 -999
-1 -110 339
1 -79 -162
-2 24 -64
5 75 -170
3 -297 -918
-1 -59 -528
2 -32 -210
1 -47 342
-2 56 120
-1 423 -842
4 -372 368
-3 768 -765
1 -61 0
-3 456 -900
-1 -130 399
1 -40 204
-10 480 0
1 633 0
1 65 64
4 -920 916
-4 -568 -564
-3 -996 999
1 195 386
6 24 -30
-8 -16 792
-8 168 -432
-3 3 0
-10 120 130
1 -919 918
-3 171 354
-2 -482 -956
2 -458 -460
-4 72 252
-2 34 -84
2 -50 168
-1 -198 199
-1 4 -3
1 -131 630
-1 54 -473
-6 222 -420
-1 59 -364
-2 168 -790
2 410 -828
1 -54 693
3 819 0
-1 -279 -554
-2 -78 -580
1 282 560
5 -20 -700
4 -212 -672
-1 -942 943
-1 80 164
-1 807 808
-2 -882 0
-1 -519 0
1 119 784
-1 -86 -249
-1 616 -615
-2 582 -580
3 -24 36
6 -648 642
6 408 792
2 -150 -152
-3 192 -885
-1 469 -934
-10 80 -160
1 999 998
-7 9 -10
-1 -108 -515
-1 57 -540
-1 90 -936
1 -93 270
1 839 838
3 321 -654
-7 84 -245
-5 15 770
-7 259 266
-2 -44 -170
-5 95 910
3 6 -105
1 -14 40
6 450 -456
5 -90 -95
-1 -34 -289
-1 -103 -202
9 -225 756
7 -126 -441
7 133 238
-2 56 -104
-5 -345 -340
-1 182 555
1 541 -542
-1 -597 598
4 -152 -672
2 -156 592
4 112 -240
-3 708 0
2 898 0
1 244 723
7 161 840
9 0 -576
-2 -472 952
-10 590 600
-1 -58 759
-9 -711 720
-2 554 556
-1 -80 -156
1 -715 714
7 203 -924
-1 -132 828
1 152 0
-5 -365 0
-1 386 387
4 32 -836
-1 -40 329
2 -86 -816
1 -795 0
-4 384 388
1 -32 175
-4 -88 540
2 -38 120
2 -6 10
-6 306 -300
2 214 -216
-7 119 -364
-1 -105 -500
3 -60 -900
-3 -90 -567
6 -192 -408
3 249 246
3 -246 243
2 884 -886
2 -220 0
-10 420 -410
4 -100 504
-1 -22 -21
2 482 480
1 -225 0
-5 -105 -520
-9 90 864
3 213 0
6 -288 282
1 -42 245
5 -315 -990
3 672 669
6 -606 600
1 -103 760
-2 24 378
1 213 -648
-1 -113 114
2 396 -398
-1 -223 0
-4 -44 -112
-1 30 -189
-2 516 0
-7 -301 966
2 -660 -662
-2 546 -544
7 252 896
-1 787 0
1 -184 -752
-8 8 -3
-2 64 946
-5 270 560
-1 -284 572
6 198 0
-4 712 716
6 216 930
1 317 -638
-1 -224 681
2 744 0
-1 332 668
1 297 0
-1 110 224
6 126 324
-2 22 700
6 -426 0
-1 -162 0
-1 -285 -846
1 -823 -824
7 -84 -595
2 -750 -752
1 -106 960
-2 440 -872
-2 128 -480
5 15 0
3 3 -720
1 -8 -9
1 -187 370
3 9 -210
-9 576 0
7 91 210
2 172 656
-2 -50 -272
-10 260 -480
-1 -55 804
-4 904 908
1 120 575
-9 657 0
-1 -53 -396
-1 377 0
1 -680 -681
2 -54 364
1 -787 -788
-3 441 -870
-2 60 902
1 -58 -248
1 -25 -186
-1 -972 -971
-1 108 684
1 -875 0
1 -266 0
2 180 -182
7 -665 -672
-1 18 -32
-3 -861 0
-9 -36 405
-1 302 303
2 904 -906
-4 -100 -264
-1 -377 0
-1 5 414
-3 -75 0
-1 42 -216
-2 -714 -712
-5 -150 -805
-5 -580 585
1 742 0
3 813 0
8 576 0
1 44 288
-1 407 -810
1 225 224
-4 -504 -992
-1 441 -878
1 133 762
4 -188 -600
3 975 972
5 65 110
-2 352 0
7 168 308
-2 26 -24
-5 70 75
3 -486 -489
-8 -80 600
3 -537 534
10 190 -200
-1 -39 952
-1 317 -942
-1 -823 824
-3 -282 -819
1 200 591
-9 9 54
1 117 972
-1 -8 825
-1 238 -705
-6 18 240
2 222 648
-4 -412 840
2 -136 -576
-4 -8 572
1 -720 -721
-1 -960 0
2 32 -210
-1 75 -74
-4 144 640
-2 -104 960
-1 -2 -3
1 -291 0
4 164 -920
1 -89 -882
-2 236 -690
1 64 0
-4 132 0
-1 -34 111
3 -12 -15
-9 306 -576
5 -350 0
-1 38 539
-1 187 764
-1 87 -962
-1 -342 688
9 9 -18
2 750 748
6 -12 -720
1 41 264
1 37 -120
3 -717 0
1 95 -714
2 8 8
-8 -408 848
-1 897 898
-1 7 494
2 108 -464
3 -816 0
10 150 260
-9 -846 0
-1 888 -887
-1 732 -731
1 -68 -525
1 846 0
-5 700 0
1 62 120
-1 632 633
-1 -14 176
-7 42 49
1 -127 126
7 -56 -735
1 62 177
-2 -92 864
2 588 -590
-2 -704 0
-1 235 -924
-3 -642 0
-1 184 -895
-1 -324 0
8 -256 0
3 39 36
-2 508 -506
1 -393 -790
2 442 876
9 -234 -243
2 468 -470
1 -97 -300
-3 528 531
3 -792 -795
-5 -1 -10
5 -25 -180
5 30 -560
10 230 900
2 -436 -880
1 211 -426
1 -60 275
-1 455 914
3 60 108
-1 87 -486
2 828 -830
1 -302 -303
5 -10 -175
8 -320 0
-1 -331 666
-3 -87 0
-8 152 0
-1 -39 432
-4 136 -580
-1 339 0
-6 138 -780
-9 9 648
-7 -10 -9
5 -95 450
1 -459 458
-2 316 318
-2 -104 106
-4 -272 560
2 -72 -810
3 195 558
-2 56 408
8 104 288
1 277 -278
2 798 796
-1 17 138
-8 168 -544
-1 59 -564
1 -335 996
-1 662 663
6 366 -756
2 -548 0
1 -32 240
1 30 -31
1 75 -154
-2 424 -422
-6 -348 -672
-1 527 -526
8 72 64
1 148 435
-7 140 -448
-2 -138 284
8 64 -72
4 -156 792
-1 -965 966
-1 265 0
4 952 -956
4 216 212
-2 136 -744
-1 -298 903
1 -25 -494
-1 408 409
-4 80 -300
-2 -494 496
-6 108 -270
-1 -59 -760
5 -1 6
-2 -240 -928
-3 297 -864
1 647 646
3 -75 432
6 -966 0
4 96 476
-1 154 795
3 246 480
-7 147 -728
1 -45 -616
7 609 -616
-1 -90 -176
3 12 9
4 -180 800
2 56 384
5 455 -930
-4 -280 0
2 812 -814
1 -40 -329
-1 683 -682
-5 -525 -520
10 -160 -570
1 -14 -312
4 -172 -960
-7 742 749
-1 -386 -385
1 -826 0
-2 -138 -396
3 165 -168
-2 -936 0
-3 459 462
-6 576 -570
2 12 -224
1 -141 140
-9 -10 -4
1 -492 -493
4 -56 -128
-1 72 -207
-2 816 818
6 474 0
2 410 -828
-1 239 -238
-1 698 699
6 -96 -216
6 12 -378
-2 -4 16
-9 -99 -90
1 -57 756
2 662 -664
10 -8 9
1 288 -289
-1 36 -224
-5 430 -425
2 346 -348
-2 -638 640
3 99 546
1 572 571
-2 74 -320
2 868 866
6 -738 732
1 838 0
-1 -742 -741
10 -50 0
6 150 -696
1 102 -315
-2 -732 -730
-1 99 -194
-7 105 112
2 252 250
10 -30 -540
-1 436 0
-1 983 984
2 116 330
7 -399 392
-1 -702 0
-4 -80 -76
-2 766 768
-1 -60 -851
1 -258 -259
4 2 1
1 70 741
1 -648 647
6 546 0
-1 395 794
-1 554 -553
-1 -30 -29
-10 300 0
2 -588 586
-4 484 -952
3 -99 -570
-1 -343 344
-6 -120 -216
4 -96 512
1 -1 -420
-3 -396 -393
-1 47 -280
-5 -115 390
1 -27 -748
2 -72 630
-4 804 808
1 -859 0
-9 369 378
-2 726 728
2 -292 -894
-6 72 -120
-3 -3 468
7 315 -658
-1 892 0
-9 -450 -441
1 387 770
-3 9 264
-9 -234 -225
1 -74 840
-1 359 360
-1 36 0
3 -84 585
-1 75 -704
-1 -522 523
-1 -705 0
-2 -20 -32
-3 -747 0
3 822 819
-8 -592 600
6 -558 0
-1 15 -50
3 114 840
4 516 -520
-2 642 644
1 193 -194
1 208 0
2 -330 -668
3 111 396
1 -234 693
-2 638 -636
-1 -801 0
-1 -248 0
1 -995 0
1 60 899
-4 -348 0
-3 -504 -501
-1 -232 0
1 -221 0
1 -98 957
-2 -498 0
1 -148 715
-2 -422 852
-4 -112 -784
-3 225 948
1 79 154
1 -64 124
-2 6 360
-1 -778 779
9 -279 270
5 -720 715
-8 -792 0
9 -603 0
3 513 510
9 810 -819
-6 -90 -336
6 414 -420
6 84 -570
-3 -15 0
1 131 -132
-2 534 536
6 -714 0
-1 9 252
1 33 32
-9 -288 0
6 570 0
5 -180 775
1 336 0
-1 -210 -824
3 -108 -615
1 -18 56
-6 168 -576
1 58 480
-7 -469 0
-4 -180 -176
-9 9 0
8 -64 96
-9 108 117
-1 273 -542
-9 495 -486
-1 -96 97
-1 -47 -540
1 -426 -856
-7 378 -371
-1 -24 385
1 -805 -806
-1 -1 210
-2 -932 -930
8 496 0
2 148 816
4 -160 0
-1 -185 186
3 24 -144
2 -124 354
5 -945 -950
3 117 594
1 -7 -588
-6 -234 -228
-1 -143 -556
-1 195 -950
1 224 0
5 45 70
-4 332 -960
5 180 175
-7 -1 -1
-1 566 567
3 -189 -804
-1 780 -779
1 25 144
1 841 0
5 5 -660
4 100 -216
-2 18 -16
8 -696 -704
5 -10 -495
-1 214 -213
-1 231 702
2 50 -448
4 -84 216
1 -107 606
2 -170 648
4 -36 -40
-1 152 0
-1 388 780
-5 -80 660
-1 -273 550
-2 -282 -556
2 24 72
-1 128 804
-1 -148 -292
9 -387 -810
10 200 0
-4 40 684
4 144 -468
1 634 633
-1 -11 126
-10 100 560
-2 84 0
-4 124 -600
-1 -52 -660
8 912 0
2 -238 -240
1 -83 730
1 129 378
1 34 253
-2 -128 402
-3 -12 135
-8 -360 0
-2 220 678
-1 -125 -826
-2 370 372
2 -752 0
-1 428 0
-1 -178 -177
-3 -888 0
2 26 60
-1 -77 -670
-3 324 -636
2 562 560
-8 -224 744
-4 252 -720
-3 -852 0
-3 207 210
2 -100 800
-2 -46 576
-1 966 -965
-10 1 -6
9 -324 0
-6 822 828
1 21 108
1 720 -721
-1 115 854
5 555 -560
-1 20 69
-4 -580 584
-4 -164 528
3 45 -972
-1 499 -994
-1 -54 -680
2 -266 -816
-3 72 -132
1 35 -564
-1 85 546
-3 -843 846
1 80 231
-1 -147 -432
-4 -224 464
-4 196 0
-6 -60 -144
2 100 -208
3 -708 -711
-8 152 -384
5 3 10
-1 -574 0
-1 375 376
-2 20 288
6 -696 690
1 -818 0
7 -931 -938
1 -221 0
4 -32 -192
-1 -422 0
-10 -70 -60
-7 -777 -770
1 -368 -740
1 140 675
-1 -20 684
-6 216 -768
4 -960 0
-2 -474 956
-1 -43 594
-3 -18 81
-1 -741 -740
7 -308 301
-7 6 -10
-1 -34 -120
-3 -66 -120
2 -840 0
1 -303 302
1 409 814
-1 -236 -699
1 -429 428
6 -270 -564
-6 -132 450
1 -161 780
3 -495 -498
1 250 496
-1 -6 352
-7 175 -168
4 808 -812
1 53 520
1 -979 -980
-6 120 750
-8 984 0
4 -184 -188
-7 175 -322
1 -824 0
1 -829 0
3 0 -75
-3 93 420
7 77 -560
-5 640 -635
3 21 -780
-1 48 49
10 70 -180
-5 810 815
-2 230 -672
3 309 0
10 -930 0
-1 -5 924
-1 -63 -860
-1 -27 -162
-1 142 0
-5 50 0
-9 -261 270
-1 109 -900
-5 320 325
1 -20 -684
7 399 -406
-7 -273 -266
-1 -64 912
5 965 0
-1 79 -370
3 -270 -273
2 76 720
-5 295 -290
2 -78 580
2 -326 0
-2 -960 -958
1 -18 -495
-4 -648 0
1 -47 0
-2 598 0
-5 10 -8
3 486 -984
4 392 -396
-1 679 0
-1 12 -11
-5 -130 -345
-1 -85 -84
-8 456 464
-2 -88 -86
-6 -738 -732
3 579 0
-1 -663 -662
5 -590 0
-5 -35 40
1 -903 0
1 -741 -742
-1 -575 576
-2 -140 -882
2 394 -396
-3 -45 552
10 -260 880
-1 -56 -343
1 -48 527
-3 831 -828
1 -966 0
1 -847 846
-1 -135 -774
10 -180 770
-4 156 -560
-1 -58 315
7 133 -840
1 11 -962
5 -95 300
-9 306 -576
-3 -12 576
-3 -15 18
1 30 81
-2 -906 908
-1 -32 -175
1 -59 864
-3 486 -483
-2 982 -980
-9 -90 864
1 -13 -608
-1 179 362
-1 70 -1000
1 -134 889
5 -425 0
-2 -38 84
4 -540 -544
2 346 344
1 75 -316
1 344 0
-1 -75 -350
-1 11 -18
6 90 300
1 249 0
5 -100 420
1 -436 868
-10 -140 -240
4 944 -948
1 173 840
3 -462 912
-5 -745 0
7 70 -77
10 40 40
-2 -36 288
6 -12 -378
-1 67 948
-1 918 0
4 -68 -672
-1 -82 -897
1 -148 0
1 -655 -656
-3 24 -45
3 270 267
-3 -15 378
-3 84 -561
4 -120 576
4 -104 -224
8 -280 -288
4 4 -960
4 212 -912
7 -105 -700
-1 -95 936
-1 -31 -220
1 -189 558
-1 334 0
-6 -240 -666
-9 72 756
-1 -433 -862
-1 63 568
1 156 -640
-5 -385 790
7 -224 945
-1 256 0
2 -362 716
-7 -28 -28
-2 -4 336
2 -402 -812
2 446 -448
-5 -140 -260
-8 720 0
-2 246 -244
5 -620 615
-3 -495 -492
4 -628 0
3 -21 -234
-4 128 420
-3 51 702
-1 24 -140
-1 -70 -969
-8 8 336
1 -104 400
-2 250 252
-1 -228 -452
1 -186 185
-8 224 0
-4 72 -128
1 -443 -444
-4 -508 -504
3 111 858
1 631 -632
1 -24 -25
6 36 -546
-9 531 0
-1 -115 -444
-6 -408 414
-8 -312 -304
2 292 -894
1 -15 -496
-1 -60 -851
-3 -582 0
-4 -844 -840
-1 325 654
-9 225 -900
-2 -80 -78
-1 138 423
-3 102 -279
-2 -254 780
-1 -918 -917
-2 -490 988
2 230 -232
-6 -102 0
-4 328 -948
1 688 -689
-4 -116 0
5 -245 470
-4 -304 -300
-1 78 504
3 -21 -90
-1 -729 0
1 -260 259
-8 2 -3
-10 150 -140
-1 29 -28
-1 -139 -798
-1 82 0
7 168 560
-1 97 -282
-4 188 0
-10 -540 0
-3 -18 21
1 66 -355
2 -444 442
5 295 0
1 -58 840
1 109 990
-1 -228 693
8 912 -920
2 -116 800
-1 33 148
-1 39 0
1 86 949
4 -52 -120
5 20 -585
-1 -126 -248
2 -126 -396
2 62 -132
6 498 972
-3 -30 33
-1 -989 990
-3 147 -774
10 140 330
-3 438 888
8 0 -648
-1 -864 865
1 22 -555
1 -493 982
1 75 -486
-6 -342 348
1 164 -845
-1 -756 -755
-2 -18 -28
1 -162 0
2 82 816
-8 -176 -680
3 33 -240
-2 196 -194
4 308 -960
1 991 -992
-1 123 -122
-9 -135 -324
1 -477 0
-3 -36 660
-1 -363 364
2 -70 600
-2 -86 -504
1 -564 -565
-2 416 0
3 -288 -891
-5 600 -595
7 14 -105
-6 342 -972
3 -327 954
3 177 342
7 -154 -728
-1 112 -636
2 666 664
1 25 156
-1 -14 147
-2 -294 296
-7 56 735
-1 -17 60
1 -52 675
1 441 -442
1 782 -783
-3 -114 -891
-2 22 864
-3 -498 501
-2 -126 -880
-9 72 81
1 980 979
6 -162 912
-1 -205 624
-1 -297 0
-4 -428 872
-1 -114 351
1 60 416
-2 226 696
3 939 -942
1 42 152
4 596 592
2 -146 144
-2 618 0
7 -994 987
-4 112 0
-10 180 -650
7 105 -532
-1 -653 -652
-7 -609 0
1 287 -870
-1 -42 784
-4 -132 -968
-2 48 104
-1 -450 -449
-2 -96 -270
1 729 -730
2 -78 700
8 -856 -864
4 180 -1000
2 -100 858
10 800 790
1 763 0
-6 0 -10
-2 138 -868
1 -703 702
-3 -201 630
1 -496 -996
-5 -120 -640
4 -196 192
1 -832 0
5 460 900
1 152 -153
1 -930 929
-1 447 -890
2 496 0
-1 -49 882
-2 -424 856
-5 -45 450
-9 9 180
1 25 24
-6 78 -240
9 -108 0
9 180 324
4 -304 876
-5 150 155
2 154 0
5 155 -700
2 406 -408
-8 -880 -872
-1 79 990
-2 2 544
-1 -946 0
-4 552 -548
1 -18 -88
1 111 110
-4 720 0
-4 124 888
5 95 440
1 470 936
1 130 -131
-2 746 0
5 195 700
7 238 -245
-3 111 -306
-4 -384 0
-3 -732 0
-1 -39 550
-1 214 651
-6 10 -6
4 180 936
10 -500 -510
4 -168 -540
-7 98 357
-4 240 -684
3 867 864
1 -144 -145
1 -66 -511
-9 -378 0
3 -693 -696
-3 189 192
-6 -318 660
-3 -504 -996
6 -150 600
-1 94 0
1 -176 -537
-2 -354 -352
1 436 868
-1 157 -906
-1 -181 -180
8 -496 -504
-3 36 660
1 -109 -690
8 -104 -544
-10 -260 870
-3 63 -324
-1 552 -551
3 -729 -732
5 160 -925
-3 651 -648
4 464 -468
1 61 748
-2 -54 836
6 -240 456
-6 -312 -882
1 350 -704
-1 50 819
1 -322 0
-2 214 216
2 74 600
-9 -828 837
3 264 261
1 -18 -19
1 242 952
-5 -805 -800
-2 524 0
-7 203 924
-1 72 640
7 84 -315
2 738 736
-2 312 -918
1 -696 -697
-4 88 0
-4 220 -424
3 -249 486
1 560 -561
7 497 966
-4 872 -868
-1 126 -720
-2 2 144
2 -466 924
-2 72 -136
-10 230 -220
6 204 558
-6 114 552
1 14 0
-8 112 408
-3 9 -7
2 28 -784
-4 320 324
-1 -800 -799
-1 -609 -608
-10 480 490
-4 -128 -988
2 174 -540
9 -3 10
-2 -68 -480
-3 36 480
1 -29 -252
2 -28 90
2 232 -472
-1 -39 -248
8 8 -576
2 -184 -768
-4 -456 -452
-1 10 336
-1 486 976
-1 47 -480
-10 130 -420
1 55 336
-1 964 965
-1 26 120
-1 -226 687
-1 306 307
-1 -119 620
-8 -744 -736
-5 60 140
-1 -84 -468
7 840 -847
-4 160 -576
-1 70 144
1 -17 -684
1 108 -448
1 -390 776
-1 181 930
-7 896 -889
5 -920 0
-1 80 -975
1 -442 0
1 -85 -846
1 21 54
-6 276 282
-1 323 -322
-1 36 -99
1 -147 432
8 -424 816
1 -33 252
1 -120 -625
4 -112 748
-9 -144 513
-8 -184 864
-7 511 0
-1 -33 -200
-1 -114 -848
7 14 -21
-1 489 0
-1 786 -785
1 8 -825
-1 130 -976
-1 -295 296
-3 729 -726
1 -834 -835
8 720 -728
2 442 0
1 -814 -815
-8 -120 -352
2 350 348
-5 155 -750
-2 -800 -798
-6 984 -978
3 -72 384
-2 80 0
-2 110 0
3 102 840
-1 -53 -520
7 217 -980
-1 -35 -264
-6 -126 -624
-8 -768 -760
-4 -120 700
9 891 882
1 -560 0
-4 444 -440
1 73 142
-5 285 590
4 24 0
1 605 604
-1 -130 -129
-1 1 156
-10 540 0
-4 -204 -200
-4 80 176
1 203 600
-4 -768 0
-4 56 60
10 120 -280
-1 -77 -222
-1 -195 594
3 -195 732
9 -162 0
5 165 450
10 -980 0
1 145 564
1 -240 711
1 -850 -851
-1 -260 -771
-1 -62 888
-3 -39 -126
-1 104 545
1 -652 0
-2 -106 -984
1 -234 -952
-1 884 -883
3 -111 696
1 -269 -270
2 256 750
-7 161 980
-5 -685 -680
4 -652 -656
-2 10 -8
-4 4 0
-2 816 -814
3 345 678
4 -272 -560
-7 224 -420
-4 544 0
5 305 0
8 104 0
-1 -89 -648
1 189 740
1 841 840
8 960 -968
1 169 -692
2 -118 900
1 -80 -704
1 166 805
6 6 -252
-2 368 -366
-1 -132 828
5 425 -870
1 136 -560
1 42 -88
