1
0
17
14
93
163
-1
156
2
23
12
32
-2
NO
-1
16
19
3
-1
28
-3
62
184
-15
77
8
-3
31
10
-1
20
122
1
0
160
2
28
0
0
1
3
314
-3
1
-1
0
40
0
-20
10
40
85
24
NO
109
233
1
-2
-20
NO
11
41
33
57
84
1
-1
NO
41
60
28
-6
112
232
84
0
45
68
1
639
20
9
-2
1
-2
192
-1
86
6
-2
0
3
38
14
314
53
33
18
101
13
86
-1
-3
-1
39
-1
33
18
-1
12
-1
327
4
1
7
40
-14
192
665
214
-8
499
2
-6
0
449
-3
24
56
42
12
146
0
24
1
33
2
0
15
1
1
1
2
256
3
108
179
1
359
0
1
-1
7
11
93
65
116
163
2
72
418
20
32
42
-14
4
0
13
14
40
-1
-1
1
28
35
-3
1
5
3
33
-2
41
23
1
-6
67
8
0
0
3
-23
-2
33
1
29
1
-1
47
-1
143
7
120
102
271
7
19
-2
120
232
193
-3
8
-1
116
0
54
-3
31
-12
126
131
40
151
30
-2
-8
257
19
5
-3
-1
0
18
333
787
244
1
0
316
41
-3
1
4
-3
159
2
45
45
90
80
40
0
26
-1
-1
3
1
0
72
108
23
-1
8
28
283
28
6
8
-1
24
0
77
0
486
40
150
44
-4
504
-7
398
2
116
126
21
0
25
1
1
-2
4
18
279
64
-3
39
238
67
1
48
243
4
-3
397
170
55
192
-1
63
729
-1
-2
784
0
-4
-2
50
56
-1
15
-2
9
24
98
5
6
82
-1
-12
49
1
153
17
9
-3
9
2
161
28
39
39
-1
0
-9
2
-8
-1
-1
70
-4
-2
47
177
29
402
41
1
0
408
0
18
25
26
38
-2
5
268
-2
-4
312
0
-20
0
0
19
-9
3
-4
1
3
42
32
1
-10
-1
4
0
-7
37
3
88
-2
0
1
186
8
105
89
5
0
126
-1
75
870
-2
-5
-9
197
NO
-10
-1
5
125
-2
304
1
-1
-10
-1
1
0
-1
40
10
3
102
3
0
-1
0
592
6
17
103
142
-9
-5
-4
NO
0
65
156
-3
17
19
36
21
-6
3
-1
18
191
3
124
3
-5
96
232
243
147
4
10
8
5
0
6
3
29
8
60
88
-2
67
-3
901
4
2
2
246
840
13
-2
227
33
36
20
880
0
208
26
0
0
38
3
-3
3
NO
213
-16
21
21
889
-4
-4
-2
132
-1
-3
0
6
192
-8
1
-1
-1
1
-9
-12
57
3
80
144
7
953
245
-1
0
6
1
14
14
89
327
180
-1
0
NO
-2
67
20
3
89
56
12
12
3
45
2
16
1
1
-8
144
-1
26
-4
372
-1
1
20
4
4
126
-1
27
0
-1
20
-2
463
0
163
-5
123
-1
-5
37
-2
82
102
68
NO
3
1
-4
19
161
67
2
24
1
216
40
149
89
72
41
2
33
327
7
58
4
145
390
NO
29
0
-4
-1
-5
54
43
-1
1
0
444
885
51
-2
0
-8
5
10
15
-6
131
8
86
32
-1
321
-12
1
39
0
-1
-5
858
163
12
64
-1
-2
-5
-3
837
337
83
322
2
21
6
0
50
70
5
-3
NO
6
17
1
297
-1
210
0
232
1
13
85
17
-1
486
2
420
1
-11
-9
193
88
1
297
38
-3
65
496
3
1
-2
3
-2
5
8
-10
0
405
415
0
-1
209
45
14
-1
84
22
-12
4
-1
0
352
5
35
17
4
-6
-1
-2
-13
333
5
4
982
94
89
467
948
-21
-1
18
2
0
0
0
-1
-1
13
218
238
-4
13
1
0
9
13
12
26
-3
2
NO
44
0
121
63
3
378
4
NO
1
20
-2
-1
4
76
0
76
766
125
15
1
10
69
-1
1
218
9
108
12
75
3
24
-1
-1
866
23
1
11
8
-1
1
6
-9
245
45
0
-1
82
-3
1
4
959
188
1
27
2
92
16
4
-7
18
-4
3
-13
14
-13
5
-1
30
18
41
53
0
124
8
-5
1
-3
54
114
23
309
-8
5
175
7
20
122
1
0
25
1
-3
25
-7
2
4
-2
18
110
49
-16
12
8
2
2
-1
77
-2
328
-2
51
375
38
106
-1
-1
3
13
1
96
0
161
357
6
9
-2
84
2
2
2
618
2
-4
-2
47
32
24
78
2
266
119
41
142
595
1
122
32
-7
1
-9
131
4
238
-2
1
79
2
-1
456
25
-2
109
257
102
-1
0
138
210
27
9
-20
45
264
221
1
98
68
27
2
0
113
1
-11
86
160
5
17
172
80
21
-2
90
28
52
290
56
75
76
0
-3
1
111
0
NO
358
221
122
-2
1
16
28
69
288
6
-5
-5
43
-10
428
149
-1
770
121
406
102
36
-12
-1
-3
9
-3
NO
4
344
0
-8
164
-3
-3
234
-1
5
12
7
101
0
1
0
12
-8
-1
49
58
187
0
9
2
261
0
67
-8
11
20
55
29
74
-1
21
22
11
32
0
0
716
-3
118
1
54
NO
465
-2
31
198
-3
593
-7
-1
13
109
88
372
-8
87
2
10
0
-2
127
46
-5
36
-7
-8
0
-2
NO
56
173
0
1
1
3
235
375
9
5
1
851
409
39
-1
-1
75
24
5
-3
1
390
421
-8
5
0
352
136
-1
50
-2
-5
235
13
0
155
130
5
12
59
14
-13
18
3
216
155
66
-2
20
2
0
42
80
203
-1
0
4
36
324
905
1
79
-2
75
23
-2
0
162
1
229
4
8
2
0
0
1
38
0
1
63
38
30
658
7
13
133
-2
106
4
0
231
13
191
1
9
5
0
263
0
-2
1
31
244
7
9
41
13
77
679
-7
4
33
246
24
32
-2
220
1
-11
7
19
163
67
6
18
NO
-12
NO
868
-2
164
67
48
-11
75
1
1
100
989
20
127
-2
6
0
11
-3
-4
4
7
12
92
1
109
NO
1
-6
234
-9
248
0
0
0
135
-1
-1
1
-18
152
72
293
4
-6
2
11
48
209
42
1
83
20
18
186
55
1
105
71
-1
104
191
2
10
1
473
29
42
1
302
108
0
-1
7
877
2
151
6
-1
-1
-1
26
385
37
12
16
1
-13
8
42
3
22
584
1
826
4
-1
2
7
-8
66
25
-6
35
136
97
1
2
54
175
6
2
2
230
-1
6
-10
-3
1
19
-10
86
-2
0
175
-4
-5
1
139
15
43
158
-2
6
8
180
71
11
85
0
-10
581
-2
21
0
255
0
980
77
231
-6
71
2
-1
-6
4
1
30
99
224
-2
-1
-3
10
216
0
1
66
2
6
1
214
34
22
4
109
7
14
118
138
286
313
226
NO
0
-6
173
-1
262
-21
26
-14
11
219
167
46
NO
471
2
785
56
884
11
96
439
386
0
100
68
9
1
-1
-5
67
-3
41
57
-2
232
1
17
77
9
1
47
85
306
80
62
326
-1
3
54
307
0
1
-10
2
47
55
22
19
38
900
5
236
484
7
-2
-1
83
2
192
994
8
74
145
10
119
52
55
NO
-3
4
146
23
27
-13
980
97
69
55
9
-10
144
491
-5
137
25
0
-6
120
NO
-15
9
-1
-7
-1
41
5
NO
5
-4
47
154
56
77
11
-2
21
389
267
0
7
-21
8
-18
0
10
0
1
168
-5
413
4
2
192
8
-3
203
-1
5
52
28
41
1
218
-5
21
44
34
95
-4
11
0
-2
NO
14
162
0
-16
757
20
-4
34
4
2
NO
11
69
111
5
-1
-8
8
15
-7
-4
286
37
-2
103
-5
-2
53
1
-1
0
-1
94
610
-11
1
471
8
-1
147
1
210
6
-2
821
0
50
236
-1
NO
0
0
80
135
5
516
0
0
85
329
26
29
50
-4
0
-1
-10
-1
6
1
29
-2
33
200
51
139
61
0
-12
16
0
0
-3
39
44
6
213
-9
16
3
-19
154
6
0
36
26
0
503
4
994
-3
401
109
25
906
264
69
524
39
5
-1
3
2
1
-1
77
85
2
-8
919
72
-1
3
17
-4
75
-2
-3
1
0
1
-8
27
0
21
6
5
121
24
-8
5
5
1
88
187
1
1
467
-2
13
18
1
76
29
-4
135
158
3
150
1
-2
8
0
858
7
329
20
0
636
206
-4
9
0
-2
-6
83
45
6
0
68
51
1
-8
10
-3
53
324
32
23
11
1
-2
0
15
496
3
7
19
4
237
109
5
355
161
551
2
-2
1
-6
472
59
1
228
0
1
0
-13
37
-1
-6
0
2
123
0
-7
11
260
77
195
134
1
-2
53
83
-1
5
-6
0
-2
2
43
158
329
-3
801
-3
0
-1
35
95
33
25
-4
7
-1
NO
657
-2
24
NO
169
25
48
-1
132
2
6
180
1000
106
55
0
-3
2
-2
29
-1
270
-6
10
-1
9
217
NO
232
-9
1
29
353
93
4
0
1
248
36
3
-5
24
41
230
41
2
3
-1
16
699
-8
399
0
2
-1
10
8
58
34
-2
246
-2
-30
1
13
14
-1
-4
-3
-5
39
17
-1
115
NO
296
3
64
-1
395
78
31
94
88
-1
153
-2
104
26
22
54
-4
81
1
-1
-3
4
104
41
-2
1
373
26
26
116
-5
4
15
-15
4
0
2
33
14
-7
54
121
454
-2
16
-1
18
1
84
4
7
210
-1
-28
289
-4
42
78
0
1
2
15
-7
59
57
45
530
199
6
78
0
26
0
226
867
4
-9
16
1
485
-2
19
-5
-10
-5
48
-9
NO
23
-11
1
-5
60
247
38
-3
-3
124
-20
99
-7
204
7
92
276
23
4
69
0
12
4
0
261
-15
96
216
0
128
64
36
1
-6
55
10
2
131
8
-6
20
7
-1
-2
-12
1
882
159
NO
-3
9
-1
NO
825
101
25
-5
118
14
145
49
232
-6
67
434
66
4
0
0
-2
21
-1
107
671
-6
8
4
92
-2
2
18
-2
62
932
17
1
NO
292
-15
54
464
33
42
1
1
13
0
158
11
-6
13
87
38
51
26
232
1
-10
-2
137
0
-2
32
23
NO
-26
32
45
1
0
52
-4
938
NO
53
9
1
107
NO
-1
-1
224
-6
26
70
-8
176
1
139
13
113
47
121
44
204
1
0
136
-3
13
3
-1
-2
2
-4
4
1
173
38
3
-2
-8
-3
29
88
2
30
34
348
-10
0
825
-2
4
18
24
1
2
59
61
3
0
4
11
0
3
-1
256
NO
3
129
-4
115
101
0
-5
4
130
0
171
12
1
146
6
-1
4
1
2
44
306
-1
8
81
11
-12
60
15
122
581
138
-1
388
1
-2
-3
1
74
7
-2
56
495
-2
-8
-6
1
-1
7
79
26
2
0
29
10
-5
43
8
3
-1
118
7
-6
9
25
241
489
NO
15
182
49
2
54
99
0
162
1
28
299
30
-11
-1
-8
95
-1
3
314
2
45
89
3
100
7
673
264
2
1
22
-10
51
127
-13
18
10
3
-1
506
644
92
6
-17
43
72
613
24
123
146
0
20
0
8
2
-2
42
27
-15
20
9
-5
66
387
2
6
-2
70
88
-23
-1
-2
575
36
6
-3
117
11
-8
151
-5
-4
-4
0
-11
32
NO
196
-2
2
5
227
-1
-2
42
5
44
210
0
1
89
-15
1
360
0
8
2
-7
110
74
257
645
-1
69
NO
79
-1
71
935
538
108
96
0
351
1
102
0
2
58
22
7
-5
19
32
399
382
4
-1
13
-9
-6
-1
1
1
14
3
5
0
0
11
15
-4
2
7
90
338
1
781
2
-4
-4
97
1
127
279
-2
5
11
12
197
9
18
NO
30
-2
3
13
140
10
-3
119
-3
1
1
52
22
42
302
7
310
-2
1
95
10
46
0
0
257
-10
0
803
-1
3
-1
162
104
-7
488
0
19
22
0
-9
-1
12
383
11
142
4
1
710
157
0
35
-5
7
-4
22
19
-3
96
63
28
-21
-8
4
0
192
-2
238
0
82
132
678
2
20
-11
1
-1
417
89
-1
389
-7
2
26
-5
26
-3
63
4
489
423
9
227
0
31
-1
41
726
64
-1
13
2
1
48
-1
90
NO
84
1
-1
3
-11
259
677
-1
16
4
110
48
2
0
6
-16
146
NO
26
381
237
39
-4
-1
5
NO
1
32
-8
2
230
4
28
1
899
39
11
1
16
4
-1
0
-10
0
39
40
78
-1
-4
0
12
-1
1
-7
47
-1
76
1
49
12
430
-1
-14
0
5
961
-1
297
0
0
0
0
0
-1
41
207
-5
55
45
3
73
16
1
3
-4
3
-17
9
6
3
3
120
-1
-6
-3
165
749
-2
1
76
277
33
1
-1
-1
2
2
144
-1
25
800
14
41
0
33
45
61
29
132
3
-25
220
87
57
-14
0
495
3
190
0
9
-4
1
-2
-3
77
1
37
1
34
122
54
-3
1
171
65
-6
175
-2
39
-1
5
34
365
1
1
4
-2
-1
500
1
52
133
44
11
175
130
2
2
215
21
0
-2
13
-9
359
16
5
-6
358
-16
271
-3
28
161
55
-1
11
957
-8
14
-1
59
144
352
25
-2
19
0
55
100
152
1
-1
1
41
12
2
187
256
416
-2
33
11
0
2
31
9
115
36
232
22
3
-2
20
-9
471
2
-1
8
-2
71
769
0
98
-1
19
869
1
1
25
808
3
1
11
69
1
12
1
1
970
76
1
-6
65
-3
229
519
15
442
60
-2
-5
87
291
0
724
2
30
-7
3
91
-2
38
1
275
488
-11
10
-6
88
2
-1
-3
0
0
129
0
285
0
424
32
-2
280
-4
7
-2
2
21
13
-1
92
2
1
268
-1
-3
131
-1
-2
34
-1
0
752
-8
-2
-8
0
0
78
1
142
2
174
385
348
-4
61
3
348
199
1
2
-6
117
2
-2
21
14
23
-1
-3
175
-2
-1
43
161
52
20
-1
7
90
1
0
57
8
95
148
5
81
-11
33
34
-3
30
59
-5
17
53
0
81
18
127
40
0
129
74
365
-1
12
27
0
256
3
NO
922
24
38
6
116
2
19
210
115
9
170
43
0
-1
12
-14
486
1
67
15
-12
82
178
914
4
1
14
0
-2
301
-1
-2
-2
0
-8
-1
338
263
-12
-1
-5
-1
2
11
1
-1
148
39
25
-4
53
72
-1
25
58
17
147
101
-2
54
0
-8
419
464
52
NO
10
1
161
111
3
12
2
-1
391
32
76
18
-6
-4
-1
136
0
-2
-2
1
110
60
1
40
-7
-5
363
-12
248
NO
25
113
12
-1
126
153
24
-1
57
-3
446
106
-2
-8
7
414
-4
2
NO
234
78
197
79
NO
29
-1
11
-4
6
-11
63
10
108
160
7
612
-3
7
52
88
0
47
-1
9
131
2
1
20
-19
73
1
0
544
-1
3
1
-1
1
0
-17
11
22
299
1
2
-11
16
3
560
NO
2
36
4
2
6
263
233
-13
-3
443
0
-7
0
60
62
-1
20
106
745
22
-4
-3
70
9
474
-2
93
17
-3
-2
17
195
-1
24
-9
22
25
5
440
4
317
6
429
7
35
1
1
1
-10
-4
NO
3
11
206
421
0
3
-2
-14
122
1
22
2
-5
50
52
-20
23
-8
1
3
13
-12
-2
185
2
-7
14
1
-1
11
17
1
1
37
38
-6
-6
0
-11
9
120
-7
206
154
48
43
26
684
NO
4
7
NO
0
8
278
-1
128
1
23
80
5
88
3
35
48
97
-3
-10
48
25
308
17
-3
-3
109
14
111
14
48
-1
-2
-2
1
12
411
164
9
51
73
1
33
-1
36
0
-6
22
39
34
-2
82
2
158
0
4
34
985
0
-7
-7
10
36
56
1
-1
379
0
-22
1
-11
20
25
4
-1
-9
65
187
28
10
175
-1
76
12
2
141
5
-12
249
-3
30
172
160
31
8
-1
14
239
1
11
728
0
17
NO
0
57
2
-3
68
10
143
53
0
1
304
64
1
15
-7
13
23
83
20
994
2
-1
67
66
16
24
159
62
1
2
-3
582
20
100
12
-3
26
77
394
17
3
2
-1
108
-1
-2
648
0
-2
189
-1
24
NO
13
-2
86
0
8
53
591
1
304
91
27
5
41
-2
153
0
16
331
10
-1
62
NO
-6
-1
0
473
594
199
134
22
1
35
119
-1
10
8
-1
5
0
1
2
-4
2
4
1
-3
1
99
121
6
-14
0
461
191
118
163
103
36
14
51
8
103
398
38
1
218
-9
-1
13
202
8
13
151
0
703
-1
21
42
0
1
5
-1
1
-11
2
111
6
55
0
421
353
19
NO
172
71
887
0
29
171
1
16
-4
-5
7
24
915
42
2
1
66
61
31
2
83
0
-3
328
-1
50
65
-1
45
21
58
-2
231
166
0
-2
-4
0
60
7
254
-8
1
-7
2
90
189
-4
-4
40
886
71
201
30
1
68
482
0
14
0
-1
-4
-1
0
2
214
116
-12
3
-3
494
29
0
-5
30
2
58
291
192
2
22
0
69
54
56
15
-6
-2
7
15
166
326
-18
46
111
56
1
149
14
438
184
616
1
-2
120
17
70
3
-4
-6
86
9
9
189
5
9
210
11
2
95
-1
5
0
13
104
-1
111
58
9
0
86
146
27
32
7
326
977
274
6
118
853
33
0
56
126
27
66
39
12
93
-1
158
152
43
1
389
61
11
-2
1
23
35
427
58
263
0
23
193
313
33
869
603
366
-1
496
1
-1
19
89
0
191
28
125
-1
4
68
3
8
-1
NO
1
76
NO
80
806
249
62
-3
-12
-1
-4
23
5
-3
1
100
58
0
4
49
1
107
-9
40
593
14
127
0
-9
-6
34
328
2
190
44
158
10
-4
52
87
40
16
513
62
51
3
85
72
39
604
66
10
1
-8
4
5
159
962
-6
20
18
25
78
-9
103
1
77
114
13
27
-1
288
-3
112
1
1
-7
73
15
-4
-18
30
25
52
-2
1
119
1
2
27
1
0
-1
1
36
89
0
-3
65
1
96
152
-2
55
33
12
668
1
3
0
113
1
73
29
3
1
-9
31
1
22
232
371
-13
1
50
5
1
14
-22
NO
-2
2
0
129
143
80
24
12
-8
56
46
179
447
2
-1
97
-3
3
81
8
2
102
-11
21
38
30
421
92
255
61
150
3
34
48
0
-1
229
-1
1
-2
1
9
18
1
13
918
59
-2
230
21
14
21
1
3
126
43
35
52
79
2
33
0
-2
-10
-2
14
56
1
82
808
0
0
-7
-3
615
290
6
107
-2
76
59
467
4
-1
NO
-5
45
78
90
-1
2
7
14
38
-5
26
5
10
1
19
-17
-2
21
21
-2
26
-1
185
1
1
42
74
2
236
0
-3
-8
8
2
60
11
1
278
-2
714
4
6
0
0
387
11
7
51
795
97
25
5
15
NO
50
1
13
-5
30
-9
34
-1
81
1
110
41
18
-1
-1
225
-8
16
0
47
35
66
-1
100
95
21
3
1
1
0
-4
21
258
3
331
272
-4
787
188
NO
43
56
2
0
179
-5
2
3
0
334
0
112
-3
25
71
0
-3
824
17
376
96
218
60
0
15
9
185
7
64
-3
-4
-8
24
12
227
-5
73
-9
377
681
14
788
145
41
62
31
-1
114
875
266
1
96
16
0
5
303
1
-3
0
23
0
36
-1
-7
1
0
0
0
-8
405
-1
-2
439
-6
50
-1
-2
176
-2
12
15
163
5
178
1
17
314
1
-3
-3
3
-9
25
235
8
-3
2
72
11
721
0
5
74
40
8
NO
291
5
98
115
0
33
3
5
32
70
49
191
74
2
1
-1
12
-8
3
239
7
-2
2
898
26
4
272
-2
0
887
731
75
0
140
-2
633
8
7
126
15
-3
8
1
0
231
0
179
0
32
-1
253
395
-2
27
1
100
177
265
NO
9
8
-5
220
2
55
457
-2
81
1
303
7
40
2
0
19
9
29
339
13
9
NO
10
458
159
1
2
45
-3
34
-4
1
-1
23
17
47
332
663
2
274
20
1
2
211
-2
526
-1
-3
16
2
1
33
1
265
1
-1
62
3
38
409
15
1
15
-19
NO
-4
96
-1
16
161
-7
159
-2
13
56
1
-2
-1
40
-12
2
0
1
47
682
-1
19
26
48
107
-1
826
-3
1
0
154
95
8
140
NO
493
16
69
409
0
2
238
699
18
7
2
-1
36
1
NO
1
28
85
1
1
-7
-1
32
-1
122
0
-1
5
4
3
-1
97
16
-1
9
436
984
-3
56
0
-1
384
-23
259
NO
-13
647
0
397
553
-1
30
293
119
38
1
-2
16
21
-1
40
3
44
21
202
859
42
364
149
10
12
2
892
-1
-2
11
-1
60
360
36
15
64
1
0
-2
0
-1
1
93
10
-10
1
322
1
0
167
-4
231
318
0
0
995
-29
0
-1
0
221
87
0
143
2
-14
79
-2
62
15
1
30
143
0
67
-1
1
-7
1
5
0
1
268
119
21
-1
0
0
31
0
-4
41
14
24
-10
0
-1
1
6
13
271
54
1
-20
428
53
11
806
14
-1
0
-6
40
1
4
59
190
-6
28
-1
-4
190
0
-2
80
-1
NO
567
67
779
-9
0
11
2
8
88
11
213
234
7
18
101
81
10
152
390
6
2
-2
-6
134
-2
45
0
19
3
-1
7
14
42
25
-22
0
120
73
-3
-11
3
5
0
113
-7
186
376
428
-1
0
-3
-10
106
-1
3
60
0
70
40
9
965
NO
36
138
-9
1
122
1
23
1
3
12
497
-20
136
22
12
91
1
-3
-3
2
49
-4
2
237
16
NO
0
376
18
115
818
134
221
12
0
-1
-1
370
-5
18
32
240
2
11
3
-1
43
NO
-4
-2
420
302
-2
-3
428
47
3
156
166
-2
16
24
1
-13
980
25
123
47
23
824
829
5
35
5
127
13
49
2
163
112
0
93
28
-20
-9
142
10
1
100
65
38
1
-1
12
0
74
91
-18
58
29
163
-1
33
0
47
299
NO
2
1
679
11
-3
-1
58
-1
-1
0
-1
118
1
903
742
1
-7
1
8
22
-7
31
276
966
846
-6
11
35
5
5
26
15
32
12
1
-3
1
-7
32
161
490
6
32
181
50
127
85
2
136
-1
4
0
-5
9
-5
0
14
434
-2
1
-5
152
0
1
-2
6
9
79
918
24
-13
148
656
5
-1
9
17
24
28
36
15
4
20
9
-11
186
334
-3
14
-2
71
4
2
27
256
179
-2
12
203
1
-2
90
122
123
-1
157
13
35
26
14
-19
7
100
126
-2
185
28
16
444
-1
-11
1
25
7
59
-4
1
-1
3
31
-23
0
-1
327
20
-1
141
31
3
-1
2
1
0
79
1
0
47
-1
84
10
0
259
NO
14
28
-6
82
-4
94
47
0
1
5
221
0
30
-10
3
1
50
37
39
-13
15
9
-2
66
2
-2
1
1
43
-3
148
9
1
15
491
6
1
5
-1
-2
162
-17
-5
5
97
3
1
122
-3
477
10
1
20
-7
565
208
99
119
3
54
106
-2
26
106
-1
-12
7
1
15
3
27
1
1
-11
27
1
-8
9
-1
19
3
0
2
3
-8
116
1
-4
-1
72
309
141
28
13
4
-1
0
3
14
-11
26
-1
-3
1
25
108
5
39
-1
0
NO
62
702
3
498
-8
48
832
-2
1
929
445
0
14
2
6
5
-1
8
12
-2
73
31
0
4
1
-1
90
17
0
137
22
-1
180
37
-8
-2
1
373
-4
1
34
0
0
11
217
NO
-6
51
45
17
57
-1
145
73
0
232
64
2
-2
20
94
179
-1
-2
151
-1
63
22
115
17
3
12
551
244
5
216
1
-17
11
38
-3
2
63
322
108
-12
1
-1
19
-4
-1
262
33
80
3
-1
153
697
22
53
81
1
-2
217
120
9
231
34
22
-3
23
0
17
NO
14
81
-1
-1
49
-13
3
NO
-10
20
36
9
2
-8
8
96
-1
24
488
32
7
-7
965
30
3
307
5
-1
14
-6
1
36
72
36
4
388
186
127
184
65
442
94
-3
47
322
33
144
51
21
125
17
3
4
73
-8
-8
1
489
785
25
122
1
242
835
1
0
815
-4
-1
25
-1
163
16
40
55
-14
-13
4
-11
-8
-1
5
-1
560
110
-2
59
0
-1
-1
13
54
-1
22
-3
0
15
2
-3
3
61
18
-3
98
-4
237
851
-3
12
-6
109
652
-12
238
883
29
270
-3
28
-1
164
4
1
407
-2
70
30
136
0
0
-8
-4
-1
1
4
50
88
-5
6
183
6
2
4
2
