46
12
-5
44
1
610
-1
-1
130
6
-1
360
31
1
106
27
-10
0
-1
313
0
325
133
90
29
-1
321
114
420
3
-2
-1
-5
5
74
66
131
-1
289
210
67
-5
5
9
-1
-2
1
207
18
181
1
0
0
5
60
177
12
10
-2
12
-11
1
2
-2
-8
0
-1
-9
14
76
3
5
NO
11
-8
8
-4
0
26
11
65
64
-3
49
44
120
165
0
50
384
246
38
464
90
65
19
66
12
58
-2
NO
-1
19
65
117
504
127
4
-2
18
13
0
44
NO
94
0
1
-6
-8
157
2
-12
-5
7
15
-21
15
-2
4
13
-1
18
1
51
6
1
17
-5
-9
320
54
-9
0
29
0
-4
28
49
0
89
187
161
273
1
-4
22
0
21
4
-1
-13
118
13
111
4
185
67
1
6
0
7
-4
64
779
27
1
244
104
-1
43
0
-1
0
204
-4
-3
17
-8
-1
0
10
1
NO
4
158
-10
330
516
165
47
334
1
98
2
2
388
198
-1
80
194
126
17
39
0
67
27
-1
17
69
495
5
137
49
3
0
0
0
191
19
165
4
22
1
NO
2
-3
198
1
-1
76
290
NO
117
1
2
29
41
-23
289
57
-1
909
-1
-6
731
0
-2
-2
152
17
NO
85
-1
588
0
16
0
34
95
2
29
0
-4
652
-1
-1
0
2
3
6
0
1
-5
4
-1
23
2
88
NO
-1
2
2
-5
-5
142
396
1
0
0
-2
25
396
9
0
3
-5
19
11
39
86
2
230
240
-12
12
-3
82
1
-4
-1
-1
30
63
-2
-9
1
960
0
29
175
1
-1
52
5
182
-2
84
1
-1
124
-1
-11
-4
199
3
871
-6
-9
1
1
33
152
44
383
0
-7
461
108
1
3
-1
3
116
-1
90
-1
4
13
818
-8
29
0
43
-1
-2
78
247
12
83
-1
23
4
4
95
3
17
-3
20
-1
104
36
71
1
NO
-1
2
4
49
102
54
-1
1
1
9
7
126
-3
337
568
16
-1
-2
-1
128
0
46
12
83
1
-1
38
1
24
30
41
-13
72
0
2
2
-9
2
8
38
2
35
198
16
-1
1
1
1
81
10
-1
0
3
NO
-2
73
-18
-3
138
971
1
49
198
1
-2
96
1
68
-1
16
0
476
94
0
0
6
0
15
-1
4
-11
12
4
171
9
1
87
6
23
175
26
47
90
10
6
20
24
-1
9
0
8
6
-3
1
1
120
13
1
-3
-2
105
56
266
0
0
-1
376
39
NO
1
61
7
-5
25
1
26
79
1
461
19
3
37
33
64
58
39
4
-6
1
78
-8
4
-6
-1
1
62
397
0
2
1
6
3
726
332
68
-1
6
35
2
-1
1
1
294
160
216
88
-5
45
6
2
-12
0
8
32
0
304
-8
1
38
422
1
1
-5
5
83
0
-1
36
9
115
0
0
-1
0
556
36
16
0
28
75
47
16
2
-1
6
0
0
176
97
234
56
-1
9
-11
217
35
205
321
20
2
215
105
-3
1
-1
2
89
1
3
0
552
201
28
45
0
1
15
17
915
140
49
21
-1
-5
11
NO
7
876
71
34
-1
88
0
-3
1
45
17
449
589
41
46
7
10
3
1
-1
0
5
-1
20
14
-1
38
129
NO
70
3
11
2
-1
1
-1
3
0
27
136
98
928
759
29
9
-1
46
1
389
246
1
72
3
7
14
NO
-21
-3
54
-6
10
140
-4
1
-17
48
1
79
4
-1
478
25
NO
136
87
80
-2
31
16
75
1
-3
-10
1
309
59
0
-1
NO
1
-1
22
337
9
-5
0
-5
13
259
-9
1
-4
472
1
58
38
15
-2
382
83
22
12
77
121
144
-1
44
-5
149
73
5
NO
22
67
8
0
14
-1
440
347
33
118
-1
1
105
5
-1
-10
10
-1
197
56
-1
133
-4
1
-13
39
20
12
2
14
5
-1
-2
6
2
465
193
23
-1
1
663
10
-13
430
-4
123
-3
256
0
10
18
15
-11
8
1
508
4
324
74
4
25
22
-1
-6
-2
1
126
403
-5
0
138
34
1
-4
5
-1
264
3
172
64
191
57
0
227
34
324
-3
164
1
103
1
1
0
37
12
18
2
109
28
68
3
0
28
6
233
-1
6
9
0
-1
-11
-6
6
5
-1
3
37
16
150
-4
10
22
193
9
9
-17
-1
-1
64
NO
6
454
-11
NO
8
0
158
70
23
48
1
28
1
-8
-5
3
15
-4
20
-1
0
348
-1
4
-3
1
246
16
56
547
7
236
717
141
884
63
-1
1
43
57
223
85
0
10
69
-1
6
1
10
-4
6
2
6
0
1
41
344
812
-1
362
5
-3
17
62
313
-6
2
1
695
100
945
2
23
-4
17
937
2
8
2
4
20
1
1
316
-8
26
20
41
1
167
30
349
72
1
-6
21
4
1
2
159
27
-1
-2
0
1
-13
30
269
638
7
10
1
4
-2
-3
101
-16
-2
97
140
-12
93
-1
-11
1
36
347
1
4
119
4
38
8
2
241
67
-8
94
1
71
217
0
-6
3
32
159
248
10
55
11
200
NO
1
26
1
-6
32
27
1
306
-2
-6
-1
87
-1
32
212
-1
66
NO
351
485
116
-4
110
51
96
416
496
76
-3
2
29
1
-2
41
-2
12
314
-18
-1
16
5
198
6
-2
305
-1
-1
-3
4
35
280
2
222
-4
1000
-5
0
37
-1
-5
10
5
46
-2
-3
0
179
104
-2
106
110
70
426
127
305
0
1
3
150
-4
465
0
101
-1
40
-22
-1
-6
2
86
-4
23
2
289
76
379
3
-5
47
140
46
0
71
9
-1
104
432
18
151
44
244
63
135
1
285
-2
1
34
55
-6
-2
2
16
6
0
34
-8
-13
87
27
1
37
-14
841
-5
-4
-1
405
78
50
1
307
1
-2
141
79
180
5
456
8
11
0
258
54
230
195
13
24
8
70
1
1
1
137
6
102
243
36
706
-1
340
-1
0
298
5
25
10
9
-4
2
3
188
208
1
22
59
21
49
-2
-17
247
15
2
-2
22
56
-1
312
-1
-1
1
62
87
179
397
3
977
92
2
-1
37
21
29
314
0
3
-13
112
11
286
148
395
-12
367
-2
2
-12
821
214
192
14
575
1
347
18
13
6
-1
758
107
-4
37
812
24
1
36
14
-4
12
33
2
8
98
474
-14
-8
61
-2
210
5
463
-19
99
0
-1
2
395
588
64
24
-5
139
5
-1
0
3
-1
NO
-29
177
-14
194
23
5
271
-1
133
36
192
75
1
22
-1
-16
336
696
-4
1
0
-5
133
81
29
28
415
269
7
10
104
2
1
103
152
71
-1
69
55
-5
3
119
11
71
13
-2
134
14
-8
27
1
482
26
10
4
34
NO
19
8
1
53
NO
0
123
-1
-2
5
1
8
-1
17
93
9
-3
-12
-1
3
88
-1
-1
-12
11
14
96
29
258
-2
24
23
3
72
378
-3
-5
13
41
11
69
2
-6
838
100
37
1
-4
969
298
183
1
12
999
1
268
74
16
110
161
-4
-1
-7
-6
7
-2
-7
-9
8
143
383
-1
-4
487
7
106
-1
288
-8
10
16
207
67
4
44
7
-1
24
2
406
1
-1
-2
11
31
67
-5
17
30
329
213
286
10
1
37
189
105
28
-3
896
947
3
NO
-5
26
88
0
-4
0
264
86
983
-1
-7
2
17
80
32
-1
1
-5
39
75
74
-7
-3
22
-1
4
2
-1
0
13
13
0
-1
-6
0
175
1
444
7
68
47
31
64
14
82
0
2
170
23
8
1
-1
13
11
1
-5
21
164
-3
43
2
177
-1
-7
NO
-4
7
185
-2
141
868
70
224
-2
16
1
-9
-11
-6
0
4
457
0
55
38
-8
-16
346
285
117
-1
6
2
5
5
33
51
24
0
2
735
-3
145
203
29
10
-1
31
38
12
27
48
1
16
80
206
1
-1
229
351
19
-2
12
-1
63
7
30
-2
-5
1
6
15
10
22
430
56
269
-2
-2
549
110
29
1
0
429
45
100
0
-6
83
-13
93
82
3
36
17
2
-1
83
295
-8
-1
8
0
-1
-1
45
147
0
-2
22
-7
126
12
-10
3
123
23
2
3
9
8
NO
49
3
-1
-4
420
1
88
79
NO
-1
1
53
184
33
88
3
93
153
2
1
129
102
5
7
52
-6
238
16
189
-9
152
2
454
0
8
-19
141
3
4
261
-8
-7
-4
1
108
9
69
0
0
-8
-6
1
27
-1
NO
4
0
0
8
0
156
-1
741
254
88
37
0
0
-1
49
-2
-3
134
114
103
8
43
133
58
21
35
3
0
69
-2
NO
251
0
63
646
0
-3
-1
995
68
1
30
22
38
-12
1
414
-3
0
4
1
59
31
2
29
-1
0
-1
25
-23
446
2
-1
0
14
187
37
7
23
54
1
24
-3
-2
10
28
-5
245
113
3
17
-10
525
-1
369
0
12
NO
215
449
4
-2
0
125
92
241
0
-1
0
10
19
21
132
-1
1
0
-1
89
231
15
153
14
3
12
15
11
1
-3
NO
196
84
-2
-1
8
117
246
233
34
31
4
4
921
654
7
25
-10
-2
13
2
-2
14
-1
199
-4
45
-11
-6
-6
76
11
-1
485
953
62
106
132
0
2
205
13
-1
1
1
12
98
-4
1
-5
0
8
-16
35
-13
-1
-7
250
13
-2
1
-1
38
-5
61
686
304
-3
-1
-3
-1
18
1
8
-12
0
24
42
219
137
-9
-1
22
1
0
1
12
46
30
17
2
18
-4
14
26
719
56
14
2
1
0
246
1
76
-1
19
180
-2
8
-4
34
9
2
114
1
2
1
0
-14
63
74
358
-1
-1
223
11
110
1
1
46
40
-1
-1
4
14
1
482
34
10
65
-7
0
2
154
0
6
2
-1
203
813
18
17
319
0
2
8
80
-1
2
77
452
30
52
15
-1
102
15
28
5
25
86
-2
53
-5
-3
111
NO
54
255
77
-2
-5
6
145
114
0
44
1
20
58
290
-1
-2
-3
-9
1
234
32
43
-7
1
-8
8
113
-2
27
-13
704
-8
6
1
-1
1
17
-2
-9
1
1
1
19
2
51
17
164
96
-8
10
6
20
0
70
13
0
49
597
0
0
-1
-9
238
0
-1
-1
160
75
36
36
-5
NO
0
26
6
43
14
4
56
1
18
0
1
15
61
14
-3
-1
72
12
71
125
658
121
39
0
102
892
-4
35
25
108
806
271
0
NO
NO
87
400
855
439
75
-1
126
53
-2
1
66
10
8
-2
77
71
-5
44
1
28
74
39
10
91
13
NO
117
-1
23
-3
-1
8
-7
-1
304
40
124
0
-14
-1
-1
-2
-3
1
6
-1
1
59
1
167
NO
1
-9
5
12
83
-4
26
1
88
NO
4
27
-1
399
18
57
160
2
865
2
47
282
19
147
1
5
1
-2
302
105
43
36
3
2
39
283
-1
278
-2
1
1
43
-2
641
-1
82
25
23
21
1
2
0
442
3
21
2
65
56
-7
-6
66
12
0
0
156
-1
49
15
25
55
1
10
291
1
1
5
2
0
-10
4
-11
5
48
-4
-27
221
75
16
30
468
-7
-2
132
10
-1
20
91
10
1
8
121
147
16
0
3
142
-1
37
-7
137
0
443
38
-1
0
0
4
7
-10
-4
3
2
106
0
-6
87
59
495
-20
53
2
1
-1
0
98
34
-5
-1
-7
-2
-5
222
2
333
5
0
-1
0
68
-4
6
0
-1
1
-1
4
8
1
0
4
-5
34
1
-4
-1
11
175
47
9
-21
64
38
0
13
11
-5
115
9
1
1
311
26
-1
17
8
88
-8
-6
0
95
175
73
NO
2
11
-6
35
14
51
7
39
83
79
1
-2
105
0
-13
-7
-3
129
29
2
45
445
298
-1
1
-2
3
18
-27
2
-5
176
0
39
94
341
60
117
11
0
65
135
19
460
0
39
1
75
53
4
NO
0
4
-3
12
-1
-9
336
1
15
-7
2
-5
0
436
112
48
852
-4
-5
-14
-1
-2
21
11
59
-9
-15
133
83
91
-2
11
2
8
21
3
3
15
34
14
6
32
4
-5
318
-6
-1
3
-5
-8
9
3
2
774
0
27
-2
56
-1
-4
1
0
-18
92
0
20
1
-2
-1
3
462
329
0
19
35
-4
86
0
10
839
49
13
472
4
58
0
0
12
-1
1
9
-19
0
150
36
32
1
79
10
501
386
1
241
188
-3
-14
0
71
1
-8
-3
3
-1
231
-9
361
18
85
11
96
-12
NO
0
9
2
12
9
NO
-1
24
1
-5
241
-1
-3
-2
NO
9
-5
3
0
992
77
0
1
84
247
-1
56
2
0
1
959
496
28
5
-1
-4
NO
3
8
5
900
-1
0
471
50
165
-12
815
14
19
2
2
0
0
1
37
29
4
1
NO
0
-2
0
-5
120
42
61
0
NO
236
1
4
70
635
-3
5
787
813
NO
38
204
10
28
722
134
129
25
736
30
3
411
NO
44
64
1
-7
8
12
30
3
86
-3
1
17
-1
157
54
123
23
157
23
33
25
-2
99
44
-22
164
28
-3
20
31
1
45
30
-12
0
14
390
-13
27
-4
459
1
1
0
4
1
2
-13
5
281
4
25
-3
0
-1
5
363
214
-19
160
-3
NO
0
149
12
1
-1
-2
1
-1
43
1
-2
81
55
5
3
4
202
0
5
148
0
0
159
0
0
131
11
3
33
79
690
-3
11
2
21
37
-3
6
3
41
365
-6
-1
2
-4
45
99
114
1
216
12
65
1
4
-8
-7
-3
1
110
29
132
12
137
139
18
2
-8
1
0
448
74
-2
NO
71
221
5
1
1
2
2
42
35
28
-6
77
-2
-6
0
659
-1
-2
-2
57
16
23
41
22
-2
-3
485
957
85
12
226
3
30
37
107
70
319
-4
61
127
260
53
197
6
224
6
0
0
1
-6
32
-10
11
445
34
443
0
304
19
-1
0
8
1
120
0
-1
60
-1
98
181
32
66
272
1
1
220
185
-3
-1
973
-6
79
690
194
48
250
9
73
48
5
-4
1
28
0
-1
230
95
33
-2
1
46
0
-3
22
5
24
1
NO
876
-1
468
393
-1
71
16
45
19
-10
-5
12
35
59
1
811
46
-2
1
143
98
71
-7
-3
419
2
-1
14
1
5
3
69
142
-3
15
1
28
153
306
0
119
18
109
0
17
1
161
697
-1
6
2
0
-1
-2
986
188
-2
94
721
-1
153
-5
-1
21
9
49
-1
-1
-2
126
-10
9
1
2
2
51
0
61
-6
599
8
-1
48
0
33
3
-16
404
0
-7
192
265
-2
240
170
67
4
2
-1
-1
9
75
173
0
150
45
0
8
140
-21
0
3
983
-2
-2
-1
24
22
-2
-2
37
3
-8
-2
27
872
21
59
237
13
14
169
79
29
2
-28
3
-1
1
20
2
3
292
3
-1
1
164
451
13
-1
20
11
249
95
33
9
33
-11
-1
0
2
0
0
1
-6
73
-1
18
0
112
-3
496
-4
67
93
-1
1
-7
73
19
0
117
162
111
6
-8
1
10
-6
3
441
13
10
101
37
6
-15
-2
10
-2
2
313
0
-7
5
384
26
-3
377
48
-6
-8
-1
132
-3
43
-5
-6
245
1
-3
2
6
8
0
23
149
0
29
6
15
2
21
15
2
23
1
-3
0
42
683
41
256
-1
45
933
257
13
23
7
3
639
842
-3
4
12
0
-1
86
2
123
-2
87
51
-6
2
60
NO
9
487
129
324
22
85
0
12
14
0
2
29
181
13
13
6
17
21
936
31
8
2
72
93
136
0
114
5
1
-1
52
-3
342
-3
-4
5
326
-7
4
0
0
2
1
1
44
240
3
74
0
986
0
27
-20
746
-16
1
0
31
1
2
6
20
10
2
0
-1
41
119
-2
10
324
-1
1
213
3
19
27
0
18
83
3
32
130
20
76
223
18
3
21
838
934
-1
89
151
-9
1
28
133
28
62
148
-1
15
0
184
770
32
-15
1
1
0
-20
-2
2
117
1
110
406
1
36
1
-8
3
90
16
9
96
1
61
-1
515
0
77
-6
1
13
-1
12
-1
-9
54
-21
-1
0
17
-2
-1
0
-1
76
46
30
17
181
50
17
2
95
30
13
8
34
39
319
95
19
-6
17
99
17
19
471
3
157
424
4
-9
949
380
7
59
0
0
0
293
-2
9
33
34
16
723
43
-6
-15
-2
-13
-4
1
1
-3
117
2
36
-1
-1
102
12
-13
56
24
57
17
3
3
2
12
9
262
1
197
-1
2
61
0
169
60
-2
180
5
13
1
17
2
8
193
829
10
-1
-2
0
16
117
-1
162
-2
-1
9
127
9
-5
79
0
2
10
68
1
4
0
0
112
85
-1
3
1
30
-6
1
65
-1
24
1
8
219
NO
9
18
109
518
568
36
389
100
-1
-6
31
251
0
247
95
0
98
31
22
108
637
42
185
3
0
7
88
1
-1
0
27
-3
0
136
494
5
0
-10
-4
-1
131
107
0
65
0
10
357
-5
-10
5
18
115
1
54
13
189
1
-1
-10
462
1
122
211
-4
-10
46
145
66
33
15
481
0
1
-1
2
4
5
3
6
-3
10
2
3
-1
-3
-1
13
44
175
1
-1
751
48
-3
62
57
316
330
62
60
-1
194
117
0
825
13
12
282
288
84
33
110
28
100
4
0
-3
9
-2
244
1
1
-3
2
-1
235
2
1
1
742
96
-1
3
229
0
NO
92
34
7
60
0
74
1
0
27
236
-5
-1
878
1
5
23
-2
1
9
1
-2
270
162
84
1
0
-4
70
30
NO
3
9
38
276
89
-12
104
3
1
6
1
706
2
-9
-1
108
1
-1
-2
-21
372
147
0
-1
4
144
939
40
539
29
-11
26
-1
NO
82
251
-7
-7
129
1
56
0
106
93
0
5
40
1
22
NO
1
35
-3
-1
0
-12
792
-3
28
0
198
225
27
0
63
-1
-6
71
7
-6
97
-1
-2
78
-9
982
-3
-1
399
20
135
NO
98
-9
145
1
2
-1
4
16
24
-4
-8
0
25
52
0
70
5
132
14
351
-6
17
57
1
-1
7
26
149
1
-12
395
-14
7
36
42
1
25
0
-2
22
2
280
146
12
0
-1
13
-1
0
2
95
-30
-3
50
-2
22
34
73
153
171
5
35
269
1
516
-1
196
NO
1
677
4
-5
79
-16
-1
52
2
-7
10
6
0
-20
4
208
4
301
59
49
-1
5
78
-1
156
100
26
55
-1
79
-2
14
4
14
10
19
-1
0
1
223
7
-14
-1
34
-1
4
153
125
-1
37
29
11
-15
1
-3
0
6
30
73
16
1
1
204
5
148
0
15
0
91
90
143
155
-22
50
95
322
-3
5
11
8
475
0
-6
39
0
46
59
3
175
48
49
63
221
50
43
88
378
-14
0
50
0
275
NO
97
22
2
195
-2
1
2
15
9
136
0
98
23
53
96
426
207
115
350
1
0
1
1
1
7
695
13
9
-1
151
108
-8
-4
123
211
-1
51
-2
-1
32
322
25
362
0
195
71
4
252
227
46
-1
-1
2
7
671
3
2
-5
-2
-3
95
1
-1
18
5
21
14
72
1
97
0
79
1
1
33
-3
234
0
278
0
38
74
676
1
77
-2
64
-1
2
61
-3
107
438
-1
53
0
1
82
8
1
14
0
5
0
173
1
-5
-1
1
451
6
46
15
11
3
-4
118
-27
-14
1
-20
29
-2
4
0
265
1
135
2
-2
1
-4
-3
66
22
0
71
4
0
42
322
-2
207
-1
19
1
7
77
1
108
47
1
68
93
263
-3
-1
-5
192
100
-1
2
205
-4
NO
-6
36
157
-11
1
0
NO
-8
1
19
41
23
38
6
23
2
1
1
12
478
34
2
1
54
1
11
118
211
0
0
3
-1
22
-1
32
106
2
27
-1
27
109
-1
0
219
977
-1
0
-1
-1
47
275
41
10
4
856
5
6
0
5
13
3
540
0
-1
25
0
3
-1
-9
281
150
NO
0
NO
-1
40
7
1
1
17
76
44
-7
1
515
725
1
14
0
-1
52
46
2
107
106
43
-10
0
5
67
98
2
124
158
447
-1
13
9
3
1
-6
1
51
88
117
-2
60
-12
10
3
864
-5
127
36
-16
0
39
24
46
57
58
-3
144
10
3
2
25
-14
1
178
1
102
2
35
7
2
-1
506
19
5
-2
27
-1
26
129
99
-4
2
33
27
-10
18
15
50
-2
15
5
492
2
0
-21
40
2
3
6
1
115
78
1
-1
741
67
-6
107
0
86
18
31
1
-2
-2
278
9
-2
9
24
354
984
10
-1
69
10
0
-1
2
-6
926
-19
NO
0
261
-1
0
-1
13
686
-5
21
75
157
-23
81
71
708
-1
-3
63
1
15
39
-9
2
20
-2
48
1
33
-2
-3
0
281
-2
150
93
10
-1
346
-1
2
1
110
27
20
689
495
33
0
18
669
0
0
10
38
10
10
13
19
9
24
0
0
-6
26
222
-1
15
-1
1
1
13
33
228
6
-1
-1
59
33
11
38
1
1
-1
-3
155
-4
10
1
473
183
29
223
23
44
2
3
10
-6
0
136
7
29
-5
-5
-1
19
-4
3
1
883
235
261
0
48
-4
46
4
-10
-2
28
13
1
60
114
6
35
23
39
12
30
169
-8
34
0
18
3
3
857
19
55
10
27
0
12
4
373
3
2
24
125
25
1
27
-1
76
99
-4
0
-1
0
754
20
1
-1
-11
7
25
54
7
-3
212
-17
91
1
53
3
81
23
NO
0
24
NO
95
879
-1
-4
-3
1
31
35
444
281
1
164
2
30
0
-1
11
-22
557
0
44
282
-2
-12
38
1
2
46
30
2
134
134
-4
-4
13
4
2
31
-8
471
9
278
99
6
1
0
102
4
-14
4
201
26
119
0
250
-1
13
-7
1
31
-1
10
25
9
13
0
66
42
0
-3
1
57
27
82
1
149
78
8
68
112
-3
108
3
500
3
-10
33
230
82
0
-1
-3
0
-4
39
138
34
302
2
18
101
-2
73
-16
-4
1
2
0
-13
19
10
220
-6
17
99
33
291
93
104
49
237
-5
-2
65
-5
0
4
449
1
2
34
288
0
12
0
3
1
0
-2
2
-4
63
1
9
77
4
1
-5
80
401
0
71
99
1
251
117
20
-7
70
6
-1
-3
94
239
45
29
37
NO
13
2
1
676
49
22
77
46
21
701
67
93
3
0
83
5
13
-8
77
87
1
252
9
85
26
0
13
0
132
-1
86
0
40
6
233
-3
180
-5
426
99
19
0
14
18
NO
724
33
960
-8
3
6
0
-1
-3
68
43
-3
47
48
1
1
4
0
1
1
-2
0
1
-13
0
385
42
94
1
33
43
102
-7
29
-1
193
-5
19
4
-8
82
115
40
20
-3
251
13
223
15
226
-4
0
32
57
-3
-9
NO
70
71
4
-9
3
3
16
0
0
-1
3
-1
14
83
6
-2
140
69
4
65
120
957
50
54
488
12
374
-1
20
102
-1
265
4
1
142
3
70
NO
0
-1
50
-2
-1
8
807
0
162
4
NO
-7
-15
23
366
0
1
105
20
20
7
-9
-3
4
-1
7
155
1
-1
47
690
0
8
-1
23
36
123
369
894
270
-2
3
196
21
1
14
20
16
-1
1
3
28
90
-2
4
85
122
199
19
1
-1
1
472
112
298
13
1
0
342
76
127
1
-1
203
18
361
7
148
4
24
29
34
0
2
2
336
11
104
205
-2
-12
4
62
39
0
3
33
165
44
24
-2
-5
109
-1
156
71
85
1
1
-2
22
4
1
29
26
10
2
11
-5
2
32
0
0
NO
-4
-1
-2
-5
0
96
102
9
415
20
17
-1
2
957
3
4
8
240
2
2
-1
71
0
2
-11
41
17
833
1
745
20
-5
4
291
127
54
2
5
186
72
81
6
38
8
7
324
246
182
-1
226
28
47
9
584
-8
353
-1
1
11
321
605
0
5
746
-1
0
43
1
43
188
107
329
1
-12
15
77
-1
0
5
211
33
17
12
6
-3
-12
21
1
-1
-8
56
232
11
1
70
-3
456
22
38
-21
-2
-11
NO
1
430
1
0
1
1
0
264
108
18
82
8
0
-1
23
NO
3
9
10
1
118
89
5
0
501
15
10
684
20
12
155
15
13
1
0
236
-2
1
9
2
-1
2
1
992
19
13
12
3
309
1
14
-5
35
183
216
225
33
-1
131
160
29
-2
2
24
