5000 1000
8 -352 -736
-1 -10 264
7 119 420
-4 188 -528
-8 -616 624
-1 609 610
1 881 880
7 588 581
-2 254 780
1 85 -546
-8 -248 -240
2 -718 -720
-3 123 -930
-5 -425 430
1 -104 -212
6 -168 162
1 105 950
-6 -510 0
-9 -423 -414
1 -313 0
-5 -750 0
2 -652 650
2 -270 532
-1 85 450
-3 57 870
-1 -804 -803
1 -320 -321
-1 113 114
-1 420 0
-9 -126 459
2 276 544
-1 -126 -125
1 197 960
-8 72 -160
-3 213 666
-8 520 528
2 -264 262
6 48 42
3 -867 0
1 -214 840
-2 132 134
1 186 905
2 68 -390
5 5 -450
-5 -305 -300
-1 -417 -830
9 801 -810
4 -832 828
-4 48 432
1 -177 -724
-1 -294 295
-10 -420 0
5 735 0
-3 -114 645
4 -252 720
-1 173 708
-9 99 108
1 84 -940
-5 -195 -370
-4 36 144
1 61 550
-1 -320 321
1 323 -650
1 61 118
1 57 392
-3 -675 0
-4 -784 -780
-1 -32 -207
-1 -11 350
3 -219 -684
1 232 -705
1 3 -40
-7 7 -6
6 6 -792
-3 -72 -384
1 55 -504
-1 -106 -408
-1 -401 0
1 -22 -104
8 -56 -352
-1 74 -585
1 -72 512
4 248 708
-1 41 392
-4 176 0
-2 238 240
-1 167 -330
1 548 0
10 -510 500
-1 383 384
-2 490 492
-2 70 228
-1 462 928
1 -91 90
-1 77 -780
8 -104 -912
-6 408 -792
-7 133 -588
-1 69 -638
-3 -405 -798
-4 -10 -9
1 44 43
-1 34 -285
4 -256 -260
8 -936 0
1 -505 504
-2 258 -508
10 170 -840
4 92 168
3 -27 -486
-2 10 208
2 882 0
-2 98 -440
-6 4 -1
2 -182 -564
1 675 0
-2 -338 340
1 125 714
-2 -138 -976
-6 936 942
10 -30 20
-2 -106 -984
-5 -95 -350
4 76 -728
1 -21 90
-1 -59 -798
-5 95 -300
-1 -304 -604
-2 -108 464
-8 176 -936
-4 -480 -476
-3 27 486
-10 -430 440
-3 147 306
-1 -79 510
-1 -5 6
7 -147 476
-2 -108 -490
1 45 324
-1 323 -960
1 -64 540
1 41 288
2 250 0
-3 87 0
-6 -546 0
1 31 108
5 -105 -980
1 -43 -294
1 431 0
9 -792 -801
2 -378 748
-1 158 483
-3 822 -819
-4 -776 780
2 52 176
-8 208 -704
-1 -771 0
-4 60 504
-1 -46 200
5 75 70
3 90 663
2 -238 236
3 -48 117
-5 560 -555
-8 -216 992
-1 186 -185
3 -204 201
1 56 -57
-9 -45 594
3 408 0
3 12 -231
-4 -148 -528
2 -130 128
-1 779 0
5 -160 675
-7 -105 112
3 -732 0
1 -95 -936
-1 -452 -451
-5 225 -430
-1 -608 0
1 14 13
-6 -840 0
3 -612 0
8 72 160
7 154 399
-2 56 -374
-3 -66 -336
1 535 534
1 875 0
-4 -40 800
2 862 -864
10 9 4
2 240 -992
3 -471 -474
1 82 720
2 -660 0
-1 517 -516
5 -830 825
10 -450 -940
2 -666 -668
4 80 -84
7 -693 686
2 236 -480
9 180 -396
-2 776 0
-1 198 0
-2 -522 -520
1 -83 240
2 -390 388
1 -132 756
-2 64 -510
6 -240 234
2 738 0
6 -390 -804
1 -47 540
-3 -627 -624
1 8 -425
-1 79 -690
2 -988 -990
-1 -184 945
-2 280 -822
-2 92 294
1 180 -549
-2 -910 0
-1 -582 0
-2 -62 0
-4 768 -764
5 -100 95
3 -489 -990
-1 -96 400
-8 168 176
-1 -401 402
6 5 4
-6 -66 156
1 256 759
-1 195 594
1 138 -139
-3 -615 -612
-1 86 -760
-1 287 870
6 2 8
1 -114 -351
-4 -160 164
-7 -343 714
-1 45 -464
-1 24 697
-1 -57 -782
1 -288 -289
9 -504 -513
-1 -547 -546
-1 909 0
3 45 42
-4 -148 -744
1 -731 0
6 174 0
-3 -312 -612
-7 -182 -336
1 -151 -152
8 -184 816
5 -3 5
-5 415 850
-6 -648 -642
-1 587 588
-1 -654 0
-1 -23 624
5 70 0
1 -38 136
1 -88 -665
6 42 -108
1 -45 464
1 624 0
1 99 380
1 -653 652
-1 -811 -810
-2 -100 -98
-2 -590 0
-7 -161 350
2 166 -516
3 108 -756
5 215 0
1 817 -818
-7 -168 -665
3 225 -948
6 516 510
-1 30 -161
7 0 -28
4 -344 -704
-5 8 -5
6 300 294
1 107 -218
-3 -45 102
-5 -60 -175
3 120 525
-3 426 0
1 -397 396
-1 -383 384
-1 -711 0
3 105 0
-1 -78 -152
-4 60 1000
-2 794 -792
-1 -48 513
4 152 0
-4 20 -24
8 120 400
7 -154 399
-1 -18 319
-4 144 468
5 -435 430
3 414 -840
1 -230 0
-2 476 960
3 102 792
-3 15 252
-4 -60 -144
2 -158 -492
1 265 -266
-2 -186 -712
2 556 554
-2 -348 -346
3 -78 -360
-2 122 252
9 180 324
3 54 243
4 260 -264
1 -961 960
9 648 0
2 -82 696
2 -346 -700
3 906 -909
-6 -240 -234
-7 357 364
3 117 -660
-1 178 728
2 46 84
-5 430 -840
2 390 -392
-4 -716 -712
-2 240 992
-1 -175 -174
1 85 814
2 142 536
-2 396 398
-6 -42 180
1 -872 871
1 139 798
1 26 153
-6 -486 492
-3 -171 174
1 -20 -429
4 -604 -608
4 -160 -704
1 -382 -383
1 415 0
-1 -94 -609
2 -920 -922
-1 101 756
8 520 -528
-1 -248 753
7 875 868
1 224 -681
7 -812 0
-2 -274 -272
-2 174 540
-2 -24 -22
10 100 -560
2 46 -936
-1 817 818
2 88 576
-1 27 58
-1 -122 0
1 -21 -946
2 754 752
-1 -265 -526
2 -158 156
2 -498 988
-2 -30 648
5 -425 830
-1 -836 -835
2 -62 368
9 72 -432
4 96 -448
1 -100 475
-1 -87 270
-1 27 -170
3 123 342
-1 32 -240
-3 -363 -360
-1 113 -936
-2 56 576
-2 128 994
-1 2 -1
-5 5 -8
1 589 588
4 256 -528
-10 0 160
-10 480 490
-1 108 -612
-4 232 -864
4 900 896
-1 -796 797
1 266 -267
-2 -22 360
3 87 -756
-6 750 756
1 134 393
2 -676 674
1 -569 568
-10 200 -640
-3 -444 -441
10 60 80
-1 -934 -933
-1 124 512
5 460 0
-4 200 -736
4 -28 -240
8 -664 0
1 277 -278
9 747 738
8 -288 -608
1 664 -665
10 -250 240
3 -102 360
4 -140 -984
2 86 780
-1 81 -648
-1 -273 0
-1 -49 102
2 374 -756
-2 -76 -522
1 434 -872
1 90 -784
-5 185 190
-2 -200 408
-1 37 -70
-3 597 -594
-3 69 -336
-7 -910 -903
-4 -700 704
3 228 -231
-3 -954 957
-4 324 0
-7 0 700
-1 -740 -739
7 938 0
-8 -48 216
8 -9 3
5 280 540
-1 66 511
-1 -46 -504
-1 -178 -525
3 -408 -828
1 -972 971
-8 -656 664
-6 288 294
-2 392 792
-1 -78 79
-10 -210 -380
-3 285 288
7 910 -917
4 -284 816
5 585 580
-2 32 0
8 800 0
-1 478 -952
4 -368 -752
-3 -315 0
2 190 0
-1 -87 558
-5 -795 0
9 -144 135
3 954 951
1 34 -152
3 84 561
-5 100 -480
-8 -152 736
-3 516 -513
-4 -44 720
7 28 -35
3 -255 -522
-1 -111 702
-5 85 690
5 -880 875
-1 -11 962
1 -61 658
5 -455 450
-1 -55 650
9 9 -378
1 8 -560
-5 120 0
-9 -990 -981
8 -144 648
1 788 0
9 27 -792
-6 -6 252
-8 -144 -360
-1 -351 352
-6 -972 978
-1 125 -600
2 -48 286
-1 -44 45
1 185 546
7 231 434
-3 324 -945
2 -104 -448
2 -530 -532
-1 -977 0
-1 -273 0
4 888 884
1 -376 0
-2 102 -936
5 -10 6
-9 -549 558
5 -300 -305
-3 -63 588
2 174 820
-1 -3 700
-5 -30 35
-1 -5 806
-1 89 -790
-10 -910 920
-2 920 922
-2 74 -684
6 150 -504
-1 64 -999
-5 165 0
-1 64 0
-5 295 -290
1 -52 507
-5 -55 300
-1 -124 -708
9 927 -936
1 -77 -78
-4 -112 -640
-1 -177 724
2 54 252
3 966 963
2 828 -830
-1 55 434
1 -398 397
1 799 0
4 484 -984
6 738 -744
-2 -8 120
-5 -220 705
-1 725 726
1 -332 0
1 -74 408
1 977 976
1 65 -426
2 -58 -420
-9 -72 180
1 869 868
3 342 -345
-1 -261 262
2 -586 -588
-3 477 480
-1 217 -216
5 -440 0
2 62 260
1 -47 90
1 141 -882
1 85 -174
1 88 912
2 34 0
-2 22 -48
10 -350 960
-5 -890 0
-1 302 608
4 136 832
-7 -987 994
-4 156 -152
1 -421 -422
3 759 -762
-7 -112 119
5 195 850
1 182 -935
-1 71 996
-8 -88 0
-3 -798 -795
-3 126 -648
7 -105 378
6 -684 -690
3 351 0
-1 -458 0
3 552 549
-10 -680 0
1 -555 -556
-3 99 324
-2 -14 736
9 531 0
-2 32 672
3 -237 900
1 -27 -940
6 -60 -576
-9 -117 270
-2 -836 -834
-8 0 288
-2 -146 0
1 218 0
-3 525 528
9 -882 873
2 -464 -936
-1 46 560
-7 -889 -882
2 60 -702
-1 -34 -253
-1 216 217
-8 264 560
-1 205 0
3 -963 0
1 -34 280
-5 -235 490
-1 216 -215
7 -742 735
-3 -114 -315
1 878 -879
-5 -220 -215
2 66 -140
2 -188 890
-3 -417 420
-1 -294 891
1 5 0
1 -552 0
1 -199 -402
-7 189 196
-8 360 0
3 729 0
9 594 -603
8 -152 480
-1 30 -221
-1 914 915
1 -137 -420
-1 36 637
-1 40 -399
4 728 724
-1 -162 -785
1 25 -396
-10 3 -1
-6 -36 546
1 -875 -876
2 -144 142
2 -52 -544
-1 -620 -619
-4 360 -704
1 412 0
3 147 414
2 710 -712
-1 23 990
10 -200 510
-1 447 898
1 -590 589
-2 62 820
-7 329 -322
-1 -133 980
8 16 -960
8 -8 -48
-1 -99 100
3 597 594
9 927 0
1 126 -655
-6 -750 -744
2 -2 -760
-1 -26 560
-3 -156 -153
2 -52 -912
-4 516 0
3 4 2
-10 700 0
-3 -285 882
4 -84 440
-1 -56 116
2 966 964
1 9 -10
1 480 479
-10 -210 720
4 304 0
5 -170 945
1 -139 408
7 -679 -686
1 -928 0
1 -758 -759
-1 26 87
-2 4 126
6 798 792
-2 112 -920
6 912 -918
1 -388 -389
-4 988 -984
-1 -337 338
5 -370 720
-1 -86 267
-1 -108 805
-4 0 784
3 7 7
-1 -56 -735
-3 -81 -216
1 -54 0
1 156 900
-1 4 60
-1 147 -980
10 140 400
-1 -387 388
1 52 595
7 -336 0
-1 -87 88
-4 320 -316
3 231 -972
1 721 720
1 -478 0
3 -54 -525
-6 6 -6
5 -675 -680
-4 340 696
-3 249 -720
1 125 246
6 -186 0
-1 -42 928
-5 375 0
-4 -316 320
1 208 615
-1 -87 -770
9 837 -846
1 -307 -618
1 -58 -59
-1 -556 0
3 873 870
3 4 5
7 371 -378
5 185 180
1 -16 -132
-2 674 0
-3 -3 270
2 194 920
-1 -413 0
-1 -69 -320
-3 69 -390
-1 260 -259
-1 -75 -594
7 259 -266
2 144 544
-1 474 -944
1 945 -946
5 -300 580
-1 14 912
4 -76 240
-1 -215 -426
1 -383 382
10 -830 0
-1 30 -176
-6 66 72
-7 546 -539
1 -115 -726
1 -139 -720
-1 -161 -160
5 -235 660
-1 -71 -330
-1 143 894
-5 360 365
1 19 -120
2 2 9
-2 32 264
-1 53 938
-6 6 336
-2 -508 0
-4 32 336
-5 -365 -360
1 -439 -440
-2 694 0
-1 46 -429
3 -351 -354
10 280 270
-7 -875 882
3 -324 945
-3 -39 270
-2 -14 -12
-8 -176 -960
1 63 -730
1 401 400
1 -198 197
-3 180 -672
-10 -700 -690
4 -532 0
-1 -173 -676
3 162 -165
-1 -83 -910
-1 18 819
1 -14 -120
-10 40 960
-3 -363 738
-2 -42 980
-8 -144 920
-7 -896 -889
2 172 336
8 56 -624
-2 -142 292
-1 464 465
1 -191 -386
1 -33 230
-3 -939 -936
-3 -432 435
1 -664 663
-6 108 -480
2 76 650
1 -428 -860
-1 -129 -500
6 -744 738
3 78 207
-2 512 0
5 400 0
-4 8 320
-1 31 -234
1 -23 120
-1 -50 -429
-8 -40 832
-1 -343 344
-1 507 508
-1 -106 440
-1 326 -648
3 -228 444
1 134 -552
6 -150 0
-6 168 -792
-6 -78 -72
-1 -96 -540
-5 -55 -90
1 343 -344
-3 384 -756
-1 405 -806
-9 -153 -540
-1 -620 0
-4 552 0
1 -34 0
-7 -609 616
1 91 348
-8 32 40
6 798 792
2 -530 528
-2 -208 642
3 -513 -516
1 -60 -256
-1 194 -573
-8 472 -912
-4 -656 0
4 -904 -908
3 -108 204
1 -321 -972
-3 -321 -936
-2 322 984
-1 -77 78
1 -107 412
-2 -944 946
-1 -904 905
-3 -369 0
4 -156 296
6 -24 -576
2 -66 540
-3 -30 72
1 -115 654
2 -88 896
3 -207 204
-2 -296 906
1 61 0
3 -93 252
-10 60 0
-1 235 -466
-1 -983 -982
1 154 -960
3 84 -999
-5 -875 0
-4 -608 -604
2 110 968
-2 -160 -888
-1 -69 450
-1 -170 875
1 983 982
-8 -40 192
8 -296 0
-2 -8 640
-6 894 900
1 13 36
-1 -5 150
3 -45 -462
-2 390 -772
4 8 -396
-1 -59 612
-1 -46 -493
-3 -921 -918
3 123 120
2 -140 768
-9 0 -8
10 -70 60
1 -453 -454
-1 -79 -748
8 -2 3
-8 -56 960
1 692 0
1 -159 158
-1 72 -140
-1 24 -23
3 -135 -432
-5 -870 875
3 -102 504
-4 -92 96
-1 -82 -592
5 175 750
-1 -315 954
-1 16 -15
4 140 496
-7 119 420
-1 -836 -835
5 755 0
-1 348 0
2 862 860
-3 -186 792
-3 -210 -603
-1 -758 759
1 -247 246
-10 210 -800
-1 62 -336
1 -546 -547
1 50 -399
1 -237 236
-1 717 0
2 -282 0
1 -884 0
1 -63 0
-1 -882 -881
1 577 -578
-1 25 774
1 -58 57
1 -223 0
1 -75 -850
5 970 0
-1 2 80
-2 148 -690
2 216 214
1 33 -234
-10 -330 340
-6 30 300
-1 -54 -200
-3 12 36
-2 -148 304
-1 -148 924
-6 -336 0
1 961 -962
-4 184 -820
1 -344 0
-1 811 812
3 744 741
2 -722 -724
-1 -177 910
-1 -238 -705
-2 54 -340
-2 134 -620
-3 942 -939
-3 -93 -450
5 290 -600
-1 -998 999
-1 696 -695
4 -392 -800
1 -946 945
-1 -483 970
1 -37 322
1 59 220
3 -72 357
1 -938 937
1 256 -516
1 31 -312
3 306 -624
-2 -136 576
5 -80 -400
10 250 -260
-3 -660 663
1 -319 948
2 138 976
-8 192 416
5 -145 900
5 -195 -410
-1 -707 708
-1 162 835
3 -99 270
1 -349 0
-1 83 -792
4 112 -116
1 166 960
3 -48 -315
-1 -6 40
-2 -4 6
-1 -442 888
-1 163 -636
7 -196 189
1 259 258
3 480 948
-8 -272 0
1 0 -1
1 62 637
4 -92 -840
1 -268 -269
-1 639 -638
7 70 -833
1 51 -610
2 0 -2
4 172 -752
-5 -450 -880
9 72 135
-4 396 808
-2 -82 -800
-3 -417 -822
2 -196 194
3 -417 -420
3 111 900
1 -91 -186
9 891 882
-5 -110 -605
8 512 -520
2 -58 -504
1 -346 -347
1 136 -137
8 128 -640
-8 960 -952
-3 -60 288
4 -152 0
-8 56 64
-5 -30 80
-4 960 964
-1 67 0
1 73 520
-3 285 -282
-1 -209 210
-2 140 142
-1 221 -868
-8 -144 0
2 56 264
3 294 -909
-1 3 928
1 -163 636
-1 252 -992
5 50 -1000
-2 104 330
10 -180 770
-1 199 200
-4 2 -6
-1 -703 704
4 -104 0
-6 -414 420
-6 -168 -792
3 -81 -480
2 -62 216
7 924 -931
1 -309 918
-2 -272 -536
-1 -153 -882
4 648 644
5 -430 -435
2 444 442
3 -66 -960
3 -633 -636
1 410 409
4 -268 264
-10 5 -4
-1 349 702
-2 972 -970
1 -124 928
-2 -200 -768
-1 103 770
1 -61 510
-2 182 960
-1 414 832
-1 496 0
-4 312 -608
5 310 885
-4 -468 952
9 -252 -261
-2 -922 924
5 390 760
-1 52 -451
5 185 350
5 -65 60
3 -942 0
1 72 972
3 156 153
2 28 -960
-2 -68 390
1 -202 792
-1 -100 636
-1 -312 -620
1 -307 610
5 95 90
-5 -120 -115
3 231 666
-7 -56 336
9 -306 -315
-1 279 280
-5 -190 400
4 -884 -888
2 96 352
1 -999 -1000
-5 -90 -325
4 928 0
4 -156 296
7 336 329
5 150 625
2 74 -940
-3 30 -75
-3 123 690
1 160 316
-1 -224 -663
-1 -495 0
-1 183 -716
-2 216 -832
2 150 292
-1 111 -530
1 -117 770
1 -61 -630
1 -424 -852
-1 127 0
1 -302 -915
10 940 0
2 338 -340
-1 -27 90
-3 450 0
8 200 672
-2 928 930
-8 -680 0
5 -510 505
5 205 200
2 -72 -320
-1 -57 -770
-9 -765 -756
-1 -163 -942
-1 -265 534
8 -688 0
-2 -70 -248
-5 140 -575
-2 -396 800
-1 290 -289
1 -74 -152
1 -379 0
4 8 -60
3 138 615
-1 33 658
2 -286 840
-5 245 -690
-9 -477 0
5 -360 355
-8 72 0
-1 -518 -517
-4 416 0
2 -864 0
-1 34 -288
-2 302 0
-7 329 -924
-2 486 488
7 -455 882
7 -945 0
1 255 -256
-3 852 855
-1 -209 -414
-1 -1 2
1 -36 68
-2 92 990
-8 -96 -288
-2 -308 -608
4 32 -80
-5 90 -160
8 40 -528
8 960 0
-2 52 544
3 120 768
1 80 871
2 -170 -348
-5 115 540
4 136 -140
2 -62 -444
-3 -87 -630
-1 842 -841
2 78 340
8 216 736
-5 -270 -265
1 -403 -810
9 -711 702
-1 58 -400
1 747 -748
2 -612 -614
1 350 -351
1 381 758
-5 705 0
-4 312 316
-1 185 -900
8 48 -440
-1 454 912
5 -5 -280
-5 -35 990
-1 -271 0
1 -261 774
-1 62 -432
2 -456 -920
5 -970 -975
-1 -31 572
-1 46 -528
1 71 -632
-2 128 840
8 0 -8
-1 -730 731
-5 -255 260
3 -408 -411
-1 -80 516
-1 111 -918
1 -244 243
-6 234 -648
1 -706 0
8 704 696
-1 341 -340
1 619 618
1 802 0
-1 299 -298
2 48 -290
2 -84 850
-2 -38 580
6 36 -810
1 205 804
1 398 -800
-6 -300 954
-2 372 752
1 -210 416
10 280 -290
2 -68 528
8 -480 472
-1 -18 819
-3 144 147
-9 -414 -792
-2 -74 -680
-1 243 988
-6 60 450
2 412 -832
-1 -373 -742
-7 196 -924
2 -118 336
2 632 630
3 -936 0
5 610 605
1 312 311
6 42 -48
1 -46 -992
1 -93 522
-1 177 358
1 -397 0
-2 -174 540
1 -976 -977
10 -910 -920
1 361 -726
2 834 832
-1 42 -185
5 -140 735
9 -243 -522
-2 628 0
-6 -936 0
9 270 -891
1 61 624
3 -339 336
2 -30 88
-2 574 -572
-1 150 -296
2 -788 -790
-2 -90 -792
-1 367 0
-2 -468 -928
3 246 -504
1 56 528
1 -822 821
-4 856 0
2 -380 -768
1 48 -868
1 -575 0
-4 -348 352
-1 346 347
-4 56 288
2 10 -468
-10 -30 540
4 320 316
1 -758 0
4 -432 428
1 231 908
-4 152 -148
1 -813 812
1 -2 -528
2 646 -648
-3 81 972
-3 -27 966
-8 -216 -736
1 8 -240
-1 5 924
-1 -137 278
2 86 -816
-5 485 490
-1 475 -474
1 55 574
1 67 472
-3 183 0
1 126 248
4 -844 840
2 190 -1000
1 -465 926
1 54 665
7 -686 -693
-7 -868 0
3 438 435
2 204 -416
1 -397 790
1 -589 588
1 -54 -640
5 -120 0
6 174 720
2 -282 556
-5 -145 850
8 88 80
7 91 0
-7 -182 609
2 636 634
-7 3 -9
-1 -61 -928
-1 172 885
2 70 588
5 -965 -970
4 -132 920
2 110 -600
-3 816 -813
-6 -510 -504
-2 260 798
4 -120 -864
-1 195 -576
7 -518 -525
10 970 -980
-1 -19 902
3 972 969
-1 -57 -656
-1 335 336
1 -697 696
1 161 628
1 621 -622
-7 -714 0
-5 -120 -475
2 -264 -266
-7 567 0
-1 -3 928
-2 42 392
1 -414 -415
2 -536 -538
1 36 -301
1 -2 -80
-1 102 208
-1 -263 530
3 468 -471
4 -404 -824
4 -604 -608
2 -150 568
-9 -495 -486
2 -128 -690
-5 260 825
-4 -56 -180
-1 -54 171
8 -944 -952
8 -120 352
-1 81 -710
-4 44 104
4 148 280
-2 274 -804
1 -4 -140
-3 -81 -456
-8 224 -216
2 782 -784
-1 483 -482
-5 120 260
2 -20 0
-3 -102 456
2 -80 408
8 10 7
10 -220 570
10 -10 -560
1 820 -821
1 -40 -689
-2 4 -4
2 828 0
1 -131 984
2 332 330
-1 -188 -372
-1 -41 230
-5 -290 295
-2 -106 976
-9 -108 -99
7 -77 -714
-2 176 930
-1 15 -54
4 248 708
1 31 228
9 279 270
3 60 -207
5 -445 440
-1 -536 -535
3 438 435
2 78 648
8 -24 -704
-9 81 630
-2 186 576
2 -90 928
3 -774 0
7 140 252
9 -252 864
6 -96 -966
-1 -23 78
3 -228 864
2 -758 756
1 78 225
-2 -116 -530
5 -65 0
-10 390 820
-8 32 616
1 -64 -345
-3 -9 30
-8 -208 -960
1 -839 838
2 -200 0
7 -280 777
-10 -320 330
-2 -238 -920
1 -969 0
-2 596 0
3 -546 -549
-1 -326 327
-2 -50 888
-1 1000 -999
6 804 -810
1 -271 804
-8 584 592
1 36 -832
-7 763 770
1 -163 322
-1 -225 -884
1 293 292
-1 -144 -959
-2 -36 -144
-1 -39 322
-2 -284 -560
2 120 742
-1 -112 -927
9 18 -720
-2 280 858
-2 766 0
-1 -501 -500
-2 -44 -144
-2 976 -974
9 -63 0
-1 102 424
1 362 361
-2 576 0
-8 -176 -896
6 36 -960
2 -10 -352
1 -203 -828
5 -330 -335
-1 -66 280
-7 301 308
-1 8 -7
5 695 690
5 -150 720
-1 -136 276
-1 405 406
-1 -495 496
-2 -562 -560
-9 -279 -522
6 -66 0
1 -44 403
-2 144 -670
-3 -162 -735
1 -9 -136
1 -13 -510
-2 660 -658
-1 211 426
2 -574 572
-5 -15 650
-4 -916 920
-10 380 -370
-1 186 567
2 -204 -630
-3 75 252
2 130 372
-1 897 -896
-1 946 947
-2 -54 180
-8 3 -2
-1 -130 -625
1 10 -936
9 -783 -792
1 146 0
-2 -232 -896
-1 -186 0
3 -792 0
1 -97 946
1 -983 0
-1 -208 -207
5 140 735
-1 -195 394
-4 48 340
-6 480 0
-4 156 -896
2 462 460
3 318 -321
5 170 725
-5 170 975
4 -300 0
-1 78 -296
1 103 672
2 210 612
8 -208 704
1 962 961
-3 -168 720
-2 6 -4
1 810 809
8 880 0
-6 126 -624
-6 18 780
-1 -993 0
-2 -212 -210
1 145 834
1 372 0
1 -174 -175
-10 -760 770
-2 886 888
-9 108 -315
-1 80 -816
-1 38 423
-1 9 682
-1 65 -64
-2 32 -56
-3 243 246
3 345 0
3 174 -360
-1 169 170
8 -152 -736
-10 60 160
2 730 -732
-1 -163 -162
4 -36 -208
-6 24 462
1 49 -50
-4 -164 -720
-9 225 -756
-2 334 -984
5 285 810
1 -57 602
3 210 -432
-1 176 177
-4 -388 -384
-1 -20 -91
10 -4 3
-1 -223 -876
1 129 -952
-2 366 740
1 57 110
-1 148 -987
-1 869 -868
-2 130 700
-1 220 896
2 230 452
5 -30 -800
6 174 -180
-6 -138 -756
1 46 385
1 67 366
5 960 0
-1 -172 704
-2 914 0
2 254 0
-4 236 -880
1 -53 570
1 92 672
1 38 352
1 -348 692
1 -282 -855
3 -357 702
-2 -326 -324
2 6 -108
1 434 -872
-3 -123 690
-3 -141 780
-6 228 -990
-1 41 510
-4 92 96
7 147 0
-4 -304 624
-1 735 0
7 238 651
3 -438 435
2 -408 406
10 -310 580
-7 28 420
-2 -92 -90
-6 168 558
5 -185 -190
-8 96 0
-8 216 0
-1 53 -240
1 580 -581
-3 15 528
9 -720 0
2 -412 0
-2 -226 228
2 874 872
2 -454 -916
-1 353 -702
-1 10 171
-6 -504 -984
-4 52 -48
-1 -27 -26
-1 73 -630
-1 -80 609
2 -90 900
-1 -17 -30
-1 -138 -665
-4 -508 512
-5 -10 240
-3 45 0
-10 20 800
-5 75 770
-1 430 0
8 -456 448
2 -536 -538
2 352 696
-1 -244 -484
-1 549 0
1 -103 -770
-1 37 -232
-1 -580 581
-1 -818 0
-2 860 -858
-3 147 -540
1 -90 -1000
1 956 0
-1 -41 -210
-4 344 -996
1 63 650
-2 192 -558
-2 152 984
5 25 -120
2 -70 -72
-7 147 -476
-2 -170 348
-1 -537 -536
1 -83 0
-3 885 0
-2 -114 -784
3 498 495
2 12 -224
1 93 0
-1 -995 -994
-5 -40 -35
1 -61 720
-5 740 -735
1 779 0
3 183 354
-3 75 -198
-3 -105 -588
-5 635 -630
-6 138 -792
-1 -69 -590
6 120 -414
-2 252 -738
-9 189 414
-6 -474 972
5 255 -810
-10 90 0
-1 -16 192
-5 10 -10
1 -50 49
3 174 -549
-2 -772 -770
8 112 320
-2 840 0
-5 -125 130
1 -79 -792
10 -780 -790
-6 2 -2
1 774 773
-5 -310 315
-2 92 742
-1 187 -552
-1 18 495
5 -435 -440
4 200 -636
-1 84 837
2 -308 306
-6 -312 648
7 427 -434
6 -768 -774
-3 297 918
1 125 -650
9 63 -882
-5 270 -520
7 154 672
2 -472 -952
-5 50 480
-2 382 -756
-3 -63 -324
-1 153 -152
-5 -165 350
-1 454 0
2 704 0
-5 70 -240
-2 -90 -988
-1 146 -705
2 240 -738
-1 -160 656
1 -259 -522
-1 -55 -376
-2 -138 -868
-6 -240 -864
3 0 -3
-2 216 0
10 -100 90
1 -81 828
1 689 0
7 371 0
1 59 408
8 160 672
1 679 -680
-3 87 -162
1 433 432
10 1 7
5 180 -800
-9 -801 0
1 234 0
-6 -66 912
-4 -452 0
-6 930 936
2 36 34
1 -742 741
-1 252 508
-1 98 -880
2 -94 740
-1 -323 0
-1 -913 0
-4 -88 -84
-2 104 -294
-1 -104 -204
2 168 486
-1 138 -536
-2 232 -456
1 -95 -824
6 -24 -192
6 -246 -516
1 -126 -931
-2 108 464
5 -110 105
-5 190 -525
10 80 -330
1 621 0
-2 140 -138
1 191 378
5 6 8
1 -254 753
1 706 0
3 -198 567
-1 646 0
6 312 0
2 212 618
-3 -360 -357
1 -995 0
-1 54 952
1 708 -709
5 -160 300
-1 39 -374
4 -132 -760
-1 -43 -372
-1 -426 427
-1 413 414
3 276 801
5 610 0
2 2 -40
3 3 -6
7 -413 0
-1 42 -341
5 240 -500
-10 290 0
-1 -435 -434
-9 -72 0
1 782 781
-6 138 300
-1 -52 -667
1 -444 -892
2 116 -240
-2 -776 -774
-7 -917 0
2 -4 -336
-5 935 0
6 -234 444
3 -24 21
2 -80 782
2 -90 -972
-3 -120 123
-4 80 384
2 320 942
-2 -354 -700
-10 40 600
-3 51 924
1 72 335
-2 490 0
8 -912 904
4 136 -444
-1 -9 442
-2 -58 -380
-1 526 -525
-1 -398 -397
1 -367 -738
4 844 0
9 -153 540
6 -6 10
2 -432 430
-1 449 0
-1 -24 112
-5 -440 -860
-6 -6 0
-1 122 375
5 -450 -920
2 -484 482
7 77 0
10 830 820
1 656 0
3 -12 -180
1 3 -418
-4 108 -504
1 -126 -792
6 588 582
1 549 -550
4 308 0
3 738 735
-1 84 445
-3 690 693
2 -16 -210
3 -456 -459
2 22 -700
-2 -138 432
-10 180 -720
2 -58 420
2 -26 44
7 889 -896
-6 -60 -126
-9 -7 -4
2 -388 -784
-3 252 0
2 58 108
-1 -718 -717
9 36 -864
3 -354 351
-1 248 -492
-1 236 -699
4 -132 -136
-2 54 248
-3 -141 612
4 -28 48
1 -920 -921
-1 654 0
-5 40 -35
7 -168 -175
3 84 540
1 82 160
-8 96 104
-2 -78 164
3 81 150
-5 20 700
1 684 683
3 -600 597
-3 -126 -456
8 -344 -720
2 66 484
-1 -54 -288
-1 -49 -258
-3 216 912
-6 78 -132
-9 -756 -747
1 -483 -970
1 -954 953
-1 61 62
-3 324 -636
-1 128 528
6 792 0
-5 -405 830
2 -406 -820
4 0 -676
-1 -74 -73
-2 -560 562
-2 -50 52
-8 16 960
-4 400 -784
-2 -66 -232
7 987 -994
-3 -153 -690
3 960 0
-8 -8 576
1 54 608
3 -93 -420
-1 -61 -624
-1 -433 -432
1 122 805
1 -250 0
2 -24 -26
-1 -387 -770
9 792 -801
4 276 272
3 -126 456
-1 -22 -85
3 -186 183
1 -687 686
-1 307 -912
1 318 945
-1 -383 -382
1 332 987
9 846 837
9 -153 -162
-5 -935 940
-1 -51 472
2 76 624
1 567 0
-10 270 -720
1 -38 -168
-2 442 -876
-1 130 959
-2 -40 -198
-1 -732 -731
-7 119 770
10 180 -190
-1 -978 0
4 976 -980
-1 6 72
2 -78 -644
-2 58 60
1 -11 -102
2 86 -180
-7 119 126
5 135 460
-8 80 448
8 -200 -208
-1 719 0
1 -54 -112
-7 49 686
-3 -288 588
-3 -657 660
-2 -276 0
-1 250 -984
1 169 -170
3 -222 -456
4 108 104
4 -52 -456
-2 360 0
5 200 380
-2 -4 160
-1 -97 -372
2 -58 -340
-5 -15 540
-4 -320 656
-1 111 342
1 67 -68
-1 -384 772
3 252 -255
-1 -876 0
-1 -85 -994
-6 390 -756
1 -79 370
-1 360 -716
-1 -620 -619
-5 -110 -105
1 -225 446
1 -13 22
-1 101 990
-1 -898 899
-9 -342 351
-5 220 460
-7 301 -840
5 555 550
2 340 338
2 152 -640
1 0 -196
3 618 -621
-2 966 -964
-1 10 816
4 32 -720
-4 264 -260
4 96 476
10 360 0
5 330 -680
1 -157 462
-1 -954 0
7 77 -714
-10 -440 920
-6 -630 -624
4 -812 0
-1 812 813
-1 -23 738
3 6 -969
-3 957 0
-1 -837 0
-4 -192 400
1 15 -184
6 -492 960
2 828 826
10 220 -480
1 -85 616
-2 904 0
5 -170 600
-1 38 728
4 -44 -240
-2 -222 -220
-5 510 0
-2 20 150
1 3 -868
-1 -195 1000
4 -104 100
2 -168 -344
10 280 520
-1 63 -530
-2 -188 -890
-10 -350 -960
-4 448 -444
-2 6 -10
5 -285 810
1 -257 510
3 -228 -231
-5 -415 -810
-1 -146 -705
4 -4 -120
-2 294 -580
-1 122 -912
8 576 0
-1 40 176
1 419 -420
-3 75 -300
-10 590 -580
1 -288 -580
-6 -990 -984
-2 -430 -852
-1 -44 -123
-1 -28 -171
-2 -450 452
-1 232 468
2 -34 -960
-9 396 -387
-1 -22 -105
1 215 -216
-1 -27 -152
-1 -10 144
-2 230 -452
10 420 800
6 -138 -648
3 90 663
-1 704 0
-2 -122 -848
6 18 -324
3 864 -867
-1 -595 -594
-4 -24 28
2 -4 -510
1 404 804
-6 -162 -972
-1 -36 37
2 746 -748
1 26 -27
7 -175 798
-6 -252 528
1 -32 -969
-6 72 510
-5 825 -820
-4 380 384
1 119 888
-2 -80 1000
-5 -60 540
-1 35 -300
8 560 0
1 -61 -630
-5 -5 910
-5 -80 0
1 -29 -980
1 -597 0
1 557 0
6 966 0
-7 -280 -273
1 71 558
-1 235 714
-3 -168 0
1 938 937
-1 -752 -751
-4 644 -640
1 -82 525
-1 35 36
2 -46 -936
1 185 900
-2 -4 -8
1 534 0
-5 165 -910
2 64 -456
-1 42 43
-1 13 14
2 160 -672
1 -54 -112
-1 -236 237
-4 100 -504
1 43 0
1 355 -356
1 26 -615
8 -504 976
-7 140 -588
-1 -224 -663
-9 -360 -351
-5 360 0
-5 5 660
-7 490 497
-2 254 -500
1 -657 -658
-2 242 0
3 -129 468
-1 -439 0
4 -404 -408
-1 893 -892
3 246 936
-3 120 -525
3 -63 -300
2 -220 432
-1 805 806
-3 816 -813
3 486 0
-4 5 -7
-2 6 -5
1 -76 -957
-1 399 400
1 -854 -855
2 -876 -878
-1 76 -75
2 736 734
-1 119 882
7 -364 -371
-8 -472 -912
1 82 -83
-9 603 -594
2 2 -220
-1 -90 784
1 54 104
1 -88 847
1 -85 994
1 187 910
1 -26 -792
3 594 -597
-1 -4 896
3 -234 888
-1 49 -390
5 -75 250
1 -82 -819
1 40 -689
3 -5 8
-8 944 -936
1 920 919
4 -72 -460
1 93 270
-4 -856 -852
2 20 -288
-2 -36 -154
3 342 339
3 -912 0
-6 222 720
-3 378 -744
1 597 0
1 33 266
2 508 506
4 964 960
-1 -363 -722
-1 -290 -861
-1 -727 728
3 -27 54
-1 -718 -717
2 374 -376
1 -53 -354
1 166 -167
-2 338 -668
9 7 5
4 508 -512
-1 -49 -360
-3 -42 285
3 -69 396
-1 77 498
-4 -164 -592
1 -15 -286
-4 -784 788
-3 264 0
10 -10 5
1 -1 -12
1 -47 540
3 132 129
-1 398 399
2 -50 252
-3 162 513
1 -157 -480
-1 -172 348
-1 865 0
-2 -56 120
-4 176 564
-3 843 846
-3 42 285
2 -292 -294
10 370 -380
8 -24 -80
1 648 -649
-2 -232 -456
-2 606 -604
-7 728 735
1 -48 215
1 -31 -180
2 72 -234
-10 -260 560
2 -78 0
-2 564 566
2 32 30
-1 280 -556
2 24 40
2 612 -614
4 624 -628
-3 126 129
-7 -336 -644
1 -642 641
4 256 252
6 -498 492
-2 76 -650
-1 -12 805
2 -16 -546
5 365 -370
-6 -474 972
-2 -518 0
1 -441 -442
-8 -96 360
1 2 -483
-1 -83 170
1 -60 -325
-5 295 -840
-2 -50 -252
-4 -180 -936
8 -520 -528
10 -170 600
-1 -507 0
-2 -260 0
5 -780 0
1 306 305
1 -49 0
-8 184 -960
-2 80 -750
-8 424 880
-1 -947 948
1 75 -850
1 -294 873
6 606 -612
8 784 -792
-4 16 20
-1 -94 192
5 260 0
2 50 300
-8 -96 512
-2 -64 -462
-2 -156 830
1 -62 672
-2 -242 -936
1 55 756
-2 446 -884
9 -675 0
-1 31 -240
-1 7 690
-2 936 0
-1 -71 -448
2 130 252
1 -131 -132
-2 -28 480
8 768 760
-1 -14 680
-3 273 0
3 -39 90
7 350 -357
-4 12 160
-1 126 -605
5 -740 735
-5 30 800
7 427 0
1 52 -165
6 -852 0
-1 -514 -513
1 -46 333
1 104 679
6 -828 822
7 686 0
-2 888 -886
-2 50 988
1 857 856
-1 -233 0
10 650 0
-5 -195 860
5 75 -770
4 132 920
-1 -201 -788
8 64 -264
8 64 -160
-8 856 -848
1 411 0
-1 -20 -84
-8 688 696
-2 130 -708
1 -497 990
1 55 700
-1 46 371
1 44 -92
1 -1 0
3 960 957
-2 -68 0
-4 400 -784
-1 55 -714
9 216 855
8 824 816
2 82 476
5 230 440
2 88 390
2 -444 0
4 72 -160
-1 333 0
-1 -167 860
-1 -624 0
1 999 998
2 238 0
-1 77 -612
1 56 208
-1 -160 996
-3 -951 0
3 657 654
2 10 -12
1 610 609
4 224 -960
3 18 -336
7 357 -364
-2 -410 0
5 -10 -40
5 130 525
1 -16 -612
4 724 -728
-5 -210 -760
2 706 704
4 -28 -176
2 -352 350
-1 31 752
2 6 -216
1 53 672
-1 52 768
-1 28 380
-3 -60 0
1 50 -819
3 27 -660
5 195 850
3 -342 -345
-6 -36 810
8 328 -336
3 432 -435
-1 312 -311
1 -24 -52
-1 -970 -969
-1 -6 391
6 -30 -144
7 -623 616
-1 -23 -120
1 32 156
-2 -400 0
-1 92 285
1 -179 700
3 -228 657
2 2 2
-1 -450 904
-1 20 -99
1 23 102
2 -48 -770
2 -6 -308
-4 216 -612
1 57 -448
1 -41 78
8 -672 664
8 -632 0
-1 -700 701
4 500 984
-1 102 315
4 700 0
2 52 338
-1 -99 -644
8 208 552
1 -124 -645
-2 78 -580
3 243 -498
6 -258 -540
-2 890 0
2 -598 596
-4 -108 -104
2 46 -48
1 451 898
1 77 -240
-1 15 54
1 58 837
-6 -138 300
6 144 570
1 -172 -704
-8 -744 0
2 -90 468
5 -465 -470
-1 342 -341
8 -488 480
7 -812 -819
5 -25 -330
-1 -258 0
-1 72 -455
1 -139 540
9 -126 -855
1 -460 0
2 736 0
7 -252 -819
-3 -114 117
4 -304 300
-2 94 636
-1 -208 848
10 10 9
-4 -620 0
6 222 -984
-2 -104 -294
-3 27 108
9 306 297
-2 -110 -828
1 -337 336
-2 -276 278
3 -12 -495
6 108 462
1 232 -468
-1 -27 -110
-2 -822 0
-1 437 -436
-8 904 -896
-1 48 0
1 -851 -852
8 152 480
-1 -195 -950
2 72 616
10 400 390
7 392 756
-3 66 -63
-1 4 77
2 -122 236
-5 -155 -990
-1 -60 -675
7 -924 -931
-3 255 -498
-3 276 -273
-8 -400 -768
5 -100 495
1 367 -738
-4 -92 992
10 -170 -840
-10 -140 510
-1 -240 729
2 -44 210
7 -238 0
-1 -1 210
5 75 -630
-1 28 128
-7 28 0
-2 -32 -110
1 -315 -954
-8 -168 -720
1 364 363
8 216 -720
1 121 580
-2 -60 -352
1 76 -765
-8 48 -72
1 131 -266
1 -774 0
-4 -496 0
-5 125 270
3 300 588
-3 156 672
-1 -806 -805
1 189 740
7 861 -868
-3 -177 0
-1 -51 -594
-8 736 0
-4 -772 0
-9 198 -360
2 340 -342
-4 -332 -648
1 58 57
-3 -222 693
1 -463 462
2 -660 658
-4 -452 0
-1 14 95
-7 231 490
-4 -48 -128
8 -688 0
-3 -303 0
2 16 -360
1 -838 -839
10 -490 0
-2 44 -234
-1 472 0
-5 0 80
2 -114 -116
-2 -420 0
2 304 0
1 -13 12
1 990 989
-4 -656 660
-9 0 729
2 80 798
3 792 0
3 -456 900
-9 297 972
-2 84 -640
2 228 -230
-1 67 948
-9 0 900
1 -501 0
1 -384 -772
-2 -722 724
-2 486 -964
-1 188 0
1 36 99
1 76 868
1 205 0
2 -132 -710
2 898 -900
1 100 736
-10 -120 -270
5 10 -75
-1 -282 -281
-2 460 462
5 120 675
-2 722 0
4 -36 -648
1 -82 -255
-1 -40 561
-5 470 960
-4 -108 -720
3 -2 8
-2 -358 0
3 -33 54
2 496 -1000
3 -15 -252
-2 -28 414
-2 -3 -9
-10 -150 -140
-5 125 -120
-1 -723 724
-1 -133 -640
-1 238 723
-1 -656 -655
-9 -324 -891
-1 -41 -78
-7 -3 -9
-1 -41 450
-1 -151 -730
-1 -197 600
-2 -964 0
-1 992 0
8 -608 -616
1 592 0
-6 -222 228
-1 93 -756
-1 251 -988
2 512 510
7 -406 784
-7 -392 812
-5 -925 0
-3 -507 510
1 -960 959
-2 990 992
2 -76 560
1 180 -925
-5 -580 -575
4 188 688
8 -8 8
-1 -71 222
-1 -78 688
-1 3 10
1 -901 900
3 495 492
-3 -891 0
1 -471 0
4 -200 0
6 -990 0
-1 -84 -864
-1 815 0
1 7 -294
2 -68 570
-2 2 4
9 162 -360
4 760 0
1 225 0
-1 -76 77
2 -76 74
2 -44 -406
-4 -56 288
1 943 -944
3 3 4
8 840 0
10 390 740
8 488 0
-1 -73 -340
-7 840 0
-3 123 126
-9 540 549
-1 -611 0
-4 -5 -6
4 -940 -944
3 141 -144
2 -2 -24
7 -497 490
-1 635 0
9 171 432
-1 -12 85
-1 787 0
-1 813 0
-4 2 -7
2 -102 988
-1 201 612
3 -24 -60
1 -12 -448
1 -723 722
-2 270 -268
2 -258 0
-1 -14 975
-1 737 -736
4 -144 720
2 22 -84
-1 410 411
-4 -8 -5
-5 210 440
1 -73 576
-5 -420 425
2 34 140
1 24 -256
8 -48 -576
-3 84 180
-1 -190 579
-6 516 0
-1 -300 -891
-5 -180 185
-2 -14 816
-7 -763 -756
-6 942 0
2 -90 -972
-2 252 -738
1 -30 161
-5 790 -785
-6 138 0
8 -264 0
-2 66 -400
1 285 566
-4 396 0
1 -24 -880
1 48 572
-1 165 -164
-5 105 980
-1 -8 -15
1 -2 -360
3 -75 -558
-3 -849 852
2 -88 -90
3 -108 540
-4 -116 -816
3 786 0
1 -17 42
-1 389 390
-2 -84 -754
-1 6 567
-1 -252 -992
-2 920 -918
-5 -95 100
7 357 -364
1 977 0
-3 -189 804
1 705 -706
-5 -320 660
-2 -98 -936
-1 -105 550
-1 281 0
3 234 -984
2 -54 100
-4 -104 -276
1 77 0
-3 -927 -924
7 70 -525
2 -726 0
1 -210 -856
2 84 874
-3 483 -480
3 87 234
-2 3 -3
-1 -1 0
2 -292 -894
-7 14 840
-2 -578 580
-1 -767 -766
1 56 108
-2 -228 230
2 592 590
2 -96 430
1 122 -123
-2 -300 -592
-1 87 -486
-2 100 550
8 40 -400
-6 -258 828
5 25 -180
1 -203 202
1 845 0
4 -24 20
6 -888 0
-5 -795 0
5 150 0
-3 480 -477
10 890 0
3 36 0
-6 792 -786
-5 40 165
-6 -156 522
10 -330 0
1 -80 79
1 -691 690
1 257 762
1 8 -209
2 -2 -4
4 -56 -588
-4 124 888
-1 -28 -75
8 -64 96
-1 -46 147
2 -98 656
1 -367 730
1 130 744
3 579 576
1 407 -818
8 80 192
1 -49 180
-4 388 792
-6 690 -684
5 105 -110
3 -651 648
7 -98 168
-5 340 -975
-6 -300 306
-4 -124 560
1 54 368
-2 -80 -462
1 335 996
2 336 -338
2 -216 -440
-1 17 348
-2 264 0
5 15 -900
5 -690 685
-7 980 -973
-5 40 900
7 189 -406
1 53 360
4 108 -112
4 684 0
-2 898 -896
-4 304 -592
4 160 304
-3 6 -7
-9 630 639
-2 444 -442
5 -20 -25
-4 -452 456
-3 -954 957
6 300 -624
5 335 -690
1 -55 546
8 -304 840
-2 52 112
2 64 312
-1 87 -770
1 119 234
-4 -72 -288
-1 -63 0
1 -659 0
-6 -180 -174
-4 -396 -776
8 304 576
5 -290 285
2 -26 -96
-2 20 598
-3 117 246
-2 54 -220
-10 -220 -400
-5 -35 -60
-1 483 970
-1 957 0
-1 86 -85
-2 24 0
-1 226 0
9 135 -486
4 -112 -240
8 -304 296
8 -856 0
1 -59 -770
3 -957 0
-3 -54 -168
-6 372 -366
-6 768 -762
-1 260 0
-7 385 -742
-1 197 0
1 20 -156
-1 226 -448
-1 -105 666
-3 -354 0
7 952 0
-3 -606 609
-6 -114 -468
-3 96 0
1 54 440
-7 42 385
-1 443 890
-5 150 680
-2 884 886
-4 -408 0
-1 303 304
-1 -28 893
-10 -830 -820
2 186 0
-1 -17 200
-1 -965 966
-1 123 -360
-5 -170 0
-2 -300 -298
-1 57 180
-7 -658 -651
-1 95 294
2 -358 -724
-1 44 -384
1 -62 -264
-2 546 -544
5 900 -905
1 535 -536
2 -444 880
2 -374 740
-7 -210 -567
8 384 376
-1 973 0
1 21 90
5 -405 790
1 -690 0
3 -579 -582
-3 138 288
1 -250 0
2 -8 -90
6 -438 0
-1 37 528
-10 -110 800
-2 -56 -192
-2 -600 602
-10 280 0
2 822 0
-1 -272 -271
-1 227 690
1 -90 -475
1 -49 528
1 20 36
-3 -57 60
1 -34 -552
5 160 0
2 212 618
-1 33 -242
2 114 -620
3 -54 -432
4 380 -384
-9 2 -7
1 -875 -876
-5 -830 -825
2 -938 936
2 -788 786
-1 -294 -293
3 -222 639
7 -154 672
1 -62 765
3 -78 399
-3 -69 -390
-8 -224 -920
-1 -60 864
-3 108 -105
6 -348 -354
-7 -378 385
-1 812 -811
4 -200 736
-1 -4 -4
2 942 -944
4 -572 0
-2 190 588
1 -61 -710
-1 -57 -350
-3 -54 -135
1 -419 0
-2 -404 816
-6 -840 -834
-3 39 42
-5 -950 955
-10 -50 500
-10 -270 900
-6 408 414
-3 429 -426
-1 -168 -495
-4 112 -780
-5 -410 415
-2 62 -168
6 -924 918
1 -303 -918
-6 -432 0
-3 357 0
-1 -5 414
2 -224 654
1 250 0
-9 135 306
-3 -546 549
1 -158 -483
1 -698 697
-1 -36 -35
3 78 -576
-8 -376 784
1 913 0
3 156 153
-2 -242 -476
-1 985 986
-1 192 -752
9 297 558
-8 760 -752
-1 721 0
3 636 633
2 -312 918
3 45 150
3 114 111
2 -52 210
-5 15 270
4 -184 -588
-1 -552 -551
-4 -40 -36
-6 -450 -876
6 -756 0
-1 -108 -980
10 -170 720
3 234 -237
-1 -451 906
5 490 -1000
-1 38 663
1 436 0
-1 72 -671
-1 -169 -978
-1 598 599
7 28 -672
-4 -820 -816
-10 460 960
1 24 0
7 -238 231
-1 -33 108
1 48 512
-1 406 -808
1 939 0
7 98 343
-1 191 192
1 -266 265
3 438 864
1 -244 960
-2 338 340
1 -76 603
2 -4 -16
4 72 -160
-3 -321 -318
1 238 237
2 -6 -108
10 -750 0
4 -688 -692
-5 -100 0
1 -145 -750
1 -65 900
-1 -708 0
1 -9 8
3 -420 0
-1 -68 -987
-1 -472 0
8 200 -672
-1 982 983
-1 -117 -230
-5 -255 -490
1 277 276
-4 76 480
-4 100 -264
7 231 434
2 54 100
-2 52 814
-7 -280 903
-3 -96 -576
3 159 306
7 -224 945
1 -872 0
-3 75 -252
-1 52 413
4 -944 -948
-4 -20 936
6 -120 504
-1 172 -507
2 -160 158
2 -46 -348
3 384 -780
1 58 840
-3 -96 315
1 650 649
4 924 -928
-7 168 -560
-3 -471 954
-5 -200 645
1 -291 -292
2 44 -150
-1 -465 -464
-5 -475 480
5 -820 0
1 -451 0
-2 -14 520
9 423 414
2 -64 480
1 19 -330
1 -248 -249
6 -564 -570
2 -96 990
3 -51 216
1 -28 -165
-1 -52 -451
-3 -465 -462
-4 -192 0
-6 -198 420
1 281 0
4 124 0
-9 -477 486
6 102 396
-4 284 584
1 963 962
2 -42 108
-10 -250 0
-8 888 896
1 187 552
2 -994 992
-1 -102 -392
-7 462 469
-1 83 930
1 932 931
-3 -351 354
1 36 203
-4 284 584
3 -12 -855
3 276 0
-8 936 0
1 -166 648
-7 770 777
-2 -86 588
-7 -154 -784
2 14 -16
8 -88 80
-1 -53 -282
-2 -200 618
-2 884 -882
-4 40 156
3 6 -360
-1 100 101
-1 10 999
-1 -110 696
2 94 960
-1 -31 -58
7 21 -910
3 111 210
-6 -450 924
1 -310 -939
-3 -918 0
-1 -93 -602
-1 -109 570
-1 385 -384
-9 243 -234
3 180 513
1 -375 -754
1 -59 528
3 177 954
-10 -190 -880
1 978 977
-7 931 -924
9 360 999
-5 230 -645
-1 -116 -555
1 74 408
1 -245 0
-6 -852 858
-9 -225 -594
1 465 -934
-1 -90 576
1 18 -208
1 149 0
2 -26 -460
-1 148 149
3 984 0
9 -288 783
4 112 -816
10 -100 -750
-5 -420 860
1 -42 441
2 4 -510
-4 -172 360
1 -26 69
-6 -162 168
3 339 990
-1 -153 0
2 -90 252
1 -683 0
1 -65 984
-1 257 -256
-2 -194 -192
-3 114 945
1 -932 -933
-1 260 -771
-6 102 -312
4 -76 -368
-7 -63 784
-2 -230 708
1 -640 639
-1 842 0
1 247 732
3 -18 24
4 32 -960
-8 -496 0
2 856 854
-7 609 -602
1 73 -150
2 -246 0
-1 -407 -810
-4 348 0
-1 47 204
-6 -108 -432
-8 -232 496
7 -413 -420
10 -3 1
-5 -40 765
1 -488 487
6 -780 774
3 -969 -972
-2 54 -220
-1 82 255
-4 -836 0
-1 -9 252
1 47 -854
2 198 0
1 64 -132
-6 186 -348
-5 910 -905
-1 22 -117
-4 24 364
-5 15 90
-9 162 -153
-2 24 378
1 -936 0
5 -170 465
5 -30 -80
-1 -402 808
3 -222 432
1 -100 651
4 -544 0
4 408 0
5 -570 0
1 -1 -20
-1 -419 420
2 140 138
5 -265 260
1 68 195
-1 343 -342
5 195 540
4 60 176
-5 -170 975
-1 328 -652
-4 -64 -252
6 108 -528
-1 -434 0
10 680 0
-3 -378 768
-5 -190 195
-2 -548 550
3 -135 132
-1 244 -960
1 129 -396
10 -750 740
-1 -772 0
1 -987 986
-4 -180 0
-3 48 891
2 86 920
-1 747 -746
-2 -66 -544
2 136 -138
2 994 0
2 -44 -558
-1 -935 936
-5 -305 630
1 1 -42
-1 -27 940
-3 21 90
3 444 -900
1 128 0
-4 -496 -492
3 -132 369
2 -232 -714
-1 -204 -404
2 22 -420
2 -650 648
-2 -934 -932
3 630 -633
-2 430 -852
2 70 -228
-2 38 0
-8 200 432
4 912 0
-1 3 270
1 -81 -166
-2 -298 912
1 -32 0
5 -650 0
-6 126 -120
-4 296 608
-2 448 -446
7 -105 -378
10 70 -300
-1 24 -63
1 -839 838
-1 933 934
-5 -315 -310
-2 180 -178
-1 149 302
-1 -44 -315
1 354 -355
2 -74 504
-3 405 -798
8 -248 672
-1 52 620
-3 438 888
-2 -690 -688
7 -84 -315
-1 -71 0
1 -182 -368
-1 769 770
-2 66 -64
3 108 945
1 39 -40
-2 -918 920
1 843 0
-2 -80 -800
-6 -246 -468
-1 -304 612
-1 124 -819
-3 -663 666
-5 545 550
-1 406 0
-1 -811 812
-8 312 -864
4 180 -184
8 168 832
3 -12 9
-10 890 900
2 10 -672
-1 -4 117
-1 104 -768
-2 -426 428
3 -171 -732
-6 -288 -282
1 -515 0
1 11 0
2 -146 -616
9 216 972
3 642 -645
2 -26 0
-2 -558 -556
3 -57 252
4 772 768
2 72 486
-1 57 -162
-1 -43 -462
9 198 189
2 86 0
1 -23 102
-2 -498 -988
-1 -776 -775
7 35 0
2 630 628
-5 380 0
2 -92 0
-1 -1 930
-8 192 -952
4 -724 0
-1 62 -600
2 2 -612
1 164 -332
-4 384 -380
-4 92 840
-2 -36 806
-1 -106 912
1 -49 510
3 -126 351
-1 321 -638
5 -485 950
7 -98 -665
1 112 636
-3 -3 918
1 -102 297
6 -144 714
1 23 -798
-1 469 942
-1 -326 987
3 -465 -942
-2 850 -848
-6 -222 984
-6 -108 -486
1 -950 949
2 -762 760
3 0 -147
-2 126 -472
-6 -846 0
10 120 0
1 924 0
-1 292 293
-5 -300 -580
-1 -9 162
4 -124 -264
1 -57 782
2 -36 64
1 -723 0
2 -64 -946
-6 -192 -936
1 32 255
2 20 32
-1 -58 -585
-2 -134 -504
6 732 -738
-6 -798 804
2 158 456
2 -228 -702
3 240 -492
-1 25 396
-1 -708 -707
-4 -692 -688
4 -412 408
5 -35 -300
-1 -56 -559
-1 63 -392
5 -90 -720
2 -120 342
1 19 -612
-9 -18 135
3 39 -144
1 495 -994
2 34 -696
-5 50 -45
1 -259 -786
9 396 -405
-1 193 788
1 669 668
-9 -243 522
3 -183 0
-10 -170 0
-2 342 -676
-2 132 -720
5 485 950
-1 175 900
7 147 -910
4 -40 -156
2 360 -362
-9 117 612
-3 -141 294
-9 144 -576
-2 382 772
1 -828 -829
9 -180 900
4 512 508
3 303 594
1 856 0
-3 72 -384
2 -230 -468
6 60 54
-6 966 972
1 413 822
-1 -833 -832
1 38 -423
3 -381 0
-9 -9 810
-1 -59 -270
-1 81 -158
4 340 0
4 132 -280
2 -18 -20
7 -483 476
7 651 -658
1 117 -484
1 740 0
2 92 0
7 -784 0
1 -81 -340
3 225 222
-1 -277 840
-4 -940 944
1 3 -990
3 177 954
-1 -779 780
-1 69 -260
6 396 390
-3 87 -360
2 76 -78
1 70 -624
3 -660 657
-1 2 -8
9 27 -972
-4 116 -792
-1 104 545
1 -517 -518
1 -569 568
1 -31 -180
1 -388 -389
5 -490 -1000
-1 -589 -588
-1 -23 -102
9 -270 -279
-2 502 0
-9 -864 0
1 -247 0
1 -105 950
-5 -500 0
-1 106 -784
-1 9 682
-6 150 -396
-8 856 864
-1 636 637
-1 23 798
4 -736 -740
-2 -102 324
-6 -924 0
-8 112 -392
-2 178 -176
-5 -990 995
1 587 586
1 330 0
7 -161 -756
-7 -182 -483
2 302 0
-3 411 -408
-2 988 0
-4 -32 260
-1 -753 0
6 126 660
2 228 880
3 159 156
-3 390 393
6 -636 -642
-1 -508 0
2 -124 -390
1 982 0
9 -99 90
-1 356 357
1 169 820
-4 -108 -680
4 -20 0
-3 18 648
7 -798 -805
-1 -365 366
-5 280 -540
-5 20 585
1 -192 567
2 174 -176
-1 -108 -107
-2 -90 -700
2 -922 -924
-6 -264 270
-8 976 0
1 -211 0
2 214 824
-1 -106 -960
5 -220 -460
2 -290 0
-1 67 -66
-1 56 -759
-10 120 450
-2 962 0
1 894 0
1 117 -118
-6 -348 -342
-1 -5 14
-8 -200 928
-2 20 -50
10 160 -570
-9 54 0
-8 -328 -912
-9 153 -630
1 274 -552
4 244 -768
6 762 756
4 308 888
9 468 459
1 -6 -91
-1 39 220
-4 704 -700
-1 -85 86
-3 -27 -24
1 -751 0
-4 200 -384
-1 -143 -420
1 -51 -682
-2 118 -228
1 -314 -632
1 -327 -990
3 -186 0
1 -53 -420
1 613 612
2 -384 -776
-2 230 468
-6 -804 0
1 -824 -825
3 -57 234
-2 32 -96
2 -566 564
1 -291 864
-5 430 -840
4 -104 -924
-2 216 440
1 -32 112
-9 891 900
-2 -196 816
6 570 0
7 91 210
4 24 -540
2 132 256
-2 488 0
4 72 -76
5 80 -85
2 34 84
3 234 -480
2 680 678
-4 936 940
-2 -348 704
-5 -550 555
7 665 -672
-1 742 0
-7 679 -672
8 336 328
-1 -316 957
-2 454 916
-10 -530 0
-10 8 -2
-7 644 0
-1 14 680
2 20 -238
4 -236 -240
-4 -652 0
-1 80 -444
-7 -791 798
-1 -681 0
3 -51 -810
4 -948 944
-1 -91 -430
-4 -860 -856
-1 877 878
4 500 -504
-1 -172 885
1 -43 460
-2 -68 -128
1 38 -39
-2 16 18
6 720 -726
2 344 680
-2 542 -540
1 -159 -486
5 -420 0
2 236 -238
-2 -388 0
1 136 528
-7 490 0
-5 120 900
4 5 8
2 26 -96
1 43 -468
1 -31 -266
1 -276 0
3 -267 0
-1 -94 -984
-3 321 -936
-3 -252 783
-1 -980 981
1 83 -534
6 120 -126
1 -707 706
-10 -230 500
-1 -24 -135
5 710 705
-1 113 -540
6 654 -660
1 367 366
3 333 654
-1 -54 -693
-1 372 0
-3 444 -441
-5 -305 0
-8 -840 -832
3 84 -384
1 -141 -432
-1 938 939
4 -156 -160
1 -540 539
-1 32 -87
2 92 770
2 -18 -884
-1 -122 -121
7 0 3
1 -80 -164
-3 756 -753
-1 -147 -980
3 132 777
2 -262 516
7 196 -203
1 -55 -56
-1 -748 0
4 -416 -848
4 -372 0
-4 -324 0
-1 -100 525
-1 18 880
-1 -248 249
2 -82 836
6 -8 3
1 206 -207
-5 165 350
10 70 120
-1 -641 -640
-10 -810 0
-2 -100 -912
-1 791 792
-5 -260 -735
-1 -2 840
-4 -648 0
-4 792 0
-1 229 -900
-9 207 972
-4 -540 0
1 -67 252
5 425 420
4 128 624
3 -210 -213
2 24 -266
-7 -126 -504
-3 282 873
3 153 150
1 167 330
2 -168 936
-2 -78 -540
-1 981 982
-3 -30 -63
-1 -138 -137
2 -798 0
-5 135 -700
-3 405 0
-3 6 -9
7 -693 686
1 61 468
5 -720 -725
-1 -388 389
2 436 -880
1 994 993
1 239 -972
-2 -2 544
-3 36 864
4 132 464
3 90 528
5 185 0
3 -72 -75
1 -44 -416
4 804 0
1 -78 560
1 27 -160
3 -402 792
-7 133 -490
2 -704 702
-9 -198 -864
2 -12 -374
-1 50 399
3 960 -963
-1 -951 -950
6 -12 -210
-3 66 312
2 -304 894
-1 -513 514
4 104 672
-1 395 0
-1 -85 -994
1 104 -777
-3 87 756
1 -61 798
2 952 -954
-1 37 -300
-5 -10 0
1 216 428
1 18 -880
-2 -58 124
-1 283 -840
-1 143 438
-9 99 108
-4 -732 0
-3 -507 -504
9 -117 0
1 856 855
1 365 0
8 96 -224
5 -480 475
1 63 990
4 40 84
3 -147 -150
-6 -396 -768
-3 75 -198
2 -84 544
1 -65 -584
4 -608 -612
4 -680 -684
1 126 -655
-1 43 -280
1 -267 -538
7 287 -294
1 -515 -516
-1 -488 -487
-4 780 784
-2 2 -4
1 992 -993
1 -677 0
-8 -32 256
-5 -200 -875
6 -486 948
1 75 944
-2 -858 -856
-1 40 624
-1 -108 220
1 81 518
1 72 -820
-4 -48 432
-5 -480 0
-1 -50 -600
-1 -55 236
3 -624 0
3 66 -312
-3 903 0
2 -102 -944
10 -510 980
2 778 776
-3 -135 750
-3 246 -936
9 261 252
-3 462 936
-10 990 1000
-1 7 494
-5 280 -275
1 327 326
1 -71 -632
-7 -224 -420
2 -8 -280
6 -18 -24
-7 133 -490
3 -33 30
1 3 -418
-1 -777 -776
2 248 0
1 776 -777
1 -219 -892
3 81 -714
2 74 644
1 255 254
-4 108 952
3 264 261
1 3 -28
-2 304 306
1 -128 375
-1 -12 -11
2 -60 -518
-2 84 -754
-5 95 -440
-1 -72 -855
3 723 -726
-1 -269 -798
-3 -312 0
1 34 -240
-1 57 -810
-3 219 0
7 -147 560
3 336 -339
1 364 -365
-2 412 -816
-7 42 -35
-1 149 -148
2 750 0
-4 24 540
7 406 0
2 -190 728
-1 79 990
-3 435 -858
-5 770 775
1 52 660
6 -318 900
-2 190 0
-3 963 966
2 192 558
6 -12 -90
-1 -30 451
-1 -106 912
-2 950 0
-1 -338 0
-1 -52 -276
-4 168 -468
6 330 0
1 -27 -874
-2 108 590
7 -35 42
-2 350 0
3 -159 720
-1 68 -931
1 -53 -630
-2 438 884
2 -116 800
2 -76 -430
-3 255 792
-2 758 -756
1 66 728
-5 -435 0
2 -80 -1000
-7 -189 0
-3 825 0
-9 8 -3
-2 202 -776
3 -69 66
-1 -143 290
2 -394 780
-4 -256 -496
-1 -391 392
-9 -414 864
-6 54 540
-1 -7 144
1 -135 -136
-1 -927 0
-5 490 0
9 -207 0
6 -330 636
3 -297 864
1 -426 0
3 -621 0
1 -107 -920
1 -350 0
6 282 -288
-1 -598 0
-2 -818 820
3 453 -456
1 709 -710
-1 -86 651
-1 695 0
10 -160 390
-1 -36 405
1 594 593
-3 450 453
-4 432 0
8 184 960
-2 -38 -120
7 -868 861
4 -844 0
-2 -456 -454
8 -416 408
9 468 900
3 627 624
1 -2 -960
-1 322 0
-6 114 900
-2 726 -724
-2 -950 0
-2 390 0
-2 148 -426
-3 -108 480
3 -759 756
3 -684 681
-7 301 966
-2 -562 -560
4 544 540
5 185 -390
-3 12 63
-1 670 671
1 -5 6
-6 -402 828
-4 -92 -360
-1 -210 -416
-6 -126 -324
-1 101 -570
4 508 -512
1 296 295
-1 -18 648
2 2 -60
-5 110 -105
-7 98 0
3 -210 -432
-3 -591 594
-2 202 -776
7 119 0
-1 73 474
-1 -456 457
1 283 -284
4 -108 -792
-9 -279 -756
-2 464 936
-9 -360 0
3 -837 834
-7 -77 0
-6 252 -912
1 -76 148
-1 675 676
1 475 -476
6 -462 0
-1 -203 -402
8 -512 0
-2 -298 -296
1 53 -110
1 -66 305
-1 -115 -336
-2 218 -428
-1 440 -876
-3 -384 -381
2 -102 -212
-6 -60 0
1 752 -753
-1 76 492
6 -18 -240
2 670 -672
-1 -55 966
5 230 0
-3 -144 795
-7 -546 0
4 -692 0
-1 -639 640
1 144 695
-8 -96 -88
9 675 -684
-1 451 0
-2 20 -48
3 -141 138
1 -11 -60
8 0 -968
2 156 -486
-1 -239 -940
-8 952 -944
1 62 945
2 64 504
-3 -618 621
1 63 860
4 -132 464
1 447 890
5 30 -200
-4 -676 0
3 -795 0
-3 -807 810
-5 670 675
-6 -360 744
-1 -156 -308
-5 -955 960
-7 -189 -644
-3 -96 -261
-2 124 528
-8 216 -880
1 916 0
-4 292 -568
-4 -88 416
4 508 0
-1 60 -756
-1 324 -644
3 270 528
1 -208 207
-2 -98 -96
-5 75 380
5 825 -830
2 102 -812
-3 222 693
-1 -867 868
-2 216 0
2 -104 470
1 522 -523
-2 146 -680
-4 376 -372
1 -261 -526
-6 -90 -216
5 485 480
-1 -150 -725
3 -579 576
2 -208 800
7 728 721
8 400 -832
-1 209 -820
4 176 640
-3 1 -5
-1 -26 -120
8 -280 -288
-1 151 942
3 120 957
2 382 -384
1 378 0
6 -6 7
-3 -120 -768
-1 -905 906
1 -9 -190
2 -60 -902
3 -45 -552
-5 210 -760
-4 -32 336
2 -60 322
-1 -33 70
3 66 -69
2 54 -56
-1 13 -12
-2 954 956
4 -124 -408
7 273 -574
-4 -832 836
-1 43 594
2 510 -512
-2 2 220
1 -124 708
2 -422 0
-5 -630 0
-8 -368 0
-8 -200 672
1 160 159
1 -21 -22
-10 -740 -730
-2 72 -256
-1 112 -636
-6 -12 48
-3 63 486
1 35 34
-1 14 351
1 -104 -545
6 738 732
3 366 0
4 -872 -876
1 -977 0
-6 -834 -828
2 762 0
-3 -987 -984
-2 -674 -672
-6 288 -282
-1 274 275
-6 240 246
2 36 -560
1 159 -652
-1 855 856
7 133 -840
-1 -120 756
3 273 0
2 188 -990
4 24 -988
5 65 -240
1 -541 540
9 261 0
6 138 132
-3 57 450
6 432 0
6 78 -288
-5 -715 -710
3 135 972
1 -284 843
4 -596 -600
-4 -1 -6
1 900 0
-9 7 -3
-7 -462 -455
-2 56 960
1 73 -560
2 196 -198
9 774 -783
-1 -2 323
-1 69 532
-3 144 -528
3 153 924
1 717 -718
-1 514 515
-1 725 0
-4 -988 992
-7 84 196
-2 -680 0
10 960 950
1 -46 -312
-5 225 230
6 144 -312
4 -428 0
-9 963 -954
3 -114 -645
-2 -106 -860
-1 -652 0
1 79 -420
-3 213 -804
1 -95 -294
1 308 -620
6 -738 -744
6 -954 948
2 -892 -894
1 446 445
-4 80 -364
-3 -3 270
2 48 -162
1 694 -695
-1 -24 -108
-4 -464 468
1 -34 -867
-10 870 880
4 -468 0
-1 -494 -984
3 -177 -180
1 78 792
-9 72 180
-2 -108 342
-1 865 -864
-2 -206 -980
-1 124 381
5 -155 -900
-1 -50 -544
3 885 0
-9 333 702
-1 40 -384
3 -138 0
1 -41 -912
-1 73 -870
6 174 468
4 -572 -576
-10 150 -500
1 210 -639
10 10 -60
-3 72 75
4 124 952
-9 -99 108
4 -712 0
-8 -888 896
-5 510 0
-1 -156 316
1 -18 -595
1 126 -931
2 340 -688
6 960 954
-1 506 0
-2 76 -722
-1 -175 900
-10 -480 -920
-1 52 -675
4 20 16
2 -26 -676
1 -131 258
2 -200 198
9 207 684
1 43 -90
-1 11 726
-5 120 405
-3 -63 -330
4 -108 648
4 -64 60
4 -216 800
-1 -279 -554
-3 3 630
-7 35 0
-1 490 984
-1 -227 458
-3 -246 0
1 52 651
-1 43 -120
-3 -312 636
4 4 -48
1 39 -270
3 708 -711
4 -464 460
1 -90 936
-9 -747 756
-1 -961 -960
1 -740 -741
2 -148 938
-1 -133 -762
1 -109 214
5 510 0
-7 609 -602
-8 144 0
-2 76 -434
3 552 -555
1 44 84
1 312 620
-2 556 0
-2 30 -108
-2 -334 -660
-5 45 0
-1 4 480
-2 708 0
1 -984 0
-5 45 50
-2 -956 -954
6 -402 -828
-3 42 -120
1 631 0
-6 -600 -594
2 308 -624
-1 -29 -138
-1 927 -926
1 68 931
-5 -4 -4
4 840 0
-1 259 522
2 656 654
4 528 0
-1 -864 -863
1 -17 52
-1 687 -686
2 168 790
-7 112 735
3 -213 -900
6 -942 0
1 59 828
2 -166 324
-1 62 639
-1 707 708
-1 -259 -258
6 150 396
-7 434 441
1 309 -310
2 -6 -360
7 -294 819
2 70 468
-1 -184 372
-5 135 -700
-7 -154 -280
-5 255 -720
-4 -608 612
-2 36 990
-3 -90 -168
-4 -288 -828
-1 -300 0
1 -278 -843
1 157 310
2 -296 -600
5 -470 465
3 -6 -240
1 825 824
-1 345 346
1 876 875
5 455 -930
1 752 -753
-1 111 -110
2 -40 -378
-1 19 20
-1 689 0
1 -496 495
1 -29 -132
-1 -127 0
2 -38 36
1 -668 -669
1 584 0
9 189 0
-2 -30 500
-10 400 -760
-4 72 -320
5 -80 300
8 -128 312
1 -7 -228
-1 -49 522
1 8 -768
3 480 0
-1 -489 0
-1 -141 -810
-2 42 260
-3 669 -666
2 634 632
1 19 -510
1 542 541
-3 -333 336
-9 -225 234
2 -2 -312
-3 111 -396
1 -230 456
9 36 -540
-1 -250 -249
-1 -729 -728
-1 43 944
1 -10 -759
-10 140 -330
-2 86 -380
-1 -836 837
2 276 -278
5 70 65
-3 -105 -288
1 -159 620
-2 -24 -64
-10 170 -700
-1 -675 676
-1 472 473
1 -187 732
-2 66 -232
1 -222 -223
-2 50 -92
-3 111 924
3 132 -276
3 177 -558
-4 12 280
-2 -178 -996
-1 -597 0
1 -133 -408
-9 -9 504
3 -87 0
5 60 175
-1 -57 -260
1 911 910
3 -39 -342
-1 -78 -296
-3 -195 612
1 12 -13
-1 882 883
1 -239 940
1 -258 -783
-1 -90 0
-3 147 -144
2 256 992
1 -51 230
9 36 -288
3 81 510
1 200 396
1 -8 -560
2 30 -728
1 581 -582
4 -224 -960
6 -684 0
-5 -120 900
10 -370 700
1 -1 -506
2 -84 234
2 24 -576
4 -100 -600
-1 166 507
1 81 584
-1 63 -986
1 538 0
1 27 -810
1 279 -846
5 170 -555
-1 856 857
9 -135 -684
-10 560 -550
-6 60 0
3 -84 81
4 448 0
-1 -22 408
9 18 -216
-2 748 -746
-4 -96 324
4 184 -384
1 -24 0
-4 496 500
2 -36 -350
-1 -969 970
-2 64 -270
9 630 621
1 -70 -456
5 -495 0
-4 -84 -272
-1 -726 0
-3 -90 -87
-1 -792 0
-1 753 754
-1 -22 840
8 880 -888
2 948 946
-1 -52 -451
5 -40 35
-2 44 150
1 -58 216
-2 -82 672
4 320 924
2 -428 848
1 57 680
4 -364 0
-3 -303 306
5 -250 -795
-3 -36 135
2 -170 648
2 -84 874
-5 3 -8
-3 -834 0
-5 95 600
-9 -10 -5
1 -95 0
1 -880 879
-1 -664 -663
1 25 84
3 306 891
1 931 -932
1 -20 -341
-1 46 -385
-1 444 0
-1 282 -281
-1 -925 926
4 -660 656
3 267 -546
-1 11 570
1 295 0
-1 -455 -454
-9 153 -594
1 46 528
-1 556 557
-4 -632 0
1 -26 -792
1 -284 564
-8 -96 -160
-1 -81 -828
5 -170 -760
-4 -412 416
6 -24 24
8 -360 -368
9 -252 -540
-4 -408 832
-1 129 670
2 -262 -804
-4 -240 -896
-1 -213 -836
1 -1 -156
-1 -230 936
1 317 -638
-1 57 -806
7 154 784
2 -944 942
4 36 -648
1 -278 0
10 -990 0
1 119 -750
1 341 -342
-2 -694 0
-3 300 612
-5 -115 540
-1 -37 -322
7 21 -196
-1 203 -402
3 -60 -468
-6 714 0
-1 -741 0
4 -1000 0
10 330 320
3 -48 117
4 72 308
9 99 -108
-1 23 248
-7 -273 -266
-6 24 360
-6 174 -600
7 -77 126
-2 -10 468
3 390 0
-5 315 990
-3 147 -882
-2 -946 0
-1 -80 -231
10 530 -540
2 -126 684
3 -69 -324
-7 574 0
5 485 -490
-1 148 149
-2 156 0
1 67 -600
8 -544 0
-8 896 0
-1 -129 -378
-7 763 -756
-5 10 15
2 -1000 0
-4 -44 168
1 88 780
-4 108 792
-2 458 460
-3 258 -984
3 606 0
-8 -304 -296
-2 -220 -642
-4 -904 0
-4 -36 -80
-7 266 273
6 -834 828
1 -39 170
-1 303 -302
1 328 -660
-3 93 -702
-2 202 0
-8 -112 -192
6 -444 438
1 43 432
-1 -236 -928
-7 -273 280
-1 -248 500
10 390 0
-2 -70 -572
7 -91 -798
-1 -85 950
2 -436 -880
-1 -134 -768
9 -171 306
-5 495 0
-4 116 528
-3 870 873
-1 88 465
8 -832 0
7 -343 0
2 -470 -948
6 84 270
-4 -272 -528
7 -462 455
-2 -72 -310
-2 -562 0
2 22 -120
-2 900 -898
6 750 -756
1 296 -596
5 -175 170
-1 285 864
1 594 0
-6 78 -72
-9 -711 0
-1 -301 912
6 234 -240
-1 -864 0
3 408 804
1 83 -170
1 112 432
-1 53 630
-8 -152 160
-2 -44 558
-7 532 539
-5 30 -40
-1 -687 688
-5 -55 -150
-1 68 960
-1 399 802
1 789 0
-1 68 213
-2 198 0
-1 -330 331
1 -251 0
-6 696 702
-5 95 100
3 93 504
-3 207 210
8 24 -432
-1 -416 -415
8 96 216
-1 96 -188
-2 476 478
1 -49 180
3 -114 783
-3 138 -999
-2 1 -3
-6 72 78
-3 -78 168
8 872 -880
1 -677 676
1 -58 441
1 -37 330
1 -86 693
6 -294 828
-7 175 -588
-1 701 0
-6 402 0
-7 658 -651
1 156 -477
7 378 0
-1 90 -581
-6 -144 870
2 -4 -286
-1 -90 -656
-5 395 -770
-2 164 870
6 636 -642
1 -250 -504
1 37 -414
-7 595 0
3 -42 -936
-1 -617 0
5 10 -975
-1 -558 0
-5 655 660
1 847 846
-9 765 774
1 558 0
1 -20 -800
2 114 -756
2 -462 -932
-2 -116 -330
-1 179 180
1 54 245
1 -425 -426
-1 92 693
-1 8 209
-5 -250 0
-10 110 420
-1 2 288
1 0 10
-1 724 0
1 -15 -594
-1 961 -960
1 49 328
3 210 -657
-1 -138 864
1 15 0
7 812 805
-2 -148 -426
3 -192 -816
-7 322 -903
-3 -102 -279
-2 90 188
-1 65 -816
-1 -541 542
-6 -324 330
1 83 -348
3 159 0
1 548 -549
3 225 -228
-2 -14 -20
1 168 0
-7 -7 14
-1 -74 -793
5 125 0
-1 383 770
-10 420 0
1 -92 -188
4 788 -792
-3 126 -891
-6 246 516
6 -612 0
1 144 959
-7 189 406
3 432 429
4 -776 772
-8 -96 -280
-10 210 -380
-1 -38 168
1 32 192
2 -174 820
1 -112 -345
2 -78 -80
-1 -18 760
-1 -209 -618
-1 248 753
1 53 -858
4 -888 -892
-5 85 -150
-2 448 904
-6 -222 -792
10 20 0
-9 315 -864
-3 168 171
1 114 333
1 65 504
8 6 6
2 -134 -420
-8 576 -568
-7 -7 140
-1 -44 -315
-6 -288 918
3 162 -513
6 -96 0
7 364 0
8 176 0
1 264 263
5 85 -300
-1 -192 -191
4 -76 280
1 -87 332
10 90 -900
-1 -428 -852
-4 564 -560
2 -148 690
-1 -226 920
3 -195 0
2 -246 720
-1 958 -957
2 -100 0
5 -260 -540
-2 978 -976
-7 126 -504
-1 376 -748
-5 -600 -595
-3 18 840
-1 103 -102
-4 -684 -680
2 -530 0
4 128 -576
-2 -954 956
3 -432 852
-3 -228 711
-1 70 0
7 -8 6
-6 -432 0
-1 -724 -723
-7 350 0
3 459 906
-1 -763 -762
-5 -60 800
-1 807 0
2 794 0
-3 492 -972
-7 -70 392
-4 6 -3
2 98 588
-1 -37 -330
4 -84 -184
-2 732 0
-1 -647 0
2 150 -152
-4 424 -420
1 11 -620
1 -22 40
-6 -36 546
1 27 162
10 300 810
1 14 -72
-1 -4 -3
-1 -62 483
1 -155 0
-7 -651 658
-9 -504 -495
6 -300 846
1 -689 -690
1 78 0
-1 -18 208
4 420 416
4 -68 -552
-3 105 108
-7 861 0
-1 367 738
1 -895 894
-2 538 540
-10 -390 -740
-1 -18 63
1 -197 196
7 -168 441
-9 -522 531
6 -150 924
4 -116 720
9 -99 -720
-1 -156 -155
2 712 -714
-9 -108 405
-2 34 616
-7 630 0
6 120 216
-8 -72 416
-1 79 510
2 -238 -732
2 -398 0
-5 120 -475
-3 -336 339
-7 -560 -553
-4 -992 996
-2 944 0
-2 216 896
-2 598 -596
1 -12 -13
-2 -180 182
-3 -942 0
-1 342 0
10 -750 -760
1 -121 -762
1 328 -329
-1 -987 -986
-1 207 -812
-2 0 648
1 -361 0
-6 18 168
-5 740 0
8 -64 128
-2 36 288
10 -280 -290
4 -160 816
-2 -956 0
-2 -324 656
2 380 -768
1 -335 -336
2 10 -352
-9 945 -936
1 -203 -410
2 468 928
-1 -75 -756
1 67 -284
-2 114 620
5 -170 -975
-10 -210 0
9 216 -729
-8 248 528
1 -164 -165
-4 164 528
-8 224 -768
1 91 178
1 89 420
-9 990 -981
-2 -986 -984
1 -161 780
10 -720 710
-6 504 510
8 784 -792
3 324 -327
3 294 576
-1 -22 968
8 40 -288
2 400 -402
-1 25 116
-1 18 208
-8 80 0
1 67 -138
3 -42 99
1 88 415
5 230 -480
4 -140 384
-2 -994 0
-1 -295 0
-7 5 -7
1 162 632
-3 -978 -975
-4 -208 -400
-1 -135 -650
1 981 0
1 -100 384
-5 515 -510
-3 -54 729
-1 413 830
1 13 -660
9 -162 153
3 525 522
-2 -202 412
1 -956 -957
9 -27 0
-1 -144 592
3 24 -384
-2 476 960
4 372 -760
-4 -200 416
-4 -456 -452
1 -68 -213
-2 -706 0
-2 -314 636
-1 -67 -616
6 -264 738
1 5 -374
1 -832 -833
1 908 -909
-1 745 0
10 -180 -400
-1 -36 -155
-6 -6 120
-1 290 291
-2 260 -762
-1 38 864
1 324 -652
-10 50 0
-1 186 0
-2 142 144
2 -150 -972
-3 -135 918
-4 168 -608
1 17 -200
-5 -40 525
-1 327 -972
-1 242 984
5 -915 910
-1 -18 -17
2 -456 904
6 -144 -672
-4 180 376
-3 -57 756
-1 583 584
8 176 896
1 -355 706
1 618 617
1 590 -591
-2 -30 572
1 -321 0
1 -605 0
1 108 0
-2 -182 960
-1 745 746
5 145 140
8 632 0
6 -276 774
-1 -66 67
-10 430 0
-1 190 -376
-1 101 642
-1 329 0
1 546 -547
4 100 624
1 50 -975
-1 82 -385
-3 -981 -978
-1 -811 0
1 6 -55
-4 844 0
-6 192 198
1 -6 -187
-1 -41 636
9 -9 -270
-2 -72 -198
3 81 540
4 -116 672
2 84 -86
1 587 586
1 62 432
1 -59 168
1 -234 464
-10 200 -990
-7 -210 217
2 -134 -420
-1 -90 -261
1 -456 0
-9 171 594
1 -55 646
1 44 483
-2 -266 -524
3 81 528
7 6 5
6 312 -318
1 -432 860
6 660 -666
-5 -290 0
-4 -368 372
-1 -191 192
-5 -620 0
-1 264 0
-6 642 648
-5 130 -720
1 -94 984
4 24 -448
-1 -509 0
1 553 552
4 -96 92
-9 2 -8
1 252 -765
-2 -34 468
1 41 -510
-2 -472 474
1 -123 590
1 -96 623
1 81 -430
5 205 0
1 -500 -501
6 -132 630
-1 -53 630
1 -684 0
-5 85 300
-2 -10 408
-5 770 775
-9 90 675
-6 144 -858
-3 -264 267
-8 -584 0
-4 948 -944
-2 -172 -336
-2 -246 248
-1 -58 603
-1 -298 600
4 632 628
3 228 -468
2 660 -662
1 -992 0
3 -6 -969
8 -104 0
1 26 -456
-2 -210 648
3 -927 0
3 873 -876
4 -36 -280
8 152 560
2 -80 350
2 -362 -732
4 -868 864
1 -229 900
2 -62 -132
-1 -635 -634
-1 128 393
1 -155 -800
-6 180 -174
-1 -93 -182
-2 -174 356
8 -232 960
