5000 1000
-4 48 48
-10 -140 -540
16 96 104
-6 -60 -150
-2 -1 -5
-5 -20 -20
81 -324 144
-6 84 -780
256 -768 -624
144 576 -153
400 600 -287
1 -4 102
-4 -24 -36
36 -72 32
9 -180 868
-7 14 -903
5 -90 450
400 320 -236
8 -32 40
5 -80 480
-6 -12 372
9 18 -15
6 -60 366
3 -6 963
1 -12 -160
-7 0 0
-1 -14 441
6 96 684
1 14 58
8 -16 -376
400 0 -900
5 -20 20
4 -72 824
-6 48 -312
8 -128 608
7 -112 413
-4 -72 376
-1 2 71
-5 60 0
-3 60 -156
9 90 900
-4 56 -132
-10 100 -970
9 -72 135
4 12 -135
4 -16 216
-3 -18 945
4 0 0
3 30 -141
9 108 36
144 432 -188
225 630 291
16 64 -80
625 -500 75
9 162 567
-3 12 213
-5 20 -140
-2 -40 -968
-2 4 -50
64 -128 -236
4 20 -975
-8 -32 768
-2 16 -432
1 -10 25
1 -14 -203
8 -160 1000
8 -16 -56
1 -4 -50
-6 -12 -6
-7 70 854
9 0 675
-9 108 -360
25 10 -224
-7 -42 -567
-10 -120 -320
144 288 144
-4 -40 684
9 -180 648
400 -600 209
-1 8 -40
-7 28 -924
25 0 -128
-7 -140 -700
4 -64 247
2 -28 66
5 60 130
100 160 -336
36 288 252
16 96 -836
-3 54 -264
2 -4 352
-8 96 -208
5 -90 -85
-4 -64 -240
-4 8 -36
1 -10 537
6 96 552
-4 -40 500
9 90 -423
4 4 -447
-7 -70 -63
64 320 384
3 -60 309
10 20 -60
-4 80 -352
-10 0 10
9 -108 549
144 -480 328
-9 10 -3
1 -10 9
2 4 130
-6 96 -384
-9 -108 -432
64 -640 -192
-10 10 4
5 -80 240
-2 8 312
81 540 450
-1 18 -297
81 432 252
-5 100 -475
7 112 -336
25 100 52
3 54 255
-5 40 -60
5 50 165
-10 4 5
1 -2 1
8 48 264
25 200 304
-10 -40 -680
1 -18 31
-3 36 -204
16 48 -988
-1 14 -174
9 -180 388
4 36 49
2 -4 130
-2 36 238
4 -36 -243
-1 12 76
-10 -100 -220
144 0 -144
2 36 162
64 0 -384
6 -2 -6
4 -40 -872
10 -200 0
-4 56 -588
4 -24 -108
-10 -100 110
-5 50 -165
-6 -96 -264
4 0 -100
16 160 -200
4 72 -162
4 -24 84
16 32 -496
16 -256 524
100 280 121
2 28 298
9 18 -27
1 -4 100
9 -126 387
36 252 425
-2 0 0
-2 16 -32
-2 -8 640
-9 -72 -144
9 72 -656
-3 42 -633
4 32 664
16 128 240
-4 72 -684
225 -630 191
-5 50 275
9 180 388
-9 72 288
1 -8 -236
400 -800 325
-5 40 -440
1 20 388
-3 -30 -75
36 72 -612
-10 120 -720
16 -80 68
9 0 45
4 -8 328
-4 24 364
-6 -120 -600
3 12 -12
8 0 896
1 -4 733
-3 60 -570
-7 4 -1
-5 0 0
4 32 496
-2 40 -184
2 0 882
-1 6 -9
-5 -90 810
100 800 -20
-4 24 972
-4 8 -328
16 16 4
5 -90 205
-9 144 -936
9 60 -305
2 40 -772
2 40 -800
-5 50 365
-6 -12 186
4 16 -144
4 32 -584
7 0 -567
6 48 528
8 32 80
16 64 -336
-6 -60 810
-7 84 -273
8 0 -400
81 -324 324
16 -160 112
9 18 -3
100 -100 -275
-8 96 992
6 -84 24
9 -72 -101
2 -40 -192
-1 -16 136
-7 -112 -644
-6 36 246
144 -576 576
4 24 -612
-1 0 27
10 100 330
10 -40 40
225 450 225
6 -108 702
64 224 68
4 -5 2
4 20 -407
-6 120 -408
-4 -32 -96
-4 32 720
36 0 -900
16 128 -256
-10 0 0
5 0 0
36 72 -144
1 -6 -279
36 -36 -71
-2 12 486
36 -144 -356
10 -5 -6
-8 80 824
4 72 315
25 100 -800
1 16 64
6 -12 -264
36 -120 100
-5 50 195
-7 0 567
1 20 91
-1 -14 463
3 0 0
8 -112 712
16 -160 288
8 -16 -640
-4 72 124
-4 0 -10
1 -12 -405
64 320 -48
-4 64 32
8 0 0
-6 84 -150
9 -144 333
16 -112 -604
2 20 50
-2 -12 472
7 140 700
2 -12 42
4 32 -512
36 240 319
1 0 567
2 -16 224
36 24 -140
400 -800 -112
4 72 312
9 54 -495
10 -120 360
-2 0 -882
-6 96 -960
5 -10 -195
81 378 405
-3 -18 216
5 10 5
1 2 -26
9 180 864
1 8 616
-1 16 -314
3 42 339
8 160 656
10 60 -180
16 160 336
3 -48 -576
-8 16 -136
64 640 64
-4 -40 -100
5 90 225
16 -48 -156
-4 -24 216
-1 18 -73
-1 4 725
-6 -24 -24
4 64 256
-2 20 -68
1 4 644
1 -16 58
-9 -90 -945
-2 -8 -16
-5 90 -30
-5 -60 -180
8 64 -72
2 -40 192
-9 -90 -333
100 -100 -423
-9 162 423
3 12 747
36 -108 57
7 14 133
-4 32 -456
10 9 -10
-5 -90 -485
10 -60 160
9 18 -720
-1 20 75
-5 -20 -15
25 -150 215
9 -48 64
-10 0 -240
256 640 320
-8 -160 -288
8 112 136
16 -112 -980
-9 72 -234
-1 -4 92
10 0 -160
-7 -28 -84
36 252 57
2 -16 -128
-1 -18 -781
36 192 256
64 192 -48
-1 8 884
-6 -24 -696
-6 72 -234
-3 42 285
-1 -8 551
-7 -84 -140
-4 -72 -624
36 144 -576
9 -90 549
100 -360 324
-7 140 -700
81 486 648
2 36 98
-5 60 460
-5 70 -295
6 -108 102
4 0 -8
8 160 760
-6 36 -18
16 160 390
-5 -100 500
16 -320 600
-2 0 -768
-4 -40 -116
25 300 792
1 18 65
-3 -42 -579
-10 140 10
-4 40 500
64 -256 216
-6 12 12
2 -36 162
8 -80 232
8 96 800
6 84 276
10 -40 -410
-10 -100 110
-5 30 -795
4 16 8
-1 12 -18
-8 16 0
-8 112 472
4 0 -50
9 60 -44
25 200 -300
9 -126 378
-10 20 350
7 -14 -441
-4 -40 44
100 -500 585
81 270 0
-2 0 784
144 -672 784
16 -128 224
9 -12 4
3 -18 270
-7 112 -448
-8 80 0
-9 -126 -729
-1 -12 -20
-3 12 723
-7 -56 -560
-1 -8 -16
4 -72 -676
10 -40 -280
-9 0 -216
64 192 112
4 -8 -4
-7 56 392
4 0 -490
10 -100 250
10 180 810
-2 -12 -82
2 -8 -442
-10 200 960
4 12 -87
-1 18 419
-2 -20 -50
36 144 0
-6 84 -294
8 0 784
-10 120 450
-8 160 -928
-2 -32 -254
9 -12 -572
8 -96 288
16 -256 832
5 30 45
7 -42 -49
9 12 -248
1 12 40
-5 -60 -820
16 -224 774
4 4 -399
144 -864 621
-5 10 -725
64 256 76
4 -40 -284
225 180 -164
4 16 7
225 90 9
3 -42 -825
6 -3 3
2 40 1000
400 -1000 561
1 18 -81
625 1000 -725
4 -20 -367
9 108 108
-8 -80 -152
9 36 36
2 -32 628
36 216 260
1 -4 -28
-5 -90 -645
1 -10 9
1 -14 58
2 -20 150
400 960 576
16 -224 748
7 42 63
-3 -60 -741
-9 -126 -405
5 80 500
10 100 50
7 56 -392
-9 -90 -198
144 96 -227
4 24 -12
1 1 -5
-5 -90 -585
-5 -70 -245
-1 10 359
9 -126 425
-3 6 -327
256 768 -704
8 -96 352
100 -400 372
1 -6 -1
3 36 408
4 -12 -711
-8 -96 -312
9 -12 -248
4 48 139
-6 -72 -324
16 -56 -79
81 -540 -252
2 8 332
-10 -200 -640
16 32 -16
-7 -126 462
3 -42 -69
225 720 -99
225 150 -704
4 -24 356
2 -40 -160
-1 16 64
3 -24 48
-3 48 0
-1 -4 -328
-10 -160 -710
9 180 612
100 700 901
10 -180 840
6 48 36
-4 80 -432
36 288 512
25 300 333
5 -20 -60
-1 18 360
-1 16 -264
64 224 68
16 224 55
400 320 -636
-2 -36 -160
225 750 220
16 32 -496
9 -90 -216
4 80 400
6 -60 798
16 80 -332
-10 40 -200
4 -16 -632
10 -80 70
9 -180 324
-7 9 -10
-2 -24 -200
3 -24 -552
9 -162 774
1 14 40
-7 14 518
1 18 891
-9 -36 -36
-4 64 -576
64 256 144
-6 -84 -222
-5 30 935
-4 -56 -212
144 288 -624
9 180 516
-3 -30 954
-4 -2 -10
4 56 -128
-3 36 -189
-8 -144 -648
-10 -60 -90
-10 -60 -10
256 640 16
144 -504 441
64 -224 4
-2 36 324
-3 60 -225
9 -162 585
10 10 10
8 16 -192
7 126 532
-3 60 -57
10 140 400
3 -7 -3
64 512 224
-6 12 -870
8 80 -88
36 -288 -704
2 4 -8
-7 -98 -343
-5 -30 -5
-9 -126 459
144 -768 -272
-2 -24 0
-4 48 -144
-4 -40 -76
4 16 -784
-1 -16 -176
1 -12 -258
-5 50 -125
81 -378 441
9 180 900
6 -72 228
144 384 -752
6 -36 30
6 12 306
-7 70 -182
1 -6 909
-4 72 -324
9 0 -36
5 30 -195
1 10 89
64 -320 300
7 -112 616
-3 0 750
4 16 316
25 -100 -284
-7 42 -63
144 720 324
100 500 -383
7 -42 567
16 -192 448
9 -162 -711
81 -324 81
144 -720 324
64 -192 112
-3 54 297
4 56 208
2 8 208
4 16 -632
-5 40 280
-4 16 632
10 -120 -140
7 -8 -7
225 -750 -275
400 600 -927
8 80 176
-1 14 251
-10 -40 860
144 -720 900
16 -64 64
-10 60 -90
1 16 139
3 24 240
-8 80 120
4 -4 -255
225 450 -275
2 -8 -496
-10 -200 -190
2 12 666
16 32 -624
-9 108 -324
-3 -12 -12
256 640 352
-10 160 -460
9 180 897
4 -4 -863
4 -40 688
16 -96 -666
3 -24 -924
6 -108 438
-1 -10 -10
-8 4 -3
-4 -80 48
100 -400 -275
-9 -108 -324
1 -12 28
4 -64 229
3 36 492
144 -144 -540
16 72 -495
9 -72 -180
-10 -3 10
5 60 -620
-1 -8 -336
-1 16 -113
4 -80 319
3 -54 219
-7 -9 7
-8 -48 328
-3 -6 477
-8 -64 -128
4 40 740
7 126 -945
9 42 22
81 -324 -81
-1 12 139
-2 0 50
-10 120 -290
-1 16 128
-3 -6 117
4 32 28
-4 8 -68
4 -4 1
4 80 -500
-5 -40 -160
2 24 -728
5 50 445
1 0 -243
3 -24 240
8 96 352
81 -324 234
-7 -14 343
7 -3 9
-2 32 304
4 -24 -531
7 140 -196
2 28 584
-7 126 -847
36 360 468
8 -128 512
-10 0 0
1 -14 -5
-6 12 288
6 -3 -9
-3 -30 897
16 -48 -220
2 -36 12
16 -80 100
-5 10 6
-4 8 -4
-2 -28 190
-5 -60 -915
64 448 -16
-6 -84 -294
36 120 -629
-10 180 -740
-8 64 -184
-2 24 124
4 56 772
36 216 162
4 8 -508
7 42 -623
9 0 -144
4 -4 -11
2 24 32
2 8 8
3 24 348
7 -98 343
-2 12 -90
9 126 333
1 14 33
25 300 704
100 300 205
-1 -6 103
-5 40 -80
5 -60 -90
144 -672 136
-5 -10 -365
3 42 75
5 -40 -100
-1 12 -279
225 720 -549
1 8 259
-6 -60 -132
10 -140 -760
6 120 576
36 24 -320
6 0 8
4 -40 60
-4 -48 576
-7 -98 -168
-1 -14 -56
100 -1000 196
3 -4 0
6 -120 720
7 -84 -973
100 -40 4
4 -48 -656
25 0 -400
-4 -24 -20
-8 32 -64
400 -800 -400
6 24 984
-1 4 192
-3 -54 -891
4 8 100
36 72 0
9 36 -693
-7 112 224
-9 -72 -144
100 200 -872
-6 12 582
-3 54 -135
-7 98 -287
16 -72 -111
36 -168 34
1 -10 -7
-2 40 -182
5 40 120
3 -30 51
-1 -4 -32
-3 36 -135
4 8 -156
8 -48 128
-5 80 0
-6 -6 4
3 0 15
7 28 -224
9 180 180
3 60 -300
-9 72 216
-4 8 696
-3 -18 -27
100 -400 250
36 48 -704
9 -180 819
3 -54 -282
4 -48 124
36 -24 4
7 42 -21
25 -150 201
-1 12 89
25 50 -11
-10 60 -10
144 0 -729
1 2 7
10 -60 990
-4 -56 -964
36 -252 405
3 -48 186
16 112 -124
-2 24 -720
16 256 457
3 24 60
-3 -60 -876
4 -28 -95
64 -256 4
7 -140 385
1 3 2
4 -56 193
16 -128 192
3 -60 408
7 -3 8
-10 -200 -640
25 300 700
10 -60 90
-9 144 -468
5 -5 2
-1 14 -74
5 60 -445
1 -16 56
-2 -16 192
81 -486 -171
10 -120 360
-5 -90 -440
-4 72 -324
-7 126 -735
-10 -140 -940
36 72 -748
36 180 -675
7 -56 364
3 -60 300
3 -30 99
-2 -28 -784
-2 -8 -296
4 72 824
9 -72 396
-3 0 243
144 360 -927
3 0 -189
-9 -72 216
9 0 567
-6 96 -348
9 -60 -800
-5 20 -60
-10 200 -930
8 16 656
2 32 -272
4 72 648
6 60 -336
2 28 106
25 -50 -487
64 -192 -216
-10 2 2
64 128 32
3 24 48
-8 -48 -472
-3 42 -171
64 384 252
-9 -180 -819
1 -20 244
-1 16 -64
-7 9 -9
4 -56 -316
-6 -72 -216
400 960 -49
-6 96 48
-10 -80 -140
16 0 0
2 20 50
7 -28 28
-1 -18 -81
4 72 -252
16 128 -528
-8 -32 -88
8 48 72
3 -42 -69
-3 48 708
-1 -2 293
-10 -80 920
16 -64 48
4 -24 -36
7 98 119
-3 42 -135
36 288 176
16 32 -20
-8 112 -392
-9 -144 -576
3 -18 999
-8 -144 -584
16 224 584
10 100 250
7 -28 217
4 -72 -324
-8 0 288
10 -100 -110
2 -24 136
1 18 -559
-8 -32 736
-7 -140 875
6 -12 54
9 144 576
-10 -80 -160
-5 50 -105
144 -672 460
-7 -70 -245
-7 98 -364
100 -400 -776
5 -40 -880
25 -150 97
1 -8 -38
4 80 436
9 48 -368
10 -40 200
25 -250 -185
1 -12 286
625 750 225
-1 20 -200
4 -8 -380
-1 -4 -102
36 -36 -279
-6 -48 672
-3 -60 -381
1 -20 -145
1 6 -191
5 -80 230
1 -20 100
6 12 -858
-7 -28 140
9 54 17
81 -216 -756
-8 144 752
8 -2 8
-6 36 -216
100 800 700
-7 70 -175
16 8 -63
4 -8 28
36 120 19
2 -16 -4
5 -40 140
-3 42 -291
16 -48 4
9 144 576
10 100 -230
3 -30 75
16 32 -632
6 -8 -6
36 252 -343
1 6 0
-4 0 0
-4 8 284
-3 -54 -267
3 -36 -192
8 64 704
9 -144 -747
-2 -16 -432
4 -32 160
8 -64 128
4 48 -256
25 -60 -139
64 -256 112
8 -80 968
4 -40 -400
-5 -100 -500
-2 28 -108
8 -32 608
3 -54 147
-3 -48 192
64 -448 -752
36 -48 -389
25 -200 -86
8 -144 248
16 -256 799
7 -126 679
4 32 56
-2 -36 126
10 -9 -6
2 36 562
225 150 -2
8 128 512
-2 28 -784
16 72 17
-6 -12 -222
-5 10 -30
4 32 46
4 -24 292
36 -240 -32
-8 96 -296
4 56 628
6 60 150
225 -150 -857
-1 -10 -49
-1 0 -729
-5 -90 -205
-10 -80 110
144 720 -700
-2 -36 -218
8 64 128
-8 96 -336
144 480 364
256 -768 -288
-5 -50 -615
9 -108 648
-7 70 -175
625 -1000 -100
4 3 -5
9 -90 225
100 80 -584
225 -450 -216
4 12 -15
144 -288 144
-1 18 -33
1 14 49
10 160 100
-3 30 -51
36 216 -972
1 -4 4
-1 -8 20
-9 144 -90
9 -54 333
-3 6 240
-1 -16 -448
7 98 259
-6 -36 906
4 48 176
-4 5 -1
10 180 330
-8 0 360
1 20 -548
-2 12 -18
1 -14 33
2 -16 -40
5 -40 -235
225 -750 625
81 -162 -486
9 162 -423
9 -144 504
-9 108 -891
5 40 -80
8 80 592
4 -20 -487
9 0 -196
16 160 -112
4 -16 -38
-3 -12 -747
-6 84 138
144 72 -567
7 -28 308
-4 40 28
10 -8 1
81 432 -99
4 -32 48
1 8 -713
4 24 -964
-1 12 -46
2 12 368
-3 18 573
-1 -16 -364
-9 162 -729
10 -140 410
16 -32 -624
5 0 -135
64 256 -544
64 -384 544
1 12 -39
-1 16 -104
-3 18 -603
100 -1000 232
-10 -200 -1000
-7 112 -504
6 -120 750
8 0 576
-7 -112 -392
1 5 4
-4 -24 -180
81 378 -207
-4 8 -304
1 4 -16
4 -8 148
-3 6 -3
25 -40 -434
-3 -60 564
3 54 -237
-3 -12 -492
36 72 -540
-2 24 26
-6 -1 -3
-7 -28 -553
-4 -16 272
8 -64 528
6 36 -162
4 -40 -332
-8 -48 -216
10 -40 -770
-4 16 -408
5 -90 395
225 -270 -319
-5 -20 340
4 48 16
2 -8 648
-7 5 0
8 112 232
-1 -10 295
2 8 512
81 162 -819
25 -30 -141
4 16 -84
144 384 211
4 -56 148
-4 -24 76
4 -8 -188
-3 6 -753
7 -14 -343
4 -24 -936
-2 -20 -540
10 4 -4
-5 50 500
-10 100 110
25 50 -100
3 18 -162
1 0 112
-9 36 -918
4 -72 504
4 32 57
6 84 264
36 144 -52
16 -128 0
7 -5 0
100 400 400
1 12 -36
-4 -24 -468
-3 -60 -492
-7 5 -1
144 -384 -68
16 -24 -775
16 24 -567
3 -48 -780
4 -48 144
4 8 -806
-5 60 -980
1 -10 -87
10 80 160
-3 54 -216
2 -16 -112
-6 72 -228
64 128 -916
10 100 450
225 -720 -649
16 72 -319
100 -200 100
-4 -64 -256
64 -320 -48
4 8 396
25 -150 209
4 4 -79
9 60 100
-5 -10 -85
1 -2 -3
6 96 -156
-1 -12 -236
9 48 -80
10 -120 -620
-4 -64 -220
10 -160 660
-2 4 488
-1 -4 482
8 0 320
-8 -160 400
-5 -70 -205
4 -8 -896
3 -12 255
36 -48 -866
4 8 328
-2 -32 -114
10 140 -410
4 32 52
-3 -18 21
3 -12 -123
-3 -54 -999
-5 20 -20
400 640 131
144 360 -927
4 0 -512
64 256 192
-3 0 27
64 64 -20
64 0 0
-5 10 995
-3 -42 -123
-6 -96 -192
-8 160 -760
100 500 545
64 384 252
-2 0 0
3 -42 99
2 -4 194
144 -864 396
9 -36 18
-1 10 175
10 -100 210
16 192 171
-2 32 -256
-7 112 448
8 -112 400
8 -112 320
-2 -32 34
1 -18 101
-5 5 -2
8 -32 -256
-6 84 -78
3 6 246
5 60 360
-3 -12 213
144 576 480
9 54 81
1 -8 15
-5 50 435
-2 -8 -116
1 -8 34
-4 -16 20
1 -2 801
2 -4 2
-1 6 39
16 -192 531
-7 -140 -700
1 -20 -243
9 -162 162
-1 14 -535
1 4 -28
225 540 249
-3 60 -492
64 512 16
25 250 571
-8 -112 -136
9 36 -126
-2 -32 -384
25 -250 576
-2 32 -128
9 180 891
-4 -8 -5
2 32 146
6 -12 -534
-2 -36 350
256 512 192
100 -100 -743
-1 10 167
5 70 120
4 -24 36
100 0 -700
25 -250 450
-5 0 -40
-4 -8 -652
-5 -80 -320
2 28 86
3 -12 12
9 -36 54
5 -80 0
2 -12 162
3 -6 753
-5 -90 -365
-2 24 -72
5 40 20
-8 128 -512
7 98 532
-3 48 -435
16 -80 52
64 0 -256
9 60 91
10 -40 -320
-2 -8 792
3 60 462
225 -720 351
9 -90 216
-4 -80 608
16 160 -624
-3 0 108
8 16 8
7 -14 -679
5 70 -630
4 -12 -55
4 80 400
5 -10 185
25 -350 833
-1 20 -101
3 -54 225
25 350 982
36 144 0
-2 32 -192
3 -54 543
64 -64 -180
-6 0 18
-2 32 -628
144 0 -243
-8 112 8
-10 160 -640
36 192 256
-2 -24 528
7 -140 924
100 -100 -839
1 -18 81
1 2 -49
5 -40 120
-4 32 524
4 72 324
16 -64 -80
4 80 288
10 120 360
-5 -40 -80
225 810 729
5 40 -560
10 -80 800
-2 32 -200
2 20 -22
-1 -10 39
-5 -70 -20
-1 4 143
4 64 -256
-2 -36 -288
2 8 -248
3 -42 -42
144 -648 -567
9 -18 -234
9 -48 -611
-2 -12 -180
-7 -126 189
10 6 -3
8 144 136
8 -160 600
-4 -64 -272
4 -8 -32
4 -40 -800
64 -320 220
36 -216 244
-10 -180 -90
16 -192 384
6 -72 192
-7 126 -630
-1 14 -69
1 -14 -437
5 80 240
5 -10 55
2 0 -16
-1 -2 -325
1 8 32
-2 8 10
4 -32 -296
81 540 756
-1 -20 224
-7 28 196
-6 84 -324
6 -36 54
100 -400 -896
8 -64 200
-7 98 -154
400 -400 4
4 16 7
16 96 144
9 -108 320
225 -450 153
6 -84 -456
64 -192 128
4 64 175
-4 -72 -252
-9 -72 180
4 -80 448
64 128 -576
8 -3 -3
64 -128 -524
5 50 130
2 -20 -22
2 12 -232
6 48 96
7 56 560
-4 -56 -452
144 72 -55
2 24 360
2 28 82
-6 36 -150
5 60 55
6 36 540
5 -40 800
-9 -144 -576
-9 162 171
3 -42 201
1 -12 144
4 -4 2
9 -126 666
64 -448 64
-2 -32 -56
1 -14 24
9 90 -118
-3 -36 108
-5 -40 -350
-3 -48 -672
36 -36 -503
1 -8 28
-7 70 77
2 32 120
6 12 6
5 -40 80
1 -14 44
-1 -6 55
36 252 -159
-9 -36 -36
6 -108 -690
16 -48 -108
256 256 -944
64 -448 768
-2 -4 978
1 14 55
225 540 224
-4 -72 -972
1 0 20
-5 -50 775
7 56 812
9 36 0
-1 16 80
10 40 -600
-7 -140 -700
2 -32 896
2 -4 66
-2 40 -200
9 -54 -207
1 -20 -800
4 0 392
16 96 140
36 360 -276
1 10 -200
25 150 193
8 -48 -320
256 -512 256
1 6 -45
25 -10 -74
-1 -16 132
-9 -108 -972
-1 -20 -116
1 6 457
1 6 13
144 -288 -261
4 -48 112
1 10 -461
-5 -40 -50
-3 -48 558
-8 128 888
-9 90 -225
-8 16 -872
-1 8 -191
3 -42 243
1 -18 76
16 48 -364
64 -320 -100
8 80 216
-4 -32 136
225 -300 -44
1 -6 -11
-5 -90 -325
2 4 -488
8 96 -224
4 8 -7
-7 1 -10
5 10 -355
36 -72 12
-8 96 -232
-6 -108 -540
3 -6 99
6 -36 270
6 48 150
1 -12 232
4 28 -671
36 360 740
9 -90 -675
6 -120 150
4 72 144
5 1 6
1 10 -150
-2 16 -32
36 -240 328
7 -140 924
7 0 -560
9 18 -891
-8 -160 -544
-2 0 5
-1 16 -145
100 500 625
2 28 226
1 14 -239
144 -648 585
-4 32 736
3 1 -7
-1 -14 275
6 -60 -450
4 48 -368
36 -360 876
225 540 -576
25 90 -219
5 0 20
-4 48 -592
64 576 512
9 180 892
-7 -126 -637
-8 -16 -8
-7 -56 -455
25 50 -55
-1 -18 0
-2 -4 -16
4 -16 -112
16 -144 308
400 -400 -284
-10 -160 0
5 10 -475
4 -36 -819
-2 20 734
4 8 -212
-2 24 -572
2 -24 112
9 24 -956
-5 60 -140
-8 -112 -264
400 -400 -412
-7 -14 -322
-4 -32 336
1 -16 64
-9 72 -144
-5 40 -395
-6 -48 192
16 112 160
-3 -48 -192
-10 120 90
1 20 19
16 64 16
100 300 129
4 80 -176
64 0 -128
3 -42 -69
2 -32 416
8 32 -96
36 0 -675
4 40 136
1 20 -500
225 630 -684
6 0 162
2 20 -636
-2 28 882
-1 10 -25
2 24 54
-3 -48 -171
7 0 -14
100 -600 704
-7 -56 238
2 40 192
-10 -160 80
-1 -12 -360
2 12 18
64 -256 -104
-7 56 140
25 -150 193
9 -5 10
16 -32 -964
-2 -20 14
-6 -120 0
-3 -6 585
1 -18 77
-6 -96 -600
16 -128 -444
-7 -84 -588
-1 0 -128
5 -10 -445
10 80 660
-8 -80 -200
1 -4 -124
3 6 27
7 -70 -511
144 720 868
-9 162 -405
10 -160 -80
81 540 657
1 12 -62
9 6 3
5 -90 -135
4 -1 5
16 48 36
4 36 -703
25 60 -864
1 4 -20
9 18 -11
9 -42 -239
3 -12 -36
16 0 -200
-9 0 -63
36 -144 -738
-4 -32 -352
64 192 -112
-6 0 0
7 -84 252
4 24 -612
-2 32 372
9 144 331
16 -128 224
3 6 27
144 -576 513
10 -200 1000
3 48 108
1 -6 -135
-3 -30 807
16 -96 108
4 16 16
400 0 -256
2 8 -568
-4 -32 -64
-1 -8 -16
-1 14 32
-2 20 310
7 42 -280
8 -64 192
9 -180 990
2 20 100
-1 -20 400
225 150 -20
-1 -6 -45
7 -56 -224
5 70 245
4 -56 228
4 32 -800
100 -100 25
5 60 360
-10 120 -400
2 -40 700
1 -20 28
16 -32 -84
-4 0 160
-4 80 -400
81 -486 405
-8 128 -512
8 3 -7
-1 -12 264
3 -54 243
64 -288 -476
-1 2 499
10 -60 50
-8 128 -496
9 -108 324
-10 160 640
-7 14 63
-2 4 -770
-2 -20 274
9 108 0
1 2 -89
4 24 -4
-3 -54 729
36 180 9
-3 30 681
8 4 10
-6 24 276
7 -14 7
-3 42 -120
-4 64 384
36 360 576
-8 -48 128
5 -80 680
-4 40 -356
36 24 -482
-9 -54 -90
16 96 -342
6 -24 318
1 -10 -56
7 -98 -105
3 -54 -507
-1 14 -77
4 2 -7
-5 -100 -545
-6 48 -120
7 56 112
9 0 864
5 60 -65
1 0 -36
8 96 288
7 98 693
25 250 617
-4 -40 -88
4 28 45
2 -32 128
4 40 -12
-6 -36 -54
3 -36 -12
-8 -16 -776
625 500 -200
-1 4 -4
5 -60 180
6 60 -426
-10 40 -40
10 -2 1
-7 14 -14
-2 -28 -196
3 -48 -192
-5 0 -375
-3 -24 -27
-2 24 -584
36 -216 -648
9 162 720
10 -100 250
-7 -98 707
16 64 36
2 24 -128
7 -42 -637
5 -20 155
1 0 -81
5 20 335
-4 32 -224
-5 -30 -45
9 -24 -956
10 60 -270
-1 -20 -110
25 -80 64
4 -72 261
9 126 313
8 -160 776
225 -450 125
2 24 -90
-3 -12 -60
100 300 -747
2 40 200
4 0 36
2 4 -78
4 -16 -80
-2 28 -898
9 -126 477
7 -42 63
-10 -200 280
4 -28 9
6 -1 1
144 -288 -180
-2 -40 772
-2 40 312
6 2 0
8 -64 128
9 18 657
4 -56 84
64 576 896
-8 80 -200
-5 60 -180
256 -128 0
64 384 556
2 -16 432
-6 -72 -756
-9 108 -360
1 10 9
4 64 -68
-1 20 -100
-7 56 -105
4 -24 228
36 324 409
9 126 417
4 8 -28
-8 80 -712
-9 -180 -909
4 32 40
144 432 324
400 -200 -375
-8 -32 -8
8 80 72
3 -48 942
5 -20 20
256 896 736
100 -40 -146
2 16 -468
-3 -5 -10
-9 -144 -792
4 -8 -572
-5 -20 -40
36 72 -864
-8 -128 256
-3 1 -2
1 2 -391
-2 -32 358
-7 0 196
6 -60 -732
9 -24 -632
-1 -10 -37
100 -240 -656
25 100 100
10 -140 490
4 -64 76
2 -28 96
1 -4 12
-3 36 -108
-4 56 -212
-9 108 -315
3 18 -273
36 -36 -315
4 24 -44
-1 -2 -82
1 -4 -248
9 90 225
-6 -60 -198
-8 48 -584
36 144 -880
10 60 360
-10 20 310
10 -140 520
256 -896 208
9 126 313
-1 -10 -225
1 -16 56
9 90 225
1 20 100
-10 -120 -80
6 72 366
1 -8 -560
-10 -100 30
81 270 -675
1 18 -9
-5 0 0
-4 -56 -132
7 84 203
3 -24 210
4 56 220
7 -28 28
-2 24 -72
-7 112 952
100 -300 -31
5 -30 -675
1 -10 34
64 -512 984
7 -28 28
6 -84 300
225 360 -56
3 18 411
-1 14 49
64 256 256
5 -60 135
81 -324 279
2 -36 162
-1 -16 -91
36 -324 -839
144 672 694
36 24 -356
2 -28 98
10 160 140
4 -8 -96
1 16 176
-6 -108 -444
4 40 -12
16 160 155
6 -120 -552
-1 -20 -325
16 64 -936
-7 -98 -910
-8 0 288
4 40 260
10 140 390
4 -1 9
3 -42 747
36 72 -604
-6 1 -2
-1 -18 -81
64 320 100
16 -144 276
144 -576 126
-3 36 660
4 -4 -8
-9 54 144
-6 108 -540
-8 -128 -640
-8 64 72
2 -28 98
8 -80 200
64 64 16
4 -8 -158
1 18 -819
-4 -80 -580
-5 50 595
1 -8 4
-2 -4 78
1 14 249
9 126 147
225 90 -791
-7 42 -567
-10 -80 -230
-2 -20 -54
-9 -36 -36
-7 -28 35
10 40 100
-4 -24 -8
-8 -6 1
8 -16 -72
100 400 364
9 162 709
36 324 153
36 -24 4
256 -512 208
-7 98 -350
1 10 -263
-2 4 -514
2 32 814
-2 -36 -64
64 192 -432
5 20 980
10 -20 170
-1 14 -76
144 -96 -416
5 -70 45
8 96 576
6 48 396
1 4 4
-6 8 -6
7 112 469
10 120 260
10 -140 490
1 -12 100
-1 2 -201
-3 -30 -75
8 -80 136
9 -108 296
4 -48 144
-4 0 -8
-8 128 -512
-1 0 3
7 0 -196
4 16 -16
3 18 57
9 18 -720
144 672 343
16 -96 72
-5 100 250
144 -384 -104
16 112 -204
64 -64 -176
9 144 576
-2 28 -882
36 -120 82
-1 -20 -120
6 -5 9
2 36 342
1 -10 -227
-9 -5 -5
-2 -32 -74
25 250 576
3 6 -57
225 900 -350
8 80 -824
-7 98 -343
-2 -4 -2
36 96 -746
1 -16 -384
-2 12 -6
-2 -8 92
25 60 -189
-6 48 -90
1 4 -320
9 -36 27
-5 10 -630
2 36 218
3 0 486
4 -24 16
6 -72 186
-5 60 380
6 -24 78
-5 -100 -745
6 84 774
9 180 936
3 7 7
6 48 336
1 6 63
3 -9 7
16 192 252
36 -180 -975
-2 12 174
10 -200 640
1 20 -47
7 28 28
-1 -12 -211
-2 4 52
-4 40 -612
7 56 -329
6 -48 -204
25 -100 -145
2 -40 200
64 256 4
-3 30 69
81 -108 36
2 12 22
25 0 -160
16 16 -796
36 -288 288
1 0 -72
225 -540 -176
64 -256 -512
144 96 -308
6 -72 -666
-2 40 -38
4 -8 -246
4 -40 -44
5 5 -5
25 -300 580
4 40 52
-6 -120 -384
2 -24 -576
-4 -80 -400
36 360 -124
9 162 629
-1 8 29
2 -32 134
-2 12 -36
1 16 280
6 0 0
-6 -84 -294
400 160 -434
4 -2 -7
8 0 504
225 -900 738
2 8 80
9 54 225
64 -448 -392
100 -40 -596
144 576 544
3 -6 3
256 -128 -48
4 -64 -64
16 48 36
4 24 -396
5 10 -1
64 64 -144
5 -60 405
2 -28 90
6 -48 -120
7 -112 -119
-2 40 -182
225 -600 -923
-9 -18 855
-9 -54 495
6 60 -618
9 18 -72
-3 12 -12
-8 16 392
-9 90 495
16 -256 24
-9 -162 -666
-8 64 -128
7 -56 84
-8 -32 -32
-8 -64 64
225 -300 100
3 24 -600
-3 -24 -48
-2 28 262
-3 60 -300
25 0 -162
5 20 -355
144 -720 612
7 42 28
25 -20 -696
-7 -98 -686
-7 0 784
-9 18 18
10 180 900
144 -192 -260
2 0 192
25 100 90
-3 12 948
25 -150 223
64 192 0
9 0 0
3 -2 5
-1 6 -18
-4 48 -144
1 -18 85
9 144 -224
144 384 31
-1 -6 2
-9 -18 45
-5 -50 -150
10 120 450
-7 -56 -119
9 0 -700
6 -24 -948
-2 -16 -32
16 160 400
100 160 -186
144 -768 -920
81 -432 504
5 70 565
36 -144 144
4 -24 -774
-6 72 -168
3 -42 447
-4 -56 -124
3 10 -9
225 -900 675
10 -200 -600
-5 90 -415
-8 -32 -64
-1 6 119
-1 18 619
36 0 -1000
1 -2 109
-3 18 -189
-2 32 -288
-1 2 -7
-1 10 -725
9 10 0
-2 -32 -56
100 400 328
-3 -60 -300
1 10 -55
625 250 -275
6 48 -864
9 18 5
225 -900 875
-2 -28 702
-8 96 -128
144 -720 756
-1 4 -24
4 16 -308
10 0 160
2 36 162
4 -16 -176
4 0 -300
1 -18 -164
-5 50 375
6 -12 774
1 -16 -260
4 -8 -296
1 -10 -875
1 14 -335
-4 56 404
64 -96 -124
10 120 360
16 -16 -320
2 -28 588
9 -54 -495
9 18 252
-2 -40 -396
-7 -14 35
2 -4 -286
-1 20 -68
1 -2 -107
4 24 -396
-5 10 -725
144 216 81
144 -648 9
-9 -72 -468
3 48 252
8 0 3
-3 -36 -54
16 160 253
-1 18 -681
1 -18 81
81 540 576
-4 64 -256
-3 60 -57
-6 -108 666
-2 -8 -258
625 -500 -200
3 -30 315
64 96 -12
2 -20 66
400 -1000 193
1 18 -171
-9 72 423
-9 90 -801
36 252 441
256 256 -224
2 -24 -124
5 -20 70
25 -250 625
64 -384 432
4 -80 -41
-1 2 -442
-3 -42 -222
256 384 16
2 -32 520
16 -96 -356
625 0 -75
6 5 6
4 -4 -111
36 288 -720
64 128 -960
3 60 600
-8 -64 -72
-3 -30 -600
6 -84 564
7 126 567
25 -100 -220
1 2 -63
16 192 76
6 60 150
-5 30 -295
4 -24 -92
1 12 -126
9 0 -18
16 -112 -92
1 2 -599
-5 -100 220
5 30 225
9 -108 324
-10 100 -250
-2 -12 -210
2 -40 184
16 0 -160
-3 30 -75
1 18 209
-3 18 -327
10 -20 -50
4 4 -2
-5 -30 765
1 18 87
-1 -20 -228
100 400 -320
5 100 -400
4 -80 400
16 -32 -240
-5 20 480
-2 8 10
3 60 684
-5 -50 -365
6 -24 24
3 -6 -147
400 -600 113
-2 -8 -18
-8 -96 -288
-9 144 -576
-1 8 184
25 -50 -75
64 512 896
7 -112 700
-2 20 -82
8 -4 6
1 -12 33
2 20 306
25 -80 -136
-7 84 -252
4 40 50
400 800 325
5 -90 -345
16 -32 -16
3 48 384
1 8 7
16 -40 25
-8 -128 -512
4 -24 20
3 0 -576
-5 -70 -285
-3 -48 -381
3 -42 159
64 160 -668
-3 18 21
9 4 2
-5 -100 -275
8 16 792
-3 -12 228
16 -32 -32
3 18 27
-1 -4 -148
36 0 -500
5 100 530
9 -126 477
9 -24 -65
36 168 115
6 -12 6
-5 90 -585
-8 112 -392
6 -36 -324
-4 -48 504
4 0 -24
-6 -96 -576
16 16 -76
-2 28 -170
1 -16 -422
4 -16 -47
4 40 92
-3 60 852
4 24 -828
-8 -80 -200
81 432 -288
-3 36 567
-8 80 24
-7 56 140
-10 9 -6
5 0 -40
9 -144 128
-1 2 -406
4 -72 324
1 -18 73
-4 -72 -540
-1 12 -72
8 -144 -248
-10 -140 950
-1 7 0
2 -28 598
4 56 -204
8 8 -9
400 -200 -231
6 -84 78
-1 0 800
-1 -8 12
-1 -10 7
400 -320 -111
9 72 144
144 360 193
1 -12 26
7 42 105
-1 -2 179
-3 -6 726
25 50 -119
81 -378 441
36 -252 -711
-1 12 -11
-9 -18 -72
9 -90 213
-2 -20 -344
1 -10 25
-9 1 8
5 -20 -5
3 -42 75
81 -162 -369
-3 6 5
16 -256 960
-3 18 3
9 54 -405
4 48 144
81 -54 -639
-2 32 122
3 0 0
4 0 -64
100 -500 577
2 4 12
100 0 -700
-10 3 -1
4 -12 -855
36 48 -344
256 -768 544
4 -8 -563
9 36 -216
4 -20 -231
36 72 36
-2 -12 -82
-8 -96 -448
9 -180 0
2 -20 32
-1 8 624
64 384 -124
-2 -8 640
25 150 216
1 8 -20
-8 16 -808
-9 -18 135
-6 36 618
2 -28 -28
7 -9 0
3 36 105
-9 108 -900
25 300 -100
4 4 -971
-3 -48 -840
4 -16 -389
8 128 512
64 64 16
5 50 845
-9 -72 -171
-10 20 630
-7 0 896
-2 -36 -482
10 160 800
7 -70 371
400 800 -112
-2 -24 -82
5 70 -160
-5 -70 630
9 24 -470
1 16 80
-6 -36 -30
6 -108 -414
400 640 256
-3 54 -216
-3 -54 -315
9 30 -299
1 4 5
-5 10 355
4 -8 772
-1 -2 -148
10 -200 -960
-5 10 -365
-1 18 -81
64 -320 400
7 -70 287
4 56 -60
-7 -42 -21
-2 36 -848
3 -30 -405
1 -18 65
4 -8 -12
1 0 40
1 -2 82
-1 2 -811
16 -112 164
2 0 -150
3 48 -192
6 -120 492
-5 90 -505
16 288 596
9 54 9
5 10 1
2 16 -4
25 250 500
2 0 -32
6 84 882
-1 -20 -106
144 648 89
9 -72 135
-3 -30 -27
144 216 -927
8 32 896
4 -64 238
36 168 -236
1 -4 254
-2 16 -32
-5 90 -765
16 128 -320
400 800 225
6 -60 204
-1 -12 348
16 160 400
-1 2 99
1 -14 497
-6 84 -240
2 16 -48
4 -32 -503
-6 -60 120
-4 -64 -280
4 -64 320
10 -20 -70
-3 18 -615
-1 -14 -46
2 -36 -990
5 50 125
3 -30 102
3 0 -120
144 -216 -431
3 -36 108
4 0 -16
225 750 589
-10 -80 -70
16 -80 -700
-1 16 116
-1 -8 48
1 8 272
25 -300 836
7 0 0
100 700 441
-3 30 -516
1 -8 416
7 84 938
-9 -36 324
-9 18 -9
7 -126 378
2 -12 704
4 -72 516
-1 6 351
4 56 -572
36 -240 -41
9 -12 -968
10 200 940
2 -4 8
100 -400 144
16 112 -980
64 -448 688
-4 32 -100
-1 8 -176
2 0 -810
-3 -36 -96
1 14 689
-6 120 -600
9 -144 64
4 80 384
4 -16 -240
2 -36 234
-2 20 436
25 200 -176
1 -4 -5
1 -2 -404
10 60 100
6 -84 744
6 84 870
4 80 368
4 -80 328
36 216 -60
64 -512 44
-1 14 -77
100 -160 -111
-4 -56 -196
-5 30 -75
-5 -10 995
5 20 470
1 -4 -248
400 200 -39
5 90 675
4 0 0
5 -50 -35
8 -160 672
9 -54 9
-4 2 -2
-10 -160 -560
81 -324 -972
16 -112 -588
64 192 112
16 48 -476
225 -450 -75
64 640 816
64 160 100
-1 -18 66
-3 54 -54
4 28 21
4 -8 4
-4 40 260
3 7 6
256 640 -608
64 -192 16
225 540 24
-4 48 -132
-9 9 10
4 32 -32
2 24 -516
4 -12 -103
3 24 -924
-9 54 594
-10 -60 -490
4 8 652
-1 -4 -604
-5 -10 620
-3 54 141
-1 -18 -243
-7 126 -567
-5 -2 -10
2 -20 176
10 0 630
3 -42 243
6 -72 -234
-6 -36 -348
100 -240 -56
9 0 72
225 90 9
-3 -12 528
3 -18 27
8 -160 480
9 -18 -691
-4 -40 -316
5 40 45
3 0 192
64 192 -356
9 -54 18
-2 -24 -672
-2 -8 -64
4 -36 -431
-1 -4 212
8 144 904
16 80 -764
-4 32 -352
2 16 -292
36 -108 1
-5 3 7
-6 48 552
-1 -2 -145
36 96 -512
25 -100 -200
8 -48 -24
-1 -6 3
7 -112 448
5 70 0
4 16 -20
-6 12 6
9 -36 9
4 -40 -476
-2 16 -158
8 80 -400
25 -50 -3
9 -108 180
6 72 216
-8 -16 -296
64 -384 380
6 -24 -168
64 -64 -496
3 24 -168
1 16 64
36 216 -36
81 -324 -324
3 30 60
7 0 42
-1 16 -554
25 200 220
6 -60 150
36 -36 -103
81 -54 -72
1 -2 -359
-2 -32 -120
-7 -140 -133
3 -60 600
-5 -40 -80
16 48 -396
-3 -24 600
10 -40 0
16 72 33
-9 -18 -369
1 6 -36
3 -54 -93
9 180 -720
-7 -98 -343
25 100 -284
-6 -36 -30
8 -64 -640
-7 -126 -217
6 84 774
16 0 -384
10 -6 -5
6 120 642
10 60 170
3 24 342
-1 14 -139
5 20 -460
-7 -126 -315
8 -48 -216
2 20 -436
-6 72 432
225 630 441
1 -18 144
-5 -50 -130
-2 16 -248
-3 6 -15
4 -24 396
225 -900 -675
5 80 -760
6 -72 264
-2 36 -306
7 -14 70
3 -36 0
-7 28 420
8 112 392
-4 8 -24
9 -144 560
100 -100 -231
3 -36 684
6 -120 708
3 12 -744
9 144 576
-9 126 -441
5 -100 905
1 -20 352
6 48 -48
-4 -8 508
225 450 225
4 8 -252
7 -112 336
1 2 101
7 0 0
-3 -12 180
-4 0 -720
25 -250 621
-3 6 -2
-9 144 -504
3 36 972
7 -56 679
9 -162 765
1 -16 874
-8 16 -8
4 -64 232
-2 -4 970
4 -64 -716
4 -8 -94
1 4 -108
-7 -28 -658
16 160 346
8 -64 128
-4 8 356
-6 -84 570
144 384 -473
1 6 -375
4 0 -160
5 80 -160
16 -128 248
-5 90 -405
6 -12 870
16 72 1
-5 -10 -405
9 -90 945
-2 -40 -186
25 -350 980
5 -90 385
3 -18 477
7 126 546
10 -40 850
-3 30 -804
-10 160 360
4 72 -828
1 -12 35
7 70 133
-5 10 -105
-2 -1 0
2 -8 8
1 0 -45
2 12 -374
-2 -32 376
10 20 -260
81 -270 81
4 8 4
7 -56 -448
-5 -5 9
-4 -64 392
6 36 -546
8 -160 872
225 -600 -482
-1 10 50
-4 40 -292
7 42 399
-8 0 0
-1 12 -38
2 -40 182
-9 -162 -801
25 -250 593
-1 -10 -121
-1 16 -512
-9 -72 -180
-4 8 -504
9 24 16
9 90 -175
-10 80 -400
-2 36 -522
-3 12 288
-10 40 -200
4 8 388
7 -112 672
-8 -32 -32
-2 4 -2
1 18 32
-8 -144 72
-1 -12 -330
9 -18 -18
16 8 -47
4 24 -540
2 24 -418
225 -750 -383
-6 -7 6
144 -672 55
8 64 -384
9 108 576
16 -80 -348
36 -240 391
-10 -9 -7
-1 4 -204
16 128 128
10 0 500
4 24 136
16 -224 568
7 140 679
-1 -10 227
4 0 -392
36 -108 -687
4 -7 -4
16 -96 108
81 378 -441
4 64 956
9 -90 -504
1 -9 -2
2 -8 -46
-9 -18 234
-7 -28 756
7 14 -189
4 -36 61
4 48 108
144 -216 -687
9 48 -584
-5 80 -160
8 16 -792
16 -160 220
4 6 -6
4 20 -955
-1 18 -93
16 -224 734
81 -432 549
-9 72 -873
10 0 540
-4 16 84
225 600 310
256 512 112
-10 40 960
-1 20 -112
-3 6 -51
-3 18 -27
2 28 -670
81 270 225
-5 -40 545
144 -504 -423
6 -120 894
-3 6 -339
-2 -28 222
9 108 36
3 -36 351
9 72 144
-4 64 -512
-8 48 -72
-10 160 -640
-2 16 8
-9 -90 207
2 -16 0
-10 -180 -810
-3 6 9
7 -56 336
-8 -9 2
3 -24 -60
-3 6 321
225 600 184
1 16 60
16 -160 292
1 10 57
225 -150 -200
-1 12 284
2 4 2
16 -32 -344
36 144 -828
256 -128 -384
1 -18 -207
-6 -96 288
1 8 -470
3 -12 204
-5 -60 -740
1 0 8
8 32 88
1 -4 -6
1 -10 33
-1 -20 -228
-2 8 592
6 48 546
2 5 -7
-3 -6 861
1 16 -96
144 384 -896
5 -10 -30
4 -8 -976
-9 -18 -819
9 -72 -6
144 -672 712
64 320 76
-1 -20 -262
9 -90 225
3 60 741
-1 -10 -25
36 -324 725
256 -256 48
5 90 485
9 -42 -194
1 -6 13
100 -600 540
10 160 160
16 0 -8
16 -8 -719
8 -16 152
-10 20 -370
-4 -72 -4
1 -20 101
9 180 756
1 12 -89
-3 42 -150
-8 -64 -912
-2 0 0
7 126 63
7 -28 -539
5 -30 -75
-3 -36 84
-4 -64 896
-2 28 -354
144 -384 148
7 42 735
-2 -32 264
4 -72 320
1 0 -150
-4 16 -996
-6 -72 -888
10 80 160
4 32 -236
7 -70 -77
-6 0 -768
-4 16 164
-6 -48 -480
7 14 707
16 -144 -124
-1 -2 146
-5 100 -905
-3 60 -219
-4 7 6
-7 112 448
9 126 468
81 -54 -27
25 -250 561
-9 0 144
6 -36 294
625 750 -450
-2 12 132
-4 -40 28
16 -32 -240
4 0 -27
4 40 612
9 -90 954
-4 -40 412
-3 -36 -162
5 60 -135
1 8 16
1 -20 37
36 288 76
-2 -12 -342
-2 36 -172
-1 16 -82
10 40 -40
25 150 -27
16 -32 -4
-10 -160 -150
-10 -120 -360
225 -270 -169
5 -30 -595
1 18 241
16 144 180
-2 -8 760
-5 70 755
100 -800 620
-4 -56 -340
16 -80 68
225 -720 551
3 48 -192
-8 160 -840
-6 12 -198
1 12 196
9 -36 -612
4 72 356
-5 30 -20
4 16 -24
4 -16 -992
-7 70 -175
4 48 -56
-10 0 -80
9 180 738
9 30 7
400 -1000 625
16 112 96
10 100 610
36 -72 -36
-3 -36 -843
1 -16 96
256 -768 144
2 -16 -130
36 -72 36
-1 16 436
9 -90 252
-4 0 320
6 48 54
4 80 76
36 -288 512
8 7 0
16 224 588
8 96 288
9 0 -432
7 140 735
3 -48 138
100 600 324
4 -8 -28
36 -216 24
64 512 984
1 -12 -92
9 24 -200
25 -100 2
9 180 655
10 0 -750
-4 -72 -340
-4 -40 44
5 -10 505
-9 72 -369
-3 -54 -318
4 28 -651
10 180 90
-7 -98 -343
-5 70 -335
5 100 300
144 672 757
-3 -48 -192
400 200 -695
64 384 540
64 320 288
16 128 -724
256 -768 -720
-2 8 64
1 -18 206
-2 5 1
-2 -40 448
16 -128 216
-2 8 92
9 18 297
1 -16 -44
-3 42 177
4 -32 -908
-2 -28 -242
1 18 61
4 -56 644
16 -192 -64
-7 112 -448
-2 -40 696
3 0 -162
1 6 -99
4 64 -256
2 32 160
9 162 279
-8 80 16
-2 20 -14
-8 -48 -120
2 -36 -622
5 100 500
4 -16 -284
2 -36 -350
-6 -36 -54
-2 -32 682
-7 140 -840
4 16 -128
-6 60 -366
9 90 153
16 -224 766
-1 -16 -104
9 126 441
144 -768 880
144 -576 512
-8 -160 -152
9 162 729
36 -324 -807
-2 -36 30
9 144 486
2 -7 -5
5 90 -220
-2 8 -8
4 24 18
1 -10 -175
16 -96 -248
5 -40 -240
7 126 651
36 180 -475
3 -60 60
16 -128 244
-9 36 -522
3 -5 -9
-10 -20 -10
6 -60 -90
-1 -6 153
36 -288 432
3 4 4
4 64 254
-6 24 192
7 -140 700
5 100 -235
-6 120 -600
16 64 -384
400 320 -536
2 24 -320
9 -108 292
400 480 -256
-6 72 384
-2 -36 -162
-10 -100 650
-5 100 -50
144 672 748
4 -8 -36
9 72 -432
100 0 -200
16 144 -656
2 24 720
9 126 341
7 -126 553
3 12 387
3 24 -246
10 160 670
9 162 722
25 -200 400
-6 96 -546
3 60 600
36 -120 -908
-3 -18 405
64 -192 -720
25 150 201
-4 -72 0
-8 -144 -648
36 -144 -180
-8 -48 504
10 -180 720
36 -324 329
100 -120 -114
625 250 -975
-2 -8 -26
4 -72 324
2 3 6
-6 -72 -702
-10 -40 -40
10 -160 560
-9 -10 -7
-5 30 765
6 84 312
256 768 480
4 80 250
-4 -48 -116
-4 16 48
-6 -84 192
1 8 -425
-7 84 -203
-6 -36 -534
-4 -16 -88
10 140 490
-10 160 -570
4 -40 -292
-3 -30 -75
-1 0 320
16 -72 -943
1 4 -482
1 -6 -801
225 -180 -114
2 -40 72
1 8 16
144 -960 700
81 270 -585
9 -162 729
8 -144 520
9 -54 513
-3 -6 -543
3 42 120
1 -14 21
7 -70 224
36 -288 -72
16 128 -344
6 0 36
-6 -12 -222
10 -200 1000
-7 56 -308
100 360 -176
2 32 130
36 144 -18
7 -28 -196
-6 -12 282
-3 0 -900
81 -216 -297
4 24 324
-7 6 1
-3 -18 27
225 150 25
4 -36 -135
8 0 288
16 192 552
-2 -4 -162
2 28 -588
-5 -20 -20
9 18 72
6 60 54
225 -150 -947
-10 -2 9
6 96 384
2 0 12
1 -6 -71
-2 -16 -16
-9 90 -225
9 -90 468
64 384 448
1 -6 352
7 -56 336
8 64 -656
81 -540 900
5 10 -155
-2 -7 1
8 160 -352
-3 -24 -12
4 0 512
10 -20 330
-2 -8 -8
-8 144 -872
25 200 -248
100 -300 161
6 48 96
1 12 -12
9 36 -214
-3 18 -18
4 -8 516
3 12 87
144 144 -604
8 112 904
-3 -30 954
81 -162 -207
-9 3 7
-3 30 954
-8 112 760
-6 84 -174
-8 -112 -328
25 -80 -436
1 6 16
8 -128 584
-4 -16 848
-3 -12 474
25 -60 36
-10 100 110
1 -18 81
5 10 -5
-2 28 -170
5 30 45
8 32 32
1 2 3
-1 -16 0
16 48 -864
5 -50 -235
7 -8 0
-1 -8 -61
-3 -42 153
-1 16 188
144 -432 68
-3 -42 -282
4 -40 100
16 96 16
-6 -60 -300
9 -36 -307
1 10 -75
-3 -12 -612
5 80 635
-4 -7 -9
6 36 702
-5 90 -160
-3 0 -300
6 48 96
2 -4 10
8 -144 848
8 -64 848
64 -128 -576
2 4 -124
-1 2 10
-2 36 810
9 -36 468
-3 -54 -216
9 -144 574
-8 -6 5
5 80 320
2 -36 612
81 540 -720
25 20 -596
-6 120 -744
16 256 877
6 120 216
9 144 -324
-5 -40 240
2 4 642
16 96 -432
3 -60 444
7 98 847
-8 -48 288
1 10 -7
1 0 -324
8 48 -792
4 0 -8
1 -12 -62
6 -120 984
-8 4 -7
1 18 -79
225 360 -456
-6 12 -330
144 0 -48
4 16 -474
-9 72 -720
-1 8 -4
144 0 0
-8 96 -288
256 512 128
2 -8 224
25 -50 -175
16 -64 55
81 -54 -45
-9 144 396
36 -252 441
-1 4 -324
9 0 36
9 -162 -999
144 -576 496
-6 84 858
-1 16 17
10 200 -1000
8 -112 968
5 10 -635
36 -168 -128
-2 -24 -62
-3 0 -900
4 -16 16
5 -80 -220
-5 0 -80
5 -40 705
4 -80 200
-8 -128 888
225 -900 600
-4 5 5
25 -50 -475
-8 -160 -816
1 18 -213
2 20 50
1 -10 0
-1 -18 -225
5 -30 45
-1 14 463
1 1 6
-4 -24 -756
-4 -72 -324
-5 -90 -405
81 324 -801
9 -30 25
9 -6 -53
16 16 -12
-6 60 900
-2 -40 -250
-8 128 384
-6 96 -390
225 -150 -38
3 -24 96
16 32 -164
-5 10 -985
1 8 16
-4 -24 -468
10 -100 -830
-2 24 -32
-5 20 -395
-3 24 240
1 -20 -400
-10 200 0
-3 6 -378
36 -144 36
6 84 240
-10 200 440
9 -144 126
-3 -48 -273
-2 36 -946
36 -108 61
-7 56 224
-3 42 -99
2 40 308
8 112 992
25 70 -251
-8 -64 448
10 120 120
10 -100 570
3 36 -267
-1 -20 -96
4 0 500
7 84 280
-8 112 -344
-8 -48 -72
1 -8 -632
-6 -84 -294
4 24 33
7 -112 322
16 -96 140
4 -64 256
-2 28 550
-1 20 -748
9 162 229
-10 -60 -30
8 48 296
1 -18 77
2 24 -728
-4 32 -28
16 -160 184
225 -90 -441
9 48 64
4 32 64
7 56 -336
144 720 468
6 108 486
225 -450 -63
1 18 -94
144 -504 441
-2 -28 -260
9 -36 -18
-5 80 -320
6 120 -48
4 8 304
-4 -40 96
100 500 577
4 -72 228
4 -24 -4
16 -112 -56
-6 4 3
7 -28 -350
100 300 153
-1 6 991
-6 -12 -174
6 -108 426
-4 -8 996
36 288 0
8 48 -24
36 -36 -63
6 72 -264
400 -320 -436
6 48 -282
36 168 -776
-1 -14 -121
-5 -20 -20
64 320 -248
-1 -12 -41
-1 -18 -441
9 -4 -4
4 72 243
4 8 -296
225 -360 144
10 -200 750
4 -64 832
-2 4 54
10 -200 980
-1 -20 -25
-1 6 -5
3 -48 492
10 -9 -7
-2 32 -146
144 -288 48
16 40 -167
-1 -14 111
6 108 -186
1 18 45
9 -180 972
2 24 504
4 0 -700
-5 -80 -800
-4 16 -16
4 32 64
2 -32 -256
8 -32 32
5 -3 10
7 -14 -49
6 -72 192
9 18 -63
-2 28 -42
2 -20 26
4 -28 -15
-3 24 -45
1 -6 9
-10 80 -160
4 -24 -28
3 -48 -672
16 -80 -668
1 2 1
64 256 128
-5 -20 60
-5 60 695
4 0 -252
144 96 -272
3 -18 -57
-2 36 -34
8 -48 -88
36 120 -44
3 -36 -186
64 320 -400
25 200 -5
-6 -3 0
-3 6 -99
64 -288 -972
3 36 -492
-6 84 84
36 96 -836
-3 -12 870
16 -160 400
1 -18 32
144 -360 -207
9 126 621
-1 -14 -161
7 98 280
-8 10 -5
8 16 -40
-5 -30 135
7 -126 567
-7 -98 -168
9 90 -495
-4 -40 -100
64 0 -12
1 10 -75
64 288 -876
-7 10 -5
4 80 -112
-4 -8 9
9 -18 819
2 40 182
10 -180 910
2 -36 750
6 0 48
-3 36 -27
-3 -60 -624
8 -112 992
9 -36 180
36 360 756
-5 20 225
6 -12 6
144 -360 -95
-3 -48 -273
100 400 350
36 288 288
6 -36 108
1 16 307
8 -7 -5
-6 -10 -5
-5 0 250
4 0 972
4 -32 -512
64 -96 36
-5 -30 -405
4 8 52
-3 -24 -21
4 -8 260
-3 -54 -843
9 72 -432
25 -350 825
16 -224 721
9 -180 864
1 4 116
64 384 360
4 32 208
10 140 440
-3 0 0
-3 -18 -135
5 8 5
6 -120 0
3 -60 462
5 -50 285
4 80 400
-4 40 -260
1 -2 -47
625 -750 -450
-1 -8 304
-7 56 -112
-4 32 -84
-3 36 228
3 -48 84
-1 -14 -17
5 30 -405
100 -320 56
-1 10 -345
7 98 343
8 -64 776
1 -18 -219
7 112 273
36 -36 -423
-6 12 -48
-3 -36 480
81 162 -324
-8 64 0
-8 -112 -392
16 128 156
-3 0 -6
16 -96 36
-8 80 -232
-1 -14 -37
-8 -96 -288
5 -30 795
2 -4 -126
16 -64 61
9 180 900
-5 -40 -530
9 -36 -13
-8 0 864
4 -40 600
-7 -98 105
-5 -40 -80
4 -80 372
-2 16 -522
2 0 0
-5 50 190
-9 -126 45
7 -84 -882
-10 160 360
4 -48 208
9 90 63
1 12 36
-4 16 -216
16 112 -56
3 -48 576
-9 -144 -900
6 -12 -954
-4 -56 776
6 84 294
4 -40 1000
100 -160 -61
-10 -140 -490
7 -56 -455
-2 12 -704
-8 112 -200
8 128 480
-1 16 -73
10 -60 -890
-3 6 -99
4 16 -484
-7 -42 -49
3 18 702
1 -10 -135
1 -10 268
1 -14 89
6 84 -294
5 -80 0
2 20 -832
1 -10 601
6 60 600
144 -384 175
-2 9 0
36 48 -2
-10 0 -400
-1 8 -16
-8 -16 640
4 28 -527
9 162 -423
-4 -56 -216
36 180 65
8 112 336
64 576 0
1 -6 -691
144 -768 142
5 -90 855
-2 12 144
225 630 291
-10 200 -920
8 96 -512
1 -16 -230
10 -120 -360
8 0 0
36 -108 -703
16 64 48
-9 108 -774
2 -32 116
2 32 256
7 -98 -35
-5 -30 -25
2 -32 160
-5 0 120
3 60 315
1 -12 26
1 2 -80
2 -40 350
-2 0 294
4 -24 -348
-6 2 7
144 672 55
-2 -32 -78
2 -2 -4
6 -24 -576
-1 14 -209
16 -48 -36
36 144 -248
81 -540 0
100 -300 -275
-3 48 -192
4 -72 336
16 48 -76
1 -14 49
400 -1000 -943
-4 -32 -64
4 -8 -46
-6 60 930
1 -14 392
1 -18 486
-8 128 -496
-9 -36 -36
1 -6 -691
-8 -80 -328
2 16 -4
25 -250 607
-8 80 664
2 -8 -678
6 -12 78
2 -12 378
6 -4 1
64 160 -476
2 -20 50
16 192 216
-2 32 -160
3 6 3
2 -8 -632
-5 -70 -745
2 40 -934
4 -80 -300
-2 24 900
9 180 828
100 600 612
9 36 -144
10 20 10
400 -480 -856
16 -224 640
25 -250 445
-2 -8 -224
-1 20 -51
7 14 532
400 800 -850
400 -1000 497
4 24 -264
-3 -36 -990
5 -60 305
-6 -48 -846
-3 -12 -12
1 0 648
1 -20 228
64 -448 748
-5 30 -295
64 -288 -252
10 180 450
-6 -24 -24
1 18 31
6 12 -186
-3 -60 -291
36 180 117
16 128 -752
-2 28 -530
8 64 160
6 84 318
-3 -24 -237
2 24 558
144 -576 -288
-5 -10 10
6 36 54
-6 108 -516
-2 -20 -626
5 -10 0
-8 5 3
2 -4 130
3 48 432
100 600 -396
-7 -112 -259
-6 60 750
4 72 324
36 72 -288
3 3 -6
6 7 6
-6 48 -144
-8 -6 -2
100 -240 -756
-5 -40 -440
-4 -24 -216
8 -64 128
64 -512 44
-3 -36 480
9 54 -351
-2 -28 -738
-1 14 -49
6 -24 24
1 4 166
-9 -126 135
1 -10 106
-3 -54 -270
7 -28 -420
6 96 504
16 -144 292
-2 -36 -234
-4 -64 -640
2 -20 194
16 80 -224
9 42 -383
64 -448 496
-1 -10 -79
-1 0 12
-5 0 -625
-3 48 -42
36 -192 -320
-2 -12 -12
-1 18 486
-3 12 63
16 144 276
1 4 -156
4 24 -356
9 -180 900
-5 -40 820
1 18 81
64 -256 -344
4 56 708
16 -64 40
64 -96 -28
1 -8 -8
1 4 7
6 12 6
16 -48 -732
16 144 196
16 -256 1000
-8 -48 -456
-10 0 450
-4 -72 -180
-9 108 -612
1 20 51
5 20 20
100 160 -936
4 16 -240
-2 20 -122
-1 -12 -198
400 0 -576
36 72 -284
64 128 -524
-3 -30 -663
-9 36 396
1 -20 443
16 -224 688
-1 12 60
9 42 49
9 -180 819
16 224 217
-5 -10 635
7 28 -287
3 -54 768
4 8 -124
225 0 -250
-4 64 -288
-8 -4 3
-2 -8 -16
-5 0 -6
-4 8 -76
-1 -12 64
5 90 -235
25 20 4
-2 -24 738
4 -16 -176
-9 36 -684
-1 -2 0
81 324 108
1 10 -47
9 -144 -144
7 70 175
-7 -98 -721
5 -20 -20
-7 0 0
9 -54 81
64 -128 64
-9 -144 -252
7 -56 126
-10 -40 960
-2 -16 -56
10 -200 920
-6 -48 -126
4 24 -612
10 -60 180
64 512 992
8 -160 -768
8 -128 -640
-6 7 -2
225 900 -558
-1 -4 -14
8 -32 32
4 -24 360
-9 90 927
-4 7 -6
100 400 200
81 162 -639
5 -20 80
36 120 -350
10 0 400
16 64 -161
6 0 36
-3 -30 -267
25 -150 224
-1 14 -13
7 -28 -532
-1 4 36
-8 144 -640
144 -648 -71
1 -20 -400
-10 -80 -960
8 -64 128
-4 56 -180
9 36 -604
2 12 -482
3 -54 81
25 -100 -8
-4 -64 -580
-9 144 -396
-2 -36 -412
400 640 -644
-7 -98 -399
4 24 -364
5 80 680
400 -800 400
7 14 -161
2 32 -852
4 -16 -164
1 -16 66
9 54 -94
4 -48 134
36 108 -279
-2 -24 222
-1 -16 -32
4 8 4
1 2 -149
8 -80 200
81 -540 -450
-4 72 -180
-3 -12 -93
4 -28 -95
10 -160 580
5 -40 530
5 60 165
64 288 180
1 8 -6
4 8 -248
7 -70 399
-4 -56 -196
-6 2 -3
1 4 40
144 -768 -128
64 -192 72
-2 -2 -4
-2 0 400
-1 6 391
7 84 287
9 -36 -189
7 70 203
-6 108 -546
-3 -18 -627
6 36 540
225 -450 225
16 -128 -392
-1 -20 -4
7 56 -84
6 -84 -678
7 -70 175
25 50 -103
1 2 97
-7 112 -378
-4 2 -1
2 32 74
64 -576 120
-7 -140 -924
-3 60 36
1 -2 -224
-6 -72 -816
1 10 -150
-5 10 -275
-9 72 -720
-8 -128 488
4 0 980
10 0 810
25 50 -675
3 -24 0
2 28 26
400 -640 231
-8 48 -40
2 24 328
3 -36 876
25 60 -364
10 20 90
400 1000 49
-3 6 57
16 64 -736
-3 -42 -63
-9 162 594
9 48 -8
7 -9 -2
81 432 576
25 -50 -23
-2 -4 46
2 32 128
-3 36 432
-6 -120 -150
2 -28 114
-1 -4 4
2 -40 392
1 -2 64
2 36 -324
-9 -90 63
1 -20 -500
-7 -42 -763
9 -180 972
144 -768 214
4 8 580
25 -200 80
9 36 324
1 -12 -18
-7 56 -175
-3 -48 192
36 -72 -216
36 -120 19
1 14 -101
3 -24 -114
-4 80 464
4 -24 -476
-7 42 287
-2 4 -98
36 216 -252
-1 -7 8
9 72 -99
1 -8 -134
-1 -16 -46
1 4 -380
-2 -40 -250
36 0 -784
7 14 35
1 6 -11
3 24 45
36 -168 106
9 162 680
5 -20 -605
8 0 -160
225 -900 657
-1 0 36
1 -2 -97
7 -98 -553
4 72 -36
9 -18 -243
-2 -10 -3
-1 18 15
-1 18 -108
3 -30 267
4 0 -16
-8 -144 -648
4 72 836
2 16 416
-2 16 -40
-10 -40 -840
6 -24 24
36 72 12
3 42 72
-5 80 -960
8 -160 440
9 -24 -848
2 40 -124
-7 126 -567
1 12 360
-1 4 -32
4 0 -3
10 -180 810
-3 12 -12
64 -640 304
7 -14 -434
4 -8 -725
9 180 -828
16 -256 700
-5 -20 -80
64 320 -624
1 -4 -140
100 400 76
4 20 -675
1 -2 -599
8 -16 -568
5 70 490
6 48 150
2 24 72
16 160 380
1 -14 -275
64 -288 180
4 24 36
100 400 -200
64 32 -508
-1 20 -154
-6 -84 -78
7 7 8
-2 0 -8
16 -40 -23
-1 6 439
-9 -72 -864
-1 8 -9
1 -4 -246
16 64 16
5 100 625
-3 6 438
-4 48 -104
-8 64 -152
8 96 288
10 -80 190
100 -400 325
36 -288 -864
2 -20 540
7 14 77
1 -2 1
7 -10 -6
1 4 -4
6 -108 432
-1 0 405
400 640 106
8 -128 -208
5 -60 -135
4 -72 348
5 70 245
-3 6 -297
-10 160 -640
-1 16 -64
144 96 -2
2 -36 -342
-10 -60 -90
-5 70 -325
64 32 -636
36 216 -188
-1 10 -25
2 36 180
64 -576 904
225 630 -809
36 -144 -144
144 -288 144
3 -12 972
-1 -2 -1
36 -192 -104
36 -216 260
9 -180 500
-2 4 348
1 -6 -138
-5 50 -125
36 -216 288
2 -4 18
4 64 148
256 -896 -512
144 -480 400
-1 -18 -81
16 160 292
-10 -40 320
6 48 96
25 100 60
-2 -12 -242
9 60 82
4 24 -108
8 144 648
4 32 60
4 -32 64
7 14 -434
3 -30 -45
2 16 28
-9 18 27
16 -8 -143
3 -12 12
256 768 -576
-10 20 -10
-3 60 -204
7 56 287
-4 -32 -64
9 162 554
-4 16 -592
-6 24 354
4 -12 -23
9 0 -144
4 -80 976
100 -40 -171
64 -224 -380
81 324 0
1 -12 90
-3 18 498
25 40 -384
9 -180 892
2 36 554
-1 0 -49
144 -480 -500
64 96 -108
-4 72 -324
-4 1 -10
6 84 -84
8 -160 816
625 -500 -700
4 -64 112
1 -4 229
-8 -112 -392
7 -28 -112
-4 40 -548
1 20 36
4 40 244
225 -450 -495
8 -16 8
1 4 -41
4 0 144
-3 36 108
36 -24 -23
25 150 -275
25 -150 -175
36 -216 -476
1 -14 -143
-10 -160 -640
8 -32 32
81 -54 -477
-1 8 48
2 8 58
8 32 72
25 50 16
-3 42 303
-7 -112 -385
-4 8 -20
-2 16 292
4 24 484
16 -32 -384
3 42 183
400 -600 -175
16 48 36
16 -56 -31
2 20 42
-2 8 -656
-6 4 -2
9 144 522
-7 -28 -91
4 64 -554
-1 12 476
-10 160 -370
144 576 252
5 -100 -235
4 -32 -800
1 10 -575
-8 -96 -288
3 0 0
9 -72 144
-7 -98 -511
4 -40 -872
-3 7 -6
-4 8 -4
10 140 410
-9 -126 -81
-5 -80 -370
9 36 -108
-1 10 -172
-3 2 8
2 -16 -472
64 -640 592
-3 4 -10
5 -70 245
-1 -2 -21
-1 6 -81
4 64 60
1 -12 136
-1 12 -36
-3 42 -372
16 -144 324
-6 36 -108
16 160 -776
5 10 0
4 16 -159
1 6 11
10 -180 0
9 108 276
-3 18 741
4 -72 324
2 -28 98
8 -16 8
10 -120 440
6 -72 216
-4 56 124
-3 36 162
-2 -36 -546
7 28 728
3 24 -276
-7 -84 -252
-6 12 0
-2 -32 -128
4 -24 -476
6 12 966
-4 16 560
5 0 180
-4 64 -256
-8 112 120
-6 -24 624
4 72 -108
16 -224 539
-4 -64 -184
-3 36 -129
16 -96 -99
144 288 -112
5 -3 -2
36 0 -324
81 540 -558
16 0 -196
-10 120 -760
625 1000 -600
16 24 -503
-6 48 -288
2 -36 450
-3 12 -60
36 -96 -80
-2 28 -110
3 24 -288
-2 -7 -4
144 288 -880
36 144 -656
2 -16 -112
-2 -32 -30
9 144 -224
5 20 -160
-9 -108 -180
25 -300 880
9 0 -1
36 -288 216
-2 -6 8
100 40 -46
-3 5 7
81 -540 900
-2 8 -10
-2 -16 118
-2 12 -274
7 140 728
-10 0 -160
100 -400 -368
4 8 4
1 2 -399
-4 -16 -784
9 6 -575
7 -84 0
16 -32 -384
-1 14 -49
9 54 0
9 -162 738
256 512 112
10 -120 520
3 6 -189
-10 180 990
-2 -24 -840
1 -20 700
4 -16 40
64 160 -300
-7 70 -287
400 1000 513
25 -100 -44
2 20 46
16 -24 -567
-1 18 -78
3 -24 648
4 0 -36
36 144 132
25 350 925
-4 48 368
1 0 -160
36 144 120
-1 16 34
2 36 362
9 0 441
225 900 738
6 0 750
10 200 -600
225 900 414
-1 6 0
16 -128 232
-9 72 432
-1 20 -90
-5 40 -980
8 80 -56
1 -18 117
-2 -24 -90
16 0 -400
100 -100 -55
-8 128 -120
16 96 132
2 -4 162
-2 20 -70
-6 -4 8
-3 -18 261
-7 42 161
-2 8 56
225 150 -119
10 160 520
6 24 24
3 -60 840
3 12 -60
-4 80 -328
25 -150 -95
5 -1 10
-3 0 441
-2 36 972
-4 8 -804
8 -144 72
2 24 268
-1 -4 94
16 -256 975
8 32 48
25 -300 655
-5 -30 0
256 -896 -240
144 -576 -288
-7 -14 77
-7 112 -504
-5 -40 -80
9 -126 343
-5 100 310
-1 18 -81
225 -90 -16
16 -32 -240
-9 -18 -297
3 -24 -552
2 -4 650
1 -16 469
16 160 40
-1 -14 -49
-7 -56 -427
225 -360 -756
10 -120 -450
1 18 -243
-2 8 120
10 160 390
-5 -70 -495
3 36 102
-1 -20 0
-7 112 -308
3 54 513
-1 -16 -145
-7 -28 -714
-7 -70 -623
-10 140 -250
7 -98 343
16 -96 96
6 7 4
144 -192 -296
-1 2 -344
4 -16 -884
-3 -36 -258
16 64 0
7 56 112
1 -18 33
6 -72 192
144 576 540
-3 60 582
-9 -4 7
-10 -160 -680
4 56 -56
2 -36 156
-2 4 -2
-9 -108 972
25 250 625
-5 20 385
-2 -4 498
-6 120 -114
-1 -8 112
9 18 9
1 -4 -36
-2 8 -58
-6 0 324
8 -144 568
16 -96 132
2 -12 530
-1 -16 -214
5 100 -715
16 96 63
-10 80 -800
6 -48 96
9 -30 -551
4 72 484
1 2 82
-10 -20 -50
25 -250 58
3 30 84
16 -40 -231
-10 140 -490
8 9 10
100 280 196
-10 -20 80
4 -40 676
4 -40 -44
9 54 -927
-5 -60 -720
36 72 -540
-8 0 512
10 -140 850
1 -8 196
1 -2 -447
-8 16 -232
-4 80 32
225 900 100
4 -4 -799
25 -200 272
-2 16 -432
-2 32 384
1 -18 117
-8 -160 -800
-5 10 0
1 -16 793
-8 -16 -8
6 84 336
4 16 -159
-10 -160 -400
-2 -8 478
25 250 619
1 -12 -54
16 -128 112
8 160 -640
-8 -16 -48
9 -108 387
10 140 220
-4 -16 704
3 -6 -372
-8 32 736
6 60 -138
-4 32 -64
1 -4 -356
64 576 976
1 12 -64
2 16 48
1 6 309
-9 126 -450
-1 -4 -44
5 -8 9
-5 80 -960
-10 40 -30
144 720 452
-1 -6 -171
16 -144 252
-8 -128 -496
4 -48 -432
4 8 328
-1 12 27
-5 70 -220
9 180 576
-6 -72 -216
144 -96 16
-2 0 250
6 96 -666
-5 -10 55
4 -48 -180
36 -120 -548
-2 40 88
225 -150 -695
-7 -14 -7
-2 -8 392
400 320 39
3 30 -825
1 8 -284
1 0 10
-5 -80 -160
-6 84 138
3 -60 330
-5 0 -135
-2 12 -274
6 108 -564
4 -32 60
-4 64 -400
-4 -4 -3
6 96 492
1 -20 300
1 0 -216
6 -24 84
16 128 -392
-4 -80 -376
16 160 364
8 -32 104
5 20 45
2 -16 -96
-1 -20 -100
1 6 576
4 24 24
2 -24 80
4 16 -284
7 140 140
-9 7 -9
1 -16 46
3 -36 408
144 768 538
-9 0 432
144 144 -124
16 -16 -124
-3 -54 -255
16 24 -55
1 -12 279
2 8 296
64 448 -196
-2 -8 -8
4 -24 -252
7 84 777
-6 120 576
10 -60 10
-6 -60 -156
1 -16 -128
256 768 -992
16 48 -92
16 0 -10
36 252 153
100 600 896
36 72 8
-2 -16 -38
-2 16 184
81 -378 225
2 32 768
-10 80 240
-4 7 -8
-3 54 0
-2 36 -162
2 -32 256
-8 -112 -392
25 50 -38
2 36 162
10 120 630
81 -540 864
-3 -42 -243
10 120 40
9 -90 161
64 -256 192
16 -72 -367
-3 0 270
9 72 144
256 -640 -752
1 12 36
9 180 868
-7 -140 -700
-6 -48 -96
1 2 -647
-2 0 -400
3 10 -5
5 10 5
100 -120 -589
-1 -12 -45
6 -60 -12
8 -9 0
4 -80 350
4 16 -308
-7 -112 -532
10 -120 -640
2 -4 2
6 120 600
400 -480 -56
-2 -3 3
1 -20 50
-10 60 10
4 9 -3
7 -42 175
6 96 -588
-2 4 -146
-6 36 -936
-7 -126 -567
-1 -10 487
-1 3 -6
-4 0 -108
-1 -14 -81
-6 120 -792
-4 80 -976
-3 30 87
-4 64 -192
100 -1000 708
-10 100 -250
-7 -14 0
2 -4 98
-7 -84 -693
9 24 -92
-7 -112 -448
1 -14 -59
36 360 576
-3 36 135
4 -80 400
16 -64 -181
-7 -8 2
-1 14 51
-2 40 -40
36 -168 16
16 -40 -359
1 -14 -51
-7 56 -119
-10 -4 2
-6 -36 -216
3 48 -132
10 100 -390
64 320 -112
16 -160 240
3 60 900
225 -360 -256
25 -150 150
9 -144 432
1 -6 9
-1 6 27
3 -6 195
144 504 -423
64 256 -104
-1 -12 -292
9 -180 675
7 -126 539
400 640 -419
-6 84 -942
256 -768 -192
9 -24 -956
1 -2 -489
-6 0 -216
25 -250 544
-3 30 -375
5 -70 205
7 112 0
5 -10 725
-10 60 -10
5 10 5
-1 -8 376
-4 -56 452
144 -648 649
7 -140 658
3 -3 -2
144 864 810
16 -64 52
36 216 292
2 8 8
36 -252 377
-4 -2 9
4 -32 0
-5 -90 85
64 -96 -108
9 -72 144
-4 -56 -484
7 112 -952
-4 32 128
64 512 224
-8 -112 -264
25 20 -71
-9 -108 -324
16 128 -136
64 -256 0
100 200 -12
1 10 32
8 -32 632
3 -6 3
-2 16 24
-5 40 100
10 10 5
1 18 981
16 -144 -316
2 -12 -2
225 -900 171
-6 -84 756
-4 -72 -348
-6 72 -216
-4 -56 -100
-3 5 3
4 56 996
400 600 225
-2 -32 520
-2 -36 38
-7 -42 721
9 -30 -407
3 42 -441
-4 -24 748
1 18 0
3 30 -117
256 896 272
9 162 756
225 -720 -999
16 32 -229
-7 -84 91
-6 -4 2
225 180 36
-3 42 -51
-10 -140 -810
2 -20 122
1 4 -239
-8 128 -416
-4 -16 416
16 -48 20
-4 -32 -52
4 -56 160
9 -90 711
4 0 -250
16 96 80
9 -126 333
64 -64 -164
4 -20 9
16 -64 64
16 -160 364
5 90 905
-6 108 -870
7 112 672
-9 90 495
1 12 -28
7 56 -224
9 90 -31
4 -72 524
5 90 -75
2 24 54
7 -14 637
144 -648 -999
-5 30 -65
-9 72 -288
-3 -10 -10
4 32 -436
-9 -90 -387
64 -512 772
100 0 -512
25 60 -264
-9 180 -900
8 -112 680
1 8 -227
7 -28 -980
2 -4 -6
1 -14 49
-3 -36 -156
-1 0 -200
1 -16 -8
5 -100 450
2 -40 152
-7 98 -847
-8 144 -648
100 -600 708
2 -12 -276
4 -72 388
-3 18 -27
9 -126 297
1 4 -508
-5 -60 -305
-8 48 -648
-7 126 -791
-2 0 216
2 40 176
16 -64 52
4 28 -207
144 -72 -55
16 48 -988
-10 -180 -870
4 -56 124
4 -64 112
4 24 -44
6 24 24
4 -80 328
81 540 18
-6 24 -18
-9 -126 -369
4 -24 -60
25 30 -141
1 -14 24
16 -48 36
-5 40 -325
4 80 76
1 -18 567
-1 -4 -53
9 6 -242
-6 -48 -42
3 -36 108
1 -10 -275
-7 1 4
-5 -80 -320
2 20 54
36 -144 -432
25 200 200
-5 -10 -325
9 126 343
3 36 -108
-5 90 -405
81 162 54
-10 140 150
2 -16 -32
-2 28 2
4 -32 316
-3 -6 -903
8 128 384
-2 1 -10
10 -60 140
5 -90 400
2 -24 -8
-9 0 252
-3 12 -12
-10 -180 0
-2 36 288
625 500 -200
7 14 259
-3 -60 300
4 8 -572
-7 42 945
-7 -28 -28
64 512 976
2 -8 328
1 4 -140
-7 -42 -119
1 -16 384
-4 -56 -168
10 100 280
-4 72 -468
-7 -8 10
4 24 -64
16 -96 72
3 -6 3
7 6 -1
16 -32 -560
7 -140 448
-7 70 -203
-1 -8 134
-3 48 294
-6 9 -6
-8 112 632
9 72 -306
144 -144 -396
-4 -64 -320
-5 -70 -225
3 -30 87
9 36 -45
7 -56 553
-2 36 -162
225 -900 -900
10 180 -150
-8 48 -120
1 -2 1
2 24 -222
1 2 1
-6 -10 2
3 -30 87
-1 0 -288
25 -200 373
-2 -32 34
-1 -2 124
1 12 -207
4 6 6
-8 -48 696
-2 -12 -116
16 16 -572
-7 -14 105
1 -12 45
6 84 -306
5 20 -160
64 -576 -972
1 -20 2
-10 20 620
144 -288 -108
144 -288 108
4 -32 -64
6 0 108
3 -60 303
-10 200 -910
2 32 416
1 -4 -196
5 30 -830
25 10 1
5 -100 820
6 -24 -216
81 324 162
36 -252 -359
3 -8 -3
16 -160 -384
1 -12 29
-2 -16 128
256 256 -64
36 -108 17
-1 18 -72
3 24 264
1 8 16
-1 14 -549
-5 -10 265
7 56 679
25 50 -56
7 -14 70
7 70 175
3 2 2
8 -32 248
16 -128 -512
-5 10 -410
100 -120 -64
4 64 184
-3 -18 -243
4 -32 -96
10 -160 640
-2 24 738
25 20 4
-2 28 -294
4 -24 -564
4 6 3
-7 0 -700
4 0 -49
7 112 105
-7 -42 -315
3 48 624
-9 144 -288
25 300 804
2 -4 -126
-2 -20 142
1 4 -60
-8 5 9
-7 -112 -378
-7 42 441
2 -28 98
-7 -84 -252
-7 28 28
4 -8 -212
36 -192 94
-2 -28 926
36 288 504
36 0 -180
9 30 -56
16 -16 -296
2 -36 198
6 -84 -6
7 56 133
-1 -16 -208
-2 -8 280
-6 -36 -6
-1 -18 -473
4 -40 -188
-4 -64 320
3 -54 243
-1 18 -49
16 -64 -80
6 -96 384
8 32 232
-10 -200 -920
-9 162 -486
4 48 -356
-3 -60 -312
-7 -84 420
-3 18 198
10 -40 80
100 240 -31
-10 -80 -70
-7 84 -112
225 450 25
36 36 -3
-2 36 -202
2 -28 -798
4 48 -176
1 2 -63
2 -32 -128
9 -18 9
6 12 582
2 -32 218
4 24 36
-4 56 -260
100 -500 481
25 250 433
2 -36 162
5 70 245
