1000 3
5 4 5 6 7 8
5 9 10 11 12 13
5 14 15 16 17 18
5 19 20 21 22 23
5 24 25 26 27 28
5 29 30 31 32 33
5 34 35 36 37 38
5 39 40 41 42 43
5 44 45 46 47 48
5 49 50 51 52 53
5 54 55 56 57 58
5 59 60 61 62 63
5 64 65 66 67 68
5 69 70 71 72 73
5 74 75 76 77 78
5 79 80 81 82 83
5 84 85 86 87 88
5 89 90 91 92 93
4 94 95 96 97
5 98 99 100 101 250
5 102 103 104 105 409
5 106 107 108 109 836
5 110 111 112 113 725
5 114 115 116 117 316
5 118 119 120 121 682
5 122 123 124 125 331
5 126 127 128 129 411
5 130 131 132 133 407
5 134 135 136 137 675
5 138 139 140 141 611
5 142 143 144 145 447
5 146 147 148 149 614
5 150 151 152 153 539
5 154 155 156 157 541
5 158 159 160 161 487
5 162 163 164 165 650
5 166 167 168 169 929
5 170 171 172 173 434
5 174 175 176 177 580
5 178 179 180 181 450
5 182 183 184 185 559
5 186 187 188 189 753
5 190 191 192 193 360
5 194 195 196 197 810
4 198 199 200 201
5 202 203 204 205 108
5 206 207 208 209 240
5 210 211 212 213 308
5 214 215 216 217 776
5 218 219 220 221 126
5 222 223 224 225 522
5 226 227 228 229 825
5 230 231 232 233 762
5 234 235 236 237 209
5 238 239 240 241 661
5 242 243 244 245 372
5 246 247 248 249 279
5 250 251 252 253 968
5 254 255 256 257 740
5 258 259 260 261 913
5 262 263 264 265 814
5 266 267 268 269 666
5 270 271 272 273 97
5 274 275 276 277 297
5 278 279 280 281 541
5 282 283 284 285 564
5 286 287 288 289 428
5 290 291 292 293 386
5 294 295 296 297 337
5 298 299 300 301 116
5 302 303 304 305 178
5 306 307 308 309 929
5 310 311 312 313 164
5 314 315 316 317 120
5 318 319 320 321 278
5 322 323 324 325 134
5 326 327 328 329 412
4 330 331 332 333
2 334 519
2 375 272
2 968 810
2 104 726
3 347 647 623
0
3 519 457 672
3 601 131 670
4 823 978 598 190
3 755 952 133
3 281 703 116
0
2 442 682
1 491
3 336 835 309
3 335 336 740
4 337 338 798 908
4 339 340 828 835
5 341 342 485 659 352
3 343 344 920
5 345 346 642 905 861
2 347 348
5 349 350 801 661 944
5 351 352 638 965 863
3 353 354 662
4 355 356 423 819
5 357 358 655 828 641
3 359 360 389
2 361 362
4 363 364 856 740
5 365 366 679 756 692
5 367 368 468 951 373
3 369 370 427
3 371 372 764
5 373 374 863 474 830
5 375 376 583 670 584
4 377 378 590 542
5 379 380 693 499 384
2 381 382
5 383 384 636 624 929
4 385 386 530 374
5 387 388 544 924 768
5 389 390 893 636 579
5 391 392 389 820 365
3 393 394 787
2 395 396
3 397 398 561
4 399 400 480 702
3 401 402 768
5 403 404 362 369 703
5 405 406 611 678 471
5 407 408 786 675 841
3 409 410 954
2 411 412
5 413 414 738 789 651
4 415 416 944 950
3 417 418 412
4 419 420 626 710
2 421 422
3 423 424 994
5 425 426 650 395 766
4 427 428 1000 866
3 429 430 378
5 431 432 966 1000 954
4 433 434 606 791
2 435 436
4 437 438 760 417
4 439 440 798 820
4 441 442 486 384
2 443 444
4 445 446 413 939
4 447 448 367 822
4 449 450 595 454
3 451 452 480
5 453 454 684 788 464
3 455 456 380
5 457 458 907 571 352
4 459 460 467 634
2 461 462
5 463 464 761 564 698
3 465 466 600
3 467 468 378
4 469 470 714 431
5 471 472 572 642 843
2 473 474
4 475 476 996 763
3 477 478 446
3 479 480 859
3 481 482 553
4 483 484 941 970
4 485 486 742 733
5 487 488 992 484 388
5 489 490 343 593 933
3 491 492 817
4 493 494 808 962
3 495 496 784
5 497 498 438 469 655
4 499 500 736 853
5 501 502 356 376 565
4 503 504 466 486
4 505 506 780 600
3 507 508 993
5 509 510 651 478 915
4 511 512 623 545
2 513 514
3 515 516 872
5 517 518 522 973 498
4 519 520 373 665
3 521 522 931
4 523 524 756 625
4 525 526 859 638
4 527 528 373 630
4 529 530 610 877
5 531 532 639 775 356
5 533 534 756 662 869
4 535 536 506 722
4 537 538 394 751
5 539 540 573 439 452
3 541 542 772
3 543 544 658
3 545 546 363
5 547 548 386 758 857
2 549 550
4 551 552 924 691
3 553 554 753
5 555 556 602 867 794
4 557 558 922 462
4 559 560 450 688
3 561 562 394
3 563 564 996
3 565 566 852
4 567 568 520 713
5 569 570 581 489 558
3 571 572 452
3 573 574 346
5 575 576 482 540 848
4 577 578 752 342
3 579 580 622
5 581 582 499 925 479
5 583 584 473 620 410
4 585 586 945 576
5 587 588 516 664 532
5 589 590 993 798 610
4 591 592 871 728
3 593 594 454
5 595 596 359 787 673
2 597 598
3 599 600 580
3 601 602 942
5 603 604 567 916 842
5 605 606 782 706 836
4 607 608 883 625
5 609 610 799 797 813
4 611 612 578 365
5 613 614 791 962 797
3 615 616 877
5 617 618 832 819 529
5 619 620 417 981 505
3 621 622 690
5 623 624 982 512 617
3 625 626 542
4 627 628 962 885
4 629 630 561 714
3 631 632 949
5 633 634 960 518 719
3 635 636 677
4 637 638 715 442
5 639 640 354 832 373
2 641 642
3 643 644 592
4 645 646 480 865
2 647 648
5 649 650 561 603 529
4 651 652 668 530
4 653 654 454 785
2 655 656
5 657 658 774 890 741
4 659 660 951 510
5 661 662 606 453 684
5 663 664 673 461 490
3 665 666 523
2 963 591
3 402 915 956
3 666 676 646
5 429 794 509 1000 874
1 908
4 435 972 375 440
1 904
1 806
3 508 517 717
3 780 755 732
3 724 566 861
3 714 987 957
1 482
1 733
0
0
1 998
1 571
1 806
2 845 757
0
3 411 509 705
0
1 756
5 804 483 453 516 432
2 335 778
1 392
2 457 952
5 901 406 496 569 542
2 962 697
2 991 569
1 678
2 368 521
2 823 898
2 832 388
3 773 687 824
2 677 435
4 928 933 638 858
4 721 716 567 965
2 740 550
4 570 923 795 410
3 600 410 638
4 865 411 382 755
2 604 702
1 533
2 940 769
5 628 362 436 541 524
1 691
2 929 996
2 442 497
1 771
4 888 610 492 508
0
2 579 895
0
1 399
1 483
1 644
2 659 680
1 842
2 852 771
1 497
3 565 380 571
2 964 889
0
1 740
3 417 952 669
3 449 827 378
0
3 1000 631 727
1 375
4 962 847 497 545
2 756 670
2 729 969
4 706 855 824 675
1 667
1 668
1 669
3 670 767 884
2 671 888
2 672 739
2 673 873
2 674 899
3 675 904 699
1 676
3 677 958 878
1 678
3 679 873 829
1 680
2 681 991
1 682
4 683 704 739 962
1 684
2 685 892
1 686
1 687
1 688
1 689
3 690 909 932
5 691 847 844 743 668
3 692 798 672
1 693
3 694 900 705
3 695 991 822
1 696
4 697 807 757 668
1 698
3 699 733 984
1 700
3 701 893 693
2 702 900
2 703 799
1 704
3 705 756 920
3 706 722 673
1 707
3 708 900 892
3 709 989 759
2 710 954
2 711 807
1 712
1 713
2 714 716
2 715 853
2 716 712
2 717 920
2 718 926
3 719 904 978
3 720 688 847
1 721
2 722 845
2 723 883
2 724 811
2 725 978
1 726
2 727 932
1 728
2 729 918
2 730 718
2 731 900
3 732 742 934
1 733
3 734 983 767
2 735 988
3 736 906 913
1 737
3 738 999 675
2 739 864
1 740
4 741 700 865 727
3 742 762 809
1 743
2 744 737
1 705
2 688 689
0
1 698
0
1 964
2 843 902
0
0
0
0
0
0
1 852
1 754
0
0
2 854 755
2 753 833
1 961
4 978 862 967 696
0
1 757
0
1 835
0
0
1 933
0
1 887
3 755 891 869
1 700
1 691
1 672
2 673 761
1 969
2 673 741
3 864 905 996
0
0
0
1 916
1 821
0
1 954
1 999
1 866
1 880
1 946
1 719
1 964
1 768
2 734 816
2 980 841
2 871 797
1 689
0
3 698 780 822
1 838
1 702
1 785
0
0
2 995 820
1 885
3 966 716 960
1 808
1 678
1 805
1 867
0
1 991
1 821
2 914 678
0
4 887 719 981 729
0
2 935 938
1 832
2 833 757
0
2 824 955
0
2 692 731
3 745 884 844
0
0
0
1 952
0
0
0
1 986
0
2 976 826
0
1 966
1 708
2 952 829
3 789 776 742
2 964 897
1 820
0
0
0
0
1 729
2 785 912
2 762 676
3 750 689 694
3 813 870 811
1 903
0
1 890
3 786 801 903
0
0
1 729
1 875
2 805 755
0
0
1 702
1 871
1 780
1 985
1 997
0
1 876
0
0
0
1 919
2 875 758
1 839
1 783
0
0
0
1 804
1 741
2 722 731
0
0
2 781 723
0
0
0
0
0
2 978 920
2 921 984
2 673 773
2 793 953
0
1 821
4 989 751 783 815
2 880 837
0
2 717 667
0
0
0
2 803 828
2 857 891
0
1 705
3 803 849 899
0
2 951 959
2 767 970
0
2 807 953
2 700 937
2 840 776
0
2 731 892
2 922 879
0
3 998 820 861
0
0
0
0
0
0
1 684
0
1 845
2 815 687
0
2 781 722
1 991
0
0
0
1 934
1 804
1 815
3 673 821 843
1 806
1 669
2 978 995
1 809
0
2 690 710
2 811 980
2 765 725
0
2 746 715
1 761
0
1 815
2 763 764
0
1 798
3 973 715 946
2 852 892
1 973
2 810 775
2 749 689
3 946 821 902
1 674
0
1 798
1 990
2 993 951
1 953
1 746
1 902
1 687
0
1 789
1 895
1 903
0
0
2 978 816
2 913 807
0
0
0
1 760
1 925
1 995
0
0
1 935
1 954
1 820
0
4 935 985 784 877
1 922
0
5 745 746 755 822 989
3 747 748 928
2 749 750
3 751 752 831
2 753 754
3 755 756 979
2 757 758
3 759 760 932
2 761 762
4 763 764 760 983
5 765 766 907 934 868
3 767 768 897
3 769 770 870
2 771 772
3 773 774 896
4 775 776 909 786
3 777 778 782
2 779 780
3 781 782 928
3 783 784 883
2 785 786
3 787 788 800
2 789 790
2 791 792
2 793 794
3 795 796 948
2 797 798
2 799 800
3 801 802 790
2 803 804
4 805 806 931 970
2 807 808
2 809 810
4 811 812 945 757
2 813 814
3 815 816 837
2 817 818
5 819 820 947 983 990
3 821 822 971
3 823 824 818
2 825 826
2 827 828
2 829 830
3 831 832 886
2 833 834
2 835 836
2 837 838
2 839 840
4 841 842 881 889
5 843 844 928 862 788
4 845 846 947 807
2 847 848
3 849 850 962
2 851 852
3 853 854 821
4 855 856 780 935
2 857 858
3 859 860 891
3 861 862 778
2 863 864
3 865 866 990
2 867 820
0
1 806
1 922
2 943 807
1 960
1 785
1 822
0
2 999 995
0
0
0
0
2 774 876
0
0
2 868 935
2 869 902
2 870 983
1 871
1 872
1 873
1 874
1 875
1 876
2 877 982
1 878
1 879
2 880 951
1 881
1 882
1 883
2 884 994
1 885
1 886
1 887
1 888
2 889 880
2 890 935
2 891 876
1 892
1 893
1 894
1 895
1 896
1 897
1 898
2 899 924
1 900
3 901 935 918
1 902
1 903
2 904 971
2 905 968
1 906
1 907
1 908
2 909 974
1 910
1 911
1 912
1 913
1 914
1 915
1 916
2 917 915
2 918 883
2 919 960
1 920
1 921
1 922
1 923
1 924
1 925
1 926
1 927
1 928
1 929
1 930
1 931
2 932 891
3 933 948 962
1 934
1 935
2 936 970
3 937 879 902
1 938
1 939
2 940 881
2 941 873
1 942
1 943
1 944
2 945 899
1 946
1 947
2 948 996
1 949
1 950
1 951
1 952
1 953
1 954
2 955 885
1 956
1 957
4 958 869 980 979
1 959
3 960 881 912
1 961
2 962 941
2 963 875
2 964 979
1 965
1 966
2 967 887
2 968 921
0
0
1 982
1 868
2 997 889
0
0
0
0
1 874
0
0
0
0
0
0
1 874
0
0
0
0
1 891
1 969
1 970
1 971
1 972
1 973
2 974 989
2 975 969
1 976
1 977
1 978
1 979
1 980
1 981
1 982
1 983
1 984
1 985
1 986
1 987
1 988
1 989
0
0
0
0
0
0
0
0
0
0
0
0
0
0
0
0
0
0
0
0
0
0
0
0
0
0
0
0
0
0
1 984
0
0
0
0
0
0
0
0
0
0
0
0
0
0
0
0
0
0
1 975
0
0
0
0
0
0
0
0
0
0
0
0
0
0
0
0
0
0
0
0
0
1 1000
0
0
0
0
0
0
0
0
1 990
2 991 992
1 992
1 993
1 994
1 995
1 996
1 997
1 998
1 999
1 1000
0
0
0
0
1 997
0
0
0
0
0
0
0
0
0
0
0
0
0
0
0
0
