10
5 1 2
1 2
6 5 2
4 2
5 1
4 2
2 2
2 1
7 1 2
4 1
10 11 2
10 2
7 2
7 2
2 2
3 2
4 2
10 2
7 2
10 2
3 2
3 2
12 2 2
7 2
7 2
330 1 683
69 549
89793 1 22228
59585 13402
557584238 1 464289274
309302662 462600170
817800451 1 578482625
689892411 37963033
503 503 86
1 32
2 61
3 62
4 51
5 79
6 86
7 49
8 64
9 15
10 37
11 5
12 3
13 10
14 50
15 63
16 24
17 3
18 5
19 25
20 70
21 6
22 78
23 3
24 80
25 74
26 5
27 22
28 22
29 7
30 63
31 19
32 64
33 54
34 60
35 28
36 79
37 57
38 44
39 37
40 22
41 71
42 20
43 24
44 44
45 78
46 28
47 15
48 3
49 58
50 29
51 77
52 48
53 14
54 21
55 71
56 65
57 35
58 60
59 22
60 83
61 84
62 34
63 51
64 44
65 15
66 22
67 45
68 48
69 60
70 63
71 11
72 23
73 31
74 51
75 7
76 29
77 66
78 69
79 13
80 80
81 80
82 57
83 42
84 73
85 17
86 3
87 56
88 65
89 20
90 21
91 86
92 38
93 72
94 48
95 42
96 28
97 38
98 54
99 18
100 3
101 46
102 79
103 56
104 1
105 53
106 19
107 67
108 63
109 11
110 85
111 38
112 40
113 17
114 51
115 24
116 72
117 78
118 66
119 80
120 25
121 27
122 65
123 57
124 65
125 63
126 43
127 11
128 77
129 23
130 10
131 64
132 42
133 7
134 54
135 86
136 59
137 17
138 59
139 70
140 71
141 37
142 18
143 25
144 44
145 49
146 36
147 8
148 75
149 20
150 13
151 36
152 4
153 44
154 84
155 6
156 25
157 49
158 39
159 51
160 22
161 1
162 36
163 14
164 39
165 5
166 79
167 22
168 12
169 29
170 79
171 67
172 18
173 19
174 43
175 28
176 72
177 74
178 1
179 46
180 53
181 63
182 10
183 40
184 3
185 2
186 30
187 37
188 10
189 55
190 69
191 15
192 51
193 46
194 15
195 10
196 31
197 9
198 26
199 35
200 1
201 52
202 34
203 73
204 29
205 10
206 9
207 74
208 42
209 73
210 85
211 15
212 74
213 65
214 12
215 52
216 18
217 64
218 4
219 5
220 42
221 6
222 64
223 55
224 60
225 39
226 77
227 13
228 11
229 7
230 28
231 77
232 75
233 7
234 66
235 63
236 58
237 22
238 7
239 61
240 5
241 14
242 10
243 86
244 19
245 61
246 50
247 51
248 30
249 72
250 19
251 55
252 6
253 9
254 30
255 37
256 54
257 24
258 71
259 76
260 41
261 3
262 82
263 1
264 42
265 30
266 27
267 32
268 81
269 32
270 18
271 49
272 60
273 36
274 61
275 15
276 65
277 41
278 29
279 25
280 81
281 4
282 11
283 53
284 10
285 86
286 46
287 69
288 29
289 39
290 65
291 15
292 64
293 58
294 4
295 20
296 49
297 67
298 5
299 24
300 51
301 5
302 1
303 25
304 65
305 51
306 83
307 2
308 6
309 24
310 42
311 81
312 26
313 63
314 27
315 55
316 24
317 51
318 36
319 65
320 15
321 61
322 24
323 32
324 40
325 45
326 37
327 3
328 43
329 1
330 20
331 23
332 84
333 83
334 66
335 86
336 16
337 41
338 79
339 77
340 79
341 31
342 56
343 32
344 44
345 72
346 75
347 27
348 57
349 24
350 4
351 81
352 62
353 63
354 41
355 61
356 9
357 72
358 55
359 36
360 68
361 44
362 50
363 52
364 61
365 67
366 43
367 77
368 17
369 43
370 51
371 28
372 46
373 32
374 39
375 53
376 68
377 6
378 14
379 69
380 18
381 9
382 35
383 29
384 58
385 26
386 32
387 58
388 46
389 71
390 22
391 15
392 18
393 61
394 43
395 25
396 16
397 68
398 46
399 23
400 61
401 39
402 56
403 44
404 79
405 33
406 38
407 74
408 40
409 67
410 56
411 1
412 3
413 81
414 45
415 51
416 15
417 40
418 7
419 86
420 83
421 50
422 58
423 36
424 47
425 59
426 80
427 82
428 70
429 20
430 37
431 83
432 49
433 41
434 46
435 33
436 59
437 12
438 13
439 25
440 48
441 33
442 19
443 5
444 4
445 83
446 50
447 85
448 41
449 28
450 54
451 86
452 22
453 36
454 3
455 74
456 60
457 15
458 59
459 11
460 32
461 17
462 22
463 34
464 69
465 81
466 53
467 65
468 59
469 25
470 72
471 27
472 68
473 18
474 20
475 53
476 85
477 84
478 5
479 59
480 6
481 8
482 67
483 20
484 2
485 52
486 31
487 25
488 24
489 32
490 5
491 33
492 22
493 61
494 75
495 6
496 61
497 54
498 84
499 17
500 10
501 83
502 20
503 73
