5
1 997 383
1 987 2
.............................xx..............x.....x.x...x...x.x..x............x..x..............x...x.......x........x...xx.................x.x..x.........x.x..xx........................x.x......x..............x...................x....x....x....xxx...x....x......x...x........x....x......x.....xx............x....................................x.x............xx.................................x............x......x...x....x...........x.x....x...x...x.................x..x.................x....x...............x.......x...............x....................x...x...........................x........x...x.........................x..x................x........x..............x...........x..........x.....................x.......x........x..................................x.............x..xx..xx.............x.....x.....xx...x............x............xx..x..x..........x.............x...........................x............x..x.........x......................x.........x...................x....x....
1 996 668
1 766 3
.......x.x....x..........x.....x......x..........x............x.x...................x..x...................................x......x................x..............x..x....x..........................x.....x....................x....................................x.xx...........................x.....................x....xx.........xx......x...................x.....x....x........................x......x........x....x.......x........x.x..........x.............x......x........x.........x...........x..x.....x...x.......x.............x..................x......x..x........x.............................xxx..................................x.....................x........x...........x...........x........x..........x...x......x.......x.x.......................x...........x.........................x....xx............x........x....................................x.x.x...................x....x....x............................xx.......x.x....x...x.........xx..x......x..............x.....x........x.
1 997 1237
1 845 0
......x......x.x...xx...x.x.x.x....x....xx................................................................................................................................................................................................................................................................................................................................................................................................................................................................................................................................................................................................................................................................................................................................................................................................................................................................................................................................................................x......x....x.......x......
1 997 514
1 398 3
xx.x...........x....x.....x............x......xx...xxxxx............xx..............x.xxx...x..........xxx.......x.........x..x.x......x..x.....xx...x......x.x.........xx..xxx.....xx..x.x.x.......xx....x....x.......................x......xx...x.....xxxx........xx..xx.............x.......xx...x...x..x........x....x....x....x.x...x..xxx..x.xx....x...xx....x.x...x..xx..x...x....x.......x..x..x...x...............................................................................................................................................................................................................................................................................................................................................................................................................................................................................................................x...x..x.....x...x.....x....x..x......x.....x....x....x.x...xxxx..x.................x.x......x........xx.
1 997 218
1 6 2
x...............................................................................................................................................................................................................................................................................................................................................................................................................................................................................................................................................................................................................................................................................................................................x...x.x..x......x...........x.x...xx..x.............x....x.x.....x......x....x.....x..xx.....x....x..x..x..xxx.x.........x.x....x..x......x.x.x.xx.......x...x...............x..x...x...xx.x....x.xx...xx.x..x.....x...x....x.xx.x.x....x.x....x.......x.x......x........x.xxxxxxx.........x.....x.x.
