300 300
1458624 234569527 296010479 234569527 121412483 92620085 246345024 234569527 574229391 800165334 856960762 405872753 121412483 298520436 52839209 1458624 679986156 405872753 629318818 405872753 298520436 856960762 92620085 1458624 574229391 172426594 457674832 121412483 121412483 46472898 121412483 933223793 679986156 800165334 296010479 856960762 234569527 172426594 800165334 457674832 629318818 246345024 405872753 121412483 52839209 405872753 174169584 457674832 298520436 1458624 800165334 121412483 234569527 296010479 679986156 629318818 174169584 172426594 298520436 856960762 457674832 1458624 1458624 46472898 856960762 298520436 933223793 856960762 629318818 202374341 46472898 933223793 405872753 246345024 121412483 52839209 234569527 629318818 234569527 457674832 856960762 679986156 246345024 246345024 457674832 298520436 296010479 298520436 296010479 246345024 296010479 174169584 800165334 405872753 298520436 405872753 574229391 298520436 933223793 574229391 174169584 856960762 405872753 202374341 629318818 574229391 92620085 202374341 800165334 234569527 405872753 574229391 298520436 121412483 172426594 174169584 234569527 174169584 52839209 46472898 800165334 234569527 92620085 46472898 574229391 629318818 46472898 856960762 92620085 234569527 298520436 933223793 574229391 856960762 1458624 800165334 46472898 574229391 121412483 679986156 246345024 246345024 172426594 298520436 174169584 172426594 234569527 172426594 234569527 298520436 246345024 933223793 629318818 172426594 52839209 172426594 296010479 202374341 174169584 52839209 298520436 46472898 172426594 629318818 296010479 52839209 246345024 121412483 298520436 933223793 574229391 174169584 246345024 298520436 121412483 298520436 246345024 629318818 174169584 234569527 46472898 202374341 405872753 679986156 1458624 234569527 234569527 296010479 856960762 92620085 92620085 52839209 121412483 629318818 1458624 296010479 92620085 405872753 246345024 202374341 856960762 172426594 856960762 92620085 457674832 52839209 405872753 1458624 856960762 405872753 405872753 172426594 405872753 46472898 92620085 457674832 92620085 172426594 202374341 933223793 296010479 298520436 246345024 121412483 933223793 629318818 246345024 202374341 296010479 234569527 933223793 296010479 679986156 234569527 298520436 629318818 1458624 174169584 629318818 629318818 121412483 405872753 172426594 574229391 202374341 296010479 405872753 296010479 296010479 933223793 202374341 52839209 172426594 800165334 92620085 46472898 202374341 202374341 629318818 92620085 298520436 174169584 298520436 298520436 172426594 679986156 234569527 457674832 800165334 52839209 234569527 92620085 933223793 46472898 234569527 457674832 52839209 298520436 246345024 202374341 856960762 629318818 574229391 234569527 856960762 46472898 52839209 856960762 457674832 234569527 172426594 800165334 92620085 202374341 933223793 172426594 574229391 933223793 234569527 92620085
2 184
1 220 172426594
1 167 296010479
2 94
1 128 52839209
1 266 800165334
1 179 1458624
2 140
1 158 52839209
2 194
1 193 234569527
2 277
1 229 172426594
2 165
1 156 92620085
2 192
2 247
2 18
2 177
2 284
1 133 856960762
2 266
1 297 1458624
2 273
1 157 234569527
2 132
1 234 246345024
2 149
1 198 46472898
2 221
1 275 121412483
2 149
1 6 574229391
2 210
1 209 574229391
2 290
1 245 405872753
2 47
1 144 574229391
2 180
1 52 933223793
2 105
1 263 234569527
2 18
2 10
2 22
1 186 298520436
2 41
2 212
2 74
1 50 246345024
2 9
1 208 234569527
1 76 856960762
1 297 405872753
2 151
1 96 296010479
1 149 1458624
1 269 298520436
1 17 629318818
1 223 1458624
2 214
1 146 856960762
2 227
1 229 246345024
2 165
1 231 679986156
2 157
1 292 172426594
1 124 405872753
1 91 121412483
2 7
1 272 629318818
2 293
1 140 800165334
1 283 296010479
1 268 933223793
2 157
1 180 800165334
2 50
1 21 46472898
2 110
1 239 298520436
1 113 296010479
1 266 1458624
2 136
1 276 234569527
2 254
2 119
2 188
1 183 1458624
2 105
1 267 856960762
2 275
1 203 202374341
2 119
1 24 296010479
2 263
1 13 246345024
2 181
1 239 856960762
2 75
1 84 933223793
2 252
1 51 933223793
2 289
1 259 1458624
2 214
1 24 800165334
1 41 457674832
1 111 1458624
2 108
2 80
2 168
1 173 296010479
2 10
1 26 933223793
2 202
1 149 172426594
2 119
1 17 92620085
2 136
1 210 298520436
2 206
1 226 800165334
2 275
1 165 46472898
2 260
1 21 92620085
2 244
1 8 296010479
2 88
1 263 800165334
1 45 92620085
1 56 933223793
2 180
1 291 574229391
2 37
1 209 246345024
2 295
1 142 679986156
2 196
1 22 202374341
2 292
1 271 457674832
2 70
1 132 629318818
2 293
1 131 121412483
2 255
1 293 92620085
2 54
1 252 46472898
2 146
1 148 202374341
2 130
1 190 1458624
2 268
1 90 933223793
2 274
2 43
2 222
1 221 246345024
2 76
1 143 296010479
2 275
1 11 457674832
1 57 52839209
1 94 405872753
2 26
1 151 234569527
2 4
1 190 457674832
2 14
2 41
2 7
1 139 574229391
2 180
2 211
2 215
1 148 202374341
1 41 92620085
1 287 52839209
1 176 174169584
1 298 121412483
2 89
1 272 679986156
2 290
1 14 856960762
2 111
1 189 574229391
2 238
1 108 234569527
2 224
1 205 92620085
1 83 121412483
2 146
1 201 202374341
1 35 457674832
2 47
1 74 405872753
1 131 234569527
2 141
1 117 246345024
1 61 52839209
2 173
1 253 172426594
1 37 174169584
1 36 52839209
2 100
1 190 629318818
2 169
1 228 574229391
2 63
1 82 121412483
1 75 629318818
1 172 92620085
2 174
1 240 202374341
2 297
1 131 52839209
2 294
1 125 172426594
2 195
1 203 202374341
2 166
1 126 296010479
2 223
1 43 800165334
2 161
1 103 298520436
2 139
1 191 856960762
1 67 202374341
1 153 457674832
2 97
1 158 574229391
2 223
1 123 1458624
2 156
1 159 800165334
1 44 933223793
1 269 121412483
2 99
1 88 92620085
2 204
1 28 1458624
2 229
2 99
2 146
1 61 246345024
2 160
1 174 121412483
2 97
1 42 1458624
1 152 121412483
1 108 457674832
2 10
1 68 679986156
2 139
1 276 121412483
2 187
1 61 574229391
2 6
1 227 46472898
2 30
1 37 246345024
1 139 405872753
1 241 405872753
1 230 629318818
1 54 246345024
2 260
1 188 46472898
2 157
1 78 629318818
2 68
1 239 457674832
2 50
1 102 174169584
2 175
1 40 629318818
2 35
1 266 296010479
2 264
1 213 121412483
2 165
1 112 92620085
1 153 679986156
1 132 172426594
2 53
1 15 121412483
2 174
1 14 933223793
2 72
1 105 298520436
2 279
1 92 457674832
2 268
2 122
2 80
