616
1289
754
1077
1399
916
336
487
517
845
1462
443
31
1338
205
820
390
1093
1233
1076
579
58
1092
151
1365
627
722
396
708
1054
1478
289
32
78
1264
1161
606
870
1397
159
907
308
417
1260
1142
1396
1202
247
1351
209
22
1026
89
1166
892
1216
1499
1279
812
377
521
862
796
722
656
283
1097
69
1377
941
361
838
1053
823
4
1265
1377
1
678
708
203
1378
547
1431
801
1186
677
766
781
792
859
488
157
693
405
917
1484
1359
1042
940
926
758
1349
945
1325
402
567
1015
1231
1060
953
1442
706
149
381
27
616
1354
433
400
556
24
607
809
916
1023
1278
237
1218
862
61
1440
768
1205
998
373
312
371
1214
949
51
168
453
520
979
262
732
496
710
1363
968
1106
533
773
1398
1440
1035
474
1096
77
876
790
1327
92
765
1480
1055
1332
203
1228
77
892
656
729
1257
1452
1148
1282
139
270
882
1246
1041
649
1222
379
641
1459
1324
66
1072
1221
293
1500
433
92
1275
441
869
874
642
1239
1022
1119
978
1293
847
539
279
303
786
151
102
787
371
1319
1222
1083
257
124
461
906
910
862
771
246
952
906
1046
1016
1190
75
556
108
245
1392
964
971
1410
3
136
437
21
1359
605
1172
1391
1086
641
789
1235
984
1467
847
195
87
1383
1153
1084
1245
549
250
677
1328
879
856
1335
1165
790
1066
1232
1404
509
923
1312
1224
625
586
794
163
1379
1316
30
1180
598
659
558
201
1123
701
625
121
73
1162
1001
931
1003
453
1393
383
761
479
856
331
1470
1260
192
858
524
808
127
824
588
43
330
1180
1054
564
485
1140
456
959
1092
534
556
375
1008
1085
1313
781
646
1184
246
1172
323
1249
732
330
26
1062
653
221
1376
1113
245
781
640
320
402
902
1201
834
1336
370
1141
67
546
1337
762
1494
667
40
405
541
68
692
324
1437
1418
958
657
1127
541
513
325
657
902
1306
1402
1374
240
263
876
173
507
694
1269
106
806
604
491
291
189
167
1156
305
624
503
668
836
544
1378
631
34
71
1240
1106
676
401
540
926
31
685
112
879
1287
687
568
942
843
247
846
376
532
110
693
106
172
768
1234
281
89
90
738
805
1290
93
657
974
1201
63
1378
953
279
1458
1266
873
351
1431
845
943
174
1014
407
181
1441
302
1291
807
564
661
311
1063
277
301
154
604
615
1375
1076
352
1480
80
1190
1130
1478
1398
1093
34
255
394
606
116
1300
510
890
312
1406
839
1091
577
1189
1417
977
940
373
937
623
402
1212
162
721
1294
975
316
59
673
844
43
1377
1128
1005
1344
1115
15
880
685
736
1291
1244
492
236
1274
96
514
613
50
696
947
266
1200
1258
1262
689
414
934
1413
1346
140
235
316
451
965
1019
132
721
319
1303
23
1322
151
1432
1328
643
141
215
941
397
1169
566
233
973
390
818
219
1369
1460
1002
244
879
468
331
980
678
607
1265
825
1258
947
852
1278
1338
77
167
1147
1474
763
755
980
1118
662
1160
1254
214
452
788
331
1308
321
534
516
652
929
718
1226
1452
1166
755
834
942
1267
217
977
849
841
233
1259
589
842
54
474
324
620
284
1238
1124
633
502
1408
807
941
97
382
233
510
116
347
568
757
150
594
1081
491
953
691
537
312
853
1463
195
1062
996
478
1221
1235
615
1495
759
108
1347
1495
536
177
279
1000
1185
622
1043
1407
370
357
1281
906
1227
874
1260
45
583
64
297
1407
827
1383
1265
507
730
1436
105
1250
863
773
1021
1089
501
385
1358
605
962
1311
1112
998
198
641
1434
987
1483
482
861
1174
464
754
1047
1224
1311
110
583
670
1316
942
614
849
550
740
686
1173
146
1443
793
916
1368
566
975
776
1132
635
1194
378
155
307
1066
1401
860
201
954
1382
1231
1388
155
769
77
6
905
220
404
463
