256
199
257
246
39
162
35
211
195
150
137
268
298
292
128
168
130
207
139
93
130
240
193
259
272
236
83
141
222
145
23
149
159
123
136
53
123
136
119
265
268
30
163
240
72
31
131
22
62
38
218
25
104
215
68
255
80
31
261
38
72
57
232
177
260
117
299
163
89
103
58
56
156
276
126
297
29
194
185
270
74
283
117
169
209
136
262
199
54
158
136
5
100
72
277
93
145
164
224
182
4
182
208
121
10
40
11
183
228
224
11
53
293
57
153
293
277
39
221
254
227
136
218
18
64
135
249
145
78
209
188
24
130
77
291
158
298
133
213
