11 10
500 8
396 1
337 3
342 6
74 10
473 15
353 17
61 20
397 21
155 23
134 24
34 30
173 34
147 38
223 41
376 42
11 44
499 11
431 47
260 49
484 51
415 54
184 55
31 56
35 58
487 62
400 66
488 68
383 71
290 72
84 73
99 74
242 77
489 83
76 84
95 85
311 88
75 89
417 91
245 92
453 96
59 100
404 102
451 104
374 105
8 107
4 108
214 4
365 110
120 113
495 115
232 116
292 117
325 123
289 124
443 125
19 126
259 127
64 128
147 129
495 132
33 134
59 136
492 138
324 139
31 142
7 31
146 144
111 145
277 111
256 148
19 149
40 150
119 40
217 154
301 155
254 157
311 158
244 160
33 163
174 164
103 167
275 103
221 168
384 170
424 171
290 182
383 183
334 186
379 193
350 204
492 206
358 208
428 209
376 210
70 213
340 215
166 218
488 220
358 226
198 227
249 228
263 230
454 233
255 234
488 235
121 236
120 237
241 239
408 241
483 243
70 244
75 70
334 245
82 246
28 82
75 28
309 251
14 256
253 14
252 253
482 252
444 258
410 259
81 263
153 81
37 153
161 37
101 161
395 265
273 274
387 275
485 276
86 277
440 278
283 279
229 281
187 229
372 285
473 291
355 292
165 295
146 296
287 297
254 287
32 254
176 303
260 176
401 305
50 307
289 50
456 289
46 308
441 310
173 313
409 173
383 315
159 316
61 159
97 319
200 97
121 200
141 121
482 322
359 323
261 325
185 261
52 326
358 52
211 327
423 211
479 328
493 329
248 332
59 248
114 333
33 114
90 336
370 337
165 339
242 165
381 242
32 342
432 343
394 345
366 347
282 349
309 282
232 309
119 232
112 119
411 112
203 350
120 357
8 358
205 8
344 205
152 360
65 152
391 65
99 361
225 99
137 225
94 137
270 362
172 270
36 365
306 366
36 306
214 36
359 214
67 359
231 367
470 231
466 370
109 371
7 109
348 372
397 348
207 373
169 207
363 169
355 376
269 355
32 269
356 32
422 378
490 379
352 381
489 352
9 382
255 383
434 255
447 384
390 385
238 388
426 390
489 393
156 395
192 397
353 192
338 400
95 401
195 95
335 402
267 403
351 267
212 351
190 212
483 190
468 404
374 405
197 374
249 406
69 249
221 69
290 221
273 290
12 409
340 12
268 410
175 411
247 412
273 247
437 413
39 414
495 417
35 418
449 419
143 420
224 143
166 422
250 166
437 250
118 423
7 118
46 424
430 46
179 427
284 428
312 284
499 432
430 434
106 430
131 435
264 436
202 438
219 439
426 219
480 426
465 441
188 443
442 188
195 442
317 445
311 447
431 311
320 431
331 320
202 331
340 448
415 340
446 415
474 446
346 449
216 452
453 216
450 453
480 454
294 455
90 294
189 90
130 189
201 130
456 201
87 457
262 87
60 262
474 60
389 458
482 459
16 460
133 462
377 463
240 377
39 464
146 39
67 146
293 67
106 293
178 106
314 178
425 465
408 425
196 408
187 196
317 187
437 317
22 437
353 467
398 468
391 469
421 391
16 421
407 16
456 470
48 471
78 48
375 78
450 472
45 474
101 45
224 101
13 224
473 475
59 473
394 59
185 394
175 185
312 175
433 312
98 433
440 98
375 440
191 375
122 191
389 122
86 389
444 86
450 444
172 450
489 172
363 476
334 477
35 479
300 35
64 300
120 64
392 120
298 392
80 298
273 80
184 273
2 184
335 480
280 481
199 482
338 199
302 338
13 302
238 13
94 238
217 94
147 217
321 147
486 321
19 483
202 19
330 202
26 330
61 26
346 61
368 346
203 368
271 203
198 485
260 486
257 487
363 257
18 363
283 18
75 283
76 75
301 76
198 488
416 198
396 416
288 396
461 489
490 461
222 490
341 222
93 341
354 93
353 354
497 353
314 491
22 314
174 22
387 174
53 387
179 53
266 179
162 492
223 162
466 223
407 466
271 493
141 271
151 494
334 151
264 334
194 264
29 194
195 29
398 195
156 398
140 156
344 140
301 344
286 495
380 286
197 380
79 197
63 79
7 496
131 7
484 131
478 484
43 478
25 43
288 497
456 288
301 456
299 301
260 299
386 260
399 386
429 399
141 429
356 141
266 356
180 266
364 180
407 364
25 407
177 25
369 177
240 369
133 240
268 133
135 268
63 135
63 498
335 63
318 335
324 318
33 324
9 33
181 9
5 181
57 5
27 57
280 27
451 280
272 451
2 272
2 499
304 2
304 500
265 210 420 78 490 462 328 431
500 8
462 2
173 3
132 9
423 10
430 11
150 14
66 18
255 23
282 24
148 26
102 28
457 29
84 31
284 33
162 35
290 38
56 40
207 44
368 46
441 58
267 63
101 64
290 65
30 67
448 30
347 69
108 74
34 75
314 76
361 79
105 80
384 81
481 85
432 86
475 90
464 91
145 98
485 101
147 103
102 108
96 102
184 96
394 109
439 110
192 111
378 113
494 117
253 119
256 122
20 123
437 20
290 128
494 129
226 131
1 135
161 139
71 140
321 71
39 143
256 145
175 152
169 157
496 160
303 166
153 167
403 153
311 168
396 173
56 175
228 178
469 179
305 180
268 181
396 182
19 184
93 19
66 93
432 185
68 188
483 191
452 193
208 199
192 200
45 201
274 45
226 206
106 207
491 106
332 209
486 212
243 213
406 217
125 219
92 221
328 224
469 228
310 231
229 232
432 233
227 234
417 237
246 238
432 241
298 243
114 244
439 114
274 245
190 247
477 252
60 253
306 60
288 257
230 260
256 261
316 262
348 265
335 266
94 267
32 268
88 32
94 270
246 271
48 272
330 48
345 274
170 276
226 277
378 226
220 278
62 220
283 281
165 282
218 284
15 218
353 285
15 287
360 15
409 288
189 289
150 189
57 290
100 57
470 295
273 296
264 273
47 264
137 297
254 137
410 298
248 303
379 248
124 304
165 124
334 305
246 306
462 307
158 308
204 158
148 309
50 148
431 311
22 313
250 22
451 315
406 316
51 320
62 51
155 322
16 155
70 16
194 327
142 328
422 329
195 330
299 331
345 299
92 332
437 92
115 333
292 115
198 292
474 336
407 337
164 339
133 340
393 341
146 342
5 344
172 350
52 354
312 357
362 312
492 358
482 359
59 361
484 59
198 362
126 363
174 126
343 174
141 343
42 141
73 366
393 368
97 369
414 371
246 372
8 374
478 8
34 375
283 34
352 376
171 377
347 380
105 385
235 386
279 235
379 279
127 379
172 387
467 172
300 389
421 390
197 391
194 197
121 194
421 121
104 394
496 104
317 395
402 398
97 400
227 97
470 227
208 405
367 406
349 367
479 407
373 408
399 373
424 399
499 409
471 411
72 413
229 72
132 414
196 415
426 416
118 418
208 118
25 422
370 25
12 370
364 423
239 364
107 426
381 107
223 381
165 223
156 428
382 431
323 382
147 323
27 147
159 27
249 433
465 249
192 434
258 435
300 258
170 300
393 170
464 393
202 438
429 439
263 429
240 263
144 440
136 144
47 136
42 47
161 42
484 161
210 443
133 210
54 444
211 54
132 446
242 447
493 242
461 449
7 451
347 7
481 347
458 452
269 454
176 269
251 176
259 251
89 259
133 89
1 133
472 1
41 456
441 457
149 441
489 149
146 459
5 146
171 461
222 171
464 462
240 463
420 240
321 420
127 321
236 127
88 236
159 88
421 465
455 421
13 468
383 13
17 383
112 469
353 112
50 353
205 50
142 205
397 142
222 397
392 222
120 392
412 120
348 412
130 470
84 130
68 84
105 68
455 471
95 455
425 473
436 425
404 436
246 474
12 246
255 12
402 476
445 402
77 445
453 77
388 453
150 388
365 150
355 365
230 477
494 230
437 479
132 437
165 480
73 165
53 73
310 481
291 482
17 483
427 17
424 484
177 485
151 177
349 151
419 349
216 419
94 216
6 486
36 6
43 36
450 43
62 450
154 62
169 154
286 169
229 286
41 229
208 41
95 208
432 95
427 432
318 427
490 318
464 487
466 464
187 466
190 187
21 190
56 21
378 56
132 378
396 488
186 396
348 186
132 348
334 132
326 334
472 326
283 472
475 283
442 475
138 442
163 138
156 163
478 156
39 490
345 39
5 345
317 5
66 491
280 66
195 492
37 195
94 37
83 94
346 83
254 493
478 254
55 494
401 495
55 401
203 55
183 203
202 183
317 202
294 317
338 294
302 338
162 302
256 162
125 256
319 125
404 319
335 404
198 497
204 198
280 204
4 280
225 498
87 225
355 87
239 355
99 239
448 99
100 448
325 100
478 325
384 478
215 384
335 215
430 335
255 430
291 255
352 291
360 352
70 360
250 70
211 250
78 211
49 78
356 49
214 356
192 214
134 192
52 134
164 52
489 164
4 489
410 4
116 410
458 116
293 458
346 293
324 346
467 324
61 467
196 61
275 196
301 275
105 301
105 499
424 105
403 424
53 403
417 53
496 417
314 496
82 314
351 82
159 351
310 159
460 310
460 500
234 181 194 496 73 226 112 61
500 8
370 12
156 15
417 24
428 28
4 30
213 31
54 36
104 37
139 43
429 46
373 50
296 51
346 53
432 54
500 56
462 62
106 65
194 68
369 71
74 72
435 74
140 79
241 80
190 88
274 92
90 94
395 98
180 99
269 101
146 105
278 106
235 107
487 108
264 109
166 111
434 113
132 119
89 124
400 89
295 128
430 133
413 135
93 136
353 93
307 137
496 138
364 142
423 143
424 144
488 147
141 148
11 149
55 11
33 55
126 150
420 126
474 151
52 155
97 157
317 162
114 167
285 114
184 168
311 169
78 172
121 175
453 176
263 177
153 178
476 179
199 187
117 189
363 117
104 193
131 194
230 131
160 198
164 201
8 202
411 8
379 203
154 205
174 154
300 174
345 206
122 214
32 215
134 216
156 217
412 156
462 218
309 227
120 234
402 235
32 239
159 32
225 159
368 240
388 241
295 244
363 253
326 256
64 259
103 260
417 103
374 261
374 262
258 263
363 266
211 271
322 273
315 274
40 275
83 40
16 276
332 16
268 277
238 268
315 278
140 284
494 140
348 285
355 286
209 289
295 209
455 290
76 292
490 293
246 294
435 295
9 297
302 9
451 298
116 301
454 116
472 303
340 307
491 308
66 309
257 310
379 257
453 311
129 312
306 129
33 313
127 314
327 315
387 317
280 319
245 280
296 245
52 321
382 52
495 322
229 323
324 325
200 330
115 332
466 115
121 333
356 121
248 335
26 342
437 343
424 346
49 353
61 354
444 61
85 355
96 358
443 96
288 360
84 288
75 84
166 75
411 166
44 361
63 44
87 63
33 87
81 362
487 363
457 366
488 369
219 370
58 372
381 373
70 374
226 70
426 376
213 377
134 379
440 134
22 381
454 22
291 382
406 291
225 383
237 225
407 385
230 387
368 388
41 389
10 41
446 10
100 391
247 100
33 393
48 33
441 48
197 394
35 395
296 396
13 296
272 398
223 272
90 223
207 90
478 399
199 400
357 403
125 357
433 125
491 404
161 406
410 161
170 407
328 170
77 328
224 77
211 409
494 211
85 411
27 85
25 27
339 25
6 339
368 6
18 413
213 18
13 213
139 414
344 139
340 344
112 340
66 418
200 420
69 200
45 421
480 45
493 422
264 424
441 264
378 426
415 378
171 428
299 171
258 299
164 258
429 430
230 429
326 230
417 326
76 417
78 431
2 78
182 2
3 182
251 432
231 251
350 433
269 434
440 269
153 437
356 438
232 439
481 445
66 446
238 66
419 238
226 447
76 448
20 76
228 449
467 450
347 452
141 347
110 141
82 110
436 82
306 436
20 306
487 20
188 453
490 188
73 454
247 73
443 247
408 455
327 408
337 327
118 337
120 118
316 456
468 316
13 457
14 458
59 14
184 59
29 184
489 459
83 460
384 83
219 384
153 461
279 153
249 279
199 249
165 199
397 463
190 397
191 190
163 191
427 163
386 427
197 386
415 464
237 415
466 237
440 466
127 440
349 127
480 349
476 467
34 468
462 469
173 462
97 173
465 470
318 471
60 473
220 60
412 220
423 474
224 423
442 224
367 442
401 367
441 401
371 441
350 371
287 350
64 287
300 475
196 477
38 478
331 38
146 331
221 146
69 221
210 69
336 210
212 336
123 212
497 123
329 479
58 480
195 58
451 481
120 451
281 482
39 281
232 39
102 232
494 102
19 483
196 19
252 196
42 252
195 42
419 195
158 419
13 158
104 13
95 104
405 95
351 405
255 351
248 255
29 248
305 29
304 305
267 304
412 267
130 412
17 487
91 17
165 91
35 165
64 35
207 64
302 207
122 302
465 488
443 489
283 443
484 283
365 484
186 365
49 186
3 49
120 3
465 120
132 465
21 490
416 491
243 416
5 243
183 5
160 183
7 160
4 7
390 4
250 492
390 250
282 390
341 282
181 341
226 181
485 226
410 485
368 410
348 368
364 348
208 364
345 208
242 345
356 493
380 494
435 380
265 435
145 265
197 145
180 197
97 180
185 97
338 185
320 338
444 320
112 496
444 112
132 444
375 132
334 497
356 334
495 356
57 495
204 57
270 498
229 270
34 229
392 34
21 392
231 21
318 231
228 318
204 228
152 204
67 152
23 67
425 23
476 425
86 476
233 86
236 233
324 236
242 324
81 242
192 81
246 192
375 246
26 375
402 26
219 402
329 219
47 329
164 47
352 164
254 499
222 254
359 222
352 359
300 352
486 300
122 486
130 122
1 130
472 1
472 500
72 269 33 361 356 195 207 35
500 8
314 1
156 4
290 7
370 8
388 10
173 15
150 17
295 19
98 20
114 21
137 24
343 26
485 33
115 37
448 39
440 40
263 45
360 46
232 50
262 52
151 53
38 54
100 38
94 59
73 60
29 61
388 63
144 65
332 66
487 67
307 70
121 72
423 74
423 76
78 79
218 78
147 80
51 81
415 51
391 82
99 83
3 84
295 3
240 85
146 86
279 89
491 90
160 91
405 94
389 96
311 99
225 100
163 101
165 105
271 110
362 114
47 116
107 118
164 119
461 125
337 132
16 133
41 137
221 141
469 143
150 144
159 146
441 148
331 150
359 151
220 154
254 156
117 158
330 160
121 168
93 169
216 93
266 170
32 173
499 32
408 175
117 178
383 179
456 182
267 184
411 187
359 188
493 192
422 194
108 198
318 199
13 201
104 13
461 104
41 202
376 41
321 203
451 206
482 208
491 211
260 216
223 217
255 221
121 227
485 228
57 229
345 57
205 232
256 205
29 236
394 237
2 239
284 240
297 241
44 242
58 247
145 58
408 249
12 251
283 253
18 256
44 257
36 44
349 258
152 262
77 264
121 265
474 266
477 270
233 272
2 279
396 281
186 284
30 186
167 285
323 286
402 287
75 289
102 291
124 102
356 124
323 293
462 294
319 295
129 296
263 297
427 300
495 302
340 307
417 310
75 311
416 312
476 313
56 315
88 56
64 320
445 64
477 321
127 323
427 127
259 324
161 325
435 161
361 327
346 330
260 331
136 260
440 334
88 337
224 88
213 224
471 213
446 338
220 339
22 220
500 22
164 342
153 164
426 343
267 346
200 347
129 200
163 351
181 163
23 353
18 23
345 355
290 345
288 356
420 357
455 363
399 364
494 365
456 366
397 368
5 369
138 5
466 371
303 372
484 303
328 375
352 328
248 352
181 377
97 181
488 97
136 383
172 385
259 172
14 259
31 14
190 31
277 190
212 387
136 391
389 396
219 389
465 219
271 397
167 271
335 167
422 398
223 400
147 223
395 401
155 402
333 405
464 406
381 408
47 381
458 409
248 411
420 248
136 414
317 136
314 317
62 314
308 62
95 416
16 417
48 16
399 48
130 418
209 419
316 209
386 421
442 386
268 423
140 268
18 426
115 18
404 115
280 404
499 280
341 429
230 341
444 430
305 431
454 305
234 432
424 434
47 435
111 47
171 437
234 171
275 234
451 275
466 439
415 440
335 415
388 335
278 388
183 441
255 442
301 443
103 301
180 103
36 180
410 36
255 444
135 255
2 135
204 446
112 447
159 112
459 159
12 448
109 12
147 450
395 147
380 395
344 380
436 451
218 455
134 456
481 134
145 457
361 458
207 459
193 207
166 193
269 460
197 463
360 197
250 360
410 250
222 464
269 222
25 269
29 25
43 29
488 43
399 465
306 399
126 306
263 126
454 466
231 454
452 231
462 452
403 467
243 403
195 243
153 195
274 468
344 274
9 344
326 469
438 470
30 471
476 30
276 472
482 473
130 474
292 475
358 476
55 358
140 55
336 477
373 336
288 373
433 288
361 480
145 361
392 145
393 392
165 481
117 165
155 117
282 155
73 282
75 73
245 75
71 245
128 71
445 128
113 445
378 113
298 378
183 298
68 183
367 68
9 367
214 9
252 214
254 252
196 482
238 196
277 238
109 277
427 109
485 483
123 484
316 123
376 316
42 376
6 42
35 6
329 35
11 329
453 11
436 453
412 487
107 489
308 107
34 308
290 34
121 490
210 121
491 492
412 491
422 493
131 422
111 131
185 494
139 185
350 495
370 350
449 370
2 449
424 2
166 424
420 496
412 420
140 497
267 140
49 267
77 49
290 77
273 290
235 273
276 235
384 276
157 384
304 157
98 304
191 98
153 191
261 153
95 261
27 95
359 27
499 359
394 498
283 394
410 283
433 410
28 433
138 28
177 138
292 177
436 292
233 436
278 233
393 278
318 393
162 318
461 162
111 461
412 111
246 412
382 246
166 382
212 166
129 212
438 129
425 438
309 425
189 309
106 189
225 106
69 225
254 69
87 254
92 87
204 92
332 204
120 332
379 120
108 379
319 108
488 319
244 488
407 244
139 499
333 139
340 333
428 340
462 428
354 462
122 354
322 122
485 322
326 485
263 326
479 263
374 479
130 374
152 130
174 152
215 174
407 215
299 407
390 299
226 390
230 226
210 230
149 210
427 149
142 427
478 142
218 478
362 218
413 362
349 413
176 349
486 176
348 486
348 500
29 229 468 451 499 143 165 445
500 8
22 3
419 4
230 10
312 13
315 18
93 20
267 21
264 25
161 27
22 29
2 31
14 32
252 35
312 37
173 39
428 47
434 58
40 60
78 61
497 62
285 64
301 70
129 72
103 75
183 76
257 77
294 80
86 83
348 88
319 89
396 90
240 98
255 99
222 101
175 103
207 106
49 107
212 49
291 108
82 116
293 120
212 122
442 123
68 126
158 68
233 127
454 128
111 129
401 130
156 134
217 136
223 137
184 138
174 139
312 143
281 154
487 157
40 159
132 40
480 132
115 162
245 115
304 164
287 168
390 171
148 174
464 176
121 178
9 121
243 9
96 181
303 185
450 187
45 190
259 192
22 194
450 22
449 195
8 196
431 201
320 203
324 205
233 206
144 207
296 208
227 210
327 212
118 213
145 118
458 145
231 216
325 217
299 219
43 220
16 43
254 221
274 223
249 226
175 230
94 175
353 231
469 232
46 233
476 236
433 238
113 240
57 243
135 57
267 135
340 244
492 246
177 247
197 251
227 197
418 253
241 257
245 241
387 245
259 260
66 261
100 66
488 262
224 263
366 265
177 268
283 269
422 274
416 275
304 278
318 279
19 280
490 284
324 285
91 294
441 295
28 296
188 297
56 298
125 56
363 125
97 300
418 97
256 303
327 256
271 305
293 306
369 307
193 310
160 193
78 312
321 78
81 314
153 81
1 316
302 322
266 323
148 266
59 324
405 59
361 326
302 329
417 302
229 335
2 336
491 2
12 339
153 12
211 340
153 341
483 153
237 342
482 343
133 344
48 345
418 346
79 347
166 79
250 349
189 250
112 350
84 112
28 352
376 28
36 354
422 36
357 358
65 357
421 65
432 359
379 361
458 363
42 364
170 42
432 170
431 369
473 370
499 371
348 372
499 348
441 375
87 377
189 378
419 379
249 382
270 383
360 270
225 360
480 384
51 385
431 51
242 389
183 242
457 183
166 390
209 166
54 391
393 394
293 393
54 293
19 395
406 19
437 396
191 398
417 191
435 400
467 401
479 403
215 405
289 407
91 409
330 91
179 410
155 411
82 155
434 82
319 412
84 413
496 84
1 414
271 1
272 417
67 272
165 67
289 165
199 289
299 418
14 299
319 419
105 319
48 105
140 421
301 140
468 301
331 423
434 331
264 424
374 264
8 374
388 8
368 388
308 368
141 426
54 141
351 54
463 351
402 427
95 402
224 430
215 224
356 215
495 356
26 431
327 26
462 327
188 433
30 188
15 434
447 15
313 435
16 436
438 16
94 437
399 94
202 399
460 438
472 439
259 440
487 442
273 444
441 447
202 441
429 202
328 429
11 328
24 11
180 448
149 180
282 149
92 282
133 450
24 451
34 24
406 455
443 406
380 443
117 380
93 456
330 93
96 330
338 457
173 338
95 173
309 95
7 309
355 7
114 355
462 458
304 461
148 304
308 462
186 463
85 186
182 85
313 182
386 313
320 386
470 320
119 464
45 465
373 45
163 373
332 467
466 332
152 466
422 468
33 422
273 33
366 273
96 366
234 96
446 234
169 446
291 169
86 291
453 86
311 469
225 311
325 225
408 325
119 470
471 119
109 471
308 109
481 308
235 472
104 235
485 104
276 473
6 276
237 475
177 476
227 177
255 227
63 477
485 63
281 478
415 281
113 415
52 113
267 52
55 267
408 55
290 408
111 290
277 111
252 479
142 252
283 142
151 283
92 151
48 480
34 481
387 483
237 387
44 237
499 44
425 484
482 425
117 485
404 117
92 486
163 92
167 163
100 167
161 487
318 161
229 318
189 229
333 189
452 333
492 452
148 488
156 148
214 156
30 214
124 30
249 124
38 249
416 38
222 416
87 222
53 87
321 489
288 321
492 288
376 490
144 376
73 144
184 73
292 491
110 493
14 110
218 14
172 218
334 172
445 334
147 494
199 495
315 199
381 496
69 381
499 69
453 497
179 453
258 179
100 258
460 100
204 460
102 204
150 102
492 150
248 492
5 498
367 5
459 367
17 459
34 17
271 34
198 271
50 198
133 50
353 133
397 353
292 397
74 499
449 74
482 449
337 482
315 337
228 315
6 228
160 6
362 160
365 362
420 365
46 420
41 46
152 41
255 152
428 255
53 428
286 53
404 286
474 404
147 474
131 147
211 131
209 211
254 209
48 254
317 48
158 317
287 158
277 287
200 277
146 200
239 146
184 239
71 184
292 71
248 292
432 248
454 432
114 454
445 114
23 445
259 23
392 259
392 500
450 8 466 37 266 267 10 449
500 8
111 4
443 6
36 8
351 15
30 17
32 18
266 20
159 24
228 25
286 28
482 30
472 32
288 34
146 39
10 40
480 10
134 44
31 48
87 52
14 53
334 57
431 59
327 60
301 61
31 64
459 31
184 65
386 67
216 71
378 73
443 74
290 76
203 79
326 86
382 89
469 91
405 92
191 95
122 99
296 115
212 116
342 118
193 120
68 121
477 124
472 127
497 128
333 130
194 132
112 136
351 112
404 139
9 141
348 9
406 142
157 143
327 145
101 146
445 152
258 155
446 160
442 161
172 162
234 169
123 170
309 173
268 174
319 176
246 177
54 178
27 179
88 181
268 88
22 185
101 22
500 101
316 187
133 192
129 197
269 129
319 199
256 202
389 203
2 204
62 2
368 205
341 206
157 207
156 157
106 208
340 212
154 213
378 154
397 215
435 216
102 220
93 102
111 221
164 111
172 164
467 172
16 222
133 223
444 226
51 228
80 51
182 229
75 232
144 234
233 235
327 237
400 238
90 239
80 90
371 240
475 242
408 244
368 250
426 259
344 260
319 261
478 262
324 264
36 266
346 267
423 273
331 275
337 276
468 280
236 283
214 236
77 214
490 77
68 284
100 68
227 286
70 227
362 70
153 287
365 288
33 289
109 292
309 109
359 293
493 295
290 296
315 290
251 297
452 251
78 300
344 78
219 301
7 219
281 307
381 309
194 310
108 194
452 311
393 312
263 317
93 263
480 318
340 321
148 322
114 148
265 114
69 324
421 325
455 327
255 329
421 255
363 331
491 333
156 336
5 337
13 5
270 339
404 340
12 341
106 342
488 106
196 343
415 347
400 351
376 352
320 353
476 320
167 354
271 358
385 271
147 359
72 147
258 72
391 258
224 361
243 224
103 243
144 364
303 144
282 365
33 366
156 368
82 369
131 82
471 131
382 370
467 372
46 373
356 46
105 356
3 374
348 376
378 379
345 378
492 381
113 384
103 113
134 385
332 134
399 332
171 386
409 171
367 388
429 367
481 391
166 392
209 393
405 394
150 395
135 150
166 397
314 166
156 398
87 401
248 87
231 402
335 231
448 403
249 404
282 249
344 407
454 344
419 411
474 412
389 413
277 389
302 414
405 417
431 405
35 418
200 420
23 422
184 23
328 424
104 425
21 426
465 427
360 430
419 360
7 419
281 7
209 281
303 209
362 303
308 362
98 308
456 431
302 432
1 433
493 434
421 435
406 436
45 406
198 437
451 198
387 438
278 439
421 278
137 440
13 137
408 442
200 408
319 200
186 319
3 186
486 3
471 444
100 447
163 100
486 449
75 450
211 75
446 211
270 446
16 451
377 452
454 377
156 453
253 454
33 455
49 33
473 49
350 456
265 457
119 265
256 119
306 256
103 459
375 103
84 375
81 84
123 81
110 123
315 110
38 463
448 38
19 464
304 468
35 304
423 35
313 423
410 313
400 469
299 400
441 299
338 441
167 338
460 167
93 460
481 93
183 472
410 183
21 473
380 474
36 380
443 36
410 443
471 475
253 471
383 476
298 383
50 298
27 50
269 27
466 269
254 466
55 254
345 55
428 477
45 428
83 45
500 83
85 478
314 85
190 314
274 190
180 274
62 480
107 62
41 107
253 41
58 253
390 58
151 390
371 151
415 371
12 415
80 12
294 80
16 294
302 481
158 302
330 158
479 330
98 479
47 98
66 482
241 483
285 241
182 285
122 182
429 122
218 429
201 218
306 201
409 306
149 409
105 149
193 105
225 193
29 225
210 29
42 210
94 42
43 94
140 43
458 140
156 458
189 156
37 189
272 37
13 272
396 13
104 396
448 104
496 485
346 487
63 346
180 63
470 180
348 470
153 348
14 153
56 14
345 56
270 488
416 270
247 416
410 247
326 410
363 489
159 363
328 490
26 328
21 26
217 21
349 217
279 349
494 279
305 491
191 305
248 191
291 492
69 291
387 69
445 387
326 445
188 326
175 188
19 175
16 19
355 16
97 355
108 97
47 108
135 47
230 493
245 230
316 245
133 316
163 133
315 163
66 315
165 66
448 165
461 448
117 461
399 117
168 399
350 168
96 494
486 495
126 486
184 126
135 184
484 135
159 484
1 159
282 1
335 282
277 335
497 277
268 496
11 268
54 11
195 54
345 195
465 497
467 465
252 467
233 252
246 233
138 246
323 498
350 323
345 350
357 345
248 357
138 248
125 138
196 125
96 196
499 96
421 499
382 421
462 382
257 462
334 257
334 500
175 289 55 206 26 114 353 358
500 8
306 5
438 7
195 10
162 18
145 22
74 23
379 24
468 26
121 32
248 34
17 36
50 17
89 38
321 39
314 41
238 42
261 45
240 48
313 51
234 52
345 55
299 58
174 62
382 65
323 67
298 69
44 71
481 44
201 74
190 77
336 80
231 83
60 85
199 86
159 87
409 88
366 91
6 95
56 96
57 97
190 57
4 101
400 103
465 107
118 108
397 109
268 119
245 132
380 137
66 138
299 139
94 157
398 160
400 161
130 165
235 166
320 168
219 174
385 175
200 176
310 177
328 178
349 182
382 183
144 184
15 185
488 186
432 187
164 188
213 189
110 191
365 110
447 192
423 197
136 198
368 200
365 201
117 202
468 117
131 204
304 205
140 206
127 140
224 127
445 207
473 212
226 217
459 218
126 219
31 223
320 31
398 225
465 226
193 238
203 193
111 239
360 111
78 242
355 78
222 243
99 222
35 247
466 253
149 254
474 255
181 256
190 258
30 190
308 30
40 262
425 263
60 267
133 60
309 133
488 269
118 270
456 271
500 275
348 276
118 279
158 281
495 158
245 285
287 245
413 286
450 292
246 293
220 246
486 220
309 296
98 303
347 304
372 305
61 307
146 308
363 146
250 309
230 311
321 230
47 313
21 47
446 21
159 314
100 159
203 100
297 316
194 318
467 320
61 321
131 322
104 324
248 325
395 326
6 329
54 330
344 54
319 331
98 333
151 334
208 335
265 336
422 337
391 339
164 341
265 344
485 265
284 347
381 284
488 351
147 353
173 355
259 359
3 360
288 361
210 288
144 210
291 144
104 362
373 104
43 363
412 43
282 367
396 368
118 369
381 372
268 373
237 268
4 374
181 375
385 181
128 376
328 128
209 377
259 209
89 259
328 89
236 379
129 381
227 129
15 382
442 15
283 383
302 283
147 302
82 147
260 82
410 384
323 385
224 388
3 389
126 390
306 392
487 306
299 395
214 299
143 396
116 143
234 399
49 400
131 401
9 131
115 9
164 403
459 404
75 405
240 407
260 240
79 408
277 79
480 277
156 409
167 410
490 411
126 414
93 415
394 419
451 420
348 426
28 348
354 28
378 427
229 378
232 229
113 232
328 113
244 328
413 244
11 413
152 11
282 152
130 282
402 130
94 402
25 94
56 25
8 56
454 8
135 428
221 429
149 431
310 149
123 310
266 123
487 266
291 433
272 291
49 272
264 434
92 264
312 92
215 436
443 215
6 437
478 6
115 438
27 115
154 439
116 154
297 116
14 297
474 14
98 440
216 441
124 443
53 124
13 53
366 444
294 366
118 445
486 118
354 446
99 448
173 449
120 451
208 120
346 208
250 452
418 250
486 454
365 455
447 456
422 447
287 422
172 287
370 458
418 370
75 418
252 75
162 252
167 162
235 459
49 235
61 49
126 460
340 126
233 340
228 233
13 461
248 13
122 248
315 122
484 315
33 462
424 464
141 465
153 141
173 467
180 173
457 180
134 468
20 134
114 20
156 114
380 469
301 380
364 470
84 364
278 471
289 278
317 289
406 317
442 476
450 442
199 450
93 199
432 93
417 432
421 417
241 421
457 241
156 457
358 478
474 479
301 480
430 301
12 430
214 12
73 214
386 481
274 482
406 274
346 406
27 346
466 27
1 483
485 1
211 484
155 211
151 485
153 151
412 153
196 412
164 196
4 164
294 4
356 294
35 356
394 35
3 394
37 3
148 486
251 148
70 251
393 70
474 393
2 474
63 2
163 487
33 163
121 33
261 121
194 488
260 194
398 260
16 398
349 16
236 349
237 236
391 237
298 391
424 298
155 424
496 155
203 489
295 203
425 295
195 425
76 195
66 76
19 66
475 490
371 475
387 371
145 387
300 145
167 491
171 167
249 171
386 249
170 386
136 170
216 136
221 216
90 221
332 90
72 332
102 72
423 102
280 423
112 280
37 112
172 492
466 172
224 466
105 224
50 105
228 50
73 493
354 73
64 354
358 64
99 358
135 494
125 135
352 125
142 352
472 142
40 472
61 40
84 495
150 84
63 150
61 63
169 61
338 169
106 338
312 106
290 312
234 290
273 234
477 496
343 497
327 343
37 327
300 37
273 498
228 273
323 228
357 499
453 357
261 453
463 261
59 463
350 59
365 350
435 365
473 435
227 473
213 227
29 213
300 29
231 300
179 231
477 179
99 477
19 99
156 19
416 156
98 416
323 98
342 323
46 342
68 46
257 68
319 257
397 319
81 397
345 81
345 500
356 121 104 85 71 364 94 313
500 8
349 3
382 6
330 7
488 9
343 10
1 15
412 17
190 20
364 23
407 25
100 27
439 28
286 29
288 31
287 32
332 35
459 42
40 43
300 40
97 44
133 48
373 52
267 54
485 57
324 58
19 59
178 60
197 64
411 65
467 66
360 67
464 70
355 73
149 76
333 77
378 79
367 80
306 82
271 86
128 87
438 91
347 92
324 93
482 95
124 96
39 97
118 99
238 102
325 104
53 106
325 107
154 113
289 115
216 118
193 119
266 120
266 121
53 128
193 53
320 132
465 133
285 138
229 141
474 142
238 145
404 146
429 148
327 154
207 155
75 158
399 75
234 161
385 162
394 168
434 169
173 172
187 174
223 181
313 188
427 189
405 190
245 191
4 193
251 194
30 201
378 30
88 202
411 88
354 207
242 208
373 209
34 211
109 212
277 215
375 217
26 218
90 26
49 90
322 49
491 220
421 221
98 223
185 98
178 185
326 224
325 227
136 228
295 234
187 235
125 237
198 125
123 198
62 238
116 241
304 243
147 245
13 246
451 13
196 248
335 251
19 253
474 256
331 261
159 262
182 159
274 263
455 265
14 266
252 271
342 276
41 277
430 280
164 283
173 285
100 173
326 286
324 287
422 289
288 291
396 288
309 292
239 294
184 295
63 184
360 298
383 301
406 304
137 305
368 137
216 307
165 308
486 310
258 311
21 258
177 315
176 316
200 176
313 317
416 318
405 319
275 320
11 321
105 11
197 105
117 322
343 117
36 323
401 324
55 328
495 55
418 330
420 334
384 335
144 336
300 337
62 345
331 62
397 350
36 351
492 36
282 352
495 282
192 353
465 192
374 355
348 357
453 358
140 359
203 140
131 203
306 360
404 306
407 361
110 362
390 110
46 364
239 46
157 239
149 157
199 149
183 199
84 367
240 84
412 368
268 370
144 268
205 144
388 205
112 371
94 112
260 94
441 260
200 375
486 200
116 376
435 377
39 379
346 381
127 383
407 127
468 384
473 387
313 388
349 313
156 389
465 390
45 391
264 45
41 264
297 41
100 297
16 392
101 393
267 101
252 267
71 252
33 394
279 33
131 279
273 131
22 273
290 22
309 395
498 396
175 399
293 175
89 400
100 89
373 100
427 373
485 401
354 402
274 403
78 404
369 78
250 405
346 250
111 406
413 407
116 408
126 409
249 411
68 412
153 413
139 416
494 418
213 420
129 421
483 129
470 423
382 425
69 427
469 69
470 428
179 429
126 430
4 126
182 432
472 182
124 433
72 124
160 72
269 160
312 269
329 434
343 435
103 437
338 103
414 338
300 414
462 300
443 438
63 440
116 441
197 116
249 442
56 249
424 56
187 443
354 187
331 354
448 331
122 444
457 122
325 445
397 325
163 397
449 446
270 448
363 449
12 451
68 12
1 68
111 1
426 111
109 452
177 109
230 453
18 230
466 455
439 456
284 439
156 284
346 156
302 346
139 302
143 139
164 143
293 164
37 457
363 37
343 363
340 343
213 340
16 213
196 458
19 196
499 459
236 462
219 464
366 465
19 366
177 466
183 468
303 183
490 303
236 469
461 236
299 461
493 299
339 471
272 472
309 473
216 474
327 216
348 327
498 475
424 476
259 424
447 259
151 477
34 479
16 34
39 16
150 39
278 150
171 278
74 171
270 480
312 270
426 312
369 426
74 369
326 74
447 326
85 447
290 85
496 481
415 482
372 415
274 372
231 483
8 231
50 8
417 50
135 417
204 135
314 204
63 314
365 63
136 484
356 136
247 485
134 247
38 134
226 38
166 226
293 166
419 293
380 419
470 380
197 470
5 197
410 5
244 486
493 244
342 487
254 342
163 254
478 163
272 488
463 272
386 463
356 386
467 490
195 467
454 195
309 491
214 492
242 214
365 242
61 365
382 61
333 382
344 333
281 344
225 281
180 225
151 180
296 151
233 296
329 233
332 329
165 332
374 165
450 374
255 450
2 255
83 2
47 493
152 47
222 494
378 222
489 378
71 489
257 495
83 257
152 83
348 152
51 348
349 51
14 349
385 14
229 385
130 229
206 496
123 206
219 123
18 219
178 18
153 178
454 497
431 454
81 431
422 81
24 422
4 24
130 4
179 130
167 179
153 167
290 153
347 290
210 347
177 210
410 177
398 410
21 398
309 21
460 309
71 460
108 71
186 108
341 186
114 499
275 114
274 275
341 274
170 341
240 170
19 240
147 19
356 147
232 356
339 232
436 339
498 436
478 498
478 500
189 376 345 159 372 334 104 285
500 8
215 11
8 12
224 13
495 16
458 17
10 18
89 10
387 22
474 23
287 24
144 29
203 34
342 37
404 38
282 39
232 41
450 45
485 48
157 50
331 52
113 53
152 59
234 60
47 67
195 71
449 72
92 73
474 80
227 81
425 82
28 85
33 28
433 88
291 92
427 97
432 99
446 100
313 101
355 102
371 104
303 107
4 113
150 117
136 120
442 121
224 122
109 125
149 128
93 130
246 134
75 135
463 75
237 136
478 137
227 140
262 141
44 144
112 44
385 112
150 145
483 150
43 151
86 157
342 158
473 159
253 160
427 161
356 163
350 165
36 170
379 36
166 171
89 172
249 177
114 179
355 180
54 181
360 54
342 182
390 186
421 189
129 192
30 129
114 193
394 114
410 194
282 196
133 197
383 198
331 206
416 209
242 211
452 212
452 214
202 217
447 221
346 224
366 225
281 227
415 230
464 235
270 237
332 241
448 244
133 247
273 133
43 248
414 249
132 251
131 253
344 131
3 254
35 256
228 257
74 228
149 74
216 258
222 259
185 222
15 260
143 263
240 264
303 240
372 266
279 267
380 268
174 270
378 271
424 272
91 273
20 278
281 20
62 279
456 62
262 280
370 281
357 285
108 286
389 108
332 287
308 291
473 293
360 295
454 299
246 305
490 307
175 309
427 312
95 315
1 95
154 316
8 154
288 8
477 318
420 319
494 320
7 323
188 324
389 325
310 326
424 310
190 328
64 190
298 64
27 298
148 27
269 148
183 269
187 183
387 329
1 330
61 333
360 334
178 337
308 338
277 341
422 343
239 345
342 346
476 347
304 348
399 349
484 350
229 351
226 229
445 226
146 352
83 353
220 354
471 220
464 356
500 357
313 359
481 313
302 361
243 302
496 362
288 363
202 364
87 202
106 87
65 106
481 372
482 374
14 375
7 377
462 7
367 378
215 381
292 383
242 386
84 390
46 391
376 46
43 376
465 392
66 393
437 394
238 395
143 238
42 143
146 42
156 397
94 398
111 94
388 399
368 388
155 368
311 155
119 401
232 119
246 232
110 246
26 402
475 403
358 404
385 405
303 406
98 303
292 98
218 292
496 408
200 410
204 200
242 204
409 411
495 413
424 414
83 418
467 83
262 419
70 421
382 422
207 382
6 207
486 6
234 423
369 234
124 369
458 425
195 426
294 429
335 294
205 335
400 430
178 400
35 178
213 431
105 213
242 105
370 242
33 436
58 33
387 437
474 387
223 438
218 439
93 218
481 93
274 443
149 274
409 149
84 409
289 84
415 289
428 415
109 445
91 109
322 91
146 322
118 146
265 118
340 265
243 340
231 243
15 231
123 15
77 446
127 449
331 127
219 331
208 219
336 450
32 451
255 452
49 255
166 49
21 166
56 21
276 56
176 276
488 455
156 458
282 156
311 459
275 461
89 275
332 89
173 332
26 173
384 462
2 384
300 463
499 300
210 464
236 210
77 236
308 77
63 308
164 63
201 164
5 465
385 5
66 385
427 467
111 427
185 469
147 185
167 470
486 167
43 471
355 43
296 355
428 296
373 428
111 373
152 111
32 152
396 32
79 472
51 79
169 51
123 169
321 473
132 321
208 474
110 208
284 110
367 284
25 476
304 25
482 304
116 477
466 116
277 466
103 479
327 103
142 327
69 142
124 69
30 480
495 481
31 482
4 31
162 4
412 162
283 412
138 283
205 138
61 483
1 484
490 1
358 485
290 358
407 290
195 407
301 195
420 301
147 420
184 147
416 184
168 416
371 168
239 371
448 239
66 448
86 66
55 86
188 55
115 188
30 115
380 486
457 380
223 487
65 223
61 65
61 488
468 61
70 468
9 489
440 9
216 440
262 216
203 262
282 490
215 282
453 491
317 453
379 317
460 492
261 460
250 261
433 250
199 433
366 493
344 366
434 344
277 434
441 277
215 441
339 215
176 339
68 494
447 68
2 447
126 2
191 126
90 191
365 90
454 365
475 454
367 475
288 495
199 288
30 199
457 30
367 496
132 367
176 132
342 497
70 342
26 70
360 26
176 360
432 498
389 432
19 389
396 19
252 396
456 252
457 456
153 457
47 153
40 47
203 40
174 203
424 174
336 424
139 499
205 139
314 205
76 314
96 76
417 96
442 417
58 442
78 58
245 78
478 245
435 478
176 435
370 176
123 370
336 123
57 336
297 57
311 297
3 311
306 3
379 306
201 379
233 201
14 233
35 14
444 35
187 444
124 187
175 124
175 500
395 267 38 191 359 147 221 256
500 8
330 2
75 4
346 6
14 8
438 11
447 22
203 23
48 24
184 28
207 31
29 32
55 33
360 34
327 35
211 40
228 46
197 48
162 55
301 62
370 63
456 64
434 65
14 66
161 14
243 67
81 68
138 69
150 70
443 73
108 74
133 77
228 78
42 81
459 85
443 87
174 89
470 94
142 102
466 104
391 105
472 108
415 109
471 110
373 115
398 117
249 123
84 124
234 84
154 125
378 128
260 129
122 132
344 122
311 136
51 138
439 141
488 143
215 144
183 152
380 154
230 155
131 162
209 131
107 163
80 165
325 166
332 169
302 170
387 174
236 177
305 180
185 181
478 184
286 186
178 187
114 188
473 190
494 192
436 195
336 197
160 198
358 200
52 206
230 209
202 210
107 202
377 107
217 215
43 216
116 43
360 116
457 217
126 218
114 219
287 220
60 223
171 60
331 224
347 226
281 229
465 231
406 233
234 238
111 240
205 111
416 205
114 242
331 243
358 247
235 248
56 249
382 253
271 256
58 257
458 58
376 258
213 260
86 261
13 263
470 264
250 266
100 274
3 100
133 275
331 278
92 279
222 280
213 281
27 282
420 27
307 286
239 287
265 289
259 265
53 291
207 299
194 207
130 194
416 300
75 302
252 75
234 252
230 234
26 308
440 311
140 314
17 140
438 317
297 318
468 328
90 331
298 332
495 333
51 334
335 51
481 336
230 340
241 343
114 344
157 345
76 157
244 76
149 244
441 348
462 349
443 350
176 352
211 176
151 354
327 151
426 356
91 359
99 91
357 99
241 357
130 360
322 130
306 322
133 362
335 133
71 363
114 71
292 114
434 292
437 364
398 365
425 366
88 368
481 371
382 375
120 378
44 120
118 379
467 380
268 381
54 383
452 54
294 384
49 294
30 49
178 388
447 389
414 390
5 392
168 5
7 394
301 7
57 301
9 395
439 396
482 398
168 401
189 168
47 402
156 403
113 156
201 404
284 201
3 409
254 3
370 254
126 370
139 126
455 139
382 411
342 382
227 413
358 414
259 358
241 259
347 241
469 347
42 416
307 42
320 417
119 320
397 418
1 397
10 1
435 10
161 420
39 422
56 39
495 56
113 423
235 113
44 235
351 424
477 425
193 426
443 193
160 427
173 428
225 173
315 225
377 429
391 377
16 432
9 434
41 9
44 41
150 435
303 436
374 437
79 438
433 79
50 433
20 439
196 442
385 196
57 385
160 443
135 160
47 135
440 47
326 440
199 326
267 199
230 267
272 230
271 272
309 271
12 309
12 444
16 445
455 447
44 448
150 449
473 450
237 451
171 452
127 454
146 127
372 146
335 372
391 335
214 391
19 455
30 19
88 30
296 88
221 296
421 221
441 456
134 441
158 134
393 158
268 393
153 268
421 458
149 459
304 149
346 304
53 461
431 462
164 431
189 463
460 464
342 460
338 342
473 465
293 466
283 467
369 283
21 468
92 469
321 92
15 472
293 15
237 293
339 237
236 339
262 236
488 262
82 473
457 82
386 457
16 474
204 16
338 475
341 338
191 341
142 191
288 142
211 477
284 211
86 478
203 86
323 203
21 323
90 21
50 90
97 50
297 97
96 297
182 479
61 480
499 61
284 483
315 284
179 315
305 179
353 305
307 353
25 307
495 25
228 484
412 228
471 412
453 471
159 453
374 159
410 374
44 410
232 44
407 485
13 407
470 486
175 487
118 175
386 118
185 488
255 185
329 489
255 329
324 255
430 324
446 490
183 446
150 183
408 150
321 491
17 321
285 17
316 285
53 316
421 53
232 421
400 232
355 400
222 355
430 222
408 430
406 492
20 406
161 20
310 161
361 310
119 361
327 119
337 327
251 337
303 251
408 303
306 408
171 306
167 171
470 167
57 470
330 57
270 330
164 270
182 493
83 182
96 83
80 494
313 80
38 313
250 38
153 250
13 495
276 13
98 276
137 496
290 137
29 290
148 497
37 498
399 37
227 399
312 227
172 312
36 172
212 36
481 212
387 481
145 387
204 145
351 204
59 351
346 59
245 346
26 245
386 26
273 386
376 273
45 376
98 45
419 98
147 419
288 147
153 288
295 153
325 295
367 325
112 367
369 112
164 369
52 164
95 52
208 95
72 208
405 72
415 405
189 415
269 189
476 269
373 476
214 373
121 214
277 121
12 277
148 499
178 148
103 178
482 103
93 482
29 93
239 29
96 239
298 96
106 298
12 106
213 12
246 213
18 246
101 18
319 101
319 500
351 423 403 414 166 425 435 46
