15 10
500 499
289 1
76 4
303 9
448 11
228 14
434 15
338 18
436 19
494 21
12 24
6 25
23 6
414 27
266 28
238 29
140 31
451 32
392 34
33 37
83 41
12 42
193 44
120 45
83 50
394 53
52 55
20 52
314 57
397 59
222 62
30 65
439 66
419 69
86 71
477 73
415 74
143 78
12 79
183 12
409 80
64 83
323 64
125 84
463 88
107 90
175 91
454 92
296 94
433 95
379 98
480 101
437 102
326 104
76 105
179 106
303 107
187 111
168 113
444 115
68 122
257 123
272 127
256 129
126 131
256 126
218 132
258 135
175 138
385 141
444 142
76 143
331 145
352 150
7 158
271 7
225 159
39 164
277 165
246 166
478 167
157 172
116 174
67 176
472 67
40 178
116 179
394 116
120 185
119 120
233 119
460 186
285 189
49 190
362 191
333 192
375 193
248 194
136 195
366 136
332 196
315 197
137 198
344 137
315 201
488 203
97 205
276 97
316 206
431 207
456 208
389 209
297 210
225 215
238 216
421 219
300 220
441 222
161 223
239 224
418 225
199 228
283 231
162 233
58 162
256 58
82 235
269 82
384 237
467 240
250 242
462 245
23 246
108 250
147 251
308 147
23 253
199 254
500 199
152 255
284 152
421 256
420 258
43 259
405 263
180 264
365 266
382 268
353 271
214 276
432 214
380 277
86 280
350 86
170 281
160 170
56 284
218 56
99 218
469 99
23 286
70 23
474 70
464 287
443 291
40 293
422 300
202 302
381 304
274 307
156 308
379 309
77 311
459 312
294 315
364 294
314 316
426 317
89 318
54 89
488 320
81 321
72 323
157 72
134 329
372 134
411 331
389 332
40 334
96 40
13 335
180 337
439 338
272 340
499 342
442 343
296 344
295 296
43 295
76 43
213 76
415 346
265 347
434 265
63 348
160 63
61 350
441 61
13 352
155 13
383 354
33 355
175 33
232 356
369 358
68 359
36 68
93 361
109 362
2 363
469 2
252 364
177 365
278 177
48 366
93 48
173 369
267 371
202 376
217 377
297 217
373 379
433 373
360 380
279 381
400 279
211 382
368 211
301 383
85 301
121 85
128 121
310 384
260 310
128 260
154 388
160 154
267 160
468 267
221 389
100 391
393 394
8 395
124 397
446 401
204 402
427 404
133 405
184 133
324 406
326 407
239 326
244 239
5 408
459 409
244 410
275 244
493 275
96 411
16 414
3 415
328 3
282 328
36 282
370 416
22 370
451 417
168 419
112 168
393 420
292 393
213 421
341 213
204 422
387 204
47 425
60 426
441 428
434 431
285 432
433 285
427 434
227 427
232 227
392 437
341 392
378 440
36 441
500 36
30 442
146 30
327 146
333 327
130 444
288 130
47 288
375 47
103 375
38 103
180 38
229 180
270 229
118 270
140 118
22 446
46 447
200 46
322 200
495 322
357 448
51 357
124 51
403 124
10 403
169 449
156 169
378 156
252 378
467 252
22 453
75 454
125 75
238 125
273 238
81 273
452 81
188 455
430 457
390 430
20 390
339 20
336 458
351 336
230 459
353 460
114 353
17 114
247 17
10 247
443 10
236 461
396 464
278 465
462 467
466 462
345 468
112 345
16 112
269 16
278 269
236 278
360 236
330 360
184 330
226 469
314 226
26 314
497 470
173 471
35 472
433 35
8 433
333 8
487 473
478 474
438 476
153 477
100 479
485 100
184 481
22 184
424 22
54 424
182 54
289 182
243 289
187 243
202 187
221 202
234 221
77 482
163 77
299 483
173 299
319 173
387 319
412 387
163 412
497 163
333 484
339 333
248 339
466 248
171 466
140 171
290 140
399 290
181 399
386 181
117 386
39 485
456 39
26 456
297 26
153 489
188 153
418 188
496 418
324 490
351 324
451 351
148 491
450 148
292 450
155 292
230 155
241 230
272 241
396 272
234 396
493 234
108 492
398 494
257 398
325 257
341 325
413 341
435 495
385 435
451 385
249 496
149 249
49 149
303 49
400 303
368 400
261 368
413 261
232 413
463 232
443 463
298 443
438 298
262 438
297 262
439 297
96 439
445 96
60 445
429 60
480 429
313 480
486 313
87 486
139 87
144 139
212 144
487 212
423 487
108 423
372 108
161 372
93 161
436 497
93 436
5 93
451 5
175 451
274 175
493 274
367 498
478 367
488 478
110 499
151 110
374 151
109 374
475 109
183 475
452 183
117 452
305 117
306 305
488 306
128 488
349 128
157 349
283 157
493 283
493 500
318 65 497 59 84 152 72 430 336 36 377 126 222 395 390 481 471 200 486 324 9 155 421 283 105 150 264 201 332 343 189 245 325 289 12 305 306 111 398 151 477 302 394 20 237 415 467 364 392 159 192 113 93 232 99 163 311 87 164 195 196 323 158 210 58 463 139 337 410 43 175 102 52 187 48 165 75 271 89 405 96 141 487 462 295 230 375 153 190 480 450 446 53 483 273 46 119 403 35 239 429 315 19 55 496 253 11 303 85 287 142 148 400 372 30 254 211 98 140 114 357 293 34 3 168 177 444 300 279 193 411 112 28 457 466 349 276 95 259 122 124 334 407 134 263 92 174 1 495 386 167 291 439 369 27 67 438 54 342 228 63 328 353 76 346 319 21 199 498 258 82 468 161 387 241 64 247 388 435 131 363 207 447 288 428 389 404 79 37 422 321 250 236 90 424 138 320 149 290 373 329 60 143 246 160 482 226 6 256 331 391 212 181 169 426 452 406 382 186 316 176 485 456 261 396 491 166 101 401 206 194 188 488 270 8 26 484 262 25 133 292 267 135 106 280 296 367 440 330 249 182 147 221 202 214 301 423 51 393 231 255 437 235 461 281 479 385 451 184 240 268 209 61 425 44 108 493 172 274 278 314 173 40 362 354 129 474 251 171 358 70 62 448 333 379 339 94 47 74 436 244 476 455 185 32 460 418 469 366 88 494 431 23 345 265 243 45 365 470 371 351 397 4 109 42 117 103 16 341 146 459 275 104 69 490 83 22 361 242 374 465 370 197 233 130 312 340 282 218 123 120 352 137 217 427 464 294 81 121 224 205 355 97 299 317 383 125 29 66 285 454 453 68 338 284 417 368 402 41 434 260 86 360 313 145 10 50 309 223 213 327 118 478 413 191 416 432 252 344 183 433 472 219 376 356 215 100 277 458 492 473 78 384 180 33 414 73 49 80 77 107 266 39 110 348 178 115 449 116 204 56 304 157 234 17 198 170 24 408 409 229 489 127 15 203 286 2 412 308 359 475 179 326 156 381 310 13 399 216 322 420 144 91 298 445 154 71 272 227 225 7 18 132 31 57 442 257 208 128 220 347 248 269 499 297 238 5 419 38 380 350 378 335 136 14 443 441 162 307
500 499
278 5
125 7
373 8
297 10
189 13
315 25
371 28
446 32
186 37
124 38
41 40
376 43
353 44
269 45
155 47
253 54
417 56
2 58
325 2
4 59
14 4
116 65
195 66
317 68
324 71
92 73
442 74
69 76
98 69
231 77
370 83
167 85
480 87
384 93
90 96
241 98
105 100
393 105
461 114
275 116
410 117
470 119
429 120
199 121
181 123
336 125
111 128
168 130
159 131
63 132
449 133
464 136
475 137
456 145
320 146
402 148
484 150
304 152
157 153
408 154
431 156
207 160
264 161
445 163
494 164
110 166
333 110
449 167
42 169
358 174
81 175
176 177
151 178
251 180
335 185
423 192
295 193
362 194
328 195
355 197
90 199
35 200
410 202
443 203
469 204
187 205
250 187
422 206
6 208
415 217
22 220
447 227
49 229
95 49
391 230
496 231
490 235
440 238
488 239
411 241
209 242
327 243
158 249
476 158
61 251
15 61
82 15
469 82
462 257
35 260
234 35
188 261
135 263
122 265
168 269
457 168
88 270
473 273
213 275
22 276
188 277
245 278
323 245
89 279
428 280
434 281
244 283
353 284
55 285
237 287
313 237
41 290
97 41
470 291
144 292
295 144
24 293
23 295
382 298
198 299
50 198
12 50
33 302
401 303
380 306
21 311
411 313
402 315
36 316
127 36
490 127
20 318
369 319
214 320
190 214
254 190
109 324
12 326
482 12
437 327
138 328
113 138
155 331
246 155
482 332
393 333
363 337
225 338
81 225
126 339
308 340
115 308
247 341
479 247
354 342
97 343
24 344
258 347
124 258
471 349
34 351
151 34
216 151
246 216
6 352
375 353
126 354
330 126
103 330
458 103
345 355
57 356
218 57
384 218
219 357
170 358
20 170
188 20
248 188
415 248
183 359
420 183
454 360
75 362
78 364
107 78
256 107
477 256
496 366
79 367
294 79
255 369
449 370
207 374
407 207
312 376
389 312
475 377
184 378
226 184
419 381
14 382
118 14
368 383
266 388
99 390
23 99
493 392
396 394
497 397
309 399
60 309
274 401
18 402
346 18
310 403
42 405
297 413
375 297
143 375
329 414
492 329
441 416
346 417
365 418
26 365
271 26
288 271
396 288
266 396
398 266
393 419
171 420
118 171
400 118
415 400
445 422
53 424
385 53
232 385
149 232
262 425
9 262
48 9
219 48
322 219
267 426
429 267
3 428
406 3
91 406
33 432
140 433
427 140
430 427
16 430
395 16
321 436
89 439
24 440
6 443
72 445
386 72
415 386
437 415
322 437
182 322
368 182
268 368
210 446
336 210
94 447
63 449
398 450
97 398
67 451
181 452
478 181
142 453
11 142
101 11
371 101
213 371
431 213
84 431
6 454
88 456
102 88
289 102
222 289
224 222
379 224
244 379
165 457
323 165
196 459
404 196
64 404
435 460
149 435
29 149
134 29
113 134
51 113
438 462
325 465
70 466
94 467
464 94
389 464
250 468
348 469
345 348
39 470
300 471
391 472
346 391
84 346
259 84
363 259
233 363
55 473
80 55
305 80
240 474
234 240
361 234
201 477
412 201
30 412
264 30
221 264
491 479
6 480
334 6
300 334
487 300
336 481
325 336
228 325
124 228
268 482
410 268
112 410
458 112
67 458
64 483
423 64
60 423
361 484
51 361
135 51
314 135
139 314
22 139
486 22
408 485
310 408
461 486
253 461
86 253
407 487
91 407
212 91
282 212
129 282
173 129
111 173
17 111
294 17
321 294
81 321
389 81
70 389
221 488
115 221
24 115
429 24
393 429
90 491
252 90
434 492
305 434
226 305
141 226
387 141
372 387
211 372
159 211
162 159
350 162
384 350
301 384
179 301
455 179
223 455
46 223
323 46
89 323
42 89
252 42
475 252
478 475
421 478
500 421
463 494
296 463
246 296
191 246
411 191
176 411
104 176
1 104
33 1
307 495
109 307
157 109
189 157
108 496
255 108
254 255
92 254
60 92
122 60
233 122
442 233
236 442
97 236
272 97
124 272
39 124
409 39
52 409
215 52
441 215
189 441
304 189
335 304
493 335
380 493
244 380
476 497
172 476
209 172
143 209
448 143
31 448
86 31
438 86
23 438
21 23
186 21
67 186
274 67
63 274
444 63
70 444
33 70
95 498
106 95
395 499
33 395
317 33
310 317
106 310
19 106
393 19
244 393
345 244
62 345
27 62
250 27
490 250
373 490
489 373
286 489
75 286
147 75
147 500
466 209 162 144 247 433 69 307 43 319 379 345 183 65 496 147 415 116 134 387 341 255 173 79 161 476 455 233 329 288 444 232 171 121 391 9 29 1 184 93 132 498 52 218 240 107 155 351 305 104 189 479 336 484 271 208 470 158 326 266 435 350 212 445 300 231 290 138 120 361 204 335 448 390 55 149 11 400 22 453 429 464 485 83 413 264 494 298 377 13 421 167 156 2 359 39 187 191 471 88 49 314 284 150 313 181 414 27 274 251 87 113 408 375 342 242 486 85 241 76 92 323 7 141 219 64 220 411 124 51 225 244 497 97 91 235 95 343 384 275 258 256 198 228 10 66 352 372 403 358 405 475 168 180 316 175 436 451 426 41 477 20 422 70 270 434 473 442 193 483 15 81 245 431 296 383 362 194 487 311 425 164 99 262 6 72 312 174 135 190 252 4 170 393 47 84 276 216 213 157 423 396 458 153 44 395 457 339 278 301 450 56 392 133 253 16 388 24 172 474 131 224 263 210 222 261 57 61 402 54 60 152 239 98 478 295 105 101 493 289 420 197 21 495 488 373 217 34 394 292 36 115 50 291 389 42 169 63 268 205 123 37 96 179 417 344 5 186 201 130 346 309 378 77 211 254 490 324 122 188 110 463 356 364 277 363 386 23 86 237 481 117 299 67 125 94 14 409 322 31 32 382 461 366 331 229 26 140 139 238 215 221 491 196 302 348 192 267 178 499 265 53 163 109 176 119 306 90 332 337 482 250 243 368 355 78 340 353 203 283 114 25 246 159 432 325 416 82 126 428 410 427 297 59 294 19 136 371 106 142 38 441 280 460 33 424 286 443 446 304 452 367 360 100 58 328 12 118 46 398 287 273 472 129 234 385 177 45 303 310 40 462 489 3 145 103 285 374 349 257 321 308 8 418 454 320 80 248 279 369 236 381 327 281 357 269 338 143 108 18 365 206 272 406 467 200 165 89 111 376 347 282 354 449 468 75 128 151 137 227 30 469 440 404 71 182 68 260 35 28 380 207 148 438 330 166 293 419 223 230 399 333 407 160 112 146 226 195 317 62 202 480 447 456 334 459 249 439 315 214 401 437 397 430 17 465 73 102 492 199 127 185 154 48 412 370 318 259 74
500 496
284 1
199 3
84 5
152 6
314 7
40 9
157 10
311 15
399 16
100 19
362 22
236 24
125 27
465 29
153 30
486 35
48 37
253 38
309 39
414 40
353 42
381 50
73 54
92 55
385 59
139 60
312 61
125 62
351 66
153 68
399 75
63 80
130 63
211 89
246 93
67 97
201 98
492 99
443 100
364 102
273 104
58 108
418 58
106 110
231 111
345 114
259 117
243 122
279 127
300 128
475 129
185 133
322 134
452 136
259 137
382 138
465 142
376 143
287 145
123 146
159 148
103 149
17 151
454 153
471 155
397 156
255 160
467 163
464 164
438 167
169 172
227 169
131 174
309 176
485 180
196 181
257 182
334 183
121 190
310 193
270 195
48 196
444 197
318 199
198 201
173 204
45 173
186 206
96 186
205 207
358 209
86 210
343 86
299 214
358 217
469 218
215 220
20 215
192 223
429 224
330 227
25 229
158 230
411 233
12 238
41 239
47 242
96 47
121 96
25 121
417 244
159 246
119 248
494 250
500 254
228 255
366 258
314 259
277 262
394 265
458 266
288 267
212 269
398 270
65 274
256 277
234 256
294 234
198 278
404 280
83 282
43 83
23 43
241 23
286 241
216 286
144 287
290 288
120 289
192 120
473 192
72 292
41 72
492 293
144 298
389 299
367 300
395 302
21 303
41 21
393 304
476 305
456 306
216 307
13 309
187 13
475 187
150 311
430 150
200 312
69 200
361 69
94 314
359 94
468 320
339 321
473 327
294 328
179 294
205 334
113 205
443 335
365 338
445 340
20 342
283 345
384 346
253 349
162 253
283 162
291 350
249 351
284 352
291 284
405 354
497 355
225 356
74 225
28 74
329 358
57 329
236 362
443 364
264 365
161 264
168 367
339 370
386 371
228 372
178 228
462 373
273 377
213 273
118 379
271 382
479 383
243 384
331 243
496 385
222 387
123 222
493 123
32 388
427 32
442 391
231 392
178 231
272 178
325 272
374 325
112 393
418 394
471 396
236 397
408 236
323 402
194 323
14 194
290 14
78 290
374 404
455 374
344 406
378 407
184 408
87 184
53 87
126 410
252 126
76 252
315 76
144 315
412 144
36 411
125 414
398 125
363 398
185 363
401 417
52 401
20 52
247 418
339 247
468 339
12 420
486 422
444 423
457 424
491 427
446 428
189 429
191 430
139 191
297 431
249 297
376 249
347 432
48 347
202 433
415 434
141 415
219 141
81 219
412 435
185 412
44 185
285 436
313 285
140 313
316 140
152 316
341 152
310 341
498 437
26 438
375 26
8 439
390 8
88 390
479 88
495 440
51 442
158 51
473 158
171 443
461 171
322 444
344 322
276 445
12 276
251 12
245 251
357 245
235 447
482 235
25 448
168 25
118 168
28 118
95 28
324 95
496 324
450 451
11 452
483 454
226 455
4 226
44 4
84 456
90 84
399 457
419 399
130 419
41 130
203 41
357 203
147 357
33 147
237 33
421 237
453 421
260 458
318 260
332 459
257 332
208 257
82 208
331 82
179 460
44 179
31 44
65 31
79 65
221 79
115 221
202 115
308 202
491 308
389 461
333 389
71 333
240 462
157 240
359 157
56 359
92 464
263 465
450 466
46 467
463 46
216 463
211 216
326 211
2 468
105 2
368 469
103 368
446 103
166 446
175 166
17 175
116 17
336 116
105 336
78 105
92 78
400 470
131 472
268 473
453 268
90 453
400 474
109 400
318 109
106 318
361 106
18 476
53 18
310 53
344 310
380 344
279 380
366 279
343 366
481 343
36 477
291 36
326 478
301 326
85 301
317 480
275 317
386 275
409 386
57 409
45 481
11 45
212 11
20 212
49 20
319 49
112 319
369 112
188 482
283 483
271 283
295 271
361 484
131 361
70 485
161 70
360 161
381 360
395 381
348 395
479 348
92 479
405 486
48 405
337 48
490 487
450 488
67 450
213 67
291 213
124 291
353 124
132 353
232 132
369 232
475 369
85 475
497 85
177 490
416 177
426 416
64 426
492 64
331 491
493 331
119 494
261 119
378 261
449 378
330 449
189 495
188 189
81 188
498 496
198 497
337 198
113 337
139 113
296 139
57 296
77 57
135 77
135 499
493 135
375 493
425 375
107 425
165 107
489 165
471 489
295 471
90 295
73 90
56 73
403 56
330 403
71 330
170 71
154 170
91 154
159 91
81 159
376 81
492 376
92 492
131 92
413 131
441 413
498 441
34 498
263 34
101 263
281 101
281 500
107 60 200 157 220 411 259 409 166 276 136 217 228 433 468 298 118 329 294 274 273 39 291 144 18 206 153 171 222 477 310 179 432 11 319 138 37 126 117 285 327 226 292 280 488 281 47 46 141 106 193 407 104 475 469 94 427 102 19 455 129 67 328 278 333 389 360 441 335 187 445 131 325 289 229 474 408 383 299 241 111 405 52 51 69 145 453 239 418 443 38 399 451 245 132 42 10 254 497 362 181 16 184 402 393 256 122 221 45 397 326 423 261 394 434 368 108 403 283 401 190 119 392 170 110 370 127 317 471 332 429 44 248 93 395 435 63 272 31 268 484 54 350 99 267 13 377 75 264 359 78 182 499 154 414 413 112 237 213 381 135 244 202 28 461 345 357 105 390 458 379 481 449 450 120 43 103 324 457 296 466 64 307 73 25 311 494 234 480 232 472 275 489 48 137 279 309 85 351 426 498 305 198 58 146 295 128 5 130 9 49 447 260 352 415 101 430 410 346 151 322 262 440 412 183 270 77 438 437 371 431 215 186 365 27 459 149 355 81 88 57 139 375 115 169 124 211 224 340 230 76 304 356 404 253 386 491 62 467 90 384 204 195 87 313 425 121 361 34 269 192 55 367 1 68 448 490 478 210 155 80 189 152 353 15 242 231 22 113 495 288 487 72 218 123 247 343 349 424 40 385 387 21 257 482 374 496 50 380 91 84 363 29 473 286 369 376 334 201 470 250 492 493 177 251 32 308 282 71 439 301 142 337 303 406 302 348 364 134 391 125 156 330 331 277 8 165 95 20 373 140 7 172 290 398 12 82 419 300 203 476 442 208 341 246 207 372 436 265 196 53 216 65 180 388 163 24 219 214 314 133 205 162 284 227 297 97 41 420 59 460 456 143 164 148 342 485 315 194 174 158 79 6 454 464 56 321 421 96 287 23 366 263 396 3 70 462 354 249 252 483 236 197 417 444 61 178 339 167 89 318 92 422 320 293 338 159 173 235 83 336 316 463 238 271 191 378 175 323 4 35 147 98 36 428 150 212 266 114 225 209 358 240 26 344 161 416 486 188 479 347 446 17 74 233 176 185 382 100 255 258 160 30 109 33 243 465 116 14 312 306 400 199 452 168 223
500 499
206 4
137 14
451 22
164 23
498 26
375 31
369 32
233 36
2 39
245 41
376 42
316 44
446 46
227 53
93 54
400 56
101 58
182 59
451 63
8 66
52 69
64 80
9 64
167 9
209 82
18 83
371 91
414 94
149 96
285 97
228 98
381 101
134 102
350 103
389 105
326 107
310 109
316 111
401 114
485 115
378 119
89 122
495 123
210 127
251 129
462 130
464 132
363 133
72 141
139 142
494 139
387 143
287 150
19 154
378 19
288 165
368 171
6 172
426 6
438 175
241 177
246 178
7 180
410 7
276 185
302 186
1 188
71 190
459 191
43 192
430 193
456 194
407 198
277 199
55 201
353 55
74 205
183 207
124 210
25 124
1 212
422 213
50 215
34 216
462 34
195 217
164 195
161 164
339 218
306 221
395 224
450 226
182 227
43 228
8 43
305 8
67 231
341 232
182 235
320 182
265 236
318 237
265 239
479 240
17 242
1 243
413 1
106 244
45 247
444 250
65 254
266 255
27 263
297 265
196 266
200 196
283 200
385 271
435 272
297 277
52 278
181 52
313 279
493 280
380 283
264 287
405 264
352 288
135 289
40 292
400 40
360 293
28 294
380 295
261 298
408 261
209 299
483 209
423 304
310 305
302 306
11 307
379 11
155 308
229 155
340 229
399 316
318 319
113 320
355 321
184 323
16 184
483 16
483 324
260 326
95 328
475 95
159 330
404 159
234 331
57 234
106 57
444 106
327 332
149 327
233 149
146 233
241 146
358 241
497 333
3 335
418 3
284 336
51 337
290 51
70 290
246 70
45 246
79 45
50 79
137 338
48 137
29 339
167 29
482 340
276 342
401 276
84 343
248 84
410 248
72 346
443 72
48 348
267 349
181 352
325 353
167 325
30 167
365 30
301 355
136 301
50 136
156 50
393 357
67 360
273 67
391 364
257 366
35 257
202 35
456 202
206 370
197 206
20 197
12 20
393 12
499 371
393 372
126 373
433 126
482 374
496 376
138 377
392 138
104 380
367 104
303 367
262 303
274 381
166 382
204 166
61 204
499 61
110 383
399 385
431 388
492 389
498 390
313 391
351 394
434 351
302 395
223 302
65 397
163 398
439 399
445 400
162 401
17 404
313 405
249 313
317 249
121 406
453 121
120 407
500 120
157 411
291 413
214 291
151 414
463 151
297 416
393 297
471 393
464 419
477 421
378 423
409 378
10 424
403 10
48 425
465 48
410 427
497 410
495 428
472 429
134 435
286 436
86 437
426 86
220 426
24 220
81 24
268 81
329 268
170 329
128 170
491 438
312 439
90 312
78 90
495 78
89 440
15 89
99 15
77 99
458 77
356 441
347 356
474 347
169 442
87 443
225 444
158 446
315 447
476 315
344 448
85 344
322 449
144 322
145 144
345 145
113 450
458 113
379 452
482 379
359 453
253 359
445 454
345 455
396 345
384 396
160 384
274 160
408 274
341 408
475 341
270 457
465 458
462 459
21 460
174 21
493 174
179 461
18 464
162 465
5 466
494 5
131 467
282 131
28 282
225 28
469 468
176 469
110 176
68 110
286 68
208 286
162 208
128 162
112 128
431 112
161 431
25 161
275 25
181 275
256 181
285 256
92 470
163 92
485 471
267 472
88 267
365 88
358 473
445 358
73 445
117 474
85 475
75 85
334 75
422 334
163 422
73 476
386 73
310 386
33 310
361 479
314 361
365 314
134 481
270 134
47 270
296 47
183 482
354 183
500 483
74 484
37 74
117 37
222 486
462 488
387 462
140 387
485 140
168 485
369 168
363 369
350 363
259 350
238 259
223 238
487 223
230 489
71 230
93 71
117 93
87 117
418 490
33 418
27 33
273 27
60 273
392 60
148 392
456 148
135 456
318 135
309 318
463 309
368 463
125 368
253 491
417 253
62 417
211 62
203 211
49 203
17 49
260 17
87 260
65 87
100 65
434 100
225 492
156 493
420 156
284 420
409 284
252 409
179 252
76 495
433 76
157 433
478 157
245 478
402 496
451 402
415 451
365 415
480 365
116 480
412 116
251 412
317 497
179 317
222 179
262 222
430 262
354 430
147 354
269 498
2 269
158 499
296 158
285 296
281 285
362 281
251 362
494 251
214 494
152 214
258 152
187 258
13 187
311 13
18 311
169 18
434 169
477 434
189 477
403 189
108 403
163 108
173 163
153 173
147 153
225 147
375 225
125 375
2 125
219 2
245 219
300 245
38 300
118 38
432 118
487 432
487 500
337 359 310 154 308 400 165 193 92 103 412 454 492 346 162 383 168 259 150 143 151 263 120 229 351 8 248 305 370 176 79 414 153 432 214 182 197 73 63 42 473 282 324 50 320 106 86 291 22 329 218 459 67 131 427 91 66 188 6 68 463 316 274 246 217 121 293 224 249 152 133 379 213 239 258 301 54 32 227 205 419 252 490 294 348 433 441 405 72 80 481 321 311 144 347 475 185 286 424 495 169 110 342 265 420 166 326 250 409 289 180 244 220 358 290 297 139 366 62 295 71 25 9 26 281 270 4 236 183 247 499 368 377 447 177 234 283 147 315 204 228 93 226 241 157 330 256 487 485 141 186 175 29 111 45 302 138 237 102 361 155 174 446 191 266 124 365 362 27 341 470 423 474 411 260 452 90 416 85 245 198 99 434 314 3 367 464 75 262 107 222 298 200 458 95 479 296 159 261 494 422 344 443 355 13 350 238 57 20 491 43 466 17 156 284 87 406 417 453 19 393 272 78 303 323 117 11 89 374 219 399 318 130 363 235 394 276 215 388 309 119 269 21 385 389 184 232 268 382 345 397 70 98 435 202 322 396 123 134 455 339 462 390 64 7 113 349 497 275 333 164 230 23 299 392 277 223 496 456 271 273 170 402 278 461 413 35 384 292 203 404 118 395 195 253 288 373 465 438 338 74 148 105 317 448 306 201 122 401 469 225 189 30 5 410 24 196 421 65 364 327 128 28 158 450 69 336 161 37 172 34 56 300 484 489 171 94 48 126 163 127 313 328 142 199 61 1 471 418 480 240 439 391 415 146 425 325 101 55 451 477 343 331 59 209 498 267 354 41 53 16 483 403 369 429 440 445 408 486 207 40 426 76 312 108 381 114 376 179 264 353 360 211 457 242 194 380 233 145 371 129 115 33 160 18 285 444 36 386 77 407 304 472 460 140 468 372 449 221 109 319 287 280 137 83 387 15 100 352 60 478 192 116 476 12 31 488 210 257 187 190 467 334 88 38 255 181 10 254 97 49 212 82 132 46 173 44 135 206 437 493 251 167 208 81 231 335 307 2 52 136 149 104 39 216 398 47 430 96 357 243 58 84 482 375 51 14 178 431 436 340 356 332 112 442 125 279 378 428
500 499
310 1
195 2
213 6
183 11
108 12
384 13
417 14
323 16
52 20
484 21
216 22
359 23
240 24
475 27
241 29
78 32
283 33
476 36
459 37
188 41
355 42
468 46
181 49
5 50
128 5
26 52
391 55
392 57
19 60
114 61
4 63
120 67
347 73
94 75
390 81
139 82
452 83
432 84
3 90
66 93
475 95
293 96
136 97
446 102
327 105
87 112
125 87
330 115
191 116
312 117
358 118
7 123
70 7
257 70
465 126
298 129
274 135
428 139
305 140
230 144
209 147
99 149
432 99
179 151
223 152
335 153
259 154
72 155
346 156
301 157
397 158
270 164
477 166
92 168
187 171
347 174
413 176
8 177
483 8
416 178
111 185
389 188
200 190
243 192
472 193
243 196
236 208
481 209
323 212
136 213
386 214
9 218
107 219
161 221
64 222
364 64
471 224
76 225
283 233
243 234
228 235
275 228
230 236
172 230
226 237
48 239
278 48
53 240
283 241
167 242
357 243
203 249
198 252
92 198
482 92
344 256
226 260
494 263
366 264
442 266
80 269
245 273
191 277
217 282
413 284
448 286
372 291
469 297
197 298
331 300
482 302
162 303
253 162
379 253
258 305
407 306
38 307
205 309
356 310
124 311
232 313
183 232
106 183
495 315
4 318
19 4
107 319
186 320
106 322
238 106
180 324
3 326
424 327
323 328
74 329
3 74
161 330
173 331
110 332
204 334
167 204
292 335
448 338
47 340
281 343
120 344
497 345
163 347
122 163
440 122
457 349
184 352
132 356
184 132
294 357
400 359
374 362
384 363
247 366
138 368
442 138
348 369
45 372
30 45
200 373
30 374
69 376
478 69
197 377
442 378
412 381
380 382
124 380
333 124
110 383
325 384
25 325
358 25
128 358
120 128
141 120
184 385
226 387
197 390
119 392
435 119
417 393
283 394
31 396
226 31
258 226
175 258
417 397
314 398
217 314
290 217
482 399
426 402
187 406
206 408
244 412
497 244
285 413
85 285
173 85
280 173
47 280
365 47
400 365
229 400
34 229
371 414
71 371
201 71
130 201
220 130
238 220
442 419
312 425
407 312
247 426
18 427
189 18
181 189
404 428
94 404
89 94
279 429
44 279
80 430
161 80
143 431
442 143
34 433
133 434
424 133
216 435
72 437
223 72
194 223
114 194
254 438
39 440
231 39
265 231
351 265
281 351
104 441
272 442
107 272
110 107
40 110
246 40
170 246
146 170
424 146
77 424
336 77
423 336
113 443
261 113
207 261
417 207
466 444
59 445
403 59
257 447
492 257
283 448
449 283
411 451
420 411
479 420
468 452
215 453
148 454
109 148
79 455
131 456
101 131
165 101
58 165
227 58
26 227
292 26
180 292
295 458
333 459
250 460
446 250
417 462
65 417
205 65
379 205
361 463
86 361
108 86
254 108
480 254
493 466
121 468
200 121
169 200
51 169
35 469
247 35
439 247
78 471
245 78
259 245
56 259
360 473
281 474
421 281
91 421
262 91
470 262
487 470
500 476
446 478
450 446
114 450
51 114
142 51
465 142
160 465
172 160
487 172
180 479
202 180
98 202
423 98
191 423
199 191
403 199
375 403
19 375
251 480
449 251
206 449
276 206
346 482
333 484
436 485
337 436
354 337
175 354
391 486
167 391
44 167
179 44
9 179
418 487
495 418
287 488
296 489
288 296
467 288
495 467
210 490
295 210
100 295
79 491
339 79
195 339
268 195
76 268
389 76
346 389
289 346
472 289
182 472
367 182
9 367
293 9
333 293
184 493
308 184
370 308
461 370
395 461
341 395
350 341
270 350
28 270
477 28
15 477
104 15
134 104
323 134
360 323
317 360
10 494
290 10
475 495
111 475
407 111
415 407
181 415
364 181
416 364
56 416
137 56
53 497
88 53
409 88
276 409
211 276
62 211
271 62
492 271
457 492
175 457
68 175
496 68
255 496
54 255
161 54
66 161
321 66
187 321
216 187
145 216
278 145
43 278
386 43
127 386
137 127
274 137
290 274
432 290
432 498
238 432
100 238
333 100
248 333
353 248
355 353
267 355
422 267
3 422
275 3
89 275
197 89
109 197
304 109
30 304
410 30
287 410
34 287
316 34
483 316
136 483
379 136
301 379
464 301
388 464
103 388
38 103
141 38
401 141
203 401
159 203
342 159
19 342
317 19
481 317
17 481
150 17
186 150
125 499
299 125
348 299
405 348
186 405
215 186
439 215
294 439
294 500
341 222 42 120 191 293 402 68 245 192 36 335 487 438 154 51 426 56 330 391 304 478 225 314 271 239 24 387 411 397 31 266 399 361 365 403 417 64 476 9 134 364 144 21 308 319 93 137 449 359 141 187 321 270 486 331 69 257 287 205 325 371 454 355 460 95 324 162 88 105 226 242 354 441 471 388 94 294 416 165 139 455 44 254 424 13 125 40 429 194 18 108 458 468 146 442 149 479 15 456 351 135 123 116 289 350 495 152 497 119 117 374 386 427 340 280 115 129 98 264 408 48 99 207 307 186 221 409 47 219 258 494 12 492 179 276 334 150 49 133 214 52 209 317 407 278 202 485 367 272 313 360 309 53 29 240 413 381 451 231 298 250 366 356 173 301 10 404 155 161 249 147 353 174 218 167 80 425 34 443 74 232 190 140 422 213 379 128 288 7 216 114 211 260 439 50 461 462 224 373 493 414 383 66 89 118 292 418 227 159 452 37 220 244 243 362 164 97 457 394 415 488 151 261 464 85 446 228 398 212 255 136 268 480 291 90 380 8 102 75 4 241 57 312 184 370 474 445 145 401 279 16 46 430 320 499 329 183 198 432 392 23 109 148 263 96 138 19 368 420 153 2 256 326 363 237 431 33 172 472 396 447 390 11 104 337 233 469 45 100 450 315 305 39 196 251 14 208 3 169 342 71 428 252 43 122 412 163 285 28 178 290 328 437 489 26 410 406 283 199 17 55 188 440 395 475 322 236 168 38 59 203 344 345 273 448 327 286 316 5 333 6 281 60 72 176 229 357 76 275 477 453 484 35 465 234 470 63 22 157 111 376 200 352 113 389 156 473 238 463 91 369 181 358 421 1 491 246 336 158 434 166 375 177 302 54 206 348 282 201 223 112 338 142 405 459 300 73 466 106 269 130 436 210 195 482 303 385 182 81 189 423 131 235 265 400 180 107 217 332 215 311 433 78 498 143 349 230 259 61 84 267 318 310 25 277 126 127 30 384 193 339 490 58 435 295 284 83 306 483 124 87 101 444 262 378 110 299 274 467 346 132 121 77 67 185 62 297 377 253 70 247 32 170 103 160 79 65 197 347 481 82 175 296 86 92 20 372 343 382 496 27 248 41 323 171 419 393 204
500 499
364 5
432 7
452 8
248 11
30 14
284 16
156 17
368 20
229 21
470 23
37 24
83 28
49 30
457 31
4 33
467 35
413 37
12 41
231 46
296 47
374 48
108 49
179 50
228 55
394 57
118 58
150 65
449 66
198 67
327 68
74 72
43 74
293 75
266 80
205 81
44 82
282 44
201 83
451 85
466 86
370 88
149 90
203 91
252 92
156 94
481 99
38 100
217 101
111 103
147 115
354 124
479 125
15 127
136 129
261 131
89 134
496 89
211 135
191 136
238 137
122 139
169 141
240 144
112 145
87 149
371 152
163 153
486 154
112 158
295 161
352 163
175 164
341 165
447 166
287 167
332 169
232 171
181 173
362 176
121 179
202 183
210 186
467 188
261 191
98 192
290 198
432 199
390 204
151 205
290 151
142 206
126 142
130 209
494 210
358 215
108 216
147 108
380 217
259 218
480 222
399 226
263 228
146 229
187 146
360 231
272 235
380 236
472 237
373 238
352 241
219 242
461 244
234 245
196 234
490 248
150 250
193 251
376 193
312 254
177 257
356 260
177 262
417 263
261 266
13 267
27 268
190 271
304 190
323 273
495 274
452 275
461 276
52 277
450 279
313 283
366 284
13 287
121 13
122 288
102 122
432 102
123 291
470 293
309 294
43 295
10 43
105 297
363 300
322 304
189 315
126 189
172 126
249 172
111 317
114 111
220 318
432 220
95 319
187 95
159 187
117 323
138 324
214 138
225 214
381 225
53 327
73 328
337 330
388 332
120 333
498 334
232 335
424 337
444 338
45 339
107 45
42 107
346 42
306 340
203 306
321 203
70 321
473 70
371 341
56 342
212 56
308 343
481 344
64 348
202 349
9 350
265 351
264 265
485 264
461 358
481 359
148 360
423 361
79 362
71 79
63 71
211 363
130 211
286 366
113 286
429 113
78 367
369 78
482 368
6 369
436 372
230 378
392 379
178 382
285 383
496 285
320 384
213 320
404 213
434 386
174 387
105 388
77 105
346 390
373 346
442 373
170 393
63 170
252 63
381 252
77 394
500 77
272 397
326 272
380 398
326 380
292 399
381 292
196 401
278 402
239 278
69 239
447 403
140 407
473 140
281 408
207 409
425 207
194 411
377 413
76 414
290 76
353 290
347 353
325 416
87 325
471 420
355 421
104 355
381 104
354 381
269 354
253 269
296 423
478 296
371 425
196 371
410 426
147 410
201 147
120 201
370 120
233 370
299 233
396 299
38 396
159 428
375 429
489 430
93 432
177 93
116 433
450 116
10 435
270 10
308 436
247 443
195 247
194 444
87 194
347 87
54 347
356 445
261 356
311 261
476 311
157 446
224 157
308 224
365 308
36 365
331 36
440 447
481 440
329 448
417 329
374 417
427 374
130 427
96 130
181 96
400 181
196 400
322 196
1 449
316 1
303 450
148 453
51 148
486 51
270 454
98 270
84 455
259 84
316 456
336 316
469 336
175 458
310 175
352 310
474 352
431 459
18 431
437 460
230 461
364 462
97 364
26 465
441 467
219 468
391 219
73 391
303 73
155 303
298 155
212 298
498 212
422 469
182 422
424 182
471 424
464 470
143 464
12 472
9 473
159 9
357 159
98 357
437 98
29 437
32 29
227 476
97 227
405 97
34 405
314 34
249 477
406 249
143 479
106 481
185 106
438 185
484 438
345 483
133 345
389 484
232 389
197 232
255 485
208 255
38 486
322 38
377 322
54 377
162 54
302 489
156 302
6 156
452 6
480 452
26 480
114 26
471 114
109 471
253 109
18 490
326 491
375 326
162 375
475 162
243 475
177 243
463 177
313 492
487 313
256 487
253 256
118 253
60 493
117 60
478 117
32 478
143 32
40 494
240 40
259 240
202 259
307 202
168 307
180 168
223 180
281 223
25 281
331 25
19 331
419 19
230 419
282 230
128 282
246 128
143 495
64 143
15 497
395 15
133 395
463 133
4 463
434 4
178 434
174 178
53 174
412 53
442 412
12 442
62 12
18 62
184 18
451 184
123 451
195 123
118 195
69 118
392 69
457 392
488 457
3 488
52 3
280 52
305 280
221 305
200 221
309 498
474 309
59 474
385 59
121 385
301 121
64 301
197 64
376 197
496 376
289 496
415 289
27 415
439 27
119 439
150 119
418 150
2 499
466 2
258 466
110 258
160 110
406 160
246 406
208 246
61 208
482 61
39 482
312 39
441 312
404 441
112 404
200 112
314 200
418 314
132 418
22 132
22 500
497 306 63 89 132 308 445 353 463 272 341 17 491 144 241 266 270 434 213 208 224 220 81 148 240 238 319 158 233 110 159 198 302 276 44 271 345 85 9 62 237 28 464 283 175 348 366 315 414 4 377 349 369 468 378 492 355 396 26 428 327 456 13 59 196 406 94 246 231 387 244 391 64 472 52 354 75 334 182 392 363 454 287 370 350 318 286 426 252 157 380 494 359 200 109 403 80 226 465 161 333 105 259 388 168 442 104 381 473 416 25 128 251 160 427 260 400 328 134 69 42 351 417 393 360 239 35 218 487 53 490 405 444 214 358 413 47 298 41 448 398 222 65 212 483 126 407 249 8 317 149 11 281 101 33 433 151 83 418 288 496 79 210 402 93 331 133 291 423 409 493 21 296 435 24 43 192 150 86 437 32 165 310 50 18 462 485 203 263 164 162 255 191 140 295 156 247 217 408 299 204 236 307 441 262 305 127 16 439 23 382 277 254 227 60 390 103 482 460 221 100 397 268 34 67 278 95 176 449 261 285 61 455 20 55 399 189 29 411 88 46 274 401 374 37 5 346 321 54 258 282 194 123 257 234 70 116 470 228 297 289 177 489 256 344 136 300 174 479 19 22 184 373 77 36 131 385 303 230 466 467 145 207 368 211 102 443 2 404 178 98 49 451 337 457 371 129 410 438 172 48 376 193 242 480 342 477 27 245 292 386 190 180 92 137 147 142 453 82 471 219 488 206 66 458 265 284 74 248 106 314 139 324 357 336 425 108 40 68 267 185 430 273 436 424 389 316 243 183 432 313 169 73 56 495 179 320 332 113 51 71 173 141 223 138 361 253 225 146 415 293 294 111 343 269 330 459 279 45 486 498 352 115 232 422 199 339 130 309 119 484 114 166 167 338 481 452 429 275 112 412 372 478 461 420 323 38 280 10 72 325 365 215 476 163 395 340 440 118 201 30 90 3 188 367 96 84 39 78 499 362 475 125 186 154 469 57 58 290 375 107 209 347 301 12 446 87 419 1 229 431 326 143 329 195 383 379 117 31 153 187 304 216 124 421 264 205 312 202 6 120 394 97 76 122 250 171 155 450 15 197 7 384 322 152 364 356 135 14 235 91 99 170 447 181 311 335 474 121
500 493
126 2
253 3
267 5
90 6
187 10
242 12
20 21
479 24
178 25
92 27
139 28
474 35
284 36
500 39
23 40
448 41
37 46
484 37
462 51
172 58
367 62
69 64
483 68
106 69
292 71
381 73
408 77
388 78
85 79
257 82
401 83
120 84
1 86
336 1
303 90
328 94
278 97
219 103
386 105
241 109
136 114
315 115
167 116
221 118
284 119
266 120
423 123
485 128
70 132
350 137
22 138
59 22
467 140
176 141
60 145
76 146
336 147
26 150
488 151
444 155
389 157
314 161
156 162
273 164
152 165
489 152
351 166
108 168
107 108
156 169
315 156
400 172
381 173
379 174
295 180
113 185
378 187
81 191
153 81
354 153
318 192
225 195
437 197
371 200
34 203
80 34
349 204
308 205
143 206
101 208
267 209
224 210
477 211
219 215
126 219
339 221
389 225
307 227
129 228
233 129
404 230
355 233
255 234
101 238
250 101
408 241
201 245
214 201
244 214
489 248
19 254
57 255
342 256
89 258
479 89
365 261
17 262
142 263
121 142
149 121
401 265
488 266
61 267
250 61
337 269
170 270
96 170
7 96
139 272
350 139
127 273
63 275
464 276
232 277
66 278
478 280
330 283
30 286
131 30
312 131
300 287
339 288
492 292
65 294
72 295
31 296
133 297
75 299
130 75
189 130
428 189
80 301
459 302
229 304
475 229
133 305
403 306
319 309
461 310
451 311
199 314
198 199
53 198
250 316
239 318
373 319
257 322
317 257
57 324
442 57
236 331
348 236
380 332
282 336
381 339
66 341
222 343
370 344
42 346
247 42
47 247
133 47
222 133
87 222
312 347
212 312
87 348
357 87
49 350
184 49
329 184
433 352
55 356
436 358
313 360
407 362
54 363
212 366
143 367
394 368
483 370
439 372
136 373
293 374
364 293
50 364
104 376
237 104
32 378
158 379
18 158
397 380
419 381
182 382
179 383
176 384
196 176
427 386
23 387
99 388
186 99
335 186
76 390
85 391
289 85
167 289
321 167
113 321
144 392
264 144
240 393
407 240
313 394
93 396
16 93
175 397
326 175
307 398
451 401
313 402
308 403
52 404
213 52
443 213
67 406
45 407
92 45
438 408
235 409
328 235
106 328
194 106
342 414
63 415
135 416
473 135
444 419
163 420
100 163
412 100
177 412
149 421
252 423
242 425
190 242
177 190
475 177
11 428
220 430
14 220
126 433
342 126
56 342
43 56
472 436
207 437
413 439
317 441
196 442
338 196
282 338
410 282
469 410
178 443
353 178
80 444
88 80
183 445
389 183
400 389
434 446
32 434
357 32
224 450
92 224
54 92
298 54
473 298
361 451
355 361
181 453
354 181
395 354
284 395
435 284
23 435
246 23
424 246
427 424
418 427
471 456
202 457
308 202
154 458
70 461
307 462
260 307
455 260
417 455
102 417
110 102
231 110
239 231
122 239
449 122
448 464
463 465
127 463
134 127
323 134
334 323
193 334
426 193
7 426
440 7
8 440
313 8
20 313
15 20
70 15
117 466
469 117
70 467
400 70
473 400
50 468
43 50
486 43
290 469
422 290
250 422
14 470
353 14
359 353
16 359
345 16
475 471
405 472
377 405
226 377
4 473
418 4
218 474
124 476
449 124
329 477
48 329
76 48
159 76
31 159
67 478
429 67
333 479
136 333
375 136
475 375
413 480
148 413
447 481
349 447
31 349
259 31
33 482
243 33
449 483
300 449
264 300
253 264
113 253
271 113
498 271
357 484
250 486
315 250
38 315
237 38
160 237
29 160
351 29
274 351
63 487
18 63
243 18
66 243
337 66
65 337
252 65
308 252
345 488
91 489
303 91
330 303
268 490
17 268
44 17
182 44
475 182
274 475
327 274
326 327
355 326
207 355
259 207
194 259
448 194
429 491
53 494
330 53
98 330
418 495
149 418
218 149
223 218
459 223
26 459
460 496
60 460
19 60
345 19
385 345
251 385
179 251
285 179
281 285
72 281
357 72
226 357
498 226
125 497
98 125
154 98
217 498
291 217
399 499
95 399
249 95
448 249
216 448
411 216
317 411
452 317
88 452
279 88
74 279
11 74
454 11
244 454
111 244
26 111
107 26
112 107
308 112
429 308
365 429
171 365
212 171
143 212
154 143
55 154
335 55
325 335
371 325
431 371
340 431
291 340
493 291
438 493
320 438
492 320
148 492
13 148
9 13
432 9
59 432
232 59
188 232
485 188
369 485
369 500
329 200 458 208 212 494 18 288 33 181 146 92 14 302 338 148 108 165 94 484 308 59 102 282 423 223 364 380 73 170 465 418 63 467 334 355 404 16 268 441 274 289 260 403 410 244 476 189 267 417 313 272 222 211 303 247 385 30 19 406 225 386 149 93 347 466 62 115 427 411 178 407 89 248 75 79 10 5 183 80 105 371 106 415 483 372 485 209 359 215 345 332 131 442 448 196 175 174 48 317 456 277 220 136 314 142 55 341 74 424 173 287 486 245 194 254 109 141 365 304 85 333 344 256 381 323 47 373 122 340 31 335 384 166 475 239 68 444 42 130 233 71 283 177 60 253 160 90 232 45 454 229 22 27 374 280 429 259 207 394 265 327 358 219 440 118 261 435 28 169 353 279 366 13 186 176 20 391 439 262 123 451 269 443 99 401 87 221 171 426 32 309 264 405 468 86 155 420 24 325 57 286 83 292 124 431 25 138 213 300 470 471 2 377 478 202 310 438 348 295 132 206 240 144 119 128 477 493 370 362 497 285 243 291 296 402 315 430 349 326 319 15 337 214 455 278 77 163 433 140 350 487 116 46 6 101 480 158 257 474 361 218 7 4 473 490 120 197 167 180 318 56 266 111 9 184 203 188 95 255 412 369 182 298 250 270 84 76 321 339 36 290 492 11 161 17 8 147 39 396 168 397 238 154 351 498 157 322 413 235 70 125 205 252 271 495 198 469 236 91 113 457 387 307 230 204 294 66 162 241 356 320 139 460 100 400 383 172 258 88 1 330 376 23 293 328 422 107 135 398 389 69 199 416 301 37 297 228 316 234 251 343 143 121 38 34 281 273 126 41 242 360 393 50 378 312 40 367 3 246 150 217 284 463 134 357 81 98 216 408 453 12 129 159 96 227 164 231 452 127 421 447 43 64 276 185 21 263 210 414 464 133 299 491 44 54 156 450 363 145 104 193 459 336 388 58 488 311 110 201 428 187 53 82 499 399 354 191 195 479 151 461 331 368 226 375 224 65 67 29 249 103 482 137 324 496 436 305 395 489 382 409 26 445 97 117 52 49 419 152 190 179 306 449 114 481 72 275 390 192 472 425 379 61 437 446 78 346 434 237 342 352 432
500 481
231 3
464 5
244 9
38 10
154 11
441 13
293 14
455 17
150 19
454 26
410 30
258 32
267 33
335 36
240 39
28 41
257 42
225 53
470 56
500 59
491 60
457 61
55 62
91 67
20 70
84 73
72 74
231 72
394 77
329 83
75 84
184 85
173 86
338 88
333 89
6 91
489 93
407 95
332 96
494 97
458 99
222 100
458 102
497 104
197 106
181 109
484 111
471 117
18 119
263 121
164 122
177 123
52 124
31 52
328 125
172 127
447 131
92 137
260 140
71 142
58 71
399 58
16 143
197 145
313 146
64 148
103 64
333 149
385 150
393 159
57 161
220 164
323 165
481 167
22 171
107 22
369 173
263 174
401 176
114 177
212 179
404 183
491 184
110 185
399 187
481 188
449 191
455 192
454 193
46 199
281 201
235 202
48 206
492 207
378 211
345 213
374 215
333 216
118 219
23 223
398 225
98 226
399 98
57 229
105 57
340 105
272 232
160 233
205 237
68 241
92 242
340 92
456 243
369 244
23 249
94 251
367 252
393 255
48 256
286 259
267 262
37 263
43 37
414 43
468 264
1 265
101 266
21 272
277 274
128 276
311 279
429 280
157 281
342 157
235 282
482 283
325 286
477 287
15 288
468 289
267 291
464 267
44 298
261 44
349 300
8 304
144 8
101 305
468 101
269 310
424 269
172 311
114 312
294 313
383 294
203 314
40 203
392 320
429 324
20 327
196 329
180 196
321 331
25 332
180 334
54 335
160 337
409 338
178 340
254 178
224 254
292 224
18 292
299 341
449 342
429 343
47 344
107 346
103 347
15 103
278 15
333 348
461 350
257 351
113 257
190 352
80 355
29 357
306 29
151 358
31 151
218 31
297 359
374 297
209 361
133 363
2 133
373 2
322 364
236 365
360 366
27 360
21 369
234 370
175 371
130 372
475 130
317 376
47 317
277 377
295 277
181 295
402 379
27 380
316 27
318 381
6 383
114 6
318 384
417 318
401 386
54 387
246 388
339 246
447 339
132 389
449 132
21 390
460 21
79 392
481 393
154 394
147 395
446 401
212 402
65 212
236 403
464 236
463 404
204 405
227 204
462 227
160 406
374 160
107 374
481 107
260 407
410 409
484 410
217 411
362 412
197 362
25 197
435 25
230 414
368 230
431 415
309 416
399 309
323 417
495 323
336 419
373 336
48 373
68 420
69 68
76 421
114 76
139 114
217 422
303 217
46 303
493 423
499 424
214 425
90 214
45 90
302 426
473 302
397 427
275 429
368 430
455 368
172 431
46 172
4 46
47 4
328 47
163 328
209 163
418 432
169 435
40 169
473 437
235 438
156 235
378 156
391 378
110 391
154 110
367 154
433 367
1 433
28 439
273 28
399 440
234 399
493 234
308 442
210 308
195 210
299 195
12 299
301 443
413 301
138 413
441 138
464 445
466 448
115 451
65 115
220 65
238 452
418 238
434 418
205 434
290 456
228 290
349 457
40 349
260 40
66 260
24 66
189 24
49 458
345 459
261 345
326 460
75 326
428 461
333 428
253 333
75 253
408 75
494 462
222 463
128 465
175 128
1 466
495 467
398 469
189 470
268 189
487 268
208 471
306 208
209 306
228 209
250 228
51 250
258 51
16 258
296 473
245 296
155 245
144 155
293 474
240 476
35 240
16 35
49 16
118 49
79 118
180 79
168 180
1 168
293 1
354 293
408 354
400 478
398 400
34 480
63 34
135 63
397 135
325 397
479 325
190 479
382 481
186 482
472 186
330 472
247 484
316 247
81 316
436 81
319 485
38 486
231 487
408 231
198 408
166 198
285 166
271 285
194 271
222 488
446 489
261 446
321 490
270 321
54 270
20 491
385 492
248 385
69 248
356 493
222 356
494 222
239 494
116 239
80 495
468 80
218 468
136 218
454 136
307 454
464 307
181 464
48 181
319 48
18 319
382 18
450 382
162 450
141 162
55 496
38 55
139 38
261 139
449 261
375 449
444 375
453 444
447 453
20 447
221 20
205 221
152 205
45 497
82 45
144 82
175 144
275 175
273 275
170 273
220 170
190 220
153 190
87 153
194 87
126 194
152 126
322 152
112 322
120 112
54 120
147 54
315 147
12 315
116 12
50 116
23 50
477 23
134 498
141 134
398 141
441 398
69 441
94 69
455 94
129 455
158 129
7 158
108 7
475 108
477 475
396 477
353 396
284 353
483 284
436 483
78 436
182 78
200 182
500 200
113 499
330 113
278 330
278 500
59 11 307 335 396 41 62 250 277 292 427 3 224 39 207 14 216 196 194 447 399 60 478 93 160 231 260 149 155 419 385 425 485 256 77 132 290 321 225 486 310 445 479 344 457 58 45 495 192 381 176 466 378 122 426 137 212 159 30 430 99 449 8 336 303 17 397 443 253 76 96 94 119 101 183 125 121 198 97 318 372 33 127 365 113 134 285 87 471 359 47 81 6 460 12 38 413 314 162 315 188 431 37 428 322 214 221 348 497 274 441 455 52 325 376 461 83 219 490 126 343 462 235 44 67 353 204 311 245 411 363 139 276 319 472 144 148 420 179 284 156 228 168 437 341 84 131 367 240 459 135 323 66 145 270 377 266 123 393 220 398 195 152 301 104 320 394 329 173 286 384 43 370 484 405 278 211 65 282 316 422 291 357 16 116 15 412 298 475 296 200 289 223 403 110 13 157 432 345 302 389 42 49 174 383 333 442 154 429 463 388 165 317 205 409 133 491 456 488 74 404 85 190 382 20 32 436 153 2 408 215 371 433 446 227 55 106 356 482 27 379 136 313 151 295 237 406 395 423 71 465 269 217 169 82 146 114 172 444 143 70 368 36 338 206 255 414 332 252 229 453 175 421 483 40 150 53 89 387 210 248 187 349 498 340 469 272 128 108 213 117 402 222 473 258 434 111 294 92 26 241 141 331 56 440 304 374 300 103 138 306 366 185 193 450 342 177 68 79 243 326 244 161 328 171 107 24 279 458 7 163 118 25 51 391 487 34 109 390 184 309 166 9 351 438 477 18 339 259 164 54 494 451 448 275 142 280 424 140 46 28 418 358 361 102 178 10 354 181 415 233 262 189 257 439 78 352 407 232 246 254 218 48 499 360 186 347 267 468 364 288 464 305 452 249 124 287 242 476 31 380 63 261 283 115 199 334 410 350 297 470 489 35 337 158 346 21 273 75 299 167 191 201 57 4 100 265 182 492 312 130 95 180 64 392 72 247 129 327 251 375 268 401 417 50 234 435 19 239 197 230 308 1 208 454 264 324 112 416 209 69 493 238 496 90 330 480 120 170 5 481 373 467 22 91 369 29 400 203 105 202
500 495
336 2
253 3
230 8
421 9
225 10
221 11
42 16
359 18
142 20
459 21
32 22
243 24
293 25
352 28
270 29
150 30
486 31
262 35
163 41
406 45
101 47
154 48
481 49
497 50
476 51
283 53
144 55
281 56
483 60
108 61
305 62
38 66
73 71
110 76
220 77
335 80
494 86
191 89
338 90
73 91
239 93
276 98
19 99
318 19
236 100
85 102
101 85
92 103
282 92
216 106
87 107
451 108
278 109
333 111
319 114
318 115
136 117
116 119
365 120
359 122
493 123
14 126
426 144
462 145
121 148
124 121
381 124
298 149
133 151
203 153
177 154
417 159
383 165
339 167
209 172
39 174
57 175
351 176
287 179
38 185
134 38
322 186
34 187
257 34
329 188
401 189
380 192
320 197
116 198
271 116
325 201
258 204
322 205
392 208
209 211
280 213
361 218
475 219
130 222
499 223
433 228
52 229
224 52
17 224
287 231
118 232
43 236
36 43
58 238
406 239
44 240
166 44
162 241
210 243
265 210
388 249
424 251
207 252
248 207
264 248
203 253
424 254
300 255
334 257
190 259
500 260
184 264
278 266
348 267
40 269
46 40
437 46
59 272
230 59
6 230
199 6
377 275
395 279
324 280
340 284
134 286
14 134
389 14
451 291
372 292
435 303
162 305
268 162
274 268
402 308
492 309
128 310
437 314
133 315
142 133
164 142
170 164
141 320
479 141
434 322
290 323
169 327
477 328
428 331
304 332
262 336
131 262
382 339
23 340
433 342
356 343
420 344
42 345
128 42
13 346
354 348
490 350
158 353
351 158
26 351
171 26
462 354
451 355
494 358
183 364
412 183
408 368
63 369
105 63
200 372
84 374
431 84
128 377
388 128
456 378
212 379
261 212
466 384
215 386
23 215
65 23
169 65
307 169
237 388
432 237
39 390
468 39
242 391
163 242
181 163
347 181
441 394
295 395
459 295
245 396
1 245
104 1
96 104
289 96
487 289
271 399
419 271
261 400
473 261
196 406
489 407
397 408
37 410
177 37
196 177
463 411
220 412
397 220
293 397
302 413
484 415
274 416
79 417
375 79
367 418
127 367
454 127
363 419
265 420
199 265
246 199
442 246
209 422
152 423
461 152
365 424
161 426
125 429
180 125
297 180
425 297
196 425
478 431
334 432
72 334
97 72
15 97
74 15
375 74
405 375
235 433
363 434
4 436
203 437
361 203
64 361
113 64
491 113
440 438
349 439
170 349
118 170
73 118
362 73
139 362
335 139
299 335
389 440
371 389
321 371
194 321
456 194
302 441
67 302
69 67
135 69
392 442
247 443
256 444
304 445
83 304
184 446
402 184
276 402
398 448
244 452
316 244
273 453
324 273
370 324
500 370
95 454
401 95
156 401
7 156
110 456
221 110
202 458
471 202
235 459
435 235
313 435
477 313
451 460
288 451
190 288
285 190
470 285
5 461
129 5
214 462
33 463
337 464
326 337
171 326
457 171
256 457
155 256
356 155
398 356
221 465
376 221
409 466
112 409
385 469
365 385
381 365
281 381
325 281
316 325
36 470
173 471
404 472
217 474
178 475
301 476
447 477
263 447
338 263
405 338
428 405
166 428
316 166
278 316
83 278
283 479
500 480
276 481
468 483
94 468
13 94
137 13
143 137
217 143
366 484
360 366
274 360
70 485
300 70
455 300
247 455
105 247
414 105
78 414
347 78
359 347
296 359
234 296
404 234
132 404
393 132
299 393
7 486
138 7
449 138
294 449
147 487
312 147
287 312
83 488
277 83
216 489
491 216
12 491
274 12
161 274
178 161
112 492
136 112
214 136
81 214
17 81
101 493
329 101
290 329
195 290
182 195
209 182
27 494
450 495
398 450
352 398
157 496
200 157
168 497
130 168
330 130
333 330
352 333
88 352
283 88
341 498
307 341
382 307
299 382
150 499
270 150
317 270
430 317
227 430
160 227
217 160
387 217
294 387
233 294
421 233
135 421
282 135
27 282
54 27
311 54
206 311
57 206
200 57
82 200
293 82
131 293
301 131
357 301
403 357
287 403
87 287
376 87
258 376
427 258
306 427
68 306
75 68
380 75
36 380
196 36
225 196
209 225
276 209
283 276
490 283
478 490
4 478
129 4
173 129
33 173
58 33
373 58
277 373
193 277
318 193
140 318
32 140
146 32
191 146
473 191
17 473
298 17
178 298
299 178
467 299
392 467
482 392
250 482
319 250
383 319
226 383
363 226
363 500
497 36 157 499 19 376 386 480 2 24 354 247 119 27 495 22 100 373 73 275 205 226 496 127 381 262 390 416 336 365 189 349 417 363 4 286 140 485 392 280 328 484 333 243 85 234 265 438 131 264 6 71 61 238 478 464 105 409 342 175 420 237 350 294 145 222 429 216 481 50 314 284 46 281 23 463 181 346 44 94 487 483 446 498 70 293 267 490 270 269 385 310 26 382 178 434 164 401 318 462 117 60 465 331 337 136 312 154 173 104 256 449 21 289 96 366 309 75 425 395 51 200 29 128 103 90 323 246 468 228 35 223 428 79 435 471 42 122 87 426 37 315 209 372 393 419 422 92 383 321 482 232 77 98 62 102 266 32 371 152 459 149 95 259 299 351 241 134 460 282 212 180 338 76 411 317 114 330 296 398 219 12 132 45 414 97 306 204 65 249 276 391 263 146 394 31 273 274 389 313 80 161 324 201 442 64 305 101 271 235 208 215 491 445 148 356 169 461 86 41 162 13 168 177 11 450 288 452 302 477 99 339 436 106 475 369 15 404 72 303 30 20 135 225 111 341 141 399 287 74 378 458 224 116 190 472 368 260 84 147 112 78 448 185 474 28 93 469 67 418 408 69 165 415 326 467 245 82 397 423 203 374 253 322 430 486 277 170 244 242 319 410 196 129 240 158 53 334 151 9 160 143 47 227 195 220 405 344 120 17 424 311 133 268 217 367 297 156 199 109 347 250 466 332 388 353 5 370 107 304 8 89 150 454 307 329 1 290 361 357 343 396 179 211 16 231 210 110 402 377 375 380 400 113 443 252 183 479 186 387 285 172 115 248 473 257 130 38 457 432 202 108 184 348 7 137 194 427 49 433 451 174 206 258 167 14 68 493 233 159 139 406 81 188 43 413 345 3 437 431 470 57 88 360 63 364 255 218 352 229 176 489 34 221 59 193 55 335 125 10 476 58 254 155 301 272 320 447 384 251 171 213 441 187 123 153 340 278 126 239 25 52 279 456 48 421 359 192 355 39 407 138 492 261 182 444 440 66 292 83 18 144 325 283 455 214 191 236 453 412 298 308 142 40 362 56 166 295 33 230 358 124 439 494 316 300 198 91 163 488 403 379 207 118 327
500 497
157 2
8 3
144 5
146 8
99 11
402 12
357 13
420 15
345 18
336 22
499 23
219 25
14 27
106 14
497 31
243 35
28 38
376 28
112 45
284 47
493 52
76 54
210 60
131 64
464 65
58 66
55 67
122 69
279 70
226 73
391 79
455 89
399 92
381 101
290 107
373 113
401 117
21 118
230 21
87 120
240 87
336 121
273 123
59 129
37 59
49 37
312 49
319 132
306 133
428 136
1 140
376 1
115 141
160 146
286 148
34 152
9 34
100 9
72 154
169 156
410 160
75 161
240 163
275 166
10 167
342 168
125 170
212 125
460 171
355 172
341 173
297 176
29 178
108 179
100 108
17 100
421 183
272 186
336 189
115 191
253 192
130 198
343 204
398 209
116 210
20 116
347 215
360 216
230 218
213 220
341 223
435 225
30 226
111 30
227 111
143 227
126 231
175 233
214 175
486 214
33 235
400 33
312 236
138 238
72 138
331 72
32 239
447 249
122 250
466 251
181 252
55 254
282 255
200 256
6 257
396 6
217 258
362 217
213 259
305 260
489 261
126 262
200 263
157 265
492 266
159 270
7 159
394 274
43 275
230 43
372 230
267 276
139 277
500 139
362 279
479 280
407 281
241 284
401 241
308 286
424 288
51 289
71 291
53 71
300 53
193 293
63 295
384 296
119 297
304 298
273 299
269 300
486 269
478 302
247 304
385 247
370 307
182 308
272 314
164 316
57 164
441 57
311 321
400 326
442 328
264 329
320 264
83 320
124 330
147 332
411 336
428 338
143 339
319 341
7 319
195 343
439 195
197 344
493 197
361 345
283 346
242 347
294 242
441 348
331 350
97 331
325 352
245 354
398 245
40 357
42 361
29 365
313 29
143 313
408 143
479 366
194 368
446 194
388 370
406 372
206 373
272 206
355 272
456 355
500 375
287 377
376 287
188 379
303 188
149 381
468 382
356 383
376 356
278 376
208 384
315 208
378 385
311 378
99 311
93 99
84 386
193 84
149 193
50 387
470 50
4 392
221 4
134 396
292 134
333 292
492 397
153 398
454 153
380 399
76 400
91 401
246 91
90 246
306 90
364 306
301 364
68 301
244 68
303 402
78 303
362 78
420 403
237 404
342 406
205 407
127 410
135 127
102 135
182 102
122 182
10 122
200 412
268 200
180 413
457 415
155 417
322 418
46 322
318 46
142 419
499 142
114 420
273 114
77 273
212 77
482 212
359 421
460 359
490 422
450 423
145 424
110 145
325 425
437 325
119 427
39 428
130 39
119 130
97 119
110 431
181 110
324 432
213 324
112 213
312 436
333 312
10 333
151 437
199 151
414 199
243 438
464 439
405 441
42 405
174 442
202 174
85 202
74 444
358 74
196 358
443 446
389 447
434 389
367 434
207 367
474 207
131 448
285 453
26 454
190 26
94 455
187 94
232 456
388 232
371 388
317 457
495 317
150 458
371 150
177 459
82 177
98 82
155 98
471 155
499 461
443 462
371 463
147 371
334 464
88 334
16 465
433 16
88 433
181 88
190 181
85 190
61 85
318 61
435 318
105 435
97 105
393 97
390 393
450 466
451 450
44 451
221 44
471 467
337 469
185 470
219 185
395 219
157 395
416 157
83 416
95 472
76 95
493 76
411 473
10 411
62 10
267 62
201 267
452 201
203 452
374 203
394 374
268 394
449 268
426 449
390 426
234 390
248 234
362 474
109 476
17 109
340 477
42 340
362 42
106 362
271 106
493 271
278 479
363 278
196 363
211 196
445 211
41 445
248 41
224 480
290 224
471 290
149 471
180 149
158 180
380 481
75 380
253 75
349 253
353 482
285 483
128 484
228 485
112 228
86 112
248 86
184 486
294 184
369 294
349 487
478 488
126 478
51 126
430 51
169 430
144 169
369 144
48 369
335 489
248 335
104 248
96 490
48 491
20 48
244 20
337 244
494 337
409 492
349 409
24 349
7 24
222 7
240 493
131 240
498 494
36 495
243 36
131 243
282 131
408 496
305 408
81 305
93 81
80 93
55 80
124 55
83 124
63 83
498 63
237 497
165 237
56 165
283 56
282 498
222 282
283 222
137 283
96 137
429 96
443 429
58 443
229 58
40 229
205 40
327 205
19 327
115 19
460 115
475 460
187 475
103 187
440 103
32 440
147 32
104 147
315 104
310 315
468 310
360 468
342 360
158 342
128 158
353 128
285 353
221 285
17 221
162 17
351 162
414 351
309 414
391 309
323 391
323 499
323 500
116 188 130 263 224 149 158 134 398 414 65 342 172 367 495 346 97 306 322 72 74 250 257 391 415 165 270 419 55 266 392 28 459 159 299 178 494 489 235 397 421 413 57 475 461 119 13 254 232 100 162 249 222 218 76 420 393 53 138 285 18 137 445 3 226 256 313 24 46 102 362 488 380 40 359 261 456 120 258 189 341 133 282 229 25 85 108 33 148 156 197 412 336 487 437 387 468 95 300 355 436 318 58 281 61 96 170 463 348 269 73 247 482 208 245 246 343 272 465 442 328 337 303 396 135 166 16 201 29 291 160 427 210 466 339 473 407 220 302 390 82 123 194 228 476 439 438 221 491 200 363 209 50 177 219 199 5 356 447 110 77 454 327 329 45 124 180 66 118 157 67 51 10 331 335 198 231 202 443 446 141 196 38 7 469 4 182 17 379 350 19 131 140 425 163 153 462 214 115 225 234 296 441 458 417 330 99 22 128 320 332 284 93 255 36 167 455 451 59 375 27 191 364 405 353 301 368 44 388 384 271 338 213 321 69 268 294 389 406 112 484 54 340 35 233 273 277 310 34 365 98 253 179 171 15 418 215 288 449 2 1 147 88 457 12 104 41 132 78 492 237 26 86 370 287 92 432 264 113 366 106 248 14 333 381 401 21 89 361 307 403 47 278 173 260 174 486 151 129 107 481 121 240 223 31 187 372 360 280 344 70 499 477 49 430 267 81 394 136 230 193 371 305 479 409 435 83 43 139 84 496 423 408 478 101 315 195 251 434 190 71 252 20 382 239 347 326 352 52 56 308 117 186 105 317 238 354 411 453 23 111 467 265 103 87 68 460 155 212 429 122 386 175 242 399 325 369 274 114 493 275 345 440 184 91 395 206 480 48 448 474 316 298 351 227 150 483 125 63 289 204 402 297 6 410 378 400 161 181 323 472 37 324 152 145 490 243 290 183 79 62 164 244 154 428 450 30 90 416 236 377 422 216 75 426 217 126 42 292 404 311 168 11 304 309 127 314 207 373 205 431 259 109 334 185 203 376 374 262 192 357 497 211 286 60 385 80 283 433 143 144 295 349 452 293 94 464 312 146 142 32 319 498 471 276 241 9 169 176 485 358 424 64 444 8 279 383
