744 8555
5 27
7 324
11 17
5 191
2 626
1 243
6 343
5 323
7 701
1 365
145 21
7 516
9 32
387 78
5 606
211 185
3 392
4 18
7 290
7 20
2 191
1 626
517 168
4 681
6 453
2 595
8 447
3 121
6 390
11 110
26 23
7 337
1 310
7 196
524 63
10 504
5 219
3 30
10 329
7 558
176 74
11 52
9 232
11 324
22 5
9 626
67 2
6 623
5 72
6 252
3 431
7 117
2 636
7 351
4 291
11 339
3 272
2 740
6 587
9 96
4 367
4 220
11 362
4 21
2 462
10 254
7 397
8 198
638 496
10 340
6 502
9 720
1 54
4 313
4 507
5 704
5 281
7 111
2 138
4 193
4 552
3 577
7 251
11 237
223 57
2 440
9 701
4 454
2 380
5 234
6 317
8 382
7 429
1 278
7 675
8 734
8 440
1 192
694 466
10 98
7 744
9 666
5 213
10 398
11 84
4 398
4 685
481 45
4 464
1 18
4 368
5 225
196 152
9 705
8 474
10 259
4 11
4 127
2 642
6 306
10 544
8 578
2 448
2 599
8 433
676 89
5 342
11 274
8 743
9 165
7 657
5 434
8 395
10 557
4 333
3 401
2 730
7 237
2 406
1 101
2 101
5 293
7 298
3 341
8 394
8 475
6 730
596 428
3 43
8 74
3 643
658 428
10 559
9 441
6 189
6 4
9 43
8 583
6 476
1 129
6 636
4 216
9 618
2 181
3 102
11 354
2 268
2 557
4 714
11 376
3 204
7 355
7 503
7 489
14 3
4 281
485 179
4 152
337 118
9 161
9 587
8 460
10 33
3 230
4 253
10 392
11 318
7 624
2 735
10 88
4 95
11 357
1 395
1 53
4 370
576 353
555 143
6 104
10 688
5 146
520 177
3 395
10 284
8 308
8 182
9 623
10 260
2 349
357 225
692 593
6 187
6 425
1 122
10 470
3 415
5 275
5 493
6 551
3 258
60 17
7 739
9 377
3 352
9 283
1 420
2 661
6 314
9 454
7 678
1 438
1 693
10 727
1 400
3 174
7 622
4 669
10 503
10 649
2 566
2 339
4 696
11 45
10 711
4 627
5 240
7 455
9 91
6 10
8 744
2 108
2 569
4 668
11 363
3 112
9 729
4 477
5 490
107 2
4 447
7 266
10 475
6 704
5 50
4 12
1 629
4 604
10 598
6 411
11 310
6 156
8 415
8 52
4 474
4 211
11 59
8 383
5 639
9 736
5 671
8 532
2 301
8 280
318 134
5 9
9 240
3 422
121 36
2 187
3 619
3 284
6 523
8 251
410 237
4 536
8 596
2 698
6 468
11 100
2 203
6 57
9 716
4 705
8 276
1 706
8 208
6 348
5 598
237 156
10 469
5 474
5 25
1 103
2 184
744 415
1 408
737 704
5 267
340 120
6 257
1 137
2 258
10 743
4 594
9 486
531 519
6 588
8 713
3 194
1 13
1 349
10 444
11 161
2 447
2 375
6 668
1 311
10 487
6 514
7 591
2 55
10 205
5 154
1 98
1 94
10 634
9 293
8 56
4 167
1 665
2 423
2 78
7 578
8 104
9 432
8 424
10 713
466 463
2 586
7 15
2 461
7 721
8 277
2 291
126 11
5 735
5 513
4 186
1 120
9 394
9 619
8 298
8 436
28 5
9 739
7 402
57 18
6 392
8 338
3 582
2 190
7 524
1 85
10 320
3 409
11 14
4 304
4 275
6 388
5 3
7 569
8 451
1 25
1 273
10 120
8 108
5 605
10 637
10 613
4 295
341 220
11 387
4 69
1 315
7 125
3 36
6 407
651 238
5 231
11 113
4 430
6 457
5 345
2 436
191 81
11 150
8 501
4 229
8 290
3 355
2 634
10 240
2 319
10 40
6 75
8 566
4 194
7 179
9 713
6 35
700 363
9 185
7 295
2 23
672 294
2 294
11 249
10 292
2 250
10 223
5 208
7 704
10 227
8 428
5 266
6 619
1 555
5 651
5 636
9 344
1 317
4 71
4 482
8 690
7 447
1 172
2 357
4 558
2 574
11 23
27 9
4 662
8 549
4 695
6 727
2 412
5 34
4 504
3 70
4 544
4 460
550 77
7 470
6 5
4 180
8 525
8 626
8 392
10 471
4 590
2 443
3 364
10 399
10 412
8 628
5 484
7 51
1 121
8 700
5 367
9 444
3 715
7 369
8 256
6 168
9 571
9 511
5 61
7 24
2 97
5 118
1 156
3 712
1 462
2 373
10 534
9 539
10 680
1 204
4 628
10 248
5 318
2 441
6 366
95 25
4 506
4 595
8 724
8 192
6 692
9 189
173 139
8 388
114 16
1 711
4 60
10 463
9 138
1 418
3 641
10 517
5 254
329 101
7 230
7 383
41 10
527 193
11 88
1 308
7 384
3 96
6 364
6 565
3 579
8 541
6 159
6 447
9 15
5 731
458 135
6 76
115 62
6 199
516 107
3 685
8 98
3 665
8 420
532 158
6 204
10 63
8 81
6 153
10 565
8 715
5 257
7 559
7 93
595 579
3 59
10 549
2 507
7 629
2 178
4 201
4 357
11 34
152 49
2 439
5 355
2 713
9 71
8 82
5 407
9 603
3 631
248 36
3 301
7 334
2 644
1 373
6 671
11 157
7 102
8 7
4 435
5 93
7 472
1 611
1 180
9 35
4 561
8 365
5 669
5 708
6 382
10 310
7 737
11 230
8 431
3 623
179 103
2 366
4 494
10 671
11 267
8 291
1 661
5 147
5 663
2 588
11 288
9 727
2 87
7 487
11 289
4 645
17 16
11 94
3 134
4 323
8 255
11 208
3 673
556 468
1 165
4 392
2 163
6 219
1 513
1 343
7 191
2 286
1 455
7 73
11 328
6 399
3 137
4 242
11 22
3 7
5 330
10 11
9 685
702 240
5 145
85 26
2 470
7 586
7 131
1 67
9 77
7 224
6 568
6 621
2 494
4 542
3 417
3 389
6 190
10 585
9 169
10 467
9 20
8 453
7 177
10 716
3 640
3 108
5 117
7 319
1 495
7 681
3 217
9 509
10 159
4 212
5 195
6 470
7 107
1 605
180 17
8 154
3 239
11 13
5 738
5 562
7 672
5 365
10 308
6 497
146 73
6 431
7 698
2 532
2 61
10 577
4 312
11 319
1 715
6 201
4 485
6 251
4 41
1 502
2 248
9 723
11 43
2 239
7 370
1 157
11 279
9 346
7 412
6 31
5 292
3 171
4 480
3 82
10 547
2 564
9 142
7 147
7 614
6 228
4 661
8 701
3 522
9 275
4 140
9 724
6 738
1 653
3 40
7 226
5 249
4 64
11 331
10 153
11 272
7 442
2 364
6 395
4 376
4 310
3 607
4 713
6 422
6 132
5 457
9 500
7 28
1 19
2 493
2 710
6 169
8 449
11 154
1 713
1 207
3 634
2 623
6 301
4 406
4 86
1 606
8 542
4 739
10 149
6 542
2 215
7 476
7 385
8 509
4 619
1 663
5 514
8 404
10 411
6 312
5 123
1 66
562 539
3 157
7 600
7 519
8 167
11 6
6 376
4 218
9 542
10 640
7 153
8 330
6 530
6 216
10 137
11 103
7 67
5 348
1 445
6 185
194 134
2 486
479 338
9 102
3 380
2 90
1 313
1 716
4 20
7 152
272 125
4 328
621 228
8 367
3 524
10 461
6 719
4 115
9 13
5 428
3 554
6 467
1 37
5 49
8 143
8 196
1 109
9 175
3 10
5 657
7 662
11 353
11 322
10 592
6 689
34 21
6 330
2 481
7 664
2 104
3 609
8 253
7 223
5 261
1 645
4 618
10 209
11 228
3 675
482 145
2 664
10 739
10 482
9 721
6 350
1 261
11 191
3 660
9 644
9 210
207 148
5 75
2 729
4 537
3 519
1 209
2 647
589 237
398 26
159 39
2 688
10 654
9 117
2 200
1 78
3 337
9 532
9 499
667 158
4 96
8 741
8 315
1 594
6 148
7 373
9 17
3 178
3 689
7 742
10 683
5 518
4 524
3 652
295 138
2 539
1 294
7 556
11 169
5 600
6 673
10 151
10 432
2 420
9 653
5 454
8 633
2 473
10 498
9 233
119 90
4 298
4 23
7 726
4 576
9 393
4 134
3 368
3 416
3 467
5 314
9 669
2 382
2 249
2 550
5 43
10 212
7 387
6 451
3 696
10 236
6 486
5 212
11 47
4 513
10 614
8 527
7 238
74 3
4 488
8 231
422 318
3 335
8 31
6 462
9 463
6 489
2 489
6 483
7 713
728 66
10 303
4 271
7 360
6 521
6 41
9 276
3 444
8 739
7 537
6 554
11 248
5 563
3 606
5 541
1 466
444 411
10 258
6 69
1 664
1 565
622 344
8 363
7 56
8 462
3 191
187 16
9 387
4 299
6 472
1 84
6 113
8 732
4 199
7 283
3 562
2 115
5 463
11 197
1 568
6 171
8 564
2 413
3 718
6 197
7 6
7 644
10 476
10 131
6 408
430 410
3 136
9 98
8 105
4 105
8 548
11 192
174 163
1 9
528 352
1 211
1 475
4 39
3 86
7 734
2 144
372 315
3 457
6 487
11 16
10 668
7 246
2 600
6 485
4 28
10 268
9 31
6 631
3 53
6 613
6 184
7 311
9 418
6 734
1 164
4 450
2 310
8 667
6 490
10 669
7 707
8 694
5 393
10 196
2 432
9 402
1 327
3 637
10 607
9 23
10 647
7 628
614 371
3 326
2 656
4 117
9 369
3 172
7 724
2 54
3 253
3 224
2 219
11 121
1 328
6 191
9 675
9 345
7 103
4 209
5 402
7 376
425 159
6 534
3 453
7 615
6 315
7 587
10 600
5 326
10 200
4 40
9 610
8 264
5 134
5 567
11 115
10 616
2 338
2 458
4 265
9 148
438 384
4 294
3 270
11 128
5 148
2 25
7 719
5 112
7 90
3 580
1 306
428 52
7 254
4 87
8 489
3 32
11 166
11 92
3 585
11 65
5 377
5 685
10 699
9 181
4 270
8 446
618 445
10 731
3 140
10 148
8 164
9 231
1 656
5 340
10 232
6 327
5 320
5 170
2 12
3 591
10 360
1 21
6 454
4 109
2 36
1 492
378 26
10 216
1 564
3 383
1 60
9 607
10 714
4 68
9 557
3 118
6 99
3 699
9 680
2 449
6 326
10 457
1 440
7 741
4 228
8 347
324 203
1 536
2 350
637 152
4 706
292 213
4 688
7 588
7 574
31 17
10 130
9 298
9 706
123 76
3 160
7 596
510 369
1 231
9 378
8 413
7 336
11 79
2 551
5 333
11 170
5 654
9 503
11 130
8 237
7 699
2 659
8 602
8 163
1 700
10 225
10 375
242 55
1 464
10 378
213 182
9 449
202 98
1 627
10 78
4 78
6 715
5 586
4 331
9 68
162 38
10 346
7 486
7 515
8 488
11 102
9 180
4 723
3 518
9 673
1 622
3 403
6 149
8 417
2 244
2 681
2 437
9 453
9 49
9 390
4 499
8 728
6 573
2 52
8 704
3 485
1 290
4 587
383 94
9 670
10 50
3 107
6 112
10 648
6 61
4 33
1 553
308 96
5 494
3 459
3 427
3 57
193 166
11 232
10 20
2 378
3 482
5 299
10 272
10 13
8 513
5 104
103 9
3 535
9 662
10 81
7 284
10 359
1 55
8 6
5 718
3 295
8 297
7 53
8 37
8 621
4 525
10 726
3 648
1 593
6 377
10 642
7 514
6 606
381 135
8 309
9 498
445 53
5 130
8 340
5 79
136 76
10 312
10 7
7 44
9 145
1 487
3 729
11 315
5 175
1 241
9 289
8 627
38 29
2 290
2 669
8 653
6 111
3 705
4 146
7 156
2 573
3 23
1 32
5 427
2 240
7 692
5 596
5 551
6 91
5 412
11 189
3 694
2 280
7 234
9 309
3 653
5 629
3 297
9 334
2 327
2 81
6 226
9 487
232 190
8 450
9 37
9 291
3 734
7 636
2 452
8 425
4 690
8 692
11 273
8 199
239 237
9 467
6 675
9 10
4 541
3 400
9 84
1 224
6 89
2 673
9 186
2 407
10 387
5 524
5 604
15 4
352 94
4 284
1 217
2 521
11 175
4 280
3 367
3 708
3 309
11 370
10 545
9 136
5 311
11 184
5 171
10 197
5 371
4 91
2 133
5 515
11 220
1 450
11 269
7 475
325 193
3 262
5 396
9 419
9 714
5 270
5 67
5 103
8 649
1 563
7 573
8 152
11 36
6 335
5 486
10 338
11 337
10 535
8 402
6 578
5 487
6 107
3 709
5 114
7 597
1 286
10 187
1 188
599 258
5 615
5 253
4 562
11 116
5 126
461 305
2 598
11 384
5 577
9 494
4 158
9 97
4 532
8 547
10 162
7 280
3 393
8 515
9 120
7 456
10 689
9 678
10 422
1 407
4 512
8 91
10 636
5 400
7 63
10 454
725 209
1 59
2 650
1 93
8 586
399 223
9 259
8 166
4 718
4 677
7 88
5 574
8 97
5 608
624 307
6 597
3 331
406 73
29 2
10 121
3 340
10 473
2 228
5 338
11 261
10 425
3 16
6 677
10 141
573 150
661 549
2 654
1 320
7 66
9 590
3 250
7 616
2 724
4 38
9 106
1 694
9 130
2 427
66 43
10 23
5 711
11 209
6 495
2 722
6 450
11 286
7 83
8 317
6 493
3 274
6 346
6 23
7 656
8 607
2 444
601 116
1 272
3 183
9 251
7 141
10 356
10 459
4 73
1 322
6 424
9 635
2 649
32 3
2 221
11 138
3 105
11 131
4 449
6 80
9 708
4 393
506 145
1 410
4 496
9 634
9 38
11 41
8 361
6 461
7 18
8 620
5 603
4 329
6 213
5 619
9 599
4 670
4 540
9 655
7 437
1 342
4 282
195 104
4 272
418 338
1 579
6 412
6 670
7 424
358 251
7 183
7 36
7 451
411 113
11 381
5 223
9 72
307 161
3 130
3 142
1 607
2 621
467 174
2 157
8 109
3 387
1 453
1 136
5 102
5 575
9 182
7 289
8 636
9 531
7 84
3 218
8 598
1 284
6 663
2 553
4 672
5 310
7 101
9 433
7 138
10 51
299 52
3 737
5 601
4 374
2 243
9 648
7 104
8 165
6 682
2 491
8 23
2 22
10 666
8 539
9 506
9 417
4 54
2 164
5 500
3 663
56 45
6 344
6 666
8 77
560 86
7 474
437 293
3 727
2 385
6 308
8 176
9 732
2 497
9 497
1 41
3 703
4 673
11 164
2 524
1 529
127 1
10 406
4 258
3 642
9 53
738 16
11 73
7 54
4 722
10 295
1 625
6 300
585 305
6 55
7 99
9 243
108 65
10 160
6 223
10 729
11 86
3 499
1 168
321 229
2 387
3 181
1 196
9 42
3 450
9 510
3 549
1 155
5 722
4 473
1 20
4 409
7 339
3 363
8 484
8 42
1 158
2 266
1 570
2 295
11 260
9 569
348 177
3 354
6 318
4 325
10 28
3 477
2 162
3 292
4 162
10 85
1 112
7 425
6 20
5 390
4 606
343 164
2 503
4 383
8 448
1 324
4 570
6 584
9 278
4 308
8 177
3 688
7 175
1 281
11 2
7 314
1 430
11 48
8 99
8 239
11 32
9 493
2 114
669 243
6 516
6 369
4 14
1 194
4 348
5 46
4 132
2 515
6 154
2 107
5 623
7 1
10 718
9 563
5 119
7 673
5 534
7 61
8 397
1 498
6 445
4 195
6 695
6 416
2 558
3 75
6 610
2 20
6 480
9 583
8 230
2 270
6 196
3 378
9 4
3 278
8 646
9 14
10 437
1 271
166 59
10 156
6 68
7 507
2 344
2 150
5 689
7 185
6 38
241 15
6 281
10 243
10 249
609 589
234 220
9 135
8 301
2 528
1 374
3 113
9 188
421 246
8 580
690 88
5 237
7 411
8 664
4 431
11 316
11 389
9 171
8 461
5 178
8 13
11 233
8 615
144 63
7 29
7 654
7 400
9 58
6 566
11 147
5 106
3 4
1 52
10 402
8 396
9 373
7 161
11 214
10 182
9 230
8 742
1 397
3 271
167 20
1 26
4 43
7 55
3 213
4 214
4 533
1 717
9 82
10 8
3 89
3 476
5 165
3 317
9 290
54 10
3 206
10 46
1 585
5 498
58 41
3 185
8 96
3 543
10 484
4 341
2 677
8 670
4 7
10 146
7 168
2 635
2 302
10 435
8 351
9 207
314 129
3 410
6 563
11 28
9 224
5 36
2 393
5 291
9 34
2 704
3 629
3 287
9 179
10 77
10 270
7 684
419 9
3 208
5 7
10 483
7 441
6 27
3 583
4 24
6 338
11 236
4 712
9 652
5 447
4 682
8 232
5 227
6 102
9 485
9 712
3 473
10 594
10 674
5 544
1 366
215 40
2 530
6 504
217 59
6 131
5 638
3 430
2 324
10 415
7 35
1 260
2 555
10 103
2 77
7 23
1 623
4 569
1 64
1 223
8 257
6 286
10 80
6 15
4 416
1 575
281 43
3 596
2 208
8 93
10 315
4 456
8 571
7 391
1 104
9 609
10 537
7 396
7 378
3 527
2 501
544 299
5 15
6 539
3 280
10 188
7 449
10 568
7 217
5 675
6 298
11 308
10 474
3 601
1 479
4 737
7 736
7 457
7 718
8 271
9 319
172 110
5 13
6 560
9 469
5 48
1 58
1 705
8 306
11 298
7 406
10 357
10 706
3 299
9 424
4 400
11 343
8 279
4 6
2 288
5 418
2 17
11 380
530 230
3 152
10 658
5 116
9 733
11 12
8 18
3 732
2 102
6 304
1 737
8 149
1 151
11 320
3 593
2 161
1 150
10 632
4 417
6 607
3 145
3 569
8 645
11 245
4 439
1 435
5 306
9 581
4 484
5 637
1 620
1 732
10 502
7 366
5 160
2 276
2 298
9 363
5 525
7 4
10 520
9 529
6 602
7 652
1 616
4 339
278 163
10 735
5 504
4 459
10 60
5 509
5 263
500 40
6 510
7 504
2 543
5 53
5 491
464 427
1 696
5 721
1 667
1 142
4 572
7 333
1 268
3 20
2 580
160 80
7 557
4 519
8 726
11 26
3 528
42 27
7 305
6 166
7 256
8 640
3 532
6 340
3 155
7 344
8 69
5 552
2 231
7 643
7 122
1 673
10 456
8 238
3 733
8 175
8 33
9 133
11 215
3 277
3 740
2 120
6 62
4 686
9 214
6 237
3 161
5 129
9 113
2 685
3 536
11 311
10 134
8 72
3 647
370 330
10 656
4 49
1 526
3 103
5 1
8 76
7 716
5 41
1 574
113 26
9 593
7 730
10 238
453 221
8 312
3 223
6 94
8 629
1 640
262 164
5 443
11 144
344 284
1 348
3 610
7 346
1 501
9 322
5 676
3 251
2 60
3 739
294 141
7 76
9 654
9 285
10 394
4 505
708 568
4 491
2 267
4 575
2 467
7 499
2 71
483 230
10 72
9 266
10 678
11 258
5 26
3 24
568 162
10 208
226 151
9 200
2 19
2 607
1 482
7 123
6 635
1 337
2 140
319 167
10 379
9 265
2 593
10 58
4 603
10 109
9 196
4 461
4 342
4 555
1 573
351 15
4 124
4 248
147 65
6 626
6 657
7 252
1 86
4 351
7 714
3 236
9 606
2 643
5 426
8 79
5 252
10 511
25 15
3 667
4 260
5 89
7 278
11 292
6 336
426 189
5 247
1 468
9 578
2 736
1 539
10 370
5 713
1 74
8 496
611 304
6 716
4 671
9 725
6 95
10 419
8 305
2 136
1 546
7 598
233 150
5 233
11 91
2 601
7 321
3 179
3 507
4 423
10 442
2 651
9 18
3 267
8 738
6 182
2 328
4 55
2 463
4 385
4 508
4 427
1 169
4 164
3 73
2 716
4 358
6 543
6 177
7 627
137 86
7 606
3 691
6 264
6 536
6 423
47 45
1 102
5 344
706 531
4 192
5 64
5 692
4 141
7 173
7 216
3 95
149 23
610 257
8 44
5 98
3 256
7 186
3 260
4 683
5 701
10 37
4 97
4 553
9 21
148 143
3 264
8 157
7 398
8 304
1 110
7 480
11 112
7 697
656 399
436 380
10 417
4 433
5 139
2 62
5 611
11 5
6 316
8 272
5 337
7 134
9 526
4 51
61 51
9 103
6 33
5 361
4 237
8 50
2 281
10 323
11 82
8 594
1 378
6 699
4 9
6 651
5 497
10 42
6 290
558 293
8 268
8 287
10 486
3 668
10 6
4 689
8 9
139 24
1 361
9 191
681 207
9 144
1 148
82 25
4 111
2 8
129 122
1 388
2 113
8 665
4 355
2 577
5 645
349 56
6 601
3 381
7 454
8 26
4 202
1 474
7 37
7 550
2 683
3 117
7 368
288 121
3 193
10 429
5 155
7 210
1 127
1 496
10 653
10 327
11 281
7 508
4 259
7 197
4 99
86 18
3 212
379 17
8 171
5 712
8 161
4 154
11 38
8 275
9 442
7 169
2 694
3 15
8 648
4 77
7 306
459 131
1 678
8 354
9 615
5 194
8 407
641 122
3 627
10 70
2 513
2 141
8 481
3 617
7 522
2 213
6 385
4 356
3 56
10 572
2 734
5 11
10 164
6 106
1 384
6 97
7 572
3 314
8 234
6 90
7 577
10 176
2 261
10 172
4 104
5 643
7 180
11 218
10 285
8 376
5 150
8 502
6 698
10 124
8 619
151 85
395 161
3 493
1 604
1 434
7 453
5 179
5 655
4 225
2 631
5 529
9 405
2 476
9 258
8 343
328 146
2 459
11 89
6 641
5 429
1 610
6 428
9 656
9 521
7 372
3 227
7 79
10 694
5 531
9 592
2 306
10 682
7 555
4 386
296 165
5 78
10 712
8 259
1 521
11 1
3 666
7 50
7 80
3 94
3 479
8 421
6 415
2 358
6 403
4 373
543 435
7 696
10 409
2 11
3 109
2 565
9 684
2 273
11 198
1 439
3 116
1 449
10 703
10 690
8 559
7 655
5 465
1 544
2 545
2 186
1 552
2 311
10 366
1 16
6 458
11 204
6 135
7 345
4 293
10 335
9 605
4 744
718 422
5 363
11 212
7 645
633 270
6 294
8 617
382 145
10 99
11 188
7 703
1 203
10 516
10 643
10 269
8 4
8 191
8 563
593 500
5 464
552 219
9 540
10 271
6 448
5 532
9 5
11 201
9 269
6 615
3 568
10 186
9 560
1 221
9 1
3 229
6 672
4 160
7 307
4 709
4 147
8 318
9 649
9 235
1 214
11 332
8 115
7 666
7 491
10 301
5 397
3 207
8 485
10 309
6 679
3 197
7 48
8 466
10 324
8 669
1 51
5 703
9 286
11 345
1 184
7 595
8 65
301 171
4 346
8 554
10 69
10 478
547 259
5 368
3 511
8 601
412 106
2 468
11 307
11 253
5 420
7 249
7 241
6 77
4 297
9 330
4 483
10 625
9 604
1 491
4 296
1 738
7 202
4 303
5 582
3 424
698 590
6 581
11 18
9 351
3 365
5 585
9 101
2 75
9 389
7 21
5 421
9 719
7 114
474 438
3 490
6 345
2 372
49 43
5 740
4 88
7 361
5 557
6 465
10 317
9 255
3 195
10 106
2 341
1 226
11 297
626 247
10 405
8 27
3 345
6 383
3 49
8 573
10 641
4 375
6 105
7 189
10 112
9 218
9 264
3 474
2 639
7 188
11 4
5 328
9 517
10 97
9 116
92 85
6 258
8 24
7 638
5 458
1 345
10 464
2 30
1 602
7 428
4 126
1 509
1 174
2 395
7 106
11 227
3 359
11 224
4 492
7 349
6 426
1 655
2 299
9 580
2 584
629 60
6 240
9 137
6 432
10 496
10 66
8 478
6 205
3 332
7 582
7 416
6 705
9 555
6 163
7 227
5 244
4 549
10 161
4 469
400 302
3 743
3 472
7 267
7 38
5 192
5 741
10 170
3 111
7 43
10 299
8 380
7 160
4 405
5 84
3 357
7 433
9 734
255 236
2 167
3 164
6 582
11 57
4 624
1 739
9 505
6 481
3 603
8 735
2 596
8 144
2 705
7 154
6 620
39 14
10 287
8 442
2 7
3 624
4 413
8 146
10 49
447 90
3 447
8 703
4 602
10 74
10 342
7 286
3 599
6 498
11 372
6 203
3 234
1 614
9 525
3 84
8 289
2 397
9 57
150 147
6 179
7 317
8 46
8 685
416 224
10 697
10 655
2 171
4 93
2 405
8 145
11 90
7 371
2 404
8 716
5 4
9 44
8 691
1 689
665 544
9 220
2 415
5 652
10 90
143 110
3 1
3 463
1 298
1 277
1 5
1 175
9 354
5 725
7 434
3 650
3 202
8 666
4 52
7 194
7 19
6 361
5 621
7 526
3 394
9 450
5 505
298 132
11 51
405 183
8 45
1 195
5 662
7 635
4 205
10 29
5 545
5 717
8 112
1 390
6 319
8 63
6 28
9 332
1 124
4 149
645 227
10 692
5 399
1 688
6 688
3 127
4 336
8 533
3 31
4 135
1 621
7 619
8 25
37 20
5 438
6 434
9 7
5 228
8 236
3 658
8 125
10 684
4 335
2 741
6 444
6 22
6 128
7 630
7 31
2 79
8 662
6 456
2 592
463 291
11 306
1 154
9 715
1 382
7 539
7 316
3 713
9 320
2 103
4 110
1 251
5 681
5 199
5 168
10 551
7 192
9 164
2 117
4 585
10 204
3 349
6 561
6 170
6 58
10 434
5 174
80 14
2 720
2 589
424 219
686 111
9 51
1 596
9 523
540 242
8 203
7 669
4 27
9 436
6 647
6 296
2 535
7 225
4 578
9 281
2 124
9 93
11 194
6 333
4 19
7 293
11 140
3 139
8 254
6 266
10 286
46 3
7 70
4 182
8 241
8 393
10 75
433 406
3 379
8 334
1 22
6 700
2 282
6 532
7 626
4 161
368 270
75 32
11 199
4 2
7 693
7 687
8 471
9 740
3 339
2 446
10 644
4 687
9 570
6 208
9 313
4 571
2 257
8 249
1 724
4 699
5 290
6 503
9 201
1 49
7 162
9 528
10 736
10 704
6 654
8 188
5 163
9 520
4 738
5 30
8 679
3 581
5 161
4 545
5 295
9 420
4 47
8 195
2 421
7 287
9 78
10 617
4 315
9 688
280 229
4 238
55 46
5 613
3 358
5 336
3 475
9 694
4 255
3 509
10 291
1 259
10 466
4 684
2 540
5 485
4 263
7 612
120 92
204 110
5 512
4 8
7 648
8 362
7 405
2 216
9 105
8 189
2 414
68 16
10 447
9 484
4 137
4 652
1 71
365 221
8 55
1 554
5 389
9 718
289 240
7 481
11 151
4 694
4 197
1 182
10 730
7 592
185 183
4 10
7 733
5 297
2 676
7 731
2 410
5 73
8 103
6 559
8 403
7 576
8 585
634 154
6 567
11 54
5 144
9 464
11 31
11 162
1 206
6 242
6 127
9 388
7 313
9 177
10 2
9 228
7 570
2 16
11 365
2 236
2 229
10 142
1 484
6 706
2 381
10 330
3 439
5 169
5 644
4 641
109 85
10 145
8 21
3 143
1 356
4 434
10 610
1 703
6 644
529 265
5 200
3 687
5 471
5 666
3 496
9 268
4 466
11 127
291 194
10 362
6 370
6 255
4 726
5 469
10 738
3 176
5 631
9 223
1 647
6 469
7 593
8 523
2 479
7 282
6 711
4 511
10 57
2 304
486 255
6 137
5 260
6 660
6 25
6 710
7 30
8 623
6 596
3 661
10 732
8 412
7 82
3 180
2 110
8 486
6 341
5 87
3 104
7 190
10 497
691 105
9 545
10 154
9 726
9 508
2 377
7 646
9 194
10 596
8 248
3 622
10 562
225 36
7 408
2 591
1 119
495 237
7 257
3 376
8 372
6 207
6 558
3 406
10 228
388 103
9 440
8 473
613 291
7 329
10 38
332 284
5 386
3 153
311 233
1 615
6 598
5 576
2 495
10 62
10 368
4 85
5 238
10 41
8 40
4 153
1 416
2 401
9 601
10 528
8 353
10 138
4 441
1 488
391 246
9 561
5 695
2 477
726 528
1 421
3 246
1 637
1 179
9 353
9 308
3 265
8 313
1 159
7 568
2 175
117 56
5 684
8 535
1 603
2 445
106 85
10 548
8 213
11 225
9 123
9 636
502 67
7 613
10 744
11 163
5 152
4 131
8 310
9 456
11 221
10 155
3 6
5 455
5 630
7 85
9 368
1 323
5 580
3 221
10 599
2 408
8 494
1 227
2 541
5 424
3 320
7 132
9 383
11 143
7 315
10 576
279 211
4 438
6 195
4 582
2 300
9 73
3 412
105 14
727 494
4 83
10 663
7 72
9 253
3 201
1 456
3 440
258 128
5 12
5 697
5 172
11 287
2 509
3 692
4 617
697 278
4 412
273 159
4 311
3 530
11 108
2 483
10 150
8 294
1 42
472 308
3 413
10 386
9 451
4 35
2 84
1 14
4 725
2 56
6 259
8 137
1 654
429 406
11 278
9 400
6 507
1 293
580 514
2 606
4 468
1 584
5 224
6 557
8 387
9 738
5 166
1 583
9 112
570 469
10 279
9 686
3 199
9 115
655 471
10 724
6 494
8 705
8 61
3 560
4 471
9 382
1 170
8 443
8 468
2 271
662 489
9 480
7 740
1 287
2 715
6 541
5 649
7 473
10 247
10 189
1 675
7 109
4 667
9 324
6 386
20 12
10 540
134 8
6 723
7 435
1 346
9 452
4 32
342 203
8 178
9 299
10 185
7 553
2 44
6 594
6 646
4 614
9 83
7 367
9 667
10 556
4 231
5 327
5 31
10 180
5 419
7 119
3 285
10 589
8 480
7 611
8 11
3 590
8 262
1 212
10 363
9 211
2 627
8 323
9 536
3 110
10 381
50 45
1 386
8 706
8 657
9 489
1 719
3 343
11 231
9 124
7 14
8 57
8 39
522 395
7 86
4 279
2 547
4 319
5 259
11 160
9 703
7 301
4 407
2 526
5 185
4 711
4 377
1 89
11 35
10 36
4 518
9 731
723 53
5 124
8 709
2 252
6 110
2 45
10 167
2 237
673 20
7 300
59 1
3 149
4 345
6 693
10 93
10 651
716 67
9 640
4 155
2 738
630 126
9 358
1 613
5 617
3 451
6 413
3 323
1 161
1 79
9 157
6 662
11 8
8 589
9 415
497 193
2 183
7 78
1 617
10 123
636 259
4 648
5 221
484 302
10 26
8 29
10 169
7 389
8 148
10 191
5 99
1 730
10 574
6 556
8 622
11 313
6 19
1 490
533 365
1 472
2 575
3 177
9 470
7 375
5 33
11 291
8 647
4 45
7 621
9 249
8 41
7 176
277 224
3 124
10 24
7 374
5 44
5 392
9 327
5 405
649 433
8 186
2 235
3 501
3 646
11 379
7 467
6 628
6 164
5 700
473 46
1 257
7 502
8 408
6 491
8 67
8 707
8 342
612 431
9 28
4 247
3 625
5 322
551 154
5 696
11 117
4 639
6 198
7 708
4 463
8 141
5 324
8 156
4 730
11 176
5 674
9 677
11 275
376 21
9 149
3 192
9 166
11 81
8 197
2 119
5 561
10 147
4 436
10 282
4 67
6 437
7 39
6 365
9 664
182 44
7 727
6 372
2 128
9 639
699 236
9 362
2 640
10 344
7 343
7 309
2 485
8 507
9 30
10 201
2 537
7 506
2 628
380 48
6 726
200 17
10 193
2 46
1 135
8 179
4 478
7 240
10 111
488 67
4 448
3 384
8 686
1 601
11 126
1 24
3 78
6 325
9 515
4 332
3 54
1 485
9 461
6 378
559 73
10 426
6 52
1 523
4 15
8 597
8 401
10 661
10 500
3 391
2 568
4 548
10 621
11 105
9 366
5 308
6 328
10 229
8 482
1 63
3 29
375 106
10 213
4 657
3 233
6 381
3 76
7 505
8 261
7 178
9 597
4 136
7 294
3 220
8 62
1 454
8 444
7 126
7 359
10 125
5 579
8 131
8 327
6 79
10 635
454 276
1 99
5 56
6 617
1 576
3 334
9 128
11 146
668 43
9 216
1 73
2 222
7 151
496 327
4 692
10 15
7 419
10 578
7 130
4 232
2 170
9 168
1 280
1 296
5 315
4 465
8 220
7 388
100 36
443 134
2 4
3 483
10 96
249 59
6 442
1 701
10 377
10 265
3 34
1 88
2 384
10 695
7 634
1 535
3 608
3 396
4 719
5 489
3 600
5 609
322 290
504 19
3 333
1 422
303 10
4 118
256 120
3 698
8 130
10 720
1 295
615 356
7 297
354 256
1 138
8 584
9 248
63 9
5 593
8 572
404 143
10 55
712 63
11 377
7 710
7 11
10 480
1 679
8 110
8 364
1 566
5 239
7 381
435 287
3 166
10 143
8 577
1 360
9 422
11 187
10 481
6 643
260 120
9 576
8 331
11 153
9 190
10 595
10 427
4 22
2 478
9 512
4 446
254 37
7 12
8 169
3 369
6 604
3 680
4 16
7 365
6 250
10 493
3 455
553 190
1 722
11 349
3 674
4 165
4 243
3 469
240 215
6 591
9 518
5 69
3 542
10 25
2 546
5 42
1 731
7 364
3 626
6 49
6 575
722 81
2 1
695 233
5 319
4 240
3 210
9 624
4 408
5 94
4 3
5 522
8 296
5 24
7 128
3 225
9 473
5 733
2 519
5 264
363 306
4 226
6 479
4 90
541 51
9 16
1 712
2 525
9 314
9 349
7 642
4 241
6 506
2 502
11 294
7 488
3 461
9 215
3 548
8 16
11 388
1 467
5 236
4 522
4 640
4 5
1 534
5 313
6 430
7 450
2 708
165 92
3 308
10 224
8 558
3 570
1 399
5 157
11 280
6 393
5 705
4 159
4 528
5 633
4 598
8 508
1 533
9 543
4 92
2 629
3 338
7 91
5 350
10 407
6 685
9 246
10 612
10 54
7 198
6 332
9 370
5 59
5 312
2 185
10 305
10 440
5 190
1 692
11 326
3 252
11 369
9 355
4 176
11 71
287 2
3 370
11 93
1 478
2 428
2 744
6 138
3 377
6 622
2 331
11 119
3 91
6 593
6 302
4 200
6 371
1 76
6 209
366 116
6 590
401 187
4 437
4 223
10 47
5 516
6 224
11 301
1 6
2 687
2 619
4 106
1 332
10 104
6 44
4 287
1 619
10 380
9 29
9 64
4 720
5 303
6 618
4 489
2 263
2 696
2 691
10 251
1 233
6 50
5 499
3 294
8 736
384 301
5 251
8 336
535 165
8 562
2 206
5 583
1 371
1 264
9 52
6 349
8 697
2 92
6 310
11 200
663 185
8 341
9 208
9 465
10 281
7 149
5 55
4 607
2 552
5 121
8 458
11 333
8 209
8 491
6 18
10 567
8 553
4 235
8 350
3 27
1 335
2 417
7 279
7 2
7 167
6 2
460 210
131 39
5 667
9 61
4 650
6 652
2 686
1 147
6 293
2 53
7 143
501 338
6 100
7 75
1 216
11 271
6 313
2 312
2 622
1 704
408 394
9 50
6 167
11 68
731 606
6 126
730 131
5 35
7 322
5 511
5 100
3 240
6 459
7 464
10 700
4 219
1 199
4 125
11 137
69 30
5 246
198 149
10 177
6 268
5 83
8 493
3 205
2 122
5 86
112 43
2 679
8 219
4 442
7 8
9 46
10 581
9 312
2 388
10 676
10 400
10 609
3 216
10 343
6 320
6 238
8 38
3 361
9 443
9 87
4 276
3 190
8 610
2 131
364 25
5 265
1 608
7 253
1 646
9 245
4 267
10 696
5 622
3 123
8 676
9 630
10 365
10 19
1 377
2 238
7 65
9 267
505 328
1 723
2 135
6 725
2 534
5 177
5 54
10 353
2 32
7 671
9 410
6 30
8 2
9 490
2 70
8 498
3 158
7 548
9 381
2 126
9 307
5 618
6 624
104 102
1 367
5 186
9 379
10 319
713 411
6 547
1 437
4 288
6 17
7 623
390 327
1 638
5 592
6 67
6 227
10 624
10 202
6 299
8 536
3 61
224 125
1 635
8 725
2 146
2 585
6 40
5 74
11 334
3 682
11 295
9 86
1 331
4 481
417 212
3 321
11 195
6 71
10 672
10 555
11 257
571 111
7 401
4 733
6 150
2 13
5 728
1 543
6 357
2 471
8 570
3 612
660 659
7 468
4 470
5 92
468 136
1 740
3 259
6 484
9 566
632 117
4 708
1 359
1 697
6 114
3 366
7 228
8 227
5 702
1 480
11 203
8 518
563 450
8 661
2 202
2 152
10 439
9 69
7 605
1 339
7 446
7 248
3 735
2 613
2 431
9 75
542 452
1 681
8 274
6 443
8 122
6 13
7 115
6 384
4 638
9 579
7 392
9 67
6 638
11 46
4 731
10 367
7 538
675 408
10 1
4 151
6 279
10 351
140 129
7 357
5 280
1 632
9 707
5 446
5 39
9 744
3 710
2 402
9 88
2 576
3 468
10 5
2 224
1 569
6 656
5 614
3 664
1 83
4 221
1 589
9 329
10 127
6 475
8 459
9 502
5 143
7 382
11 385
4 653
9 331
8 240
5 720
5 737
6 8
9 134
4 172
3 282
10 566
1 247
739 321
6 225
4 665
4 664
5 659
6 363
2 582
3 428
3 74
10 31
9 401
6 243
8 630
4 521
9 455
1 581
3 435
8 5
3 200
1 639
10 326
1 50
8 543
4 736
10 404
11 158
4 455
10 118
7 743
2 718
5 273
7 728
3 506
11 186
9 155
3 605
6 731
3 677
8 316
1 458
5 451
1 586
6 337
1 469
2 450
10 561
6 548
1 707
7 163
6 265
4 175
7 477
9 273
10 734
6 3
8 409
3 64
7 520
5 362
9 477
6 73
9 641
10 492
6 85
7 417
10 458
5 589
7 421
6 96
10 546
8 674
11 240
10 264
8 89
7 685
10 163
2 648
9 263
4 98
3 42
4 203
2 504
11 276
9 384
3 707
1 114
2 9
9 111
10 721
7 112
1 134
1 380
6 449
704 467
10 91
10 677
10 518
4 428
10 611
3 77
8 492
5 262
6 733
124 64
6 354
3 46
7 200
1 415
2 379
6 379
4 169
5 588
2 562
9 147
1 69
8 432
6 739
9 567
6 508
1 676
3 93
6 123
5 632
10 358
3 38
10 606
6 665
7 647
9 376
4 520
5 359
9 585
583 400
7 108
2 340
3 315
5 398
5 548
3 336
586 523
9 568
93 62
6 24
9 174
2 337
1 499
4 432
5 401
5 422
5 430
8 28
10 584
11 109
4 120
5 549
441 65
10 587
5 29
7 328
8 140
9 447
9 408
1 288
3 489
4 510
5 258
6 32
7 296
6 246
10 165
8 439
1 591
2 207
4 502
9 227
1 44
693 96
6 160
11 69
1 285
5 375
2 176
8 292
10 510
3 300
5 277
10 527
1 186
361 41
247 37
2 205
286 215
5 453
1 10
4 597
2 578
199 189
7 77
10 553
5 444
9 414
9 692
7 221
6 576
9 118
7 121
3 71
10 102
1 630
2 82
2 732
9 431
5 710
8 15
1 677
3 100
2 132
7 452
4 498
48 10
2 597
9 119
11 80
8 561
3 235
2 369
3 497
2 429
3 492
5 107
4 440
10 384
9 62
7 517
244 229
5 38
2 59
7 348
5 408
5 672
9 372
10 512
6 245
10 296
1 582
5 411
8 604
5 325
369 247
2 419
10 702
4 626
4 721
3 725
10 628
210 118
2 548
602 585
11 290
590 561
2 474
1 75
1 370
5 595
4 401
600 139
5 339
5 678
2 253
5 488
6 396
2 26
3 695
3 432
6 88
3 546
2 198
6 681
9 333
214 196
8 358
3 211
2 65
2 602
2 232
480 226
2 68
3 552
2 307
8 684
2 460
6 244
5 287
1 70
6 231
8 265
2 653
3 404
10 645
2 137
4 543
1 572
2 632
6 158
8 3
9 302
11 83
2 572
8 438
1 448
740 261
9 150
7 133
7 536
3 351
7 62
7 590
2 542
4 527
6 718
4 46
2 618
2 614
2 469
1 17
11 262
3 557
5 508
9 426
1 90
3 133
2 134
1 35
9 99
2 531
579 432
10 741
8 168
10 298
5 694
3 132
2 517
1 270
6 351
4 177
10 174
8 121
5 151
251 4
8 712
10 448
3 52
420 297
5 709
6 260
3 184
323 275
6 680
6 46
4 268
6 116
1 517
4 30
3 726
9 361
1 139
4 564
1 389
4 353
10 723
8 650
11 335
11 118
138 41
3 87
171 99
6 134
8 595
2 67
3 515
8 135
23 15
3 342
8 59
5 332
9 395
11 181
3 310
8 389
11 104
2 499
8 113
11 219
5 536
2 283
721 574
3 615
9 172
8 293
90 86
2 500
11 352
8 321
4 318
4 742
2 610
7 94
3 500
10 21
1 133
4 50
6 614
9 74
33 9
1 329
10 615
11 254
3 649
2 334
1 413
1 171
1 61
10 408
10 542
7 490
4 369
10 451
1 369
1 417
10 328
1 423
10 336
9 132
10 403
6 741
1 116
4 632
7 304
11 266
2 123
1 684
10 593
6 261
389 288
9 524
7 585
9 737
3 670
4 425
5 437
3 243
1 698
2 217
231 150
91 87
3 531
2 508
664 154
5 23
5 395
7 440
3 81
8 625
4 421
2 567
7 386
3 385
5 597
9 612
4 660
6 66
10 221
1 525
2 21
4 170
6 702
3 614
1 336
3 529
9 3
2 139
1 363
4 387
1 200
5 406
9 287
6 691
7 380
4 551
9 160
5 232
8 530
8 638
11 40
5 641
5 184
1 3
11 329
3 405
293 210
4 144
10 552
9 297
3 257
3 362
4 554
283 53
10 485
2 608
8 681
2 154
11 234
3 276
6 522
8 695
6 200
6 518
1 426
1 404
1 266
2 106
6 585
10 304
2 245
1 669
8 660
5 492
3 717
8 375
7 299
4 283
6 329
3 293
7 327
7 170
11 122
2 554
1 481
5 640
2 201
8 252
709 227
10 479
2 323
10 166
470 64
9 397
4 239
9 538
9 591
11 392
8 427
7 145
3 106
6 634
350 277
4 116
10 586
2 506
6 65
345 243
1 198
6 359
7 229
11 270
6 545
73 3
4 17
9 304
101 20
6 583
3 97
11 252
10 239
4 61
8 624
5 388
8 247
10 390
252 19
10 218
10 316
5 466
11 7
10 345
8 702
8 587
11 351
10 533
6 580
7 466
1 411
3 671
9 193
5 374
83 14
509 226
7 492
4 343
8 217
2 275
9 139
11 323
7 565
2 472
9 687
10 122
5 476
4 378
1 687
10 509
8 576
268 159
327 41
4 196
567 535
7 232
7 137
8 495
11 78
1 595
2 48
5 441
5 461
11 20
8 710
5 209
1 680
6 435
6 409
6 206
3 126
4 292
5 423
1 43
6 51
2 646
3 480
5 120
11 244
7 60
11 264
7 469
5 68
11 282
493 129
10 101
2 605
4 404
1 406
9 236
8 729
1 362
6 463
5 305
6 98
1 547
6 282
9 660
4 649
5 727
9 95
2 118
3 525
8 476
7 166
394 95
2 641
8 75
8 139
8 322
5 410
1 532
648 574
3 138
10 691
9 209
6 241
2 712
3 441
2 706
4 610
8 355
8 260
9 288
9 192
2 347
2 277
710 425
6 740
5 19
414 98
1 2
8 390
5 188
4 581
178 94
9 588
3 514
3 399
10 410
1 494
9 743
475 459
7 96
11 277
4 142
5 276
2 247
9 391
9 434
335 286
5 578
4 251
6 419
1 597
2 322
9 406
8 311
5 372
3 495
1 577
7 604
519 298
3 563
7 275
9 151
1 444
734 345
11 149
7 706
8 545
574 490
7 136
355 328
9 474
4 666
5 507
3 556
2 674
317 135
1 452
2 43
7 465
2 733
2 570
5 37
7 172
4 453
6 7
11 247
7 312
9 519
4 516
2 559
4 397
2 465
2 50
320 230
2 35
9 359
5 459
5 475
8 555
6 278
346 318
2 15
5 136
10 631
4 112
538 471
3 540
4 81
10 441
10 253
8 526
6 474
2 699
1 333
2 116
719 488
10 539
7 58
10 646
6 118
9 627
5 217
1 540
701 677
7 211
8 377
8 12
3 656
8 333
5 113
10 369
1 210
4 309
3 654
6 406
9 621
5 96
4 593
10 280
4 227
9 277
10 56
2 682
6 391
10 293
2 180
2 536
2 93
306 128
2 98
5 140
1 358
1 431
4 123
8 328
4 42
4 384
5 742
10 670
7 261
11 139
594 471
1 246
9 457
3 347
8 118
2 361
7 338
3 313
9 2
2 3
97 28
490 292
10 194
10 418
8 605
10 52
6 707
116 92
7 17
4 451
7 270
2 317
11 62
1 387
8 366
4 467
3 408
4 249
5 101
7 403
8 733
4 702
4 642
9 47
3 421
5 289
6 552
2 727
3 418
2 47
2 475
12 2
5 28
1 189
10 558
3 247
4 183
3 679
2 386
5 216
4 206
4 609
8 245
4 443
2 227
3 288
7 410
9 92
7 625
10 144
5 502
5 571
6 183
3 571
3 245
2 316
2 269
2 193
6 478
2 31
3 147
7 521
10 190
1 269
2 29
4 490
3 711
5 616
9 335
3 523
11 114
181 67
4 394
3 322
11 284
3 438
413 193
2 430
9 386
7 157
2 703
1 743
11 296
5 539
6 292
8 472
2 182
3 597
385 115
9 184
7 215
11 87
4 262
9 12
10 526
6 155
7 347
7 140
10 717
8 284
1 461
4 130
4 418
1 459
3 58
6 334
10 297
9 229
11 367
6 564
5 45
336 27
4 138
4 363
6 569
5 132
2 256
6 256
1 728
1 350
4 410
1 742
3 470
8 504
10 107
11 42
4 366
8 94
1 163
6 398
10 252
4 102
5 370
6 34
8 550
4 300
2 667
205 153
7 68
4 475
373 7
2 199
2 265
10 278
6 26
5 670
10 181
6 609
6 501
52 26
9 614
9 522
3 215
6 683
8 479
5 594
5 382
3 618
4 269
10 423
8 32
2 728
11 111
1 598
4 36
6 9
8 48
10 108
2 512
6 537
1 218
11 125
1 633
8 510
3 426
8 348
8 384
10 230
3 545
1 396
4 414
455 211
190 114
10 89
1 405
8 359
6 173
1 178
469 153
635 195
2 289
8 631
6 724
285 165
1 176
4 741
2 332
10 376
3 131
11 238
11 268
8 158
11 206
8 303
3 261
5 243
9 272
2 615
4 119
2 689
7 641
508 170
11 336
1 551
7 148
3 311
7 243
8 356
8 216
4 94
9 163
1 72
5 612
8 600
7 580
5 538
2 371
2 505
4 217
4 26
10 685
2 34
5 566
8 512
1 519
8 455
5 378
1 744
6 505
1 702
8 663
10 195
1 734
2 179
2 700
3 516
8 35
6 311
456 409
2 398
581 543
3 346
4 289
8 437
8 608
4 58
6 139
2 711
2 214
6 720
1 57
1 46
7 45
6 397
2 155
203 176
7 52
3 98
7 242
8 639
10 389
2 657
7 159
1 580
5 162
715 555
1 45
5 381
4 340
7 3
9 546
11 72
1 741
9 125
4 379
6 303
2 305
4 588
11 134
9 659
3 319
6 387
2 480
2 453
3 125
5 351
4 72
1 326
10 233
10 262
6 324
9 206
7 528
6 728
1 403
7 262
11 172
1 140
5 521
11 226
88 84
1 473
4 122
7 640
10 355
10 171
9 553
7 235
11 196
1 612
7 686
270 12
7 214
10 506
5 384
4 396
5 664
11 300
8 546
639 339
8 634
3 657
2 658
1 652
3 18
8 616
6 70
9 558
3 436
6 627
8 172
6 87
9 352
9 682
8 302
9 439
10 571
8 567
6 441
44 19
1 305
8 603
8 86
4 359
5 183
7 353
8 17
2 343
9 85
6 321
153 91
132 115
5 335
6 562
356 274
6 712
7 602
4 591
5 677
8 181
5 307
9 234
1 145
5 77
6 235
8 632
9 552
3 510
235 149
11 60
677 135
8 320
6 220
3 45
7 395
6 616
24 5
9 548
2 583
8 34
9 392
10 639
8 43
11 359
4 150
11 44
1 82
4 66
5 543
8 90
7 22
10 354
521 121
8 643
2 172
743 119
8 531
9 356
9 650
10 61
6 144
10 128
2 424
5 241
2 609
6 527
4 654
1 718
6 722
7 340
8 288
6 603
4 707
6 401
5 719
4 305
4 174
7 205
5 298
8 129
11 98
5 610
7 377
7 269
2 709
3 35
10 331
4 727
4 286
705 336
386 144
8 151
11 338
5 690
156 67
9 584
261 134
1 235
1 392
2 76
1 123
9 65
10 211
4 277
9 665
5 558
4 563
3 465
7 27
8 200
8 414
5 127
374 155
5 523
3 353
10 361
8 368
1 699
3 559
9 683
4 380
2 293
5 215
8 212
2 356
494 485
5 665
6 202
5 715
3 129
2 390
3 375
8 134
2 69
8 95
1 511
4 487
161 126
6 661
70 51
6 519
8 14
1 710
9 458
5 679
9 468
4 139
236 175
10 416
1 398
4 523
1 229
9 33
250 249
10 629
5 358
7 110
3 539
3 275
3 63
3 14
8 490
7 97
3 460
3 325
2 725
5 283
7 233
7 700
11 49
6 440
2 195
3 26
2 325
11 361
6 629
457 130
5 658
8 434
11 193
9 475
246 46
9 631
5 693
8 505
1 225
6 342
9 637
10 449
3 144
9 154
8 606
2 96
4 472
1 299
4 395
8 30
1 671
7 87
9 554
11 129
4 531
4 163
6 632
7 285
5 182
175 137
10 523
8 187
11 132
8 516
10 311
2 662
9 574
7 705
2 166
9 527
9 141
9 573
6 37
7 482
1 477
11 85
1 548
9 495
4 29
5 542
8 54
6 690
7 199
4 634
4 273
9 140
2 456
742 427
10 465
1 414
5 716
6 151
8 641
6 436
6 280
4 44
7 717
11 222
10 87
9 690
11 27
3 348
189 168
8 454
5 417
652 474
1 237
9 491
10 438
9 244
1 152
6 420
5 197
8 445
2 352
2 451
11 305
6 119
1 29
11 346
7 201
10 192
7 571
11 390
2 383
7 511
513 43
10 383
2 42
8 385
6 464
4 497
6 439
5 520
2 74
3 538
653 291
8 101
7 683
707 2
11 263
3 419
7 633
6 708
1 125
8 593
5 546
2 672
3 589
2 209
2 24
6 373
10 76
6 142
1 429
7 245
5 556
11 178
10 664
8 514
1 334
5 570
7 679
8 737
7 263
7 594
1 556
3 446
10 591
5 105
10 348
1 208
487 472
11 76
5 635
10 681
2 454
11 3
5 91
87 45
9 672
1 436
523 397
8 680
5 506
4 700
7 527
10 341
9 742
3 374
3 550
8 470
2 86
5 660
9 205
1 97
4 534
2 482
9 315
10 321
3 196
257 97
1 644
7 323
271 173
222 7
696 279
2 233
1 250
5 158
8 659
377 148
6 625
11 145
7 525
6 648
9 242
10 364
1 291
6 289
9 282
5 468
1 239
489 198
274 108
8 614
339 28
6 288
1 131
4 647
9 250
169 1
3 330
4 364
7 495
10 715
4 361
3 304
2 159
5 510
11 356
3 558
7 390
1 545
8 246
741 662
1 292
10 136
3 484
8 243
305 69
7 219
3 411
3 44
4 37
2 693
245 42
11 33
1 524
11 174
4 676
5 173
8 477
45 25
703 66
7 690
11 136
9 698
598 410
396 127
4 191
5 495
7 9
1 446
3 316
3 686
9 633
7 139
471 46
9 159
2 538
1 162
4 612
4 611
1 274
1 587
1 144
9 613
2 278
683 87
10 393
3 120
7 244
8 429
5 425
605 492
218 78
1 375
7 443
2 51
5 250
9 26
10 652
206 75
9 347
7 354
5 403
9 90
2 594
6 274
2 260
3 188
3 633
6 194
5 590
503 228
6 525
188 89
3 390
623 258
2 156
6 276
10 244
3 60
4 601
362 196
10 132
79 32
8 456
7 204
11 358
3 219
8 346
2 58
4 584
10 452
9 237
11 133
8 299
5 304
3 644
2 246
4 633
591 274
582 143
3 360
10 374
1 279
6 56
9 496
9 704
11 29
2 336
347 211
9 600
10 507
2 49
5 58
2 272
6 460
7 676
3 291
9 197
9 437
7 404
5 714
282 262
1 599
5 204
3 11
554 168
11 75
8 126
6 253
5 519
9 735
4 80
10 307
7 670
4 173
7 92
9 271
6 323
6 744
8 612
2 701
6 263
10 18
4 724
10 603
7 352
8 174
9 598
6 269
1 62
5 730
6 577
8 339
2 370
1 537
1 238
5 440
7 668
3 720
5 460
717 184
9 647
3 241
4 334
10 508
6 39
9 711
7 609
2 64
6 305
2 169
11 25
30 17
3 80
9 709
10 322
1 385
6 92
6 492
5 71
3 99
7 658
5 141
7 583
2 320
10 168
3 683
1 691
9 559
8 184
8 410
310 194
5 285
5 628
3 114
7 342
10 116
7 271
7 208
11 256
8 590
5 607
6 482
1 39
6 427
3 741
8 538
592 306
5 723
5 278
10 22
7 363
5 47
4 145
515 100
5 591
671 208
3 638
4 256
10 71
3 690
3 744
3 526
1 297
9 459
4 57
5 294
6 446
7 423
10 114
304 24
1 735
4 121
5 153
9 616
6 608
11 265
7 478
6 721
10 710
6 452
8 215
10 210
1 634
3 659
7 356
9 341
2 561
8 282
8 60
8 286
10 173
3 266
8 517
7 193
5 296
2 41
8 250
2 297
4 462
1 729
11 123
3 135
8 226
10 428
4 583
9 642
492 384
8 229
6 59
5 432
3 420
6 684
8 58
5 271
5 176
1 368
7 445
5 187
11 9
631 262
11 312
10 347
11 382
1 245
11 391
7 247
627 355
4 419
118 77
4 599
3 449
8 207
6 524
9 448
1 201
1 549
7 540
1 219
8 711
11 210
11 341
3 88
5 302
5 647
9 153
9 534
4 402
10 84
8 544
1 177
3 678
8 88
5 435
6 526
8 273
6 93
3 222
4 101
7 5
1 668
77 21
7 331
8 652
2 28
557 547
7 493
6 157
7 459
1 275
3 141
3 575
619 75
8 551
8 683
7 59
10 430
3 572
449 374
720 665
9 689
10 274
2 241
9 514
9 651
628 436
10 728
6 655
11 173
7 10
8 400
9 202
11 368
5 81
9 367
3 534
499 405
4 616
2 264
6 405
1 561
6 129
4 48
1 379
4 302
8 142
3 448
1 95
11 61
5 627
5 8
8 719
9 212
2 425
1 193
10 701
5 167
9 108
4 600
9 399
10 113
1 460
8 51
5 387
3 198
11 179
9 60
6 181
2 38
1 497
2 660
6 599
9 663
3 92
1 736
6 43
6 737
1 173
3 283
5 125
7 203
2 367
5 282
4 390
10 560
3 372
2 6
309 195
597 516
5 32
9 8
3 5
1 672
8 180
1 600
3 146
5 553
2 10
2 690
53 2
2 411
392 146
2 342
4 114
7 494
11 314
2 279
4 65
8 337
10 538
10 413
3 312
1 215
10 733
5 744
1 255
8 218
1 341
10 67
6 535
6 513
1 191
6 544
9 407
7 113
6 640
5 70
5 450
5 343
276 206
10 95
3 584
78 43
7 236
9 48
6 471
8 689
9 328
1 117
227 60
6 212
9 199
2 348
8 295
3 51
2 354
5 573
4 381
6 108
4 189
11 303
448 217
11 15
3 290
7 659
514 134
11 246
9 336
5 373
1 425
1 190
4 63
9 321
11 366
1 507
1 530
10 657
2 95
625 238
5 288
2 422
7 127
10 620
3 169
1 372
9 162
3 645
3 462
9 466
9 239
7 71
2 434
9 256
8 591
7 42
10 158
9 516
4 261
10 472
5 80
10 129
2 692
7 533
2 105
2 143
8 153
9 622
11 340
2 707
3 9
9 582
7 632
3 512
9 310
5 415
6 143
11 217
9 280
1 352
9 317
4 70
3 437
3 731
6 295
6 45
2 484
7 239
6 176
8 579
403 44
5 331
6 146
10 325
10 241
7 479
10 373
6 380
4 382
3 423
7 64
2 409
5 535
2 274
10 391
5 279
300 225
6 16
11 55
8 723
5 732
3 721
334 279
367 165
3 289
7 326
9 476
10 222
6 512
8 419
6 496
5 404
2 455
2 223
432 335
10 709
7 129
11 39
3 452
9 504
6 174
4 360
6 103
11 30
7 427
2 742
7 69
4 651
1 183
1 27
2 365
6 109
11 168
10 92
9 316
1 106
9 412
6 133
51 30
5 222
2 416
2 125
4 743
1 383
3 85
4 156
6 553
11 243
6 713
1 508
8 506
10 300
3 148
4 674
6 217
6 78
9 482
1 68
1 364
9 730
4 503
9 537
8 210
290 263
3 504
1 442
6 630
8 465
6 499
1 202
4 547
1 252
3 742
5 642
6 309
371 365
4 457
4 445
1 562
9 279
8 114
8 714
7 560
5 108
6 592
2 603
8 655
96 4
7 552
5 110
10 39
7 213
1 330
8 127
3 498
1 355
2 510
6 211
616 303
1 520
2 498
8 524
6 579
10 396
315 246
6 736
8 224
10 698
8 651
8 644
9 357
8 352
7 182
9 681
10 491
5 569
5 688
9 611
10 633
9 156
5 203
11 302
8 233
10 333
5 10
2 549
9 575
6 21
11 342
4 538
10 207
8 693
6 121
442 83
2 671
4 74
1 314
2 335
2 514
5 442
3 639
8 469
7 34
9 183
1 662
6 674
4 701
6 611
4 429
6 368
5 353
3 502
7 581
6 331
11 241
4 623
1 40
9 300
1 316
186 10
8 49
10 531
5 376
1 486
4 586
7 171
5 230
7 274
11 344
10 235
7 712
9 596
10 573
2 702
5 207
10 541
183 27
3 454
7 430
9 70
11 10
8 107
11 37
5 707
2 189
3 162
9 562
6 130
3 722
7 544
11 259
2 587
4 266
10 679
6 145
1 505
9 697
8 416
6 352
10 105
8 244
5 416
5 334
9 421
4 529
6 667
8 391
6 555
7 276
6 178
6 141
5 650
1 510
10 462
452 327
4 740
2 680
2 33
4 424
9 131
8 656
1 126
423 357
10 65
5 245
5 202
11 330
7 264
7 155
4 643
11 317
10 514
3 281
732 553
7 135
221 106
7 330
6 254
10 519
8 708
3 630
10 719
1 624
3 67
4 365
3 68
4 608
5 433
1 353
5 133
5 555
10 283
267 137
9 547
2 5
7 255
2 218
1 463
5 115
4 493
353 160
8 83
4 347
6 81
3 611
1 441
5 349
5 653
7 682
9 696
10 64
6 404
642 537
8 66
6 271
1 340
7 563
8 357
6 639
7 438
1 205
2 466
9 589
7 561
6 275
5 380
10 525
9 668
4 517
6 703
3 508
1 30
8 119
1 465
9 326
7 501
243 190
5 739
8 84
10 742
685 519
3 636
2 394
4 399
8 116
5 698
1 276
2 259
4 103
1 503
2 726
7 350
5 587
3 541
11 355
1 213
1 33
8 522
1 300
684 459
8 204
7 165
3 209
8 10
4 403
9 11
2 112
4 250
6 394
7 250
216 59
10 371
8 132
2 329
16 9
4 458
8 36
3 8
10 256
566 438
3 187
608 266
2 739
4 306
157 16
3 567
10 289
3 327
5 301
8 537
1 87
5 626
5 683
4 230
4 213
1 578
4 324
8 106
9 238
8 22
5 540
10 431
10 583
3 564
135 61
2 196
8 609
9 535
2 149
5 656
10 246
7 281
5 357
7 694
1 708
10 722
6 186
10 618
4 56
9 549
507 345
11 63
7 667
2 321
4 349
2 433
4 415
1 489
11 56
6 218
3 382
7 720
6 742
646 580
674 351
5 65
5 445
9 203
10 550
3 21
7 651
7 599
8 441
8 19
7 549
10 522
1 357
3 255
10 242
3 237
5 481
184 150
2 99
4 646
3 736
71 66
10 234
7 310
3 681
8 718
4 62
7 715
9 40
7 732
8 70
2 153
7 231
10 35
5 62
1 412
4 389
8 511
5 547
8 281
10 740
7 485
9 483
9 416
5 329
1 149
98 64
6 418
3 48
9 728
8 568
3 150
2 368
2 130
4 621
6 232
10 184
10 494
2 39
5 470
11 167
7 448
7 46
9 311
2 88
7 124
5 21
1 686
10 623
8 668
10 626
3 305
6 120
1 92
7 512
7 663
3 555
9 360
65 61
11 251
4 178
2 487
679 96
2 645
3 716
6 72
1 248
2 723
6 115
1 590
9 530
4 322
11 159
1 560
9 586
3 151
11 242
3 443
5 269
8 422
9 45
10 580
2 330
5 316
6 421
6 649
10 352
5 364
10 266
4 678
10 737
5 729
5 533
8 654
525 202
5 181
1 258
4 729
9 501
7 531
3 128
8 123
11 255
6 180
588 167
10 43
9 658
9 435
4 698
2 529
6 83
7 564
3 513
8 120
5 218
2 579
4 637
10 505
6 234
659 548
7 120
9 305
7 484
3 598
7 98
2 72
192 20
11 202
11 364
10 3
4 495
1 118
1 47
1 105
5 462
8 325
9 55
163 153
4 210
2 743
689 31
8 53
3 242
511 10
4 568
7 341
8 193
1 471
1 230
2 665
4 204
409 333
10 14
72 35
7 509
11 19
170 155
5 706
733 338
9 403
6 162
6 229
5 189
687 259
8 497
9 676
3 203
4 181
4 589
4 254
1 424
2 714
10 261
8 672
9 371
3 594
1 321
7 414
2 204
7 607
9 301
5 201
2 522
1 100
158 53
5 526
2 590
5 496
3 723
8 386
7 542
3 159
8 71
4 715
2 731
7 530
6 678
9 129
2 145
10 178
9 195
10 707
11 58
8 698
4 655
3 254
4 13
8 534
3 520
6 322
7 150
6 53
10 443
7 551
3 329
9 187
1 197
5 220
682 151
2 617
6 612
7 689
6 175
7 399
9 533
4 133
11 66
2 675
2 80
9 107
8 464
1 8
11 350
6 375
2 165
6 438
2 160
4 84
6 273
3 22
4 352
8 581
9 374
3 269
7 575
3 621
10 524
9 121
3 238
1 187
7 308
5 248
3 478
5 646
643 379
122 48
8 503
4 679
5 369
1 571
549 266
10 597
9 513
8 283
4 257
8 423
5 568
8 307
3 356
7 562
1 338
5 439
2 670
11 211
5 620
4 501
5 90
10 198
4 426
4 75
9 375
76 38
6 389
5 51
8 68
7 722
2 188
7 665
440 156
8 20
4 307
548 390
9 594
9 478
5 452
6 262
11 99
3 481
3 592
2 516
6 267
1 666
10 237
6 283
7 379
5 501
2 442
1 96
2 399
3 122
5 352
603 401
1 354
3 602
5 564
3 488
10 126
6 29
4 592
2 418
177 135
3 587
2 496
11 21
9 94
2 363
3 19
4 476
10 257
3 248
4 574
7 394
7 212
10 455
5 572
10 332
6 356
5 391
5 205
3 672
9 629
3 165
10 395
6 358
10 59
8 228
1 222
6 362
7 16
8 242
1 657
2 624
9 556
7 184
1 7
6 538
4 278
94 71
11 64
2 351
4 245
5 341
6 455
6 570
6 549
1 628
6 215
230 173
9 176
6 277
5 321
8 102
8 611
5 66
9 572
2 173
9 80
8 740
4 567
1 23
3 425
10 667
3 398
1 531
228 137
9 146
6 433
606 578
6 84
8 379
10 575
9 261
6 686
8 159
8 267
7 735
168 61
1 307
3 702
2 313
9 507
2 284
7 460
5 76
6 571
10 203
7 620
3 503
2 211
5 57
11 177
3 573
5 482
9 225
1 483
9 492
3 303
1 516
7 277
6 11
6 86
1 265
9 257
9 674
5 164
10 313
141 46
7 500
1 347
5 668
6 152
3 434
8 613
35 2
9 222
4 680
8 426
10 45
11 101
7 158
7 174
1 402
4 566
6 236
9 342
5 661
1 541
5 137
4 338
2 303
4 550
9 104
62 39
5 483
11 148
8 678
3 25
5 560
4 636
5 394
8 278
4 166
9 428
8 155
1 643
8 136
7 49
9 625
478 160
6 402
10 501
10 206
9 472
7 222
9 303
11 216
1 504
8 211
3 407
5 686
7 589
8 173
2 426
11 142
4 656
7 32
3 296
6 477
10 420
9 296
10 255
10 521
5 138
11 96
10 179
8 452
3 521
1 309
1 648
9 254
1 683
1 500
3 494
1 244
8 335
3 170
7 47
4 717
4 500
4 526
2 100
10 675
5 196
1 685
10 630
6 669
6 574
3 704
5 255
7 523
6 249
7 584
2 168
9 617
8 369
7 303
1 48
7 729
5 6
19 1
10 554
7 738
1 303
5 414
7 691
3 386
4 658
4 187
1 592
155 125
564 507
1 725
8 147
10 673
6 82
6 511
7 436
208 14
2 488
5 479
331 80
8 575
2 362
10 16
8 319
3 491
5 724
10 705
10 660
7 415
8 221
6 117
10 421
7 74
4 76
8 635
5 528
11 347
8 223
6 136
6 509
1 588
5 180
1 631
4 697
3 273
5 131
7 302
5 2
657 235
4 233
2 234
9 126
5 235
3 586
2 292
7 631
4 479
6 528
3 464
5 229
1 319
6 74
446 380
9 178
4 316
10 17
9 551
10 302
11 171
10 215
3 119
10 570
5 699
5 503
9 19
8 349
666 255
10 490
1 325
9 109
2 355
8 411
1 518
6 694
5 142
3 72
10 219
2 262
2 637
8 206
7 649
5 52
8 92
650 524
11 213
1 234
3 388
10 318
2 389
1 282
8 47
2 625
264 116
7 393
4 422
6 60
6 637
1 618
5 135
10 68
3 676
3 714
2 400
2 396
10 582
8 592
6 687
10 12
9 544
6 247
11 325
5 242
7 95
7 41
9 691
6 14
4 735
8 405
5 309
9 565
4 631
3 249
5 85
5 82
3 90
5 60
537 417
4 557
2 63
8 326
5 743
9 198
5 409
3 13
1 658
6 360
11 327
2 464
3 47
2 655
8 85
11 371
6 400
1 56
5 477
9 445
9 481
4 34
2 391
3 69
2 697
688 249
1 253
6 222
8 519
8 731
8 183
9 325
10 245
3 728
10 564
8 194
9 608
9 25
7 409
1 527
1 31
3 214
6 500
7 661
8 80
7 498
64 54
10 382
8 381
4 100
10 659
7 142
1 542
6 642
10 446
6 488
10 488
3 565
434 250
2 40
9 343
8 499
9 213
7 601
10 460
9 479
3 551
4 285
3 561
3 167
2 174
8 225
1 185
7 723
9 425
6 297
2 308
3 115
1 512
4 716
498 245
9 722
9 252
8 170
8 682
4 320
2 83
3 505
10 53
2 533
8 78
5 691
2 285
9 350
2 695
3 537
36 7
10 529
1 538
1 351
6 221
11 67
7 439
11 165
275 35
1 470
9 411
2 251
3 628
8 675
4 314
4 546
4 710
4 190
7 181
2 678
7 567
10 83
10 214
415 406
6 709
8 435
5 128
4 107
5 554
10 34
3 37
5 95
1 240
297 3
11 348
11 152
7 532
2 518
6 550
8 370
5 214
259 172
7 608
4 444
5 648
7 105
5 559
9 430
3 66
7 610
3 486
7 510
7 260
9 460
313 207
8 300
1 143
5 449
10 532
5 354
11 106
5 226
2 353
8 696
209 3
10 687
10 82
8 717
3 231
3 487
565 89
5 456
5 379
9 429
11 107
8 552
8 371
5 624
6 717
9 702
8 673
7 207
729 260
3 697
10 110
8 418
2 668
5 284
11 360
2 148
2 177
1 443
4 509
5 159
229 29
8 214
6 595
11 182
1 81
1 433
1 111
1 256
9 679
5 565
7 13
4 113
11 120
1 690
8 329
512 429
99 76
4 580
4 635
1 432
8 266
5 193
5 17
577 410
5 210
526 195
10 73
2 392
7 220
3 576
10 277
4 264
130 71
4 82
2 438
640 226
2 360
9 122
5 385
2 210
3 433
3 41
2 255
10 499
7 116
266 239
7 26
4 420
133 6
7 291
9 488
10 622
2 315
476 352
2 511
4 573
7 426
6 466
3 595
9 643
6 12
3 55
7 57
3 101
7 496
8 560
1 559
6 165
1 160
5 286
2 604
6 697
9 143
7 33
8 722
6 473
1 15
3 28
9 226
1 312
201 155
312 274
607 23
1 493
1 115
10 605
10 117
11 53
3 738
2 346
9 365
1 651
8 263
7 463
7 318
2 151
7 618
9 628
7 272
9 219
5 256
4 143
1 12
3 33
4 25
9 114
11 156
6 239
1 522
9 54
1 720
3 669
4 59
8 457
6 125
2 318
5 736
8 430
10 536
5 413
6 355
2 91
5 366
2 111
10 602
6 353
11 205
3 50
9 541
7 709
3 635
1 28
714 550
3 228
11 383
3 83
6 572
5 673
3 466
10 388
9 671
10 288
154 30
10 495
10 4
1 447
6 147
3 730
647 364
10 339
4 171
9 6
4 372
1 80
128 102
3 651
8 637
212 73
9 413
2 192
5 347
2 287
6 188
5 111
4 188
7 677
8 378
4 629
3 442
1 476
3 307
5 734
5 625
3 279
9 741
4 622
5 14
2 560
1 514
465 348
10 477
10 433
10 638
3 298
6 743
7 617
3 553
3 724
9 380
10 334
9 446
11 239
1 38
6 410
4 79
6 517
1 318
3 533
8 201
3 182
3 655
5 122
10 250
1 726
2 527
4 337
1 77
4 579
8 185
302 187
9 100
4 535
7 332
9 27
3 302
2 18
8 574
2 197
8 373
4 559
4 362
6 531
7 420
6 285
4 321
6 374
1 709
7 81
1 714
5 687
3 604
7 146
10 119
8 406
7 725
3 12
587 277
8 190
8 160
7 335
4 53
1 304
8 529
3 578
10 306
10 662
3 397
11 190
8 483
3 662
5 109
9 295
6 63
8 399
7 258
8 618
3 62
6 367
431 381
545 267
1 733
8 642
2 717
7 546
3 163
8 556
4 565
3 65
2 345
620 418
7 543
427 195
10 30
2 242
2 27
6 161
3 79
1 641
9 577
3 471
2 666
4 185
8 688
8 500
2 374
572 113
6 48
8 344
2 492
6 701
1 394
8 520
5 448
4 577
11 229
43 17
2 523
263 221
7 497
477 9
10 453
2 638
11 50
9 699
8 720
7 513
9 170
7 422
534 464
8 730
2 490
5 18
10 152
5 682
4 344
4 613
10 275
7 206
8 687
3 186
7 444
1 36
10 627
4 539
6 291
1 113
6 214
7 547
164 123
6 36
2 581
8 128
6 64
11 95
11 386
9 247
4 290
9 173
1 34
7 431
10 140
284 129
8 582
7 535
359 258
11 180
4 108
1 167
5 149
3 286
6 714
736 507
4 703
8 463
2 142
2 254
9 270
9 217
4 411
4 224
3 154
10 604
8 133
7 144
9 396
8 87
9 274
6 546
4 326
10 9
10 515
4 168
6 732
10 263
81 51
5 360
5 272
1 65
491 182
8 360
9 638
7 541
4 148
2 37
3 244
4 620
9 602
3 168
10 530
21 16
5 317
6 1
8 324
10 601
3 574
3 324
4 327
6 529
9 348
4 556
3 613
6 633
8 699
9 661
1 659
9 438
7 639
9 79
110 16
8 569
8 345
2 620
7 259
1 132
1 550
4 89
5 584
1 401
9 423
6 589
3 306
8 111
2 314
5 20
8 374
1 91
7 695
9 284
4 222
1 262
1 670
6 287
10 414
4 486
7 362
2 14
5 602
8 565
9 59
4 630
4 693
3 156
5 16
10 139
9 338
546 409
9 167
9 260
4 236
7 566
4 596
3 189
7 288
3 517
2 359
6 307
584 557
578 29
7 195
8 269
5 383
2 230
316 22
1 457
4 252
2 226
4 659
11 304
5 88
5 480
1 609
7 25
7 462
8 162
4 179
2 652
7 529
2 158
13 6
3 17
5 599
4 615
11 299
7 458
9 364
9 81
125 16
724 417
10 650
89 29
1 141
4 350
11 207
5 206
7 432
3 544
9 632
7 292
8 588
678 195
330 281
5 300
11 235
10 217
9 158
1 228
253 118
10 588
2 457
4 452
5 40
10 619
5 274
4 244
1 220
7 418
8 521
2 225
4 129
10 608
6 696
10 290
8 258
10 513
2 121
1 393
8 117
9 340
1 528
1 721
2 194
6 429
6 248
9 657
10 79
7 325
617 206
8 658
6 54
3 445
6 735
1 695
4 317
2 309
2 73
10 349
3 456
265 111
6 586
5 478
1 451
6 284
9 294
4 728
40 15
1 506
10 397
9 427
5 726
7 688
2 737
9 695
9 89
5 63
9 409
5 472
8 540
9 110
6 47
670 199
8 487
7 40
10 372
2 611
7 268
7 273
4 330
6 347
7 554
3 458
8 285
6 417
5 356
2 57
1 660
1 428
9 646
9 318
4 675
644 165
5 22
4 371
407 256
5 527
1 649
9 645
5 431
10 445
7 702
5 156
9 339
8 528
3 328
1 301
7 118
10 86
10 590
6 540
1 674
6 515
197 169
1 391
4 691
9 595
3 371
11 24
7 660
9 152
4 184
10 183
5 537
3 588
102 23
10 424
2 212
1 267
338 309
5 268
238 110
9 262
6 659
4 734
3 547
11 155
2 296
5 517
8 235
7 218
2 109
8 671
3 226
1 381
3 344
6 650
3 39
9 710
10 133
3 616
7 483
11 97
1 153
10 115
5 211
4 198
11 124
1 242
10 337
4 274
3 632
10 350
3 2
220 33
4 514
1 108
7 471
2 616
7 545
3 429
11 293
4 605
439 150
569 158
11 321
3 706
7 711
11 283
7 100
8 677
7 407
10 708
6 193
5 634
4 208
2 684
3 620
1 376
6 230
9 76
8 398
10 686
11 393
10 725
4 732
10 48
3 684
10 450
1 515
7 320
10 267
6 210
10 693
2 129
3 175
1 727
11 223
4 31
4 207
1 146
10 314
7 461
4 663
575 242
3 268
1 344
6 414
5 473
5 97
8 1
2 563
9 398
1 263
6 653
2 520
11 250
1 557
7 534
7 265
3 263
9 717
9 22
9 24
1 254
11 185
1 283
539 426
11 373
2 544
2 376
360 246
1 642
4 388
3 719
7 358
6 533
4 625
2 403
10 94
9 462
6 339
1 11
326 133
1 567
2 85
9 471
3 693
10 27
3 566
9 221
2 89
7 674
7 164
2 571
451 400
9 337
10 44
6 520
2 435
11 309
8 205
735 428
5 680
6 729
2 719
5 198
10 276
10 401
11 183
6 605
1 558
10 563
10 226
9 404
4 560
8 727
4 391
6 172
6 233
4 128
18 15
7 209
2 147
10 199
1 181
1 166
6 122
8 222
8 138
4 234
7 579
7 518
11 378
2 721
9 36
3 414
2 630
10 579
1 289
10 468
2 66
3 700
7 650
3 350
2 326
10 175
7 89
3 173
1 236
2 220
1 409
9 39
8 557
397 207
561 409
393 115
11 141
4 530
10 273
8 124
219 138
10 231
8 467
4 1
11 70
2 333
402 63
10 665
5 581
6 272
11 77
7 603
4 157
8 202
2 127
9 292
9 385
9 564
518 298
1 650
4 246
4 644
8 64
2 663
11 285
462 241
4 354
9 550
8 332
10 220
10 569
1 130
9 41
9 56
142 73
10 294
3 318
1 419
2 94
5 436
2 612
9 323
10 436
2 556
8 73
9 127
5 346
1 4
7 653
6 101
1 682
711 162
111 10
2 633
3 701
6 140
11 374
4 215
10 100
6 676
9 204
1 107
9 241
9 66
9 306
3 402
7 187
10 543
5 530
4 301
680 11
11 375
1 249
6 600
8 721
1 128
6 658
9 693
3 232
9 700
10 32
10 135
11 135
6 645
1 636
8 150
654 300
84 42
10 385
4 704
1 302
9 63
1 427
8 599
5 550
3 373
7 413
10 489
10 157
604 480
6 270
6 664
8 314
7 680
6 124
6 192
8 100
5 467
333 256
536 207
269 59
4 515
450 322
9 620
11 74
7 637
8 270
6 42
1 232
1000
1 5 614
1 4 149
1 11 76
1 8 667
2 589
2 350
2 144
1 3 287
4 362
4 251
2 222
4 83
1 7 86
2 51
1 2 697
1 4 733
1 510 369
2 694
2 397
1 3 1
1 5 48
4 17
2 678
2 599
4 174
1 4 99
2 669
1 10 124
2 679
1 6 245
4 658
2 392
4 376
4 125
1 7 395
1 9 388
4 634
2 495
1 2 598
1 8 688
2 636
1 10 710
1 3 701
1 3 572
2 113
1 1 728
2 288
1 8 513
2 729
1 7 338
4 276
2 448
4 632
1 1 70
1 8 390
1 445 53
1 7 300
1 5 254
4 89
1 4 325
4 340
4 375
1 10 634
2 301
4 429
2 39
2 213
4 279
4 47
1 7 739
1 4 372
2 350
1 7 335
2 207
4 159
2 15
2 240
4 655
1 10 135
2 708
1 9 68
1 4 463
1 10 548
1 9 256
4 213
4 171
4 94
1 6 213
1 8 37
4 32
2 563
4 192
4 84
1 10 120
2 256
1 2 164
1 7 160
2 322
1 11 1
1 2 575
3 389 288
1 1 556
4 111
4 257
2 482
2 92
2 385
1 10 84
4 271
1 6 299
1 2 1
1 4 1
1 5 1
1 6 1
1 7 1
1 8 1
1 9 1
1 10 1
1 1 2
1 3 2
1 4 2
1 5 2
1 6 2
1 7 2
1 8 2
1 9 2
1 10 2
1 11 2
1 1 3
1 2 3
1 4 3
1 5 3
1 6 3
1 7 3
1 8 3
1 9 3
1 10 3
1 11 3
1 1 4
1 2 4
1 3 4
1 5 4
1 6 4
1 7 4
1 8 4
1 9 4
1 10 4
1 11 4
1 1 5
1 2 5
1 3 5
1 4 5
1 6 5
1 7 5
1 8 5
1 9 5
1 10 5
1 11 5
1 1 6
1 2 6
1 4 6
1 5 6
1 7 6
1 8 6
1 9 6
1 10 6
1 11 6
1 1 7
1 2 7
1 3 7
1 4 7
1 5 7
1 6 7
1 8 7
1 9 7
1 10 7
1 11 7
1 1 8
1 2 8
1 3 8
1 4 8
1 5 8
1 6 8
1 7 8
1 9 8
1 10 8
1 11 8
1 1 9
1 2 9
1 3 9
1 4 9
1 5 9
1 6 9
1 7 9
1 8 9
1 10 9
1 11 9
1 1 10
1 2 10
1 3 10
1 4 10
1 5 10
1 6 10
1 7 10
1 8 10
1 9 10
1 11 10
1 1 11
1 2 11
1 3 11
1 4 11
1 5 11
1 6 11
1 7 11
1 8 11
1 9 11
1 10 11
1 1 12
1 2 12
1 3 12
1 4 12
1 5 12
1 6 12
1 7 12
1 8 12
1 9 12
1 10 12
1 11 12
1 1 13
1 2 13
1 3 13
1 4 13
1 5 13
1 6 13
1 7 13
1 8 13
1 9 13
1 10 13
1 11 13
1 1 14
1 2 14
1 3 14
1 4 14
1 5 14
1 6 14
1 7 14
1 8 14
1 9 14
1 10 14
1 11 14
3 18 15
3 23 15
3 25 15
3 40 15
3 241 15
3 351 15
1 1 16
1 2 16
1 3 16
1 4 16
1 5 16
1 6 16
1 7 16
1 8 16
1 9 16
1 10 16
1 11 16
1 1 17
1 2 17
1 3 17
1 4 17
1 5 17
1 6 17
1 7 17
1 8 17
1 9 17
1 10 17
1 11 17
1 1 18
1 2 18
1 3 18
1 4 18
1 5 18
1 6 18
1 7 18
1 8 18
1 9 18
1 10 18
1 11 18
1 1 19
1 2 19
1 3 19
1 4 19
1 5 19
1 6 19
1 7 19
1 8 19
1 9 19
1 10 19
1 11 19
1 1 20
1 2 20
1 3 20
1 4 20
1 5 20
1 6 20
1 7 20
1 8 20
1 9 20
1 10 20
1 11 20
1 1 21
1 2 21
1 3 21
1 4 21
1 5 21
1 6 21
1 7 21
1 8 21
1 9 21
1 10 21
1 11 21
1 1 22
1 2 22
1 3 22
1 4 22
1 5 22
1 6 22
1 7 22
1 8 22
1 9 22
1 10 22
1 11 22
1 1 23
1 2 23
1 3 23
1 4 23
1 5 23
1 6 23
1 7 23
1 8 23
1 9 23
1 10 23
1 11 23
1 1 24
1 2 24
1 3 24
1 4 24
1 5 24
1 6 24
1 7 24
1 8 24
1 9 24
1 10 24
1 11 24
1 1 25
1 2 25
1 3 25
1 4 25
1 5 25
1 6 25
1 7 25
1 8 25
1 9 25
1 10 25
1 11 25
1 1 26
1 2 26
1 3 26
1 4 26
1 5 26
1 6 26
1 7 26
1 8 26
1 9 26
1 10 26
1 11 26
1 1 27
1 2 27
1 3 27
1 4 27
1 5 27
1 6 27
1 7 27
1 8 27
1 9 27
1 10 27
1 11 27
1 1 28
1 2 28
1 3 28
1 4 28
1 5 28
1 6 28
1 7 28
1 8 28
1 9 28
1 10 28
1 11 28
1 1 29
1 2 29
1 3 29
1 4 29
1 5 29
1 6 29
1 7 29
1 8 29
1 9 29
1 10 29
1 11 29
1 1 30
1 2 30
1 3 30
1 4 30
1 5 30
1 6 30
1 7 30
1 8 30
1 9 30
1 10 30
1 11 30
1 1 31
1 2 31
1 3 31
1 4 31
1 5 31
1 6 31
1 7 31
1 8 31
1 9 31
1 10 31
1 11 31
1 1 32
1 2 32
1 3 32
1 4 32
1 5 32
1 6 32
1 7 32
1 8 32
1 9 32
1 10 32
1 11 32
1 1 33
1 2 33
1 3 33
1 4 33
1 5 33
1 6 33
1 7 33
1 8 33
1 9 33
1 10 33
1 11 33
1 1 34
1 2 34
1 3 34
1 4 34
1 5 34
1 6 34
1 7 34
1 8 34
1 9 34
1 10 34
1 11 34
1 1 35
1 2 35
1 3 35
1 4 35
1 5 35
1 6 35
1 7 35
1 8 35
1 9 35
1 10 35
1 11 35
1 1 36
1 2 36
1 3 36
1 4 36
1 5 36
1 6 36
1 7 36
1 8 36
1 9 36
1 10 36
1 11 36
1 1 37
1 2 37
1 3 37
1 4 37
1 5 37
1 6 37
1 7 37
1 9 37
1 10 37
1 11 37
1 1 38
1 2 38
1 3 38
1 4 38
1 5 38
1 6 38
1 7 38
1 8 38
1 9 38
1 10 38
1 11 38
3 62 39
3 131 39
3 159 39
1 1 40
1 2 40
1 3 40
1 4 40
1 5 40
1 6 40
1 7 40
1 8 40
1 9 40
1 10 40
1 11 40
1 1 41
1 2 41
1 3 41
1 4 41
1 5 41
1 6 41
1 7 41
1 8 41
1 9 41
1 10 41
1 11 41
1 1 42
1 2 42
1 3 42
1 4 42
1 5 42
1 6 42
1 7 42
1 8 42
1 9 42
1 10 42
1 11 42
1 1 43
1 2 43
1 3 43
1 4 43
1 5 43
1 6 43
1 7 43
1 8 43
1 9 43
1 10 43
1 11 43
1 1 44
1 2 44
1 3 44
1 4 44
1 5 44
1 6 44
1 7 44
1 8 44
1 9 44
1 10 44
1 11 44
1 1 45
1 2 45
1 3 45
1 4 45
1 5 45
1 6 45
1 7 45
1 8 45
1 9 45
1 10 45
1 11 45
1 1 46
1 2 46
1 3 46
1 4 46
1 5 46
1 6 46
1 7 46
1 8 46
1 9 46
1 10 46
1 11 46
1 1 47
1 2 47
1 3 47
1 4 47
1 5 47
1 6 47
1 7 47
1 8 47
1 9 47
1 10 47
1 11 47
1 1 48
1 2 48
1 3 48
1 4 48
1 6 48
1 7 48
1 8 48
1 9 48
1 10 48
1 11 48
1 1 49
1 2 49
1 3 49
1 4 49
1 5 49
1 6 49
1 7 49
1 8 49
1 9 49
1 10 49
1 11 49
1 1 50
1 2 50
1 3 50
1 4 50
1 5 50
1 6 50
1 7 50
1 8 50
1 9 50
1 10 50
1 11 50
3 61 51
3 70 51
3 81 51
3 541 51
1 1 52
1 2 52
1 3 52
1 4 52
1 5 52
1 6 52
1 7 52
1 8 52
1 9 52
1 10 52
1 11 52
3 445 53
1 1 53
1 2 53
1 3 53
1 4 53
1 5 53
1 6 53
1 7 53
1 8 53
1 9 53
1 10 53
1 11 53
1 1 54
1 2 54
1 3 54
1 4 54
1 5 54
1 6 54
1 7 54
1 8 54
1 9 54
1 10 54
1 11 54
1 1 55
1 2 55
1 3 55
1 4 55
1 5 55
1 6 55
1 7 55
1 8 55
1 9 55
1 10 55
1 11 55
1 1 56
1 2 56
1 3 56
1 4 56
1 5 56
1 6 56
1 7 56
1 8 56
1 9 56
1 10 56
1 11 56
1 1 57
1 2 57
1 3 57
1 4 57
1 5 57
1 6 57
1 7 57
1 8 57
1 9 57
1 10 57
1 11 57
1 1 58
1 2 58
1 3 58
1 4 58
1 5 58
1 7 58
1 8 58
1 9 58
1 10 58
1 11 58
1 1 59
1 2 59
1 3 59
1 4 59
1 5 59
1 6 59
1 7 59
1 8 59
1 9 59
1 10 59
1 11 59
1 1 60
1 2 60
1 3 60
1 4 60
1 5 60
1 6 60
1 7 60
1 8 60
1 9 60
1 10 60
1 11 60
1 1 61
1 2 61
1 3 61
1 4 61
1 5 61
1 6 61
1 7 61
1 8 61
1 9 61
1 10 61
1 11 61
1 1 62
1 2 62
1 3 62
1 4 62
1 5 62
1 6 62
1 7 62
1 8 62
1 9 62
1 10 62
1 11 62
1 1 63
1 2 63
1 3 63
1 4 63
1 5 63
1 6 63
1 7 63
1 8 63
1 9 63
1 10 63
1 11 63
1 1 64
1 2 64
1 3 64
1 4 64
1 5 64
1 6 64
1 7 64
1 8 64
1 9 64
1 10 64
1 11 64
1 1 65
1 2 65
1 3 65
1 4 65
1 5 65
1 6 65
1 7 65
1 8 65
1 9 65
1 10 65
1 11 65
1 1 66
1 2 66
1 3 66
1 4 66
1 5 66
1 6 66
1 7 66
1 8 66
1 9 66
1 10 66
1 11 66
1 1 67
1 2 67
1 3 67
1 4 67
1 5 67
1 6 67
1 7 67
1 8 67
1 9 67
1 10 67
1 11 67
1 1 68
1 2 68
1 3 68
1 4 68
1 5 68
1 6 68
1 7 68
1 8 68
1 10 68
1 11 68
1 1 69
1 2 69
1 3 69
1 4 69
1 5 69
1 6 69
1 7 69
1 8 69
1 9 69
1 10 69
1 11 69
1 2 70
1 3 70
1 4 70
1 5 70
1 6 70
1 7 70
1 8 70
1 9 70
1 10 70
1 11 70
1 1 71
1 2 71
1 3 71
1 4 71
1 5 71
1 6 71
1 7 71
1 8 71
1 9 71
1 10 71
1 11 71
1 1 72
1 2 72
1 3 72
1 4 72
1 5 72
1 6 72
1 7 72
1 8 72
1 9 72
1 10 72
1 11 72
1 1 73
1 2 73
1 3 73
1 4 73
1 5 73
1 6 73
1 7 73
1 8 73
1 9 73
1 10 73
1 11 73
1 1 74
1 2 74
1 3 74
1 4 74
1 5 74
1 6 74
1 7 74
1 8 74
1 9 74
1 10 74
1 11 74
1 1 75
1 2 75
1 3 75
1 4 75
1 5 75
1 6 75
1 7 75
1 8 75
1 9 75
1 10 75
1 11 75
1 1 76
1 2 76
1 3 76
1 4 76
1 5 76
1 6 76
1 7 76
1 8 76
1 9 76
1 10 76
1 1 77
1 2 77
1 3 77
1 4 77
1 5 77
1 6 77
1 7 77
1 8 77
1 9 77
1 10 77
1 11 77
1 1 78
1 2 78
1 3 78
1 4 78
1 5 78
1 6 78
1 7 78
1 8 78
1 9 78
1 10 78
1 11 78
1 1 79
1 2 79
1 3 79
1 4 79
1 5 79
1 6 79
1 7 79
1 8 79
1 9 79
1 10 79
1 11 79
1 1 80
1 2 80
1 3 80
1 4 80
1 5 80
1 6 80
1 7 80
1 8 80
1 9 80
1 10 80
1 11 80
1 1 81
1 2 81
1 3 81
1 4 81
1 5 81
1 6 81
1 7 81
1 8 81
1 9 81
1 10 81
1 11 81
1 1 82
1 2 82
1 3 82
1 4 82
1 5 82
1 6 82
1 7 82
1 8 82
1 9 82
1 10 82
1 11 82
1 1 83
1 2 83
1 3 83
1 4 83
1 5 83
1 6 83
1 7 83
1 8 83
1 9 83
1 10 83
1 11 83
1 1 84
1 2 84
1 3 84
1 4 84
1 5 84
1 6 84
1 7 84
1 8 84
1 9 84
1 11 84
1 1 85
1 2 85
1 3 85
1 4 85
1 5 85
1 6 85
