891 9661
1 499
1 886
7 369
3 845
10 673
7 43
10 47
8 855
8 211
4 513
8 747
6 528
8 148
2 508
4 593
7 805
2 379
8 454
2 340
412 137
7 554
1 524
2 11
7 800
5 305
4 660
3 871
7 537
8 728
3 302
2 449
5 157
5 226
3 825
1 487
4 47
9 134
7 115
5 431
8 645
1 15
3 880
10 6
6 725
6 106
8 40
7 761
9 650
2 126
8 824
3 365
2 678
2 888
839 354
4 449
7 599
7 635
6 578
4 185
8 394
8 319
4 317
2 646
1 115
3 873
7 161
137 111
10 542
1 582
1 213
5 842
10 279
10 556
4 769
2 309
5 263
4 170
6 177
9 255
5 488
6 405
3 368
2 848
7 362
1 830
4 136
5 2
8 786
10 706
768 460
8 22
9 443
8 617
4 515
2 222
8 644
2 636
8 35
10 734
5 441
1 848
9 459
2 226
9 391
2 132
6 37
7 480
3 235
7 243
6 387
3 698
7 194
10 554
10 300
6 259
2 389
5 301
7 719
4 889
7 785
1 773
4 562
2 311
6 210
4 103
3 326
1 882
3 659
1 197
3 491
3 695
2 395
9 526
9 813
883 560
3 299
6 100
6 243
10 670
3 866
7 338
7 255
7 708
1 836
7 456
9 712
1 702
7 409
2 54
4 278
2 321
381 349
2 653
7 689
91 6
2 364
6 394
5 538
4 465
1 419
7 142
3 526
4 189
9 67
8 292
4 634
83 69
1 887
9 626
5 178
5 378
2 196
6 282
6 31
8 830
8 258
1 88
10 46
2 512
3 470
8 475
5 800
2 280
10 23
4 122
1 91
7 733
6 187
4 107
10 430
8 771
2 796
8 89
3 23
5 421
9 290
2 761
6 397
6 146
637 419
7 146
1 293
793 746
3 305
194 160
4 127
390 182
1 300
7 698
7 99
3 566
9 387
9 582
9 22
9 53
5 34
7 24
106 95
3 891
1 307
8 694
9 403
3 289
168 163
4 835
9 221
8 200
9 704
8 835
9 253
1 292
6 804
8 248
3 69
9 397
5 668
7 535
7 86
1 310
8 106
1 57
1 221
10 401
8 504
9 649
4 876
2 258
7 725
8 435
7 852
4 652
2 708
10 690
5 401
6 10
5 428
5 71
5 373
1 226
9 308
4 709
7 81
4 43
7 636
9 172
6 311
1 703
3 886
8 585
1 245
4 764
8 707
3 719
10 703
8 875
3 852
1 470
10 641
3 853
9 447
10 34
4 635
7 432
9 175
5 825
7 512
3 496
6 89
5 630
7 592
665 78
3 814
1 453
6 519
424 94
3 724
1 168
1 472
9 229
7 556
9 882
4 831
3 468
10 210
233 209
8 29
887 774
8 409
7 634
10 527
4 463
188 93
6 600
6 411
562 179
10 66
1 51
2 84
5 802
1 840
10 453
6 329
636 337
6 323
4 500
6 541
10 43
9 212
9 539
5 109
8 703
633 70
2 788
7 166
3 156
670 280
7 294
8 732
5 862
7 667
1 482
9 793
5 125
9 220
6 251
8 380
6 701
9 248
3 318
5 756
9 323
6 431
7 778
9 492
10 649
7 363
1 199
7 387
198 48
7 156
5 694
10 256
4 312
7 393
7 392
8 680
549 49
2 524
682 569
4 358
2 168
2 839
5 472
8 609
1 11
2 474
5 175
2 863
3 218
183 88
7 266
6 563
4 614
6 141
2 496
7 846
9 74
2 249
4 736
1 647
8 690
1 457
8 520
10 572
6 492
4 61
7 127
3 359
4 460
8 597
2 137
2 755
10 399
9 634
4 569
5 12
10 376
9 18
2 155
5 164
1 31
3 518
5 534
81 19
8 44
1 66
10 545
10 595
1 316
4 113
10 233
1 347
4 721
7 23
2 164
8 551
4 124
8 82
7 261
2 446
645 354
7 528
572 567
3 767
329 149
5 137
5 63
2 482
3 591
10 718
10 600
8 740
5 877
2 199
71 56
8 822
9 519
1 367
10 577
90 37
4 338
2 48
6 630
3 432
3 54
2 378
2 293
7 377
3 531
9 746
5 264
4 705
170 123
6 341
7 143
8 235
478 111
10 468
39 8
9 497
6 19
4 286
10 83
6 638
3 419
4 355
7 353
361 283
8 384
7 637
2 503
10 436
8 173
5 736
7 563
1 513
1 527
5 258
9 239
5 170
4 397
10 262
7 452
1 849
1 853
10 175
9 618
8 440
9 667
352 165
52 50
3 242
8 386
8 410
5 151
2 248
9 611
5 612
6 51
3 9
6 61
1 174
10 655
9 786
9 816
8 807
4 713
1 7
4 226
4 282
7 34
10 647
4 686
8 589
2 338
9 268
2 551
9 247
9 362
3 1
3 782
4 217
4 8
7 274
3 327
4 842
666 284
8 272
6 888
3 463
3 386
9 617
220 151
7 760
7 62
8 776
9 266
8 816
3 600
8 33
9 168
3 545
8 121
4 712
8 800
4 308
294 161
9 842
7 157
9 706
1 640
8 305
462 313
5 294
5 55
9 532
3 609
8 132
5 864
5 509
9 872
5 700
7 245
4 137
1 388
4 109
5 235
2 353
3 693
9 316
8 443
5 859
8 32
211 119
7 444
2 586
2 72
8 568
1 202
6 767
3 746
8 110
3 426
366 348
257 207
9 740
9 29
6 856
8 804
9 222
3 39
9 235
1 638
2 434
4 389
3 612
369 97
794 664
7 786
5 330
1 845
3 585
7 629
5 570
322 52
3 394
6 782
10 748
8 839
4 805
4 674
9 303
6 565
8 124
7 729
8 683
7 345
7 488
9 431
9 357
10 559
3 226
10 580
10 343
2 740
2 486
8 408
9 292
7 617
6 344
746 358
5 382
3 784
2 380
9 437
9 377
6 481
10 94
545 376
1 443
1 770
4 822
3 715
3 532
8 462
623 504
2 612
8 643
8 359
5 371
3 203
6 607
7 770
6 651
7 765
8 167
8 489
5 457
3 254
6 763
502 37
1 382
2 867
4 60
4 815
635 99
596 517
7 734
6 382
3 842
82 70
3 160
7 202
8 631
9 156
6 25
1 566
8 823
232 126
10 226
7 1
1 40
7 807
5 692
4 220
2 452
2 47
3 105
5 131
10 751
3 14
3 68
6 643
4 2
385 354
8 476
6 625
7 762
4 65
5 764
8 223
2 121
4 819
7 582
6 281
1 876
5 643
8 481
9 844
5 403
8 671
3 513
10 282
9 291
8 207
1 802
4 757
6 815
7 248
10 24
7 187
2 292
7 211
8 688
6 369
4 70
10 249
4 597
273 74
2 141
2 365
1 599
5 372
1 76
701 2
493 181
2 570
10 157
3 556
6 256
9 742
9 76
9 736
4 129
5 745
1 94
1 535
3 78
1 601
7 104
3 93
3 688
7 172
4 26
2 775
6 92
8 495
4 816
3 584
4 525
6 426
675 161
5 323
7 759
7 633
6 674
4 150
176 88
5 495
4 773
5 499
5 751
776 548
336 211
6 80
5 541
691 140
2 23
9 578
1 439
1 73
5 674
3 581
7 767
8 113
8 704
5 671
8 547
5 558
3 822
10 428
8 572
7 193
7 606
6 781
7 384
822 500
2 654
10 85
1 564
3 395
4 215
6 808
3 460
10 192
2 457
2 114
6 151
9 267
3 341
7 307
9 577
6 685
2 149
7 691
7 814
6 121
4 698
1 633
5 696
1 762
10 102
4 72
2 568
204 140
10 374
3 575
3 501
9 840
8 701
3 819
2 572
2 506
753 415
5 866
7 298
501 383
3 392
5 354
10 429
6 175
8 429
4 744
10 741
7 548
10 182
4 695
4 708
6 11
8 540
669 564
8 453
3 790
4 587
8 852
3 785
1 428
9 491
9 423
9 46
2 785
3 13
396 154
6 660
8 178
10 223
2 101
6 825
7 658
5 324
4 423
8 146
10 461
7 126
9 167
2 289
186 79
4 330
3 507
838 67
4 316
7 461
1 734
649 377
6 561
9 751
10 505
2 202
9 112
2 281
2 254
5 39
2 729
8 815
4 91
2 371
5 332
3 563
9 868
8 393
2 624
8 366
771 409
876 233
9 203
6 531
1 378
1 594
2 461
8 266
4 875
6 693
10 528
1 662
4 31
9 401
3 208
3 189
8 833
10 613
3 701
7 170
1 102
8 641
5 397
8 37
2 581
10 250
7 545
4 891
7 2
8 528
265 81
8 68
4 16
5 768
7 671
9 747
10 521
2 742
10 771
9 616
1 203
9 428
4 342
6 211
7 470
2 722
9 489
2 231
6 209
6 470
3 264
10 317
3 252
1 619
843 790
3 87
2 638
5 623
10 470
8 599
842 447
7 427
6 521
2 557
7 453
2 274
651 243
564 357
8 73
3 541
8 177
7 291
9 6
10 387
5 425
3 236
10 422
4 69
9 133
9 429
8 811
6 532
3 587
5 446
377 69
1 815
10 744
1 493
8 54
297 139
3 557
243 91
4 507
6 465
8 295
488 115
8 464
8 537
5 36
9 41
1 58
6 320
2 297
6 76
3 834
1 805
5 249
3 405
5 775
2 376
9 859
834 780
2 675
8 119
4 396
10 484
7 855
1 134
228 67
1 575
9 420
5 730
8 186
1 35
7 400
7 188
2 472
4 46
5 161
2 266
5 160
1 788
9 196
5 664
6 129
2 227
145 84
5 327
8 668
1 124
1 767
9 277
5 52
2 201
2 642
1 322
7 189
9 124
9 24
8 327
9 207
9 462
7 647
4 173
3 679
2 550
470 10
2 692
5 517
4 237
9 317
3 92
2 802
8 317
4 296
8 656
6 523
2 238
9 820
10 469
1 188
7 367
3 657
577 284
646 313
9 60
8 460
5 195
6 605
4 456
9 411
6 807
8 311
2 415
543 321
583 261
5 261
8 120
8 30
2 819
9 750
6 157
9 783
7 490
8 550
128 53
6 489
5 887
4 329
7 275
10 117
8 709
8 517
7 514
1 683
2 866
10 92
2 872
3 795
4 766
2 760
5 829
2 734
1 415
7 881
2 262
863 862
65 4
9 155
823 774
4 802
2 731
5 244
7 330
2 545
2 88
2 66
175 90
10 712
1 185
1 529
8 431
5 818
3 71
5 165
2 516
3 11
3 37
10 292
1 304
7 551
80 34
236 197
6 635
3 673
5 385
3 702
4 206
1 461
2 741
5 265
1 244
5 231
4 554
10 9
5 429
4 481
9 170
407 390
3 347
8 128
8 158
1 37
8 518
8 153
7 70
518 45
2 103
2 334
6 776
4 328
3 385
2 210
9 567
5 102
7 276
7 665
3 480
10 731
9 757
803 205
486 214
10 659
5 603
8 421
4 199
9 275
3 79
8 716
1 273
2 375
2 285
3 579
1 649
2 495
3 739
7 263
4 289
8 288
6 560
3 5
2 428
4 743
5 732
5 555
7 113
5 685
10 155
5 632
4 422
1 340
9 368
6 229
8 678
4 600
10 550
4 548
6 758
1 418
9 843
6 258
4 10
741 211
1 689
4 156
8 424
7 558
3 793
1 595
2 396
10 585
1 114
5 285
393 335
3 166
9 559
5 129
272 160
4 367
399 266
10 666
8 330
6 517
8 356
8 575
10 736
1 616
6 757
8 143
6 111
7 335
6 35
9 542
4 747
8 405
629 225
1 238
4 470
7 103
4 874
4 412
7 789
5 29
1 577
1 152
3 668
8 360
74 51
1 290
3 50
610 8
250 152
8 477
4 23
7 521
10 88
2 618
2 267
4 746
8 328
3 64
4 36
9 715
8 514
6 299
442 307
6 186
1 392
10 487
6 454
8 403
2 110
5 111
7 673
110 4
6 375
7 144
7 299
7 446
8 785
766 15
7 196
7 481
3 204
6 775
8 859
5 359
1 520
1 775
6 421
7 686
4 506
7 150
6 604
5 114
8 451
9 835
6 848
4 179
9 271
8 637
4 255
3 610
6 834
2 92
4 754
5 489
8 355
1 869
8 648
3 848
9 623
544 480
218 92
2 857
6 340
3 297
1 523
3 168
7 607
326 188
7 555
3 547
6 398
9 369
9 734
3 333
9 400
5 395
6 124
2 781
8 879
398 277
5 602
8 181
1 118
3 332
8 802
2 807
7 301
3 84
9 731
1 725
10 319
8 123
5 468
6 165
3 537
710 195
8 856
8 151
10 561
1 265
6 728
1 386
9 108
5 883
5 286
3 786
801 568
7 726
55 4
7 449
6 444
4 253
6 511
5 42
10 564
5 656
9 792
4 482
9 691
4 405
8 375
785 381
3 442
3 267
10 360
2 69
9 240
1 695
1 19
1 101
9 83
116 33
4 379
8 155
171 119
4 321
5 658
3 273
6 661
1 483
3 833
717 397
5 504
2 881
6 360
8 164
10 620
8 140
8 2
2 843
3 787
6 384
584 426
5 836
4 561
1 889
4 576
1 149
1 224
4 666
2 349
10 464
4 324
6 78
2 835
3 690
2 327
3 821
7 51
2 269
3 12
7 856
4 501
8 646
8 619
7 3
10 709
3 288
5 695
2 689
6 291
2 619
7 5
5 338
10 364
5 306
7 47
431 312
7 68
2 757
10 209
6 837
3 418
6 434
8 749
2 145
813 681
3 605
2 317
1 571
10 217
5 567
85 36
9 80
8 205
2 648
5 581
1 569
6 689
4 718
408 263
4 7
4 49
9 2
10 665
3 742
7 678
10 129
3 320
7 613
9 849
321 76
9 471
8 595
86 3
1 297
5 290
8 141
4 241
4 428
796 704
5 440
6 537
3 286
10 680
8 812
2 355
7 526
8 527
8 592
1 538
8 17
6 798
715 333
10 269
491 179
2 776
6 172
9 434
5 120
1 603
5 778
5 393
6 112
4 1
4 224
3 628
3 228
10 766
10 244
7 168
1 883
5 524
6 104
8 877
8 590
3 778
9 306
6 809
9 190
7 595
4 346
425 143
6 830
1 313
8 34
10 446
6 883
8 215
1 269
3 813
1 60
10 213
5 572
3 885
7 341
7 529
5 162
4 441
7 687
5 473
9 675
2 681
10 275
8 882
2 705
9 864
3 108
5 66
10 289
3 735
8 754
3 808
5 565
7 646
5 731
6 880
6 688
7 849
1 542
9 530
2 676
362 27
6 135
2 220
7 645
10 508
4 689
8 459
7 204
9 338
9 609
7 394
5 758
1 263
4 254
5 867
6 161
5 347
4 504
5 605
9 183
3 167
3 838
2 477
1 854
10 410
8 315
10 555
5 188
5 838
7 111
2 438
3 90
10 59
10 579
10 513
119 55
2 212
3 588
8 521
10 602
8 734
4 335
7 571
1 511
6 788
1 696
2 260
3 523
4 843
8 849
7 583
1 798
5 291
10 637
10 114
707 191
3 455
3 488
8 764
730 1
8 496
2 251
4 697
1 336
7 644
9 814
9 297
8 471
6 498
8 78
9 122
5 3
10 190
9 562
5 613
10 63
1 497
3 104
4 516
5 607
3 408
1 670
3 400
1 228
2 239
1 332
1 736
2 832
6 20
9 853
6 741
7 516
6 791
10 467
9 52
57 7
7 237
165 77
10 729
7 655
4 202
886 70
3 211
1 27
2 607
339 246
10 414
7 428
1 315
5 704
2 864
8 229
10 55
227 88
10 541
6 647
314 292
2 26
9 148
5 849
7 120
8 161
3 81
3 439
465 27
1 262
10 166
89 11
231 152
7 509
2 858
9 25
5 748
6 816
4 164
4 492
3 794
6 683
8 66
9 324
10 116
3 503
3 457
4 776
2 637
4 675
1 187
5 464
2 402
40 37
8 423
3 574
10 652
3 38
432 279
9 333
2 215
8 832
1 223
2 745
3 650
9 507
708 39
10 164
6 2
7 314
10 526
3 655
8 365
8 67
2 844
2 38
5 701
8 347
1 517
5 754
2 735
2 152
6 42
9 399
156 106
3 764
10 154
1 441
4 188
1 275
4 859
3 773
8 452
6 771
4 92
1 856
3 788
8 36
784 212
6 653
9 775
9 619
9 174
278 273
1 379
9 518
7 670
10 109
9 657
520 24
1 671
7 861
3 540
10 700
4 176
4 495
8 507
1 796
10 747
6 819
5 417
5 146
9 39
234 156
6 464
5 104
6 574
41 34
8 197
5 351
7 147
6 681
10 501
178 55
4 539
8 97
2 333
6 513
7 483
4 841
5 622
9 629
1 121
9 365
1 651
5 311
7 212
1 516
3 539
1 766
4 184
4 814
4 259
5 636
10 658
8 577
10 68
6 367
1 106
5 857
8 411
1 331
4 302
10 583
5 141
10 710
6 615
6 818
2 504
7 223
5 75
8 116
5 28
25 3
2 420
7 264
2 18
5 723
8 622
4 452
7 609
5 678
4 483
4 15
2 306
6 602
786 315
8 738
8 600
2 44
8 412
3 46
8 799
2 798
1 4
6 800
5 300
7 584
3 721
7 476
9 693
5 289
720 432
10 32
1 264
736 411
3 448
8 784
9 841
861 503
2 769
6 724
7 662
2 633
1 18
10 631
10 404
780 323
9 88
8 249
9 818
674 533
3 277
131 50
537 54
4 326
353 72
4 139
6 597
1 555
5 563
6 686
4 696
3 354
10 441
7 773
341 136
10 423
3 493
9 309
1 776
9 806
4 314
3 682
6 580
3 259
7 82
1 218
10 509
1 612
8 664
4 729
151 29
5 413
4 851
5 588
4 751
10 321
1 53
17 2
1 682
7 844
7 700
6 656
6 610
10 259
8 26
10 450
10 439
9 679
7 235
9 102
5 273
6 396
5 99
2 348
10 506
821 424
9 327
5 766
9 72
6 627
2 869
8 837
8 195
287 218
4 820
304 189
5 667
7 783
8 620
76 72
2 148
8 775
9 311
10 403
3 861
10 715
46 24
8 582
4 325
255 209
1 298
8 129
6 744
10 323
5 113
1 230
10 206
2 133
9 13
1 544
648 240
6 787
1 162
9 254
4 263
7 688
4 628
2 91
375 368
7 640
8 304
9 612
4 280
10 40
9 264
9 101
5 185
10 133
5 720
1 303
9 455
4 493
5 345
3 376
9 515
618 9
1 474
1 79
1 302
6 790
3 709
6 589
10 174
5 420
6 283
27 24
1 607
7 747
3 380
639 400
6 826
10 370
4 207
9 523
8 687
8 563
1 793
2 695
3 802
10 533
6 238
2 730
5 427
9 113
8 79
10 224
6 658
8 741
10 390
2 277
8 534
9 444
758 186
3 836
1 361
1 809
1 634
4 869
8 253
5 308
9 353
3 741
9 245
5 50
5 787
10 119
2 322
9 192
4 821
7 648
8 77
10 581
2 370
1 420
1 236
5 752
3 262
7 313
6 476
7 258
9 171
10 749
2 817
5 163
9 673
5 117
4 374
561 387
2 151
4 430
112 89
1 291
2 628
3 498
570 20
2 842
9 398
7 497
5 520
10 16
8 439
6 777
2 560
10 240
515 198
5 806
1 746
6 170
6 617
2 276
581 497
9 402
8 203
2 345
1 296
5 124
6 594
7 98
4 670
7 272
9 765
7 38
574 431
9 435
6 68
10 504
8 580
6 74
3 119
3 445
7 396
10 739
3 420
8 720
2 852
10 615
7 559
6 223
4 74
2 554
8 512
6 425
2 492
191 108
6 317
3 35
8 101
9 332
5 560
6 289
7 740
10 324
8 172
4 63
7 270
1 353
8 428
3 238
10 22
9 464
9 541
1 26
6 322
2 299
1 561
6 462
3 686
5 396
9 346
2 224
6 250
9 285
10 455
4 770
1 64
7 227
10 634
2 773
3 515
1 851
3 34
2 704
5 322
10 656
2 400
10 557
129 51
2 511
4 653
9 419
9 595
10 391
6 765
9 858
3 565
4 288
7 883
499 241
8 485
2 381
9 417
1 614
3 301
7 498
7 412
3 308
6 516
7 207
2 829
7 482
2 328
9 856
3 441
10 589
8 373
2 162
4 466
10 271
644 58
10 490
4 611
6 628
9 804
4 68
5 831
9 796
2 122
2 585
6 290
9 741
2 803
6 316
7 502
9 687
248 185
5 710
2 542
3 91
8 491
3 82
9 625
2 291
3 339
6 265
2 462
3 508
1 289
155 46
2 229
75 44
6 169
5 238
5 796
8 93
4 582
7 666
5 765
1 280
7 847
4 310
10 444
1 83
2 160
9 610
6 795
5 573
10 162
3 684
3 868
6 554
9 764
8 884
5 719
6 556
6 755
8 446
10 316
3 113
1 463
6 94
7 879
134 112
2 128
4 521
559 102
2 176
8 376
4 363
2 288
3 651
3 255
6 745
2 525
2 183
3 363
815 62
7 652
5 793
9 869
9 130
6 858
3 661
5 318
3 378
1 445
1 146
7 876
2 853
4 219
7 350
1 217
3 862
1 408
2 278
8 706
9 801
9 48
6 785
2 521
5 856
9 374
4 111
338 332
10 229
6 119
6 619
4 737
3 729
10 78
7 536
1 727
8 293
77 17
3 502
1 674
6 72
7 706
788 456
3 726
2 751
5 191
9 837
4 201
9 329
5 640
10 221
8 4
3 95
727 683
2 684
4 782
8 80
150 93
6 539
5 649
2 413
9 109
8 168
6 368
5 733
9 16
5 262
7 810
7 870
1 716
6 150
2 821
5 533
4 567
9 65
8 685
7 317
3 19
1 36
595 531
1 459
8 15
3 253
108 83
2 765
2 237
4 14
4 76
8 381
317 298
10 588
2 728
9 120
4 725
5 295
9 822
1 859
1 405
10 618
2 714
7 329
10 463
7 831
7 522
5 210
10 396
9 776
3 716
598 228
1 363
1 747
5 783
37 6
2 172
7 731
3 497
2 294
10 308
4 829
6 409
1 827
6 738
2 679
6 502
8 314
9 838
4 508
8 378
1 872
6 440
2 806
1 326
1 675
6 877
7 471
6 49
3 366
2 250
7 546
6 461
6 824
10 169
10 146
10 746
8 367
6 221
7 624
10 163
3 855
5 96
5 709
9 588
2 79
1 371
3 243
787 511
7 21
7 561
2 874
3 801
8 259
8 483
379 195
4 537
2 32
7 308
9 552
9 348
1 323
4 659
10 769
4 71
9 607
8 131
3 744
5 687
2 444
3 344
8 415
807 581
4 100
2 392
5 610
3 73
6 526
2 287
3 353
3 310
10 253
4 407
9 743
1 233
3 510
534 131
2 509
7 79
9 510
7 580
6 362
4 427
6 727
1 390
6 487
10 653
3 818
6 766
9 548
5 717
480 69
4 260
3 476
8 829
7 8
1 126
6 443
6 514
3 484
5 134
10 518
2 591
3 28
6 850
4 134
9 615
8 117
3 571
10 621
8 241
1 201
1 700
4 73
10 108
5 553
1 469
8 400
8 499
4 77
9 44
1 14
103 32
3 67
417 255
10 150
10 379
5 250
8 163
7 593
223 15
201 185
7 179
660 80
5 554
7 282
7 547
9 269
831 259
6 875
301 49
10 507
2 435
7 225
1 479
5 845
5 97
1 154
3 220
7 821
8 16
9 596
5 601
2 483
159 19
1 677
38 27
4 668
7 295
3 147
2 83
10 409
9 522
7 656
3 718
3 754
4 527
688 29
3 425
1 868
625 128
658 589
3 511
2 490
2 639
3 411
2 273
36 12
6 160
7 178
3 223
7 26
5 31
3 564
3 504
5 26
8 795
10 408
7 622
3 761
124 64
1 873
1 708
6 596
8 854
10 4
1 49
6 415
3 324
3 153
6 339
7 14
9 424
9 660
2 419
4 38
9 325
1 400
5 228
213 86
9 739
9 580
1 210
9 624
3 660
10 236
114 79
7 890
662 13
10 104
6 349
4 287
2 758
1 548
4 368
5 272
6 865
10 180
1 170
732 368
6 861
1 143
10 149
335 266
6 277
5 331
4 855
1 556
6 720
3 180
4 309
8 395
9 347
6 386
5 747
6 214
1 531
2 53
3 290
4 837
10 380
6 433
394 155
2 236
6 595
2 330
3 42
9 236
1 881
765 99
2 883
5 248
10 525
3 799
10 75
5 651
1 890
4 143
8 95
6 64
7 375
6 193
6 488
7 36
1 157
3 780
4 147
7 200
4 838
8 216
2 115
7 865
9 208
7 380
5 544
6 301
5 522
9 600
2 661
6 692
4 775
498 415
6 533
511 426
5 746
1 364
628 227
9 372
5 299
4 159
1 205
3 382
3 512
3 613
6 342
1 608
5 438
8 243
5 478
2 596
5 65
5 203
4 632
6 200
6 582
2 244
5 49
9 262
5 198
8 420
5 10
3 546
9 135
5 743
3 219
241 176
10 215
315 54
7 197
10 113
5 89
4 647
8 294
7 549
3 675
704 304
2 98
4 20
6 677
8 774
2 615
4 82
3 617
4 796
8 601
5 277
1 833
5 844
4 386
4 339
6 122
643 337
1 744
6 631
4 292
7 577
4 720
3 642
1 421
1 429
8 353
1 104
4 739
3 406
5 202
12 5
5 16
6 12
2 576
6 764
4 601
7 336
4 669
7 30
2 357
10 251
6 450
9 296
4 22
4 535
3 99
4 450
8 218
9 73
400 170
2 207
9 809
1 184
4 801
9 249
2 408
2 61
7 309
3 399
6 23
1 625
9 877
3 640
3 689
6 451
4 726
9 521
1 142
2 60
6 276
10 575
3 670
405 116
3 438
3 595
2 16
3 179
10 372
767 637
9 756
10 609
444 229
3 883
8 607
4 438
5 771
126 107
2 878
6 636
1 826
4 115
536 316
6 863
9 602
7 422
7 221
8 401
1 628
7 611
8 122
7 171
384 67
2 119
2 583
9 252
9 342
9 713
10 82
1 177
10 58
8 92
9 344
6 3
6 555
5 333
8 759
6 760
8 371
719 140
1 504
6 817
2 620
1 258
5 479
748 172
1 355
9 613
466 373
4 435
6 501
6 748
4 3
8 175
4 864
4 30
2 797
7 151
1 191
9 14
1 222
2 470
10 433
8 306
9 533
8 438
368 301
7 790
4 797
3 61
5 589
8 663
9 564
9 326
8 281
3 256
16 1
4 365
5 448
5 609
209 182
2 827
9 390
1 799
5 336
9 128
10 314
6 874
4 233
777 765
8 449
1 178
6 226
1 496
4 13
9 481
677 154
6 422
2 547
7 177
9 132
4 693
653 632
2 887
2 808
7 210
706 177
9 865
1 125
10 735
2 567
9 287
1 846
4 511
7 744
8 345
5 230
6 257
1 714
9 413
529 499
1 764
10 616
8 676
6 810
6 854
4 771
3 177
318 9
5 693
4 350
6 139
9 745
276 144
8 252
6 626
10 158
5 596
5 416
2 777
8 782
5 184
5 430
3 884
1 748
1 769
8 379
6 624
6 309
9 574
3 15
4 517
7 407
10 161
3 830
2 361
357 139
10 432
3 44
9 565
8 419
1 373
5 409
6 231
2 464
4 817
7 788
10 720
8 301
9 502
10 184
10 52
5 562
10 711
5 476
5 786
7 234
6 337
3 123
9 216
10 756
8 753
510 500
6 207
9 436
9 250
1 339
5 255
5 537
6 234
479 214
7 557
2 107
7 102
9 118
10 31
1 413
1 370
10 567
10 172
3 638
271 139
1 784
6 586
6 298
7 499
6 700
1 283
3 840
10 584
10 415
3 593
7 17
8 602
656 396
509 208
5 516
7 77
29 11
9 886
266 251
8 349
7 328
7 368
8 237
9 753
3 245
4 745
3 295
7 72
2 194
4 871
1 374
347 201
4 171
5 795
20 16
8 271
7 660
242 159
351 164
7 464
2 50
3 103
5 514
5 803
10 105
4 574
10 582
6 762
1 518
2 191
9 811
4 700
7 65
7 13
7 732
845 105
10 604
578 162
8 653
5 637
9 648
87 60
3 519
5 296
1 709
2 727
300 248
2 234
10 611
2 181
9 343
7 214
2 399
8 10
2 5
2 150
2 505
7 208
3 371
10 48
8 486
3 558
5 801
3 750
496 422
3 749
9 479
3 500
7 579
8 23
8 180
3 677
10 205
7 683
7 88
10 218
5 591
711 497
880 620
1 834
4 406
3 370
8 813
6 657
8 201
9 766
6 827
7 321
1 801
1 878
1 422
5 394
7 108
5 843
4 377
7 602
61 42
3 552
1 435
5 349
8 887
2 86
507 289
448 57
6 343
10 438
5 725
885 563
2 800
7 238
7 752
9 475
7 71
3 196
9 304
7 458
1 661
2 235
1 389
1 277
9 827
2 298
7 615
7 702
3 162
3 596
6 442
15 4
5 712
269 210
4 682
9 61
4 211
2 270
337 190
3 743
3 723
5 846
1 241
6 166
827 583
6 385
3 52
6 351
10 402
3 607
8 831
2 99
2 339
289 170
4 588
9 563
6 294
10 128
2 877
2 272
10 198
4 808
2 609
2 31
44 10
7 717
3 195
8 750
1 189
2 429
816 402
8 482
8 810
8 354
8 713
3 362
6 126
7 737
482 227
4 607
7 85
7 794
9 138
7 850
3 225
1 240
10 495
8 605
4 866
10 770
3 598
2 617
3 315
9 228
9 98
8 407
1 543
6 754
376 210
6 212
739 398
8 442
2 792
4 382
179 39
1 621
10 478
2 208
8 770
3 397
2 367
10 327
193 122
4 792
2 142
5 179
9 622
2 594
5 886
1 855
3 351
9 238
3 48
4 265
6 307
2 879
10 635
1 351
5 281
1 464
9 700
7 889
4 444
5 150
4 840
10 691
10 70
5 236
6 507
10 268
8 579
4 97
3 528
8 426
2 286
3 615
4 678
5 33
1 80
10 90
8 630
809 268
5 152
4 774
1 212
5 502
5 320
1 111
494 409
7 312
5 855
5 110
8 246
10 196
7 695
6 851
1 196
4 123
1 875
4 390
192 170
2 301
4 454
3 18
8 549
2 601
7 680
3 656
4 67
2 445
5 738
3 379
9 161
5 108
4 533
8 396
354 191
5 219
9 671
8 238
8 192
9 425
571 435
9 551
7 880
5 503
4 760
10 305
7 888
3 311
140 128
2 20
7 588
10 280
10 101
6 38
8 584
136 53
6 350
9 558
7 534
9 56
1 605
9 430
9 654
1 841
2 448
7 842
7 4
7 320
10 728
10 171
2 243
5 326
8 189
10 294
7 860
88 41
8 565
5 122
1 268
2 865
599 383
10 301
6 32
1 835
1 819
2 455
10 49
1 350
4 238
2 838
5 159
9 432
10 761
589 525
2 713
9 103
503 209
311 29
10 39
5 196
2 233
4 157
4 486
1 765
9 199
9 418
7 838
1 70
4 637
6 164
4 854
8 689
6 654
10 176
1 74
6 419
5 84
3 730
4 411
4 433
342 232
528 262
3 214
6 637
5 839
7 885
3 467
8 100
6 208
121 54
7 508
5 792
10 548
5 739
9 885
5 119
1 602
4 850
4 789
5 566
10 235
4 886
9 393
7 792
10 242
6 887
5 37
3 691
1 140
6 710
256 84
4 629
8 778
7 334
10 14
6 354
2 187
609 154
10 671
10 143
4 664
10 754
5 798
9 105
6 15
6 659
5 100
10 537
6 705
7 50
9 839
6 509
10 625
8 702
5 753
1 685
10 11
7 90
4 703
3 306
9 866
476 326
10 696
3 171
6 543
9 224
5 377
7 758
8 871
2 500
6 719
4 52
10 298
852 842
7 766
6 203
8 526
9 727
1 412
8 781
4 785
8 20
3 307
1 467
10 416
2 9
4 369
4 120
2 27
2 520
10 674
4 579
10 231
517 356
4 616
7 862
7 132
3 76
1 132
6 319
222 104
10 392
7 327
8 115
9 665
4 806
5 54
832 446
8 860
7 239
3 114
1 754
4 247
3 124
249 99
533 520
830 313
4 404
7 130
6 749
5 256
7 643
2 125
1 294
3 857
7 510
4 380
1 440
2 652
2 337
7 661
8 456
550 447
10 568
54 47
439 80
7 581
9 661
3 580
8 825
10 523
9 641
1 749
10 591
10 312
102 11
3 797
7 681
6 557
3 634
7 463
5 325
9 728
3 745
3 338
4 394
8 498
1 452
8 885
2 205
8 773
2 4
2 241
4 209
4 608
10 61
35 1
1 69
5 40
5 794
4 672
7 46
2 279
3 720
5 360
3 859
10 203
4 768
9 33
2 62
8 847
8 696
5 750
4 341
7 628
6 376
7 429
7 572
2 780
10 646
9 599
6 244
4 453
5 773
7 165
8 53
1 590
474 34
8 56
6 579
6 54
8 399
4 186
2 252
9 302
7 228
5 74
414 80
2 411
7 782
8 247
2 255
2 52
1 465
9 15
5 465
2 748
3 451
10 466
8 25
441 429
468 269
9 160
4 857
10 417
1 502
3 393
6 564
472 106
4 583
10 76
2 514
5 593
627 437
2 860
3 732
3 170
6 708
8 5
10 344
3 158
881 802
5 633
4 772
3 137
5 641
3 639
68 46
2 592
4 858
9 141
4 333
2 687
4 381
7 259
7 614
7 550
10 142
1 12
6 189
10 663
1 863
8 461
8 872
125 72
1 771
8 138
4 213
6 202
149 95
7 410
5 698
3 621
7 67
3 387
5 86
6 471
10 89
2 232
4 591
814 98
7 37
4 667
7 573
73 66
4 677
7 333
3 854
244 90
1 427
9 870
7 566
4 490
5 93
9 150
3 100
2 805
888 73
3 206
762 741
3 572
2 537
3 272
8 649
8 318
7 751
9 35
2 410
7 376
9 476
9 469
10 662
404 160
3 134
7 801
585 395
8 63
9 860
6 439
7 749
3 573
8 739
8 441
8 169
1 116
6 88
846 448
4 510
1 816
1 804
659 369
6 233
4 781
10 480
7 110
6 334
187 45
7 56
9 169
7 271
1 358
348 11
8 154
4 269
8 794
6 722
2 214
5 827
8 881
5 270
2 106
8 503
3 482
9 454
1 885
5 352
319 135
5 769
5 367
483 244
8 170
10 144
10 7
568 90
6 663
9 392
8 751
7 176
3 449
1 867
7 181
4 167
10 331
4 281
5 863
7 709
5 267
5 527
4 750
6 567
2 242
4 458
10 617
1 627
4 262
5 852
4 393
2 73
9 478
6 640
9 197
7 124
6 886
5 781
9 110
10 141
6 156
6 314
5 579
5 229
1 547
8 538
4 676
4 786
349 264
3 205
7 220
6 793
10 27
5 356
4 502
4 383
8 398
5 206
7 815
6 499
5 815
5 1
1 446
2 605
10 127
100 39
10 558
2 13
437 31
4 175
10 199
5 819
6 664
10 651
2 549
8 888
1 778
1 96
9 760
1 337
1 194
2 666
5 449
4 804
5 660
580 30
5 126
9 321
8 12
5 498
9 686
1 376
2 578
2 830
24 22
826 157
844 620
2 21
9 388
8 51
1 473
10 388
4 558
230 132
7 378
7 677
5 17
447 405
10 373
8 805
5 67
4 798
795 574
8 545
6 179
1 366
4 727
8 11
6 742
2 719
3 614
5 358
6 356
8 362
1 137
7 140
10 622
6 120
9 452
667 411
4 132
5 337
3 577
2 422
7 795
9 66
3 231
630 480
2 307
5 532
6 148
7 417
47 43
8 473
8 522
7 598
440 100
10 698
6 662
10 412
9 100
1 554
6 699
1 232
9 857
10 503
7 133
1 105
592 383
4 385
3 555
10 522
9 696
9 717
5 677
3 664
9 36
5 404
4 221
5 348
3 360
4 624
9 330
6 746
8 628
6 548
10 722
2 245
6 806
5 675
3 169
2 394
9 669
7 389
7 803
806 513
203 115
8 858
3 234
9 676
9 337
4 116
2 127
7 574
7 437
7 626
7 696
1 372
10 530
3 138
64 42
6 593
279 261
2 15
10 419
8 715
9 797
4 320
5 118
10 283
10 678
6 551
2 717
3 163
4 509
4 84
3 738
9 116
10 733
10 99
1 109
9 336
1 800
7 728
1 328
9 643
6 127
9 202
1 525
9 477
492 271
6 878
4 17
3 592
5 442
1 707
10 322
4 223
8 326
4 778
7 408
8 323
8 479
10 126
199 140
2 3
7 504
3 65
4 683
3 495
6 735
5 287
4 526
4 62
1 811
8 851
10 320
5 577
3 128
3 667
3 125
5 410
2 611
9 318
8 204
1 652
5 611
7 69
2 595
7 575
4 11
668 497
868 21
10 345
641 471
2 720
1 609
5 657
2 414
579 452
6 315
5 69
8 287
4 602
10 498
7 484
5 23
419 153
6 592
2 24
1 565
9 761
8 736
7 820
4 75
2 178
7 247
8 543
9 520
1 772
9 361
1 500
7 513
9 883
3 132
9 139
2 117
113 19
10 672
253 82
2 166
7 523
5 223
2 426
2 606
10 699
4 144
8 480
7 835
6 144
1 195
152 142
5 833
167 130
9 194
7 288
4 467
4 756
523 336
1 179
1 458
10 371
3 431
7 399
9 355
1 354
1 190
1 792
8 711
764 184
2 153
6 173
5 115
8 629
10 534
4 455
7 25
1 679
3 453
5 112
657 358
547 408
1 103
6 366
6 279
2 275
2 871
3 435
4 648
6 747
9 468
10 20
7 57
1 209
8 370
5 341
5 528
5 561
9 394
3 335
9 163
9 34
4 704
9 136
9 805
1 207
2 861
1 82
10 762
4 34
8 436
1 93
6 222
2 665
8 283
7 620
7 421
1 791
721 481
332 329
6 601
9 637
9 8
5 799
2 790
7 851
6 559
2 198
2 467
2 533
423 383
9 438
8 242
2 738
158 104
9 556
5 484
2 626
2 144
3 55
8 251
5 147
2 548
8 533
6 515
1 654
9 697
1 329
277 171
2 834
144 91
1 572
163 22
8 555
1 119
3 80
6 508
4 95
10 499
2 889
566 174
5 550
8 46
8 107
8 61
4 399
254 189
7 448
7 713
8 397
8 65
3 791
6 459
2 534
1 411
8 277
2 40
6 217
7 594
6 855
4 244
10 98
541 397
1 593
143 136
2 561
3 122
10 168
7 169
7 654
8 474
9 888
9 726
6 389
3 646
1 249
877 868
508 426
9 508
5 303
9 493
1 812
7 562
4 256
5 835
866 135
5 169
1 169
1 506
10 186
8 878
6 336
712 631
1 722
4 181
681 195
7 714
4 622
680 619
3 662
5 876
10 60
1 587
9 82
1 165
7 827
8 886
8 553
9 28
10 384
10 191
4 387
4 765
6 399
5 321
3 232
2 696
4 297
1 34
7 331
9 191
10 5
7 657
2 213
10 702
7 231
2 632
3 781
9 97
8 880
3 263
4 425
7 139
9 594
7 826
5 496
4 794
2 868
8 742
4 306
4 268
8 332
3 151
5 254
2 786
291 91
66 57
7 506
5 18
9 674
4 702
2 325
6 295
3 58
2 657
591 269
6 273
9 547
773 548
2 669
1 642
214 180
2 377
21 12
10 278
451 379
7 828
4 323
6 312
2 406
1 9
7 679
6 105
3 309
7 436
818 222
1 684
4 5
6 545
10 138
3 568
8 614
104 66
1 410
1 489
210 124
344 193
7 252
9 549
7 373
8 144
2 604
2 791
8 557
4 532
5 156
6 57
6 110
6 96
8 561
8 171
8 316
3 694
10 458
4 400
5 384
3 221
10 565
10 411
6 446
9 862
5 575
4 66
5 13
3 578
1 818
9 772
9 210
2 78
4 451
1 698
6 90
1 681
5 44
4 827
3 872
6 750
5 418
2 847
3 772
10 246
5 328
3 414
2 303
1 150
3 776
1 588
5 57
8 135
700 572
684 184
3 270
8 142
3 304
1 536
7 460
2 450
4 529
837 554
4 356
590 95
355 257
2 95
4 687
8 660
6 220
7 398
4 299
8 50
4 459
6 753
5 583
521 154
6 572
3 230
1 306
5 653
2 305
10 238
9 243
2 739
8 383
2 93
4 499
5 492
8 516
10 563
10 708
5 335
7 608
4 24
7 727
7 136
8 634
7 382
6 338
1 828
7 745
9 213
6 58
728 328
9 585
5 482
1 45
3 599
7 492
811 572
4 520
2 873
10 642
3 444
5 233
6 671
7 292
4 474
5 56
4 340
6 181
4 336
747 669
7 29
7 64
3 348
2 544
7 868
7 33
9 748
5 132
9 744
6 201
7 472
7 304
10 159
5 807
5 485
9 87
5 6
9 824
10 167
7 390
8 389
10 247
7 192
6 204
8 636
6 191
7 570
686 516
5 70
4 361
1 286
7 18
4 598
7 134
4 551
59 1
2 37
1 884
7 564
10 445
5 138
10 62
6 870
5 662
7 91
9 620
5 450
5 310
9 494
5 782
3 766
10 260
1 888
3 20
3 879
6 162
6 536
9 470
650 574
615 498
2 356
1 537
8 245
2 341
9 597
7 816
7 517
8 447
6 206
2 63
4 651
10 725
2 631
3 820
9 305
10 152
6 549
586 159
358 147
6 445
6 373
10 252
3 543
323 141
9 19
7 682
5 139
6 457
8 566
5 443
141 122
7 365
4 610
4 231
9 395
1 129
13 7
7 711
8 28
3 94
4 432
5 880
9 89
320 83
8 487
7 730
4 29
9 719
9 808
3 413
10 448
5 232
9 647
663 583
759 615
1 433
10 3
7 771
2 846
8 244
1 171
4 401
705 91
6 413
1 424
8 559
2 439
1 794
10 669
4 498
7 203
7 73
67 6
5 513
5 814
10 56
9 621
10 134
3 142
9 117
8 289
3 89
7 131
9 376
9 705
6 213
9 146
7 395
4 148
2 203
3 748
4 158
6 585
4 758
10 689
4 534
51 19
10 405
4 420
1 186
5 830
9 810
490 32
755 450
1 528
4 177
3 165
7 253
2 256
9 664
9 825
3 478
10 431
6 611
4 230
5 38
6 159
1 870
4 585
1 760
5 101
5 166
2 418
2 76
160 31
1 211
5 342
3 483
392 328
5 535
6 729
7 486
2 146
1 141
6 321
9 11
6 423
7 824
9 830
7 525
724 612
689 607
6 571
5 888
2 677
5 194
5 82
7 425
2 67
7 519
1 254
3 250
3 763
10 456
2 621
8 58
5 128
2 750
9 503
1 360
1 314
9 427
9 646
463 43
5 167
4 225
6 430
7 416
2 130
3 517
2 363
5 271
9 845
2 320
3 129
5 467
107 104
3 41
3 727
3 489
10 177
8 392
9 887
7 834
9 735
10 599
409 274
4 165
9 79
3 850
7 325
11 5
5 721
3 121
8 222
8 662
1 822
4 552
3 625
8 693
10 232
56 53
208 27
6 573
9 834
5 689
10 337
5 186
481 239
2 312
7 305
9 781
4 196
4 549
2 346
9 446
4 536
5 135
3 45
7 129
10 421
23 17
3 412
10 353
3 384
9 561
6 633
3 604
2 332
10 313
8 52
8 469
6 707
8 542
1 658
3 6
2 68
3 317
3 275
5 435
8 697
1 95
10 640
3 443
1 839
373 241
10 153
10 136
3 33
115 9
504 259
9 524
6 695
3 358
4 439
6 232
7 352
290 79
3 249
9 684
6 353
4 656
6 66
10 50
5 716
8 3
8 842
4 541
9 351
2 743
1 327
7 811
7 48
8 228
1 158
1 584
3 118
8 338
1 532
10 181
828 494
5 369
560 342
6 525
2 318
8 792
10 341
2 397
391 293
6 550
5 176
421 101
10 230
264 38
7 586
10 683
10 197
469 206
7 322
3 164
5 870
553 447
6 616
3 246
5 539
2 373
7 297
9 636
4 589
4 612
7 618
1 56
7 366
5 72
3 424
10 281
4 94
7 808
458 442
10 222
1 693
7 781
7 413
275 80
4 376
2 440
5 224
9 702
6 493
162 27
2 116
10 362
7 184
9 773
7 830
4 741
22 12
718 321
8 587
7 718
120 93
7 360
664 37
2 49
5 711
8 743
1 117
7 776
247 163
7 530
10 189
3 446
8 312
10 369
1 321
6 598
6 449
2 574
6 198
10 220
340 321
4 166
7 372
383 294
4 140
9 666
7 216
2 707
3 325
2 700
4 723
1 442
10 675
1 539
7 41
10 398
2 891
8 325
4 650
709 373
2 1
6 7
434 36
6 857
286 72
10 570
10 57
9 632
5 123
703 506
6 889
7 121
3 202
3 841
7 135
2 33
6 254
1 480
9 653
10 386
6 822
10 125
10 334
1 301
9 500
10 418
8 339
7 269
7 154
563 148
1 631
310 189
10 668
6 248
8 470
774 659
2 315
5 547
5 530
7 217
5 253
3 760
9 94
7 649
4 347
1 832
307 145
6 79
3 70
587 355
7 501
5 832
613 416
7 569
6 704
8 206
9 579
7 544
6 879
3 75
6 873
3 143
1 659
3 889
2 540
5 389
4 153
8 544
206 101
3 296
2 519
9 733
3 844
1 720
8 752
9 123
817 816
1 477
5 585
7 173
7 149
5 770
92 86
8 183
5 80
7 694
4 275
7 750
8 850
1 235
1 495
185 122
4 688
9 232
6 286
634 178
1 287
3 570
5 564
7 462
5 343
7 451
1 151
9 375
4 884
505 11
9 38
2 188
4 730
10 336
7 218
3 447
1 407
9 651
2 453
10 694
8 472
157 88
6 97
9 260
1 112
6 114
7 273
5 266
10 519
4 348
5 288
593 572
6 504
5 789
8 331
7 287
7 839
10 285
5 722
10 664
5 204
2 671
9 211
69 22
2 383
5 437
5 197
9 227
3 96
7 49
5 280
4 839
4 307
8 677
804 731
8 233
1 712
6 267
10 87
8 358
443 223
8 43
1 498
7 507
9 58
5 445
6 83
8 505
3 233
8 427
3 869
5 735
4 559
8 478
8 841
196 167
10 1
1 8
9 90
7 354
5 259
6 797
5 284
5 779
8 31
5 595
4 78
1 451
8 820
8 508
699 639
1 16
262 243
122 88
4 592
6 130
6 142
8 382
6 62
6 759
5 434
9 209
7 653
8 735
2 39
8 635
3 293
8 234
4 617
858 130
4 32
3 337
10 195
5 7
1 613
9 584
9 540
2 259
8 661
2 732
6 687
1 475
8 828
8 659
10 287
4 734
6 608
10 354
2 223
1 397
7 250
1 22
3 22
10 145
3 878
5 81
3 421
5 737
2 362
7 723
6 318
9 759
6 246
9 261
2 816
3 829
849 395
8 280
10 479
2 302
10 705
1 578
6 9
9 106
722 212
10 81
8 642
10 488
1 843
1 175
1 580
9 598
8 118
464 55
1 122
1 284
8 265
4 279
1 503
1 510
2 352
2 268
6 260
6 676
10 626
7 191
3 631
5 850
3 117
1 253
8 279
5 41
5 298
7 627
723 333
4 313
4 636
1 687
851 246
3 860
367 66
6 772
3 710
2 366
5 452
3 364
757 684
3 201
9 483
6 646
10 17
1 344
7 625
5 225
3 589
78 8
4 446
2 10
274 200
770 274
4 322
9 854
9 91
6 407
5 45
4 318
3 474
10 339
1 626
4 749
8 130
9 718
2 409
6 802
3 16
694 292
690 405
1 352
867 256
9 794
2 499
6 346
1 546
4 105
3 266
8 309
6 524
5 140
10 342
5 810
6 864
6 606
4 578
524 486
7 772
642 46
4 28
8 840
8 502
2 154
10 496
3 816
7 697
9 536
1 732
4 625
10 473
8 302
4 357
4 57
1 243
2 169
6 24
7 114
5 726
3 827
833 446
10 332
7 854
4 200
3 713
4 531
9 81
2 536
2 709
8 87
1 42
6 108
4 266
8 616
9 281
2 541
1 549
8 444
4 240
763 551
2 74
3 765
9 831
2 882
7 720
7 100
6 522
3 529
781 605
5 510
1 880
6 690
8 780
6 497
4 232
10 511
1 375
9 778
181 80
1 312
6 163
1 598
2 22
5 456
594 219
2 564
3 832
2 131
10 719
267 88
6 618
10 74
2 28
519 62
10 532
1 810
7 424
9 4
4 461
5 580
6 696
452 318
7 280
856 825
10 248
9 92
3 706
3 207
3 520
6 860
7 63
9 779
7 75
402 373
3 154
6 702
8 515
2 200
6 418
6 577
8 329
9 288
679 155
4 657
7 385
5 574
7 310
2 789
3 560
6 255
1 417
7 693
9 294
9 256
3 647
4 182
9 366
7 433
5 884
5 205
3 57
8 310
606 31
10 347
6 184
7 440
4 728
4 626
3 97
4 290
9 257
6 717
4 807
7 601
7 511
308 58
5 703
7 6
9 129
5 392
7 833
4 373
10 619
6 770
10 608
3 837
7 198
10 239
5 477
7 162
10 296
9 442
1 305
1 814
5 670
5 683
10 201
10 759
3 597
8 346
3 111
2 747
3 731
1 383
10 67
5 103
604 495
3 329
5 471
10 486
327 277
3 683
2 690
9 37
9 449
6 249
5 869
5 665
1 645
1 108
8 718
6 36
6 491
2 358
10 352
5 168
7 812
2 412
6 195
3 316
6 620
6 335
6 199
6 377
9 231
4 658
9 274
1 759
130 57
734 554
10 605
7 756
8 578
2 8
10 586
6 239
1 278
2 744
7 285
2 702
1 891
5 88
9 512
5 713
9 876
5 407
5 780
10 707
1 255
5 200
4 395
2 466
10 442
1 75
2 90
5 424
4 126
8 869
8 417
154 135
8 430
3 535
4 195
631 305
1 563
7 578
2 417
6 168
3 244
4 605
1 862
9 310
10 531
8 83
5 469
7 692
259 46
2 498
3 473
870 766
8 71
2 828
6 714
4 710
1 711
2 25
7 342
4 885
1 515
10 623
202 107
6 143
7 796
2 45
9 688
1 164
8 226
7 112
8 827
4 471
4 494
9 3
6 622
6 252
10 225
9 802
8 857
3 888
3 32
5 681
3 149
1 637
4 485
8 588
5 106
6 113
3 627
8 530
2 812
4 791
8 209
8 866
3 875
7 244
4 436
8 793
5 552
7 715
1 879
7 397
166 120
4 545
5 659
4 478
4 272
4 251
6 266
1 534
8 260
1 723
8 190
2 480
10 679
346 326
8 286
5 391
1 148
2 19
4 352
1 484
2 885
4 112
9 640
148 21
6 652
9 538
5 269
1 6
343 84
10 395
8 814
146 104
10 36
9 57
10 103
7 875
99 76
9 448
1 216
5 381
1 348
1 86
8 761
3 527
1 579
4 732
10 120
7 478
8 104
6 588
4 416
825 396
84 78
3 287
363 275
4 742
1 325
7 388
4 641
1 692
10 632
2 485
4 691
3 349
8 219
5 375
5 882
6 8
2 818
1 437
3 126
582 300
4 590
487 14
9 828
800 548
7 485
9 642
372 23
5 319
477 340
9 180
5 276
5 35
6 381
1 596
6 581
7 116
7 848
4 51
9 846
1 41
2 693
1 505
6 133
1 648
4 384
9 498
7 455
10 612
4 160
6 270
7 768
4 573
3 666
1 434
10 389
3 678
2 432
10 363
5 339
9 485
10 86
2 850
4 426
2 517
8 465
10 462
9 656
1 576
430 64
459 11
10 569
8 625
4 131
1 403
8 868
9 832
284 264
9 451
10 459
1 718
6 490
8 291
6 33
5 686
10 375
567 383
360 192
8 576
2 660
1 349
268 219
10 562
3 222
8 48
9 829
2 825
5 727
2 326
2 527
4 795
3 130
5 402
4 643
2 608
3 190
10 425
5 690
1 740
6 866
850 647
5 76
5 529
6 484
3 554
4 90
5 878
1 743
5 526
10 368
2 778
7 664
2 701
8 88
6 713
8 270
9 289
2 165
8 69
9 737
2 712
10 264
7 539
8 790
8 488
2 283
9 409
7 798
5 193
7 128
9 154
2 398
4 788
2 388
4 218
7 277
2 159
9 42
135 46
10 723
5 353
5 619
8 275
824 216
2 721
101 12
5 180
8 647
6 29
2 497
4 878
10 228
743 508
8 466
7 818
3 569
1 176
62 5
8 70
5 307
169 84
9 367
2 662
5 744
10 263
3 722
3 471
4 644
2 335
6 844
3 313
6 732
1 338
3 213
9 159
9 553
6 731
4 86
7 9
8 193
174 172
9 880
760 28
8 817
4 812
9 77
2 582
2 670
9 504
3 538
3 83
8 710
9 64
9 714
9 49
8 213
4 480
9 847
4 364
6 811
6 639
415 185
4 443
6 308
2 190
6 128
6 614
500 98
5 600
4 642
8 513
2 573
2 257
5 61
4 214
575 241
10 28
9 592
7 74
5 757
8 85
5 246
5 121
8 416
4 50
7 469
8 640
9 867
5 875
8 102
2 139
713 197
9 645
7 92
1 159
1 585
3 465
2 686
1 866
2 7
6 395
6 666
10 627
10 299
3 7
3 352
10 465
2 447
10 493
8 531
6 496
4 434
4 540
7 840
1 345
5 304
8 593
10 219
3 407
3 475
7 404
10 351
5 458
251 248
602 127
2 123
4 128
10 288
3 198
2 556
6 393
1 742
9 225
2 809
2 216
4 27
1 423
1 161
1 655
1 120
4 409
8 760
6 420
848 379
1 448
6 48
1 728
3 72
7 423
224 170
7 590
1 676
8 501
9 763
9 752
9 546
9 307
3 803
4 21
45 36
5 148
1 481
4 711
10 483
601 23
4 204
6 293
8 290
3 181
3 2
3 753
4 366
4 172
841 587
2 192
1 526
7 358
8 191
4 603
9 655
4 505
10 660
7 591
6 740
3 620
4 257
10 216
1 131
1 438
2 663
3 603
2 100
865 639
1 281
8 639
6 703
7 672
9 635
8 185
10 335
8 667
10 255
2 565
6 452
1 600
6 529
3 269
449 386
6 275
4 856
6 441
2 623
2 774
8 256
3 789
864 64
9 152
5 853
9 638
6 530
3 506
3 183
10 560
6 361
1 231
6 890
6 723
30 11
8 529
1 163
3 800
5 634
5 22
153 65
4 613
1 486
3 430
7 797
1 739
9 572
299 17
2 336
7 576
3 629
1 110
6 576
3 459
9 879
10 753
3 173
5 542
8 324
3 172
10 447
5 432
374 340
7 843
3 343
8 682
3 712
3 774
4 40
7 324
2 163
7 419
10 131
7 215
10 757
7 364
7 209
10 435
10 440
9 722
1 672
9 334
6 831
2 613
7 105
8 874
1 308
2 89
3 30
8 19
3 283
8 674
8 655
3 676
10 763
8 62
5 760
1 874
1 738
7 877
7 101
4 303
6 140
6 862
3 847
1 84
5 881
6 230
8 108
9 412
1 414
8 745
7 465
8 41
7 806
2 393
189 166
6 665
10 42
5 58
8 788
2 673
1 28
4 80
6 718
10 472
7 542
1 731
6 562
246 215
5 302
4 586
4 242
8 165
2 433
3 700
4 25
790 4
10 35
3 258
9 404
1 324
6 303
1 130
1 680
4 42
370 175
8 303
1 858
9 371
9 422
3 685
2 343
1 630
3 863
10 727
475 443
8 432
6 235
7 441
569 182
1 2
2 436
6 84
2 170
7 474
5 638
1 690
10 115
9 889
2 473
7 443
5 357
8 448
6 583
6 27
8 729
4 216
8 493
1 145
7 503
5 820
6 14
6 284
4 248
5 840
7 684
6 698
678 559
5 85
7 96
4 79
7 659
2 840
3 525
5 433
7 743
5 642
6 302
2 529
3 828
2 209
413 227
3 247
4 844
6 590
1 668
4 133
8 176
3 388
10 234
1 409
10 529
10 208
2 161
5 483
5 676
3 367
8 846
3 461
6 506
7 604
4 580
5 521
2 845
9 590
6 613
10 676
8 64
200 132
5 32
8 571
8 627
7 585
7 568
8 99
1 838
6 63
9 755
4 208
8 666
6 325
5 624
4 56
2 228
6 292
7 106
2 77
10 123
5 626
8 84
3 278
9 352
2 831
7 872
9 416
8 174
1 436
5 697
5 92
2 593
5 708
4 877
4 301
4 392
4 472
4 563
5 512
1 581
10 491
716 93
10 686
1 620
3 524
8 670
1 156
8 763
7 180
10 295
2 801
5 350
6 603
7 867
8 179
138 133
2 664
4 447
7 822
10 132
7 787
9 677
7 494
6 236
8 564
7 316
1 447
9 771
1 624
4 870
7 346
10 254
6 45
2 129
4 44
10 72
6 306
10 378
9 658
3 186
4 362
446 388
9 525
7 853
6 794
8 221
5 136
7 799
6 672
9 373
3 636
6 682
2 425
5 661
2 118
4 93
117 11
7 148
5 548
7 699
5 257
4 234
6 43
10 377
4 35
7 560
6 527
7 705
7 32
1 781
5 500
7 381
2 189
1 395
2 643
5 647
10 147
10 750
6 730
5 315
3 583
3 865
3 479
7 612
5 21
6 836
8 541
2 111
10 610
5 78
7 300
1 404
7 565
4 9
3 43
4 514
2 575
4 168
10 520
9 721
6 868
6 136
5 718
6 644
5 216
2 794
4 880
2 469
5 183
3 509
350 40
4 59
8 422
8 250
1 220
2 644
7 825
3 375
7 735
8 307
8 313
2 80
4 832
7 639
2 197
2 694
9 195
6 871
8 638
3 835
426 205
1 237
7 152
1 160
43 6
1 530
2 58
10 475
296 121
1 123
8 769
3 777
2 174
10 277
1 192
6 828
3 77
2 105
6 843
10 692
3 623
10 540
6 453
6 87
2 458
8 604
9 571
2 460
640 56
8 385
5 788
6 540
8 708
5 27
6 716
8 111
8 157
8 377
8 231
4 619
847 723
685 364
2 759
7 60
3 237
9 259
6 116
4 565
2 109
9 237
5 426
6 28
5 654
6 287
7 347
7 356
8 374
9 716
6 456
10 106
6 675
2 597
10 743
2 120
2 824
4 294
6 847
4 252
378 185
10 306
4 327
1 200
9 75
281 99
2 140
3 611
8 282
1 3
5 772
3 624
4 528
1 774
5 648
7 841
7 42
4 245
7 205
3 775
2 603
6 333
4 304
5 615
3 210
8 150
6 778
9 817
7 302
7 819
8 506
5 77
7 426
9 768
7 20
2 271
7 236
10 413
7 337
6 280
1 557
8 199
1 92
6 709
4 448
7 707
2 182
1 705
2 733
576 113
4 149
3 462
5 222
531 383
8 224
7 31
10 188
7 532
8 6
8 848
6 876
5 823
9 149
9 543
8 60
9 821
4 512
7 874
4 572
2 240
495 25
2 493
10 667
7 391
10 427
7 265
3 839
7 78
9 767
3 10
8 425
4 445
7 241
8 340
6 16
2 627
6 93
1 29
1 384
6 372
695 129
7 357
5 370
4 518
8 606
5 177
5 616
7 164
5 523
6 278
3 176
6 455
9 406
324 249
8 96
3 63
7 233
6 192
10 19
2 135
7 739
4 860
4 524
1 98
5 282
1 368
8 42
6 768
3 257
8 300
2 647
292 197
2 171
10 406
4 37
5 53
5 816
8 390
7 775
4 671
2 391
9 782
8 569
7 669
2 746
1 611
6 5
3 831
1 77
9 408
10 687
5 173
1 380
5 79
3 490
9 441
97 71
8 166
6 500
5 821
7 401
164 161
6 650
5 490
7 871
10 214
3 319
4 475
7 837
4 359
9 354
2 404
9 151
5 631
9 104
3 843
6 424
6 432
10 546
10 111
3 456
2 136
9 63
9 26
454 400
3 251
2 880
7 780
7 155
2 263
10 91
10 355
2 571
10 547
7 632
9 350
4 575
8 883
6 364
1 558
8 861
3 756
5 785
1 333
3 864
6 103
3 4
5 312
6 670
8 497
1 135
7 118
9 517
2 17
2 304
2 221
3 334
10 8
2 771
8 624
2 185
4 544
9 125
7 493
6 85
1 402
2 510
10 742
3 567
7 616
9 282
6 820
9 340
4 706
632 466
9 265
1 399
2 177
1 155
9 487
221 105
283 43
6 370
8 333
9 474
7 306
4 222
8 273
6 123
1 787
4 270
5 767
7 340
5 586
8 49
5 868
4 83
5 872
3 542
239 24
8 387
7 518
7 477
8 838
5 515
7 676
2 81
2 502
9 200
661 354
9 23
7 435
7 53
6 726
229 33
7 445
4 685
10 590
3 643
5 213
10 737
1 533
1 248
8 603
3 618
6 478
2 543
3 428
6 363
4 163
3 216
3 601
3 312
1 430
6 134
9 461
9 777
4 431
805 28
5 390
5 199
5 851
9 874
5 620
9 121
8 490
4 623
1 59
1 38
10 156
5 240
4 491
8 214
8 344
8 21
10 539
8 352
1 551
4 646
4 556
9 812
2 667
8 47
5 804
1 485
8 675
1 63
10 53
3 770
7 538
387 238
4 752
9 631
6 183
10 33
2 265
9 486
105 5
5 143
4 717
1 592
9 555
4 681
2 476
6 196
5 608
5 252
9 184
792 301
3 268
4 372
9 788
1 623
4 519
10 137
783 706
9 495
4 284
8 413
9 320
1 622
4 783
3 783
6 568
2 12
7 28
4 125
5 313
10 84
8 510
4 345
3 260
8 198
5 91
4 462
3 434
58 5
8 768
4 408
3 796
10 587
8 546
4 546
1 147
2 407
8 274
5 48
10 29
10 65
8 406
9 680
5 811
4 104
3 390
9 43
775 519
4 457
7 753
4 621
1 663
4 410
9 509
5 594
3 291
3 703
8 137
1 239
4 701
2 29
5 854
7 183
4 169
6 190
5 73
3 98
6 145
4 39
7 141
9 173
1 385
3 811
6 218
8 341
4 845
5 666
2 870
3 806
6 404
3 751
9 501
4 630
1 753
1 89
2 703
782 149
5 891
3 279
4 811
6 812
212 52
2 682
10 596
4 863
5 635
6 520
10 330
10 566
527 350
6 494
4 779
416 111
7 774
873 509
6 486
9 833
5 506
6 480
9 360
4 861
5 493
4 763
1 267
1 279
4 236
2 308
5 439
6 392
8 570
7 39
4 353
4 274
554 491
8 255
8 55
9 70
3 548
7 11
5 411
3 159
6 81
2 813
9 51
9 482
9 179
4 638
10 643
8 187
60 8
4 722
1 90
3 514
10 187
2 372
1 737
8 458
4 473
1 450
10 704
10 200
5 43
5 805
8 156
8 679
5 885
556 6
3 389
7 268
5 8
8 560
5 809
1 494
10 745
2 204
8 733
1 100
10 460
9 826
862 735
2 691
7 386
871 181
7 87
7 663
8 369
731 53
4 606
1 821
3 350
9 630
4 87
3 635
8 819
2 577
2 382
2 64
9 293
7 27
1 180
6 412
6 458
10 726
8 59
6 300
5 46
2 124
10 148
3 131
2 622
611 31
10 512
4 239
9 614
6 829
1 522
10 237
638 536
9 566
7 332
1 85
7 763
5 355
9 852
2 562
5 470
8 225
6 152
5 419
8 38
3 24
2 513
3 812
8 826
9 276
5 155
4 787
6 269
3 559
820 242
8 845
4 403
2 815
7 240
1 393
9 790
10 685
4 295
647 528
2 649
3 356
516 52
2 351
7 44
9 466
7 674
4 300
10 538
9 445
4 777
6 241
33 19
5 368
10 654
616 565
10 328
10 183
3 115
3 27
2 300
10 333
4 210
1 396
8 725
7 174
1 701
3 663
6 632
9 214
450 9
2 456
9 496
7 434
6 332
8 90
197 100
9 730
3 193
5 460
7 552
10 37
10 69
8 13
6 154
672 578
3 626
411 288
7 61
8 94
4 193
8 145
7 430
10 325
4 19
10 12
397 306
9 233
7 344
386 325
10 477
4 417
302 251
1 847
2 674
8 136
1 62
9 589
10 366
3 175
6 428
2 471
8 654
3 146
8 562
810 127
3 704
8 240
9 295
8 803
9 47
2 82
5 283
8 552
10 286
7 163
1 597
8 798
9 724
161 90
9 381
3 357
3 881
380 153
9 754
5 461
3 303
7 675
3 826
7 701
9 341
1 559
6 406
7 405
836 752
4 538
10 573
10 633
1 521
603 246
180 114
2 814
288 115
10 614
10 593
50 49
4 596
1 5
8 208
8 583
7 406
5 774
8 9
1 426
697 27
8 1
5 597
2 147
7 527
9 107
4 190
8 254
5 142
3 714
9 639
5 447
4 873
3 606
3 810
4 867
4 117
8 844
1 509
1 699
1 665
1 752
1 270
6 852
10 485
10 121
725 133
1 490
5 699
7 610
303 189
4 555
4 102
1 719
1 462
2 683
6 482
1 44
6 575
3 533
8 162
4 332
9 322
3 551
8 445
9 601
10 515
808 784
1 512
1 824
8 731
4 48
4 429
7 473
6 18
182 179
10 551
9 359
8 363
513 34
8 658
6 711
4 846
7 567
334 163
2 658
5 171
9 490
10 693
6 390
5 606
5 51
1 550
5 459
8 261
4 118
4 887
8 230
7 716
10 266
8 744
3 342
8 698
3 454
8 818
1 317
10 394
2 501
5 629
8 586
4 151
6 570
4 755
1 87
5 790
2 651
2 401
225 37
1 394
2 784
3 697
10 318
7 182
6 838
3 265
1 341
8 891
4 550
6 591
4 33
1 20
3 212
2 716
548 427
8 758
10 451
5 293
2 710
2 489
551 255
7 55
10 77
6 352
9 453
8 134
10 64
9 415
10 576
655 55
7 495
429 224
1 777
10 193
7 754
8 75
4 661
4 503
789 672
9 711
6 41
9 463
7 500
5 278
5 414
3 88
389 255
3 49
10 502
6 326
331 190
9 189
1 644
10 688
2 41
5 436
6 485
6 219
4 530
10 21
8 285
1 68
735 587
2 876
5 158
8 836
3 381
7 80
10 38
5 237
3 437
8 591
10 443
2 645
3 321
401 196
2 688
8 615
7 289
10 290
4 53
4 618
2 754
10 397
1 664
123 110
7 315
7 283
6 547
5 759
5 217
1 295
9 683
9 606
4 694
6 71
3 372
2 822
4 354
5 784
7 886
2 833
2 56
692 594
3 769
245 156
5 860
5 187
2 886
6 833
9 21
8 598
10 165
8 418
7 769
6 495
10 516
7 267
1 808
9 701
2 331
10 457
3 674
5 247
2 841
3 876
3 522
3 323
7 286
799 234
9 633
676 604
9 855
9 884
2 423
9 871
2 71
8 468
9 568
7 186
9 244
3 530
4 6
2 804
4 849
4 584
10 474
1 256
5 268
7 359
3 717
8 695
10 393
2 849
8 467
546 381
9 516
621 299
4 733
9 823
2 219
7 887
9 819
98 79
489 248
10 326
6 125
558 73
5 59
9 17
9 10
9 537
10 227
2 629
1 54
2 659
1 274
312 241
6 237
3 665
2 680
8 772
7 83
6 872
9 145
1 721
8 621
2 522
9 246
6 534
258 71
4 882
6 55
2 752
237 78
2 756
10 721
3 890
8 762
10 274
7 466
3 294
2 767
10 303
1 127
8 210
8 783
1 356
8 39
10 241
9 385
3 499
4 818
4 343
1 686
10 140
6 466
3 285
435 362
293 41
3 752
3 217
9 284
7 736
5 715
1 741
4 360
3 191
2 261
4 738
4 571
1 560
9 217
9 605
9 628
5 688
207 119
2 579
10 494
2 783
750 41
118 115
6 792
1 99
5 706
2 630
5 491
1 780
2 836
14 5
6 566
9 242
9 414
2 112
5 398
1 173
2 390
9 314
10 112
1 650
10 385
8 139
8 665
10 594
2 826
3 17
1 586
9 331
8 757
597 146
9 127
2 726
9 488
6 132
5 127
9 158
8 112
4 497
2 295
10 350
10 758
2 344
4 620
4 692
1 519
4 557
3 188
4 469
1 488
7 52
6 388
1 724
8 268
2 600
7 836
2 859
2 584
10 760
9 356
7 219
2 768
3 355
5 243
9 286
6 679
5 763
3 630
5 871
9 201
7 93
3 200
5 545
3 102
5 741
5 536
9 30
6 697
8 612
6 538
5 705
5 15
854 49
2 535
2 753
5 144
10 510
6 460
7 206
2 156
5 734
539 169
4 64
5 847
9 529
9 182
4 699
3 415
9 396
9 663
5 275
5 604
6 416
2 374
2 218
7 246
5 714
9 758
6 447
5 292
3 867
2 491
8 596
6 253
5 363
1 755
2 795
10 93
6 634
3 672
4 865
5 824
1 688
5 105
7 859
3 361
6 4
4 731
5 11
1 17
4 187
6 463
9 312
6 347
6 410
1 377
8 368
4 180
9 799
5 30
6 789
42 31
5 4
9 187
1 39
3 135
2 97
5 531
779 12
9 583
7 232
4 398
7 45
8 684
8 608
7 318
3 561
3 762
3 815
7 748
32 14
3 747
9 439
3 779
1 797
607 304
9 544
5 679
4 249
7 278
205 70
3 112
9 370
9 707
9 62
1 55
1 136
5 454
4 662
5 98
2 599
9 457
4 595
5 334
445 323
3 734
4 825
7 690
1 761
7 159
10 261
5 742
1 673
6 358
10 598
1 208
4 523
4 293
10 356
6 180
10 79
1 806
5 279
8 843
1 790
2 175
9 878
6 468
8 863
10 107
9 848
565 167
4 229
7 370
6 552
10 95
2 553
9 45
3 452
9 668
1 346
6 408
4 110
3 671
3 562
693 455
7 531
1 381
7 371
7 685
10 383
1 471
9 119
7 137
2 30
726 1
5 858
5 388
1 359
7 117
2 454
4 890
3 494
2 641
1 416
8 511
2 625
761 13
8 81
9 382
1 369
5 20
1 309
3 882
6 21
5 655
3 472
3 708
8 299
9 506
2 479
6 77
1 144
4 762
4 194
8 723
3 487
9 603
6 324
7 722
2 385
4 130
238 81
1 501
5 691
1 247
3 86
436 246
7 791
4 847
2 481
6 171
8 876
4 174
7 804
608 422
8 626
10 30
9 363
456 38
7 439
6 374
8 705
10 738
9 789
9 328
3 481
3 798
1 242
1 71
10 535
2 451
5 317
10 310
10 15
1 678
2 96
745 497
9 205
9 672
1 52
7 303
1 604
8 890
1 817
9 358
9 604
3 346
2 173
3 157
1 618
3 284
219 196
7 600
1 330
7 160
1 46
93 58
6 331
8 227
9 569
9 875
5 684
4 261
2 113
3 823
7 262
874 544
6 649
7 296
7 631
1 825
819 593
7 738
1 10
1 198
5 644
9 258
3 373
5 239
4 203
10 492
2 723
10 139
8 623
428 45
3 409
4 823
791 522
9 241
3 658
1 43
3 582
1 768
406 134
7 589
6 107
3 261
8 700
4 645
306 119
4 655
8 125
9 204
2 75
2 57
1 567
9 873
9 511
2 884
8 98
2 763
9 59
5 221
3 106
10 628
184 139
7 651
3 856
3 229
7 10
7 95
3 792
1 782
4 388
3 469
9 890
6 69
333 120
3 536
4 246
5 813
9 644
1 617
3 144
2 290
6 779
5 797
740 37
10 178
2 715
9 770
4 183
18 12
1 32
356 75
1 288
6 86
8 714
3 133
9 710
4 402
7 515
10 272
729 113
797 471
1 342
8 755
285 157
6 542
6 215
8 188
6 272
26 14
7 195
8 322
7 66
4 114
5 614
1 730
6 240
5 587
1 568
7 199
7 418
535 341
8 808
9 531
4 89
6 305
3 120
5 576
9 780
10 243
10 41
7 185
3 152
9 313
3 637
6 645
3 492
5 406
8 217
8 335
6 505
10 211
9 181
173 150
6 59
8 806
5 621
3 56
9 407
5 841
9 692
1 643
8 348
5 47
5 60
9 557
10 270
530 479
5 133
10 212
95 6
7 351
7 817
7 122
10 100
3 728
9 863
10 681
7 54
5 890
4 135
9 55
9 670
427 111
5 314
1 717
2 699
9 695
2 368
3 771
626 467
2 6
540 401
812 329
8 284
9 85
2 782
8 45
6 823
8 388
10 524
5 474
10 13
4 375
1 789
8 298
5 525
48 15
1 431
7 891
8 873
2 70
5 174
2 569
6 50
2 862
1 225
2 94
4 488
2 488
4 759
8 691
5 309
10 544
5 386
6 612
9 652
5 376
1 204
1 750
1 757
5 329
10 348
1 829
10 578
2 405
4 793
8 257
1 756
9 178
9 545
1 803
2 347
4 560
10 124
4 371
9 12
3 101
3 846
7 402
2 43
8 789
8 756
8 673
1 865
7 447
6 845
2 51
8 801
6 263
3 127
4 273
9 50
8 159
9 426
4 421
3 608
252 72
8 7
4 235
526 328
9 111
6 796
5 861
9 115
4 331
10 18
3 740
6 623
1 583
8 870
8 618
6 783
9 226
2 559
2 762
5 190
6 518
9 732
5 505
5 181
6 467
1 181
4 271
2 766
3 141
2 313
3 450
7 668
2 387
1 24
8 717
1 72
7 290
7 869
3 109
2 837
9 68
8 765
260 56
6 599
9 223
5 218
4 719
9 5
702 587
9 380
8 492
5 412
5 344
4 178
7 650
9 723
8 766
2 635
2 403
4 834
3 733
10 307
6 417
3 136
10 449
3 187
738 366
5 116
860 102
9 164
802 120
8 532
8 149
5 702
8 519
769 136
9 186
6 881
3 466
2 36
7 403
8 719
1 246
10 574
7 764
10 553
525 302
3 644
884 113
72 2
2 211
6 176
9 177
8 351
2 102
10 644
3 692
1 745
2 296
9 575
1 553
3 616
714 68
3 403
3 436
4 824
4 848
6 30
4 142
3 423
7 641
1 629
7 475
8 437
5 749
2 566
3 736
8 269
3 271
3 817
6 569
1 334
3 402
6 264
1 50
282 79
1 831
3 298
10 2
8 672
10 382
6 380
2 697
2 354
3 809
4 305
5 475
7 76
9 815
345 304
2 179
4 714
4 740
2 468
6 832
6 155
9 587
3 300
2 225
7 540
5 83
4 101
4 547
5 90
4 716
1 30
3 464
7 284
4 298
497 198
6 327
6 268
8 657
8 220
4 54
9 1
652 48
4 476
10 489
6 99
3 110
5 242
4 654
3 649
8 264
4 419
588 147
6 669
3 422
4 418
1 257
2 246
7 84
6 153
9 278
600 238
1 260
5 423
9 472
5 791
2 465
2 158
9 263
8 182
617 467
9 560
2 230
10 202
3 544
6 721
5 672
6 803
7 22
10 338
6 734
8 455
172 32
3 433
4 108
8 864
6 149
4 334
6 587
7 222
9 682
8 791
6 117
3 116
6 391
9 405
19 6
10 452
9 383
132 53
7 777
10 624
6 383
5 540
2 55
6 371
109 50
512 60
111 20
2 558
869 603
2 640
5 463
5 645
6 469
10 717
4 663
70 8
9 137
3 192
4 414
6 814
8 27
1 272
3 516
5 598
5 557
6 402
8 567
8 777
1 694
5 486
5 618
1 820
9 193
4 542
6 544
1 343
3 53
6 438
3 281
6 691
8 402
9 7
9 218
7 257
8 14
4 489
3 416
7 94
2 610
6 510
2 539
1 478
10 606
305 200
1 320
3 851
2 59
6 840
3 725
3 62
7 374
6 365
10 426
7 279
6 667
654 383
9 791
422 145
4 81
9 384
7 281
4 464
2 656
8 74
9 364
9 440
737 234
9 78
6 885
9 570
7 311
4 594
4 553
7 746
6 13
8 267
2 772
330 320
4 138
8 450
506 478
6 56
2 854
9 586
5 848
1 311
8 574
9 153
6 118
8 865
673 54
4 154
1 639
10 476
6 227
9 410
7 293
7 89
5 455
6 839
2 494
4 311
1 215
4 468
2 416
6 46
9 230
9 93
1 251
8 278
9 298
7 596
2 431
4 800
2 530
4 707
8 536
7 864
5 346
1 570
10 767
8 613
7 520
5 650
542 510
2 186
8 652
9 165
5 107
6 274
9 689
4 99
5 220
10 645
9 279
8 796
5 415
2 580
9 535
4 883
2 555
7 226
4 836
4 609
9 86
9 527
34 13
1 81
8 632
8 726
9 698
2 655
9 738
754 23
3 140
2 890
8 787
6 348
1 852
3 699
6 884
8 337
6 680
5 556
882 781
6 805
438 164
1 507
3 377
6 436
3 340
749 713
9 114
2 770
8 184
9 460
3 824
3 331
9 95
7 12
6 98
6 648
10 543
10 267
3 241
10 96
6 65
1 460
2 736
829 788
3 174
778 710
5 777
7 355
10 420
9 528
190 72
9 157
7 339
6 174
79 54
1 183
8 262
3 330
4 522
295 178
9 703
624 483
10 340
5 209
7 249
2 602
395 288
7 755
10 304
4 349
9 198
6 733
9 762
10 118
6 473
1 425
5 153
1 729
5 519
1 398
752 35
8 24
2 799
7 721
4 810
1 182
4 283
4 684
8 494
4 41
1 276
7 260
7 343
2 65
4 761
8 133
6 715
8 548
7 863
8 160
5 87
612 594
3 145
1 61
410 250
5 234
2 342
1 214
453 62
316 95
4 566
1 401
9 126
10 44
6 414
8 581
8 114
5 729
605 225
7 153
1 432
8 109
263 28
10 185
3 429
10 258
8 72
10 359
1 636
4 18
6 357
5 241
2 875
9 140
5 874
5 617
5 755
5 508
1 166
8 797
5 408
2 590
461 459
1 667
418 194
9 576
10 80
5 25
6 379
6 178
2 143
5 511
10 367
4 191
403 73
4 12
6 115
5 518
5 212
6 401
7 438
10 682
573 556
2 711
485 209
698 451
4 767
471 432
10 179
3 505
5 62
7 251
49 15
744 416
6 73
5 94
3 877
9 550
1 666
6 761
4 665
4 477
1 844
1 357
6 706
4 790
6 668
4 631
1 726
9 678
9 708
6 849
3 209
10 311
3 148
2 463
9 71
3 107
10 54
6 167
6 242
4 146
1 335
4 250
7 489
10 73
4 276
5 383
1 234
1 299
6 448
5 380
3 185
8 554
10 755
7 704
5 274
10 639
4 780
10 284
2 855
2 206
10 273
1 656
5 211
8 737
1 706
5 673
890 183
8 699
1 449
9 581
217 92
9 96
6 22
7 779
8 202
733 454
9 300
9 378
9 709
742 448
3 590
7 757
8 525
9 339
10 716
3 757
9 484
7 323
5 422
4 285
10 381
7 832
7 450
4 228
10 603
9 787
1 807
5 245
1 877
1 783
9 513
5 865
10 517
622 30
1 193
5 68
2 779
4 881
2 614
1 23
4 826
457 142
7 873
5 462
9 147
9 84
3 66
7 884
7 379
2 284
1 47
8 105
3 161
7 541
4 55
6 684
2 314
4 673
2 384
879 560
1 362
270 168
1 250
5 145
6 355
7 712
9 473
133 5
9 299
1 391
4 85
2 588
10 130
5 340
4 479
6 1
5 466
10 122
3 858
6 801
9 749
10 400
8 746
3 74
7 619
6 44
835 44
10 636
6 737
9 234
1 751
10 765
5 646
8 336
1 514
10 768
4 162
7 623
5 873
6 67
3 458
9 881
5 669
5 19
4 627
4 205
10 135
3 29
9 694
1 861
5 24
1 259
6 641
840 756
1 455
1 167
5 599
7 845
3 768
4 690
6 821
6 869
7 479
5 149
5 828
10 638
696 115
2 749
2 820
1 823
1 138
683 593
7 201
4 484
9 283
5 387
10 730
2 523
4 803
10 437
9 386
7 724
9 480
4 724
2 217
5 652
1 860
365 359
891 496
8 727
4 264
6 799
6 773
3 374
8 821
9 188
8 573
4 852
4 828
7 383
1 641
7 505
10 51
9 499
4 243
1 227
8 556
8 126
9 315
5 227
261 162
4 568
5 14
1 541
4 639
4 106
53 25
5 9
4 872
4 344
3 345
7 431
4 258
2 323
5 192
10 497
756 514
772 682
8 263
8 457
2 329
7 857
6 642
3 150
1 285
3 652
5 590
3 711
9 272
5 834
8 610
9 433
5 551
8 524
10 170
4 227
3 622
6 712
3 680
1 139
6 188
10 752
6 882
8 535
3 248
10 630
8 767
8 862
5 130
10 297
878 645
2 518
9 450
4 564
10 764
4 337
3 328
5 578
6 475
1 97
2 319
94 42
4 96
6 553
2 532
8 611
3 40
7 878
6 137
3 654
10 629
619 180
8 650
3 534
5 817
9 769
3 417
1 610
2 552
5 497
7 809
10 657
3 602
8 91
2 193
6 891
8 463
7 242
3 322
467 85
8 414
7 710
5 549
5 481
8 867
2 538
555 395
8 779
3 549
8 558
9 32
1 758
8 57
3 36
10 25
9 27
7 224
4 155
2 526
10 194
3 687
7 457
855 662
557 252
9 142
5 405
7 491
2 184
1 387
514 40
7 158
1 444
6 288
1 468
2 484
2 810
4 391
6 330
10 151
6 224
2 589
9 270
751 328
8 523
484 117
5 172
7 414
6 774
6 784
6 427
2 441
3 849
7 97
4 152
9 836
9 850
2 167
1 733
1 735
9 505
6 629
1 589
10 714
2 823
1 252
10 549
6 780
7 361
3 336
309 259
9 720
2 528
6 359
6 40
3 440
3 805
4 496
9 798
5 776
3 586
313 217
853 85
2 650
7 125
872 269
364 196
6 138
1 21
9 554
6 271
4 679
5 808
6 743
4 862
6 655
4 58
6 82
5 627
4 570
7 123
9 627
1 25
10 454
2 14
5 592
9 54
9 20
6 621
7 621
8 484
9 301
2 360
7 533
1 646
10 309
1 266
6 736
3 227
10 315
8 18
6 296
5 364
2 264
3 641
8 76
9 99
2 359
4 378
1 282
5 214
10 265
1 153
6 95
298 148
7 230
2 724
10 358
875 837
10 361
6 378
5 625
5 480
7 319
5 682
10 291
3 401
3 477
8 361
7 348
8 236
3 215
4 192
6 474
1 454
4 799
1 606
4 868
6 70
8 357
4 649
10 471
4 615
5 559
5 568
4 141
8 343
3 239
10 597
6 228
10 695
3 887
4 351
2 737
3 632
9 725
9 800
10 661
1 635
7 858
1 206
5 189
5 546
1 813
388 213
7 642
859 183
9 774
8 509
10 500
9 131
1 871
10 329
8 321
3 705
2 507
216 147
5 728
4 599
671 423
5 663
3 485
7 58
5 639
6 479
1 795
10 276
4 813
5 201
1 508
2 437
6 756
3 576
8 196
6 842
8 809
7 213
6 673
9 514
9 40
8 853
6 769
7 411
127 12
6 558
3 25
7 587
9 389
3 619
9 729
2 253
1 406
5 680
9 345
1 842
5 374
3 155
10 357
2 672
7 442
5 154
4 833
8 334
1 219
3 633
7 741
3 139
10 160
3 410
10 740
4 267
3 553
7 107
7 59
455 138
5 316
3 240
2 421
6 739
9 573
9 379
6 853
5 507
10 650
6 609
9 421
2 563
5 297
6 182
6 53
5 207
3 383
5 740
3 51
6 503
10 482
6 751
6 835
6 429
6 26
2 247
6 102
4 45
5 208
2 35
3 199
1 715
4 830
9 851
5 400
4 315
8 748
1 491
6 205
10 346
2 793
7 467
2 104
9 349
4 319
8 686
10 724
2 180
3 807
8 239
2 157
7 254
5 260
3 182
8 194
7 40
10 97
8 391
4 198
3 398
2 430
6 216
139 106
7 882
532 208
4 604
5 628
9 593
522 381
857 232
6 437
10 732
6 694
3 653
7 603
5 444
7 553
5 724
2 427
8 539
3 737
7 742
10 45
614 193
1 319
9 251
8 276
8 889
1 591
9 465
9 456
6 546
7 454
6 483
8 297
2 851
2 350
6 313
2 811
10 71
687 605
8 296
1 271
6 197
6 678
226 141
10 110
6 109
3 594
1 562
7 630
4 735
1 660
2 386
6 91
6 101
7 109
8 404
6 185
5 487
2 108
4 424
5 879
8 669
8 712
9 206
7 597
4 442
10 552
6 403
3 21
2 443
8 320
7 487
5 822
1 128
6 158
1 785
6 194
6 147
1 850
7 326
7 256
7 145
8 434
6 859
3 759
3 31
1 545
9 681
10 697
1 574
9 144
7 784
2 531
8 500
4 853
5 366
7 229
3 648
9 685
1 615
3 292
3 755
4 784
3 8
1 552
5 582
3 645
4 633
7 638
5 762
147 136
6 328
7 703
4 291
9 608
3 314
4 145
4 640
6 304
2 598
7 415
2 546
8 834
5 707
1 33
2 698
5 95
2 310
6 247
10 257
9 143
1 857
5 365
1 540
7 524
382 194
1 113
6 310
9 467
96 48
9 785
3 404
1 229
1 65
4 413
620 561
7 19
5 361
195 105
3 804
2 369
6 297
2 478
5 826
4 581
3 59
6 60
6 345
2 787
4 415
6 285
28 25
10 684
7 823
1 763
215 84
1 704
6 867
4 879
10 514
9 69
2 442
8 722
371 30
5 362
4 197
9 185
177 41
2 34
2 856
7 35
5 584
2 138
3 274
3 60
7 420
7 175
6 52
2 282
1 456
4 577
4 888
3 276
7 496
3 197
10 407
8 364
8 681
10 434
6 131
4 440
8 633
2 764
8 433
2 634
10 601
1 786
6 841
6 47
2 718
1 657
10 293
6 813
1 476
10 592
6 225
3 47
1 133
8 350
7 349
1 632
9 176
325 255
3 26
7 138
8 721
63 10
4 119
3 280
31 24
1 710
7 119
7 866
2 85
3 85
4 748
2 587
3 282
3 184
3 427
7 829
4 370
6 400
9 280
10 173
328 49
8 372
10 424
9 699
10 648
1 669
9 335
1 864
5 761
3 870
6 435
8 152
4 753
7 605
10 204
6 786
6 512
7 16
1 172
3 874
433 91
5 453
2 685
3 669
9 891
8 594
5 569
3 550
4 715
6 477
5 64
4 212
6 472
1 107
9 662
2 324
9 219
4 98
3 178
798 794
240 13
10 349
10 245
8 692
10 607
10 713
6 584
3 696
235 5
5 251
9 273
8 103
3 707
4 277
2 316
10 26
2 46
10 207
8 730
9 215
9 861
5 501
2 424
6 245
142 92
1 697
5 399
2 87
1 779
6 846
3 194
5 494
2 475
5 182
6 262
2 725
2 459
4 88
10 677
9 784
9 319
1 48
3 369
10 365
6 752
10 481
1 691
4 809
9 795
5 571
6 17
9 690
5 379
538 350
2 487
3 391
7 543
1 318
7 190
2 668
9 162
5 812
473 234
8 724
3 681
10 701
8 308
6 261
4 543
6 34
4 161
1 13
1 492
10 536
1 713
9 659
8 127
6 535
3 486
8 212
3 521
1 653
2 134
1 261
8 232
8 342
1 466
2 42
5 889
4 121
8 86
9 166
7 459
8 651
4 437
2 616
1 837
7 802
5 215
9 807
6 75
5 543
8 147
6 39
1 573
7 813
889 609
9 534
7 793
1 67
9 31
4 487
420 102
359 97
5 451
1 78
2 515
280 259
9 803
3 758
7 15
3 224
7 468
4 680
10 302
1 365
552 470
3 396
9 458
10 571
5 837
2 706
460 307
2 195
9 591
7 167
1000
2 57
1 2 574
1 2 376
4 16
2 188
4 183
2 187
4 527
2 245
1 2 746
1 1 671
1 278 273
4 501
1 1 729
2 499
4 526
1 5 77
1 7 759
4 367
2 3
1 6 631
1 5 377
1 1 387
1 4 570
4 831
2 331
3 10 3
2 563
2 512
1 7 266
1 1 70
1 1 747
1 8 889
2 470
1 8 150
1 10 517
1 1 595
1 7 212
4 666
1 9 503
1 10 662
2 726
2 82
2 664
1 6 404
1 9 72
2 524
1 5 806
1 2 87
1 2 1
1 3 1
1 4 1
1 5 1
1 6 1
1 8 1
1 9 1
1 10 1
1 1 2
1 3 2
1 4 2
1 5 2
1 6 2
1 7 2
1 8 2
1 9 2
3 25 3
3 86 3
1 10 3
1 1 4
1 2 4
1 3 4
1 5 4
1 6 4
1 7 4
1 8 4
1 9 4
1 10 4
1 1 5
1 2 5
1 3 5
1 4 5
1 6 5
1 7 5
1 8 5
1 9 5
1 10 5
1 1 6
1 2 6
1 3 6
1 4 6
1 5 6
1 7 6
1 8 6
1 9 6
1 10 6
1 1 7
1 2 7
1 3 7
1 4 7
1 5 7
1 6 7
1 8 7
1 9 7
1 10 7
1 1 8
1 2 8
1 3 8
1 4 8
1 5 8
1 6 8
1 7 8
1 9 8
1 10 8
1 1 9
1 2 9
1 3 9
1 4 9
1 5 9
1 6 9
1 7 9
1 8 9
1 10 9
1 1 10
1 2 10
1 3 10
1 4 10
1 5 10
1 6 10
1 7 10
1 8 10
1 9 10
1 1 11
1 2 11
1 3 11
1 4 11
1 5 11
1 6 11
1 7 11
1 8 11
1 9 11
1 10 11
1 1 12
1 2 12
1 3 12
1 4 12
1 5 12
1 7 12
1 8 12
1 9 12
1 10 12
1 1 13
1 2 13
1 3 13
1 4 13
1 5 13
1 6 13
1 7 13
1 8 13
1 9 13
1 10 13
1 1 14
1 2 14
1 3 14
1 4 14
1 5 14
1 6 14
1 7 14
1 8 14
1 9 14
1 10 14
1 1 15
1 2 15
1 3 15
1 4 15
1 5 15
1 6 15
1 7 15
1 8 15
1 9 15
1 10 15
1 1 16
1 2 16
1 3 16
1 4 16
1 5 16
1 6 16
1 7 16
1 8 16
1 9 16
1 10 16
1 1 17
1 2 17
1 3 17
1 4 17
1 5 17
1 6 17
1 7 17
1 8 17
1 9 17
1 10 17
1 1 18
1 2 18
1 3 18
1 4 18
1 5 18
1 6 18
1 7 18
1 8 18
1 9 18
1 10 18
1 1 19
1 2 19
1 3 19
1 4 19
1 5 19
1 6 19
1 7 19
1 8 19
1 9 19
1 10 19
1 1 20
1 2 20
1 3 20
1 4 20
1 5 20
1 6 20
1 7 20
1 8 20
1 9 20
1 10 20
1 1 21
1 2 21
1 3 21
1 4 21
1 5 21
1 6 21
1 7 21
1 8 21
1 9 21
1 10 21
1 1 22
1 2 22
1 3 22
1 4 22
1 5 22
1 6 22
1 7 22
1 8 22
1 9 22
1 10 22
1 1 23
1 2 23
1 3 23
1 4 23
1 5 23
1 6 23
1 7 23
1 8 23
1 9 23
1 10 23
1 1 24
1 2 24
1 3 24
1 4 24
1 5 24
1 6 24
1 7 24
1 8 24
1 9 24
1 10 24
1 1 25
1 2 25
1 3 25
1 4 25
1 5 25
1 6 25
1 7 25
1 8 25
1 9 25
1 10 25
1 1 26
1 2 26
1 3 26
1 4 26
1 5 26
1 6 26
1 7 26
1 8 26
1 9 26
1 10 26
1 1 27
1 2 27
1 3 27
1 4 27
1 5 27
1 6 27
1 7 27
1 8 27
1 9 27
1 10 27
1 1 28
1 2 28
1 3 28
1 4 28
1 5 28
1 6 28
1 7 28
1 8 28
1 9 28
1 10 28
1 1 29
1 2 29
1 3 29
1 4 29
1 5 29
1 6 29
1 7 29
1 8 29
1 9 29
1 10 29
1 1 30
1 2 30
1 3 30
1 4 30
1 5 30
1 6 30
1 7 30
1 8 30
1 9 30
1 10 30
1 1 31
1 2 31
1 3 31
1 4 31
1 5 31
1 6 31
1 7 31
1 8 31
1 9 31
1 10 31
1 1 32
1 2 32
1 3 32
1 4 32
1 5 32
1 6 32
1 7 32
1 8 32
1 9 32
1 10 32
1 1 33
1 2 33
1 3 33
1 4 33
1 5 33
1 6 33
1 7 33
1 8 33
1 9 33
1 10 33
1 1 34
1 2 34
1 3 34
1 4 34
1 5 34
1 6 34
1 7 34
1 8 34
1 9 34
1 10 34
1 1 35
1 2 35
1 3 35
1 4 35
1 5 35
1 6 35
1 7 35
1 8 35
1 9 35
1 10 35
1 1 36
1 2 36
1 3 36
1 4 36
1 5 36
1 6 36
1 7 36
1 8 36
1 9 36
1 10 36
1 1 37
1 2 37
1 3 37
1 4 37
1 5 37
1 6 37
1 7 37
1 8 37
1 9 37
1 10 37
1 1 38
1 2 38
1 3 38
1 4 38
1 5 38
1 6 38
1 7 38
1 8 38
1 9 38
1 10 38
1 1 39
1 2 39
1 3 39
1 4 39
1 5 39
1 6 39
1 7 39
1 8 39
1 9 39
1 10 39
1 1 40
1 2 40
1 3 40
1 4 40
1 5 40
1 6 40
1 7 40
1 8 40
1 9 40
1 10 40
1 1 41
1 2 41
1 3 41
1 4 41
1 5 41
1 6 41
1 7 41
1 8 41
1 9 41
1 10 41
1 1 42
1 2 42
1 3 42
1 4 42
1 5 42
1 6 42
1 7 42
1 8 42
1 9 42
1 10 42
1 1 43
1 2 43
1 3 43
1 4 43
1 5 43
1 6 43
1 7 43
1 8 43
1 9 43
1 10 43
1 1 44
1 2 44
1 3 44
1 4 44
1 5 44
1 6 44
1 7 44
1 8 44
1 9 44
1 10 44
1 1 45
1 2 45
1 3 45
1 4 45
1 5 45
1 6 45
1 7 45
1 8 45
1 9 45
1 10 45
1 1 46
1 2 46
1 3 46
1 4 46
1 5 46
1 6 46
1 7 46
1 8 46
1 9 46
1 10 46
1 1 47
1 2 47
1 3 47
1 4 47
1 5 47
1 6 47
1 7 47
1 8 47
1 9 47
1 10 47
1 1 48
1 2 48
1 3 48
1 4 48
1 5 48
1 6 48
1 7 48
1 8 48
1 9 48
1 10 48
1 1 49
1 2 49
1 3 49
1 4 49
1 5 49
1 6 49
1 7 49
1 8 49
1 9 49
1 10 49
1 1 50
1 2 50
1 3 50
1 4 50
1 5 50
1 6 50
1 7 50
1 8 50
1 9 50
1 10 50
1 1 51
1 2 51
1 3 51
1 4 51
1 5 51
1 6 51
1 7 51
1 8 51
1 9 51
1 10 51
1 1 52
1 2 52
1 3 52
1 4 52
1 5 52
1 6 52
1 7 52
1 8 52
1 9 52
1 10 52
1 1 53
1 2 53
1 3 53
1 4 53
1 5 53
1 6 53
1 7 53
1 8 53
1 9 53
1 10 53
1 1 54
1 2 54
1 3 54
1 4 54
1 5 54
1 6 54
1 7 54
1 8 54
1 9 54
1 10 54
1 1 55
1 2 55
1 3 55
1 4 55
1 5 55
1 6 55
1 7 55
1 8 55
1 9 55
1 10 55
1 1 56
1 2 56
1 3 56
1 4 56
1 5 56
1 6 56
1 7 56
1 8 56
1 9 56
1 10 56
3 66 57
3 130 57
3 448 57
1 1 58
1 2 58
1 3 58
1 4 58
1 5 58
1 6 58
1 7 58
1 8 58
1 9 58
1 10 58
1 1 59
1 2 59
1 3 59
1 4 59
1 5 59
1 6 59
1 7 59
1 8 59
1 9 59
1 10 59
1 1 60
1 2 60
1 3 60
1 4 60
1 5 60
1 6 60
1 7 60
1 8 60
1 9 60
1 10 60
1 1 61
1 2 61
1 3 61
1 4 61
1 5 61
1 6 61
1 7 61
1 8 61
1 9 61
1 10 61
1 1 62
1 2 62
1 3 62
1 4 62
1 5 62
1 6 62
1 7 62
1 8 62
1 9 62
1 10 62
1 1 63
1 2 63
1 3 63
1 4 63
1 5 63
1 6 63
1 7 63
1 8 63
1 9 63
1 10 63
1 1 64
1 2 64
1 3 64
1 4 64
1 5 64
1 6 64
1 7 64
1 8 64
1 9 64
1 10 64
1 1 65
1 2 65
1 3 65
1 4 65
1 5 65
1 6 65
1 7 65
1 8 65
1 9 65
1 10 65
1 1 66
1 2 66
1 3 66
1 4 66
1 5 66
1 6 66
1 7 66
1 8 66
1 9 66
1 10 66
1 1 67
1 2 67
1 3 67
1 4 67
1 5 67
1 6 67
1 7 67
1 8 67
1 9 67
1 10 67
1 1 68
1 2 68
1 3 68
1 4 68
1 5 68
1 6 68
1 7 68
1 8 68
1 9 68
1 10 68
1 1 69
1 2 69
1 3 69
1 4 69
1 5 69
1 6 69
1 7 69
1 8 69
1 9 69
1 10 69
1 2 70
1 3 70
1 4 70
1 5 70
1 6 70
1 7 70
1 8 70
1 9 70
1 10 70
1 1 71
1 2 71
1 3 71
1 4 71
1 5 71
1 6 71
1 7 71
1 8 71
1 9 71
1 10 71
1 1 72
1 2 72
1 3 72
1 4 72
1 5 72
1 6 72
1 7 72
1 8 72
1 10 72
1 1 73
1 2 73
1 3 73
1 4 73
1 5 73
1 6 73
1 7 73
1 8 73
1 9 73
1 10 73
1 1 74
1 2 74
1 3 74
1 4 74
1 5 74
1 6 74
1 7 74
1 8 74
1 9 74
1 10 74
1 1 75
1 2 75
1 3 75
1 4 75
1 5 75
1 6 75
1 7 75
1 8 75
1 9 75
1 10 75
1 1 76
1 2 76
1 3 76
1 4 76
1 5 76
1 6 76
1 7 76
1 8 76
1 9 76
1 10 76
1 1 77
1 2 77
1 3 77
1 4 77
1 6 77
1 7 77
1 8 77
1 9 77
1 10 77
1 1 78
1 2 78
1 3 78
1 4 78
1 5 78
1 6 78
1 7 78
1 8 78
1 9 78
1 10 78
1 1 79
1 2 79
1 3 79
1 4 79
1 5 79
1 6 79
1 7 79
1 8 79
1 9 79
1 10 79
1 1 80
1 2 80
1 3 80
1 4 80
1 5 80
1 6 80
1 7 80
1 8 80
1 9 80
1 10 80
1 1 81
1 2 81
1 3 81
1 4 81
1 5 81
1 6 81
1 7 81
1 8 81
1 9 81
1 10 81
3 253 82
1 1 83
1 2 83
1 3 83
1 4 83
1 5 83
1 6 83
1 7 83
1 8 83
1 9 83
1 10 83
1 1 84
1 2 84
1 3 84
1 4 84
1 5 84
1 6 84
1 7 84
1 8 84
1 9 84
1 10 84
1 1 85
1 2 85
1 3 85
1 4 85
1 5 85
1 6 85
1 7 85
1 8 85
1 9 85
1 10 85
1 1 86
1 2 86
1 3 86
1 4 86
1 5 86
1 6 86
1 7 86
1 8 86
1 9 86
1 10 86
1 1 87
1 3 87
1 4 87
1 5 87
1 6 87
1 7 87
1 8 87
1 9 87
1 10 87
1 1 88
1 2 88
1 3 88
1 4 88
1 5 88
1 6 88
1 7 88
1 8 88
1 9 88
1 10 88
1 1 89
1 2 89
1 3 89
1 4 89
1 5 89
1 6 89
1 7 89
1 8 89
1 9 89
1 10 89
1 1 90
1 2 90
1 3 90
1 4 90
1 5 90
1 6 90
1 7 90
1 8 90
1 9 90
1 10 90
1 1 91
1 2 91
1 3 91
1 4 91
1 5 91
1 6 91
1 7 91
1 8 91
1 9 91
1 10 91
1 1 92
1 2 92
1 3 92
1 4 92
1 5 92
1 6 92
1 7 92
1 8 92
1 9 92
1 10 92
1 1 93
1 2 93
1 3 93
1 4 93
1 5 93
1 6 93
1 7 93
1 8 93
1 9 93
1 10 93
1 1 94
1 2 94
1 3 94
1 4 94
1 5 94
1 6 94
1 7 94
1 8 94
1 9 94
1 10 94
1 1 95
1 2 95
1 3 95
1 4 95
1 5 95
1 6 95
1 7 95
1 8 95
1 9 95
1 10 95
1 1 96
1 2 96
1 3 96
1 4 96
1 5 96
1 6 96
1 7 96
1 8 96
1 9 96
1 10 96
1 1 97
1 2 97
1 3 97
1 4 97
1 5 97
1 6 97
1 7 97
1 8 97
1 9 97
1 10 97
1 1 98
1 2 98
1 3 98
1 4 98
1 5 98
1 6 98
1 7 98
1 8 98
1 9 98
1 10 98
1 1 99
1 2 99
1 3 99
1 4 99
1 5 99
1 6 99
1 7 99
1 8 99
1 9 99
1 10 99
