997 9753
5 645
5 281
7 87
194 30
192 21
3 373
7 372
4 650
1 35
5 324
3 142
3 539
4 882
1 565
9 211
9 294
4 631
1 56
5 728
9 278
5 805
4 484
2 773
7 488
2 984
3 990
2 621
4 979
2 173
9 728
783 299
3 259
843 125
2 680
4 141
4 252
1 2
1 678
1 258
7 555
2 980
298 54
1 333
2 439
781 507
569 352
292 202
6 825
5 635
5 521
4 490
3 150
8 836
6 762
7 189
3 146
9 762
9 515
8 371
4 687
3 35
4 950
1 719
4 877
8 779
7 922
3 369
3 625
9 680
6 362
1 371
93 61
4 808
4 411
2 371
5 782
3 724
7 86
7 127
2 32
2 979
9 243
2 1
19 12
2 565
8 530
7 296
4 796
5 267
875 31
1 993
4 160
45 32
1 564
5 482
2 140
4 992
8 429
3 979
4 197
5 676
5 936
1 468
307 285
4 993
7 278
6 80
1 345
5 67
2 800
3 334
2 332
989 448
6 928
1 534
5 29
1 608
262 42
3 248
1 390
5 817
4 489
6 402
6 764
1 673
3 985
2 241
7 833
269 260
8 158
2 287
4 127
801 368
1 202
1 818
4 654
4 814
3 443
6 54
7 829
3 529
4 152
8 933
5 74
4 792
8 660
4 161
505 201
1 377
2 381
4 496
623 159
2 115
403 50
9 499
6 408
3 356
8 717
5 988
5 534
7 134
1 515
6 589
8 611
8 200
4 245
8 196
1 743
370 123
6 389
7 313
3 8
397 140
5 888
547 500
6 411
9 58
3 543
1 344
1 808
2 386
8 369
4 586
155 20
6 695
664 347
8 578
2 772
1 881
8 978
4 3
1 629
7 536
2 711
9 496
7 290
419 115
6 349
2 308
3 627
1 310
7 19
4 298
9 566
2 270
1 320
5 261
9 318
5 442
5 470
3 639
1 876
6 769
1 408
7 885
9 427
1 127
8 177
9 365
3 9
8 925
9 361
2 656
790 295
83 4
2 378
9 550
912 650
9 273
8 10
4 392
464 239
6 807
5 552
784 759
5 236
1 342
5 413
6 295
2 89
1 86
8 73
9 203
2 201
2 628
3 409
7 863
3 283
8 825
9 49
4 280
9 4
3 181
9 450
7 766
9 90
5 596
5 195
1 840
7 217
4 115
2 41
2 279
633 390
9 641
1 221
7 354
7 147
5 148
9 81
5 449
7 677
5 99
6 120
6 422
5 889
4 508
7 431
1 441
496 59
260 177
7 659
9 605
3 983
2 325
5 875
7 16
7 551
3 233
1 680
9 168
5 331
6 275
8 440
2 240
5 159
1 592
6 361
3 41
5 336
7 918
3 568
7 162
4 691
8 677
8 345
6 392
5 250
6 417
361 81
6 470
2 507
6 688
7 14
5 53
6 518
7 216
4 760
3 638
8 464
5 136
6 312
7 574
4 590
5 57
5 798
7 820
5 273
4 859
9 724
1 974
4 734
40 37
6 976
8 285
9 465
6 816
3 933
3 383
2 733
5 262
9 269
6 476
622 280
2 156
3 894
1 141
3 196
3 635
9 562
4 995
823 72
7 653
6 243
4 696
2 131
5 22
4 509
5 829
838 86
1 112
2 766
5 155
3 408
3 726
377 168
8 484
7 569
2 317
5 494
5 18
577 93
2 210
8 280
3 109
6 631
9 689
6 633
9 212
6 225
9 234
7 832
6 366
5 450
830 56
4 139
8 61
5 592
4 261
8 867
7 136
649 364
2 618
9 776
4 185
9 289
8 296
754 414
416 404
8 827
7 453
736 379
7 504
5 696
5 377
6 536
8 541
8 257
1 626
800 595
9 601
6 62
2 511
1 433
5 827
5 942
5 216
883 320
7 759
8 22
581 286
2 456
7 483
7 129
432 307
2 583
1 210
9 768
8 185
7 479
3 88
259 87
1 847
3 157
7 652
4 886
625 92
8 826
8 478
9 52
641 544
7 680
7 955
6 957
5 36
1 948
7 44
1 199
1 814
3 937
349 105
5 354
955 702
4 930
1 656
1 137
2 459
2 678
2 845
7 560
7 496
8 470
3 913
8 703
2 358
5 192
4 228
4 461
5 418
7 434
5 373
6 92
6 501
2 793
7 992
7 875
4 716
9 557
217 159
7 276
8 147
4 971
1 398
3 39
5 792
6 401
8 502
7 970
1 700
5 709
3 392
5 248
4 350
4 332
3 577
6 733
3 295
1 278
9 320
6 912
5 826
2 681
9 15
8 274
6 157
4 68
847 44
2 718
7 196
8 43
6 718
283 62
2 626
4 305
5 94
2 856
1 503
1 24
2 452
2 769
2 480
7 69
3 677
5 39
7 467
3 257
2 529
3 173
5 804
4 90
703 71
4 958
684 662
2 720
6 608
2 744
9 111
5 114
2 708
7 263
4 665
144 5
6 732
6 164
2 930
3 245
401 215
1 302
5 205
6 149
2 44
7 490
8 912
7 297
6 131
5 55
6 276
3 421
5 82
56 28
1 755
8 368
3 234
3 51
576 66
5 463
7 982
9 640
902 799
1 558
4 416
2 109
6 448
2 443
621 178
27 5
5 101
7 416
8 171
3 945
3 458
2 575
3 560
3 55
9 142
4 308
1 708
7 515
7 687
764 459
9 540
7 835
3 460
4 174
2 715
7 949
7 933
8 482
3 30
6 959
121 99
1 109
5 740
8 799
6 257
6 673
6 497
4 424
5 154
8 831
6 376
9 314
4 55
6 596
8 879
1 387
422 149
8 120
2 18
5 571
6 169
2 667
3 155
591 268
4 391
8 545
7 396
2 692
8 97
1 967
1 256
373 71
5 861
7 890
9 611
5 702
3 272
2 843
9 652
4 63
2 469
4 902
1 809
1 754
8 886
1 186
4 579
2 88
1 298
5 778
8 415
9 30
4 287
7 893
8 68
6 712
3 114
6 832
6 353
4 36
5 901
7 529
7 209
3 16
1 36
33 1
2 45
7 498
3 435
8 969
7 402
2 912
5 718
6 539
120 51
4 48
8 295
3 98
5 933
5 294
8 486
2 163
704 491
7 627
8 425
6 489
2 701
6 888
5 920
3 210
1 561
2 169
762 459
2 537
6 754
2 809
4 297
2 499
9 380
3 832
3 721
1 606
4 151
9 106
6 661
8 154
1 59
6 28
1 511
9 224
9 740
5 185
5 507
6 570
4 505
1 148
3 391
8 329
79 69
271 230
9 187
3 951
7 550
5 847
4 80
3 618
1 964
4 418
8 507
5 812
6 110
5 731
5 828
2 942
4 821
1 323
8 852
6 38
6 640
3 243
2 563
9 180
2 590
3 814
9 542
4 642
8 512
9 472
5 129
7 94
3 842
8 306
7 92
1 811
4 376
5 1
5 655
9 525
1 215
9 329
6 753
7 274
272 254
223 1
6 76
6 161
2 721
8 78
7 676
926 461
8 709
4 767
5 224
8 370
5 339
4 338
5 568
1 365
1 570
1 442
6 867
8 99
2 273
7 375
3 175
8 631
9 570
7 415
4 307
1 40
9 362
8 605
3 169
3 818
5 126
245 235
9 95
6 790
7 28
1 522
4 69
4 789
4 483
2 264
5 493
4 706
3 241
3 57
2 805
5 10
6 35
724 152
2 188
5 370
2 574
1 20
9 21
3 84
1 262
5 746
8 577
5 820
6 720
4 878
3 344
6 755
1 267
9 737
2 213
4 136
3 898
8 657
2 77
411 209
2 445
3 149
4 132
9 131
2 972
2 613
1 898
5 971
7 864
8 77
5 968
881 110
1 457
5 962
4 919
5 13
5 357
472 353
1 711
8 386
659 90
9 267
7 110
9 24
721 338
3 826
6 374
3 470
908 247
9 502
4 529
1 291
9 468
5 271
4 868
4 200
4 680
9 61
7 56
9 626
9 751
3 973
2 60
9 485
2 913
3 428
2 953
5 947
7 920
4 234
966 642
9 265
9 257
9 355
1 321
5 585
1 529
9 551
2 839
4 51
6 989
5 428
9 149
4 480
9 25
3 325
6 882
6 892
5 852
3 444
7 330
6 359
1 324
1 574
8 398
2 128
3 442
5 351
2 266
2 893
2 123
6 981
8 772
4 968
9 27
3 767
4 428
1 91
2 567
7 390
8 178
3 493
7 950
1 648
6 737
6 664
8 637
6 939
4 727
9 586
3 943
8 442
9 130
4 783
4 57
1 634
457 303
6 404
2 865
657 452
9 247
6 703
7 960
7 635
2 714
3 395
2 753
9 426
7 582
9 699
1 363
7 487
936 112
3 500
7 23
9 226
4 565
4 772
8 718
5 639
6 556
5 288
7 291
2 853
6 891
1 582
1 445
393 147
9 536
2 821
1 697
7 870
5 699
6 307
8 397
8 499
6 514
4 556
5 605
6 717
8 220
6 347
4 824
237 128
6 602
2 473
5 935
3 287
5 422
1 308
2 105
7 527
7 798
9 196
3 345
1 330
5 49
5 173
5 108
2 962
9 665
731 495
7 346
2 978
1 679
265 247
6 441
3 564
2 914
9 577
5 922
8 769
9 298
2 888
9 268
660 211
2 579
9 389
3 366
1 72
690 510
2 910
7 91
8 258
1 821
2 356
8 650
9 585
1 356
2 726
6 743
1 694
5 587
4 621
1 664
8 255
8 561
8 950
9 63
4 457
8 31
2 501
3 642
6 680
60 25
4 730
5 444
4 633
9 104
4 864
1 481
5 855
5 951
5 956
5 234
7 562
9 444
3 671
3 359
7 849
2 238
4 184
9 241
1 69
7 578
915 356
3 153
288 58
1 73
5 105
4 866
8 122
2 78
372 35
1 986
866 339
967 707
5 343
2 222
1 419
7 768
9 647
4 536
8 38
1 600
4 33
1 255
7 236
2 154
4 766
6 150
2 819
4 692
5 793
8 66
6 670
8 527
602 332
4 839
7 187
8 655
5 84
7 914
74 67
8 691
5 549
6 739
9 581
8 431
5 8
5 124
626 22
3 327
2 640
1 611
901 160
906 318
4 895
7 71
2 183
9 306
2 969
3 830
3 12
571 97
7 111
9 461
1 316
3 111
3 659
6 124
1 888
1 270
9 386
8 480
9 678
1 843
6 377
5 256
2 351
8 175
388 121
5 897
3 683
3 340
4 306
4 690
3 910
3 927
7 861
7 362
2 957
8 712
7 418
1 509
7 442
4 599
447 64
586 428
1 758
275 147
1 773
8 58
1 228
2 47
7 76
7 374
3 866
2 304
1 885
756 3
6 706
7 783
7 620
6 689
8 333
3 956
8 542
3 787
3 694
9 96
6 804
1 355
3 217
5 196
6 266
9 700
2 464
7 316
2 727
8 956
5 607
8 407
4 645
9 179
903 747
9 648
4 661
7 238
4 441
114 63
465 74
3 236
2 842
5 106
5 913
8 354
5 896
6 674
2 940
5 141
1 550
1 753
255 200
7 660
4 923
4 677
6 884
9 29
8 680
205 111
6 222
8 619
9 40
1 886
9 354
3 483
7 218
7 70
6 27
1 732
4 943
1 280
2 568
8 775
5 905
9 303
5 7
5 369
5 290
4 794
7 24
1 486
3 717
7 408
6 679
9 589
2 20
2 547
738 19
8 990
4 412
6 244
8 818
691 185
8 529
3 2
7 107
5 790
1 839
9 36
7 305
3 183
7 441
5 384
3 621
9 39
2 947
4 38
5 780
5 849
7 956
2 742
2 566
503 203
5 620
5 158
6 337
1 209
2 100
8 535
6 938
1 761
6 84
2 513
9 184
4 425
4 108
7 860
9 438
6 105
2 650
679 174
3 672
3 479
7 20
4 414
7 808
7 210
3 775
9 300
2 808
5 320
175 11
4 201
634 142
281 76
5 311
3 729
1 836
4 469
3 760
2 898
2 457
3 955
2 560
7 857
2 301
2 746
7 131
9 22
5 642
138 27
2 421
3 161
1 159
3 381
7 518
9 704
812 606
5 973
1 247
8 616
994 467
5 754
2 281
1 472
9 651
9 127
3 996
1 737
5 364
4 53
9 646
2 311
8 505
4 668
7 532
6 571
1 563
3 386
376 30
7 994
2 339
7 984
5 119
4 840
1 197
9 227
2 465
2 706
9 529
6 13
8 603
2 342
1 426
6 319
2 777
3 620
2 518
4 24
5 713
6 271
8 385
7 568
7 373
4 799
6 707
5 308
8 992
186 137
7 856
4 217
221 183
9 726
1 391
4 683
2 419
4 222
7 270
3 961
2 631
3 189
5 330
3 304
7 312
5 763
3 121
4 2
1 104
5 491
3 701
9 158
7 612
950 66
2 774
4 844
5 622
1 37
139 55
8 531
8 443
7 439
9 569
6 285
8 834
531 504
2 17
7 355
2 200
617 500
8 678
8 730
1 372
2 973
191 87
6 581
8 893
6 390
7 581
1 158
7 638
4 374
7 423
6 200
7 64
4 23
3 269
2 747
1 196
8 323
3 905
5 391
1 14
1 9
7 158
5 137
4 395
5 511
6 232
2 768
3 53
5 841
6 338
7 722
5 356
1 947
1 954
8 590
2 55
7 349
869 864
4 953
2 309
9 428
9 319
5 745
1 702
3 281
4 476
2 467
5 783
8 816
1 670
6 792
8 495
3 417
3 218
8 962
3 837
4 281
6 49
8 967
4 324
4 179
8 300
9 742
5 203
3 471
9 746
1 438
4 346
8 725
6 558
379 3
66 61
9 645
1 923
5 505
3 180
1 74
8 361
9 782
1 787
9 20
5 409
3 591
2 582
6 662
6 590
1 508
782 253
6 293
8 489
8 7
4 427
9 160
6 50
725 613
2 677
5 328
5 63
1 848
9 295
8 572
4 567
437 89
3 590
6 837
6 451
3 271
7 765
2 625
409 26
9 183
7 664
5 833
755 325
8 60
4 695
9 449
4 21
6 748
6 40
8 210
7 782
4 361
1 151
2 262
2 8
7 905
6 567
2 166
6 637
8 556
5 625
9 263
8 452
9 286
4 851
7 63
9 563
4 301
5 75
8 684
35 12
1 335
5 866
6 795
3 732
3 414
7 674
4 182
1 117
4 99
4 863
5 539
6 659
4 693
6 893
2 761
1 863
674 59
9 230
7 544
7 11
9 302
7 38
4 634
6 327
4 218
7 308
715 344
2 196
2 431
969 792
3 222
5 646
6 868
6 508
7 447
6 380
3 455
2 180
6 977
1 672
8 878
1 307
3 749
4 39
4 504
4 788
9 35
494 254
1 556
8 550
6 465
4 954
1 424
5 598
884 109
3 445
5 705
4 342
870 84
1 647
1 213
3 882
6 909
599 181
5 638
6 636
8 259
1 317
8 737
770 54
2 489
4 640
4 67
5 406
4 846
9 422
7 897
6 564
1 956
1 614
3 835
6 95
8 844
6 406
6 987
9 250
2 643
9 345
2 433
5 602
1 779
4 138
8 299
3 769
8 191
5 434
2 554
458 392
8 142
1 987
5 398
9 336
2 491
1 871
7 75
6 996
2 592
8 881
9 317
4 198
7 671
1 220
6 460
2 884
8 617
3 655
6 42
6 826
2 505
7 161
8 771
8 555
6 678
8 526
7 823
2 938
5 551
4 623
3 932
1 951
4 384
1 397
5 707
3 523
7 968
8 199
3 977
8 136
2 46
3 486
7 103
6 48
4 269
3 612
2 630
6 694
1 293
8 641
3 496
6 2
1 459
5 275
3 528
4 260
4 893
7 304
1 498
6 840
2 594
7 563
8 963
7 750
4 663
2 391
7 848
4 426
9 140
3 834
7 463
8 741
8 194
3 666
673 598
8 537
589 455
4 740
4 498
6 329
2 334
1 866
1 757
2 81
6 658
1 165
9 288
4 822
3 603
2 880
9 565
6 137
582 104
148 147
5 176
2 693
6 292
8 528
463 423
877 395
7 514
5 643
5 200
2 649
4 295
6 974
8 896
443 315
4 129
8 640
6 948
320 245
1 594
4 503
1 118
1 531
7 406
4 352
8 789
9 71
6 128
8 290
1 443
8 479
7 796
5 30
1 251
1 430
5 785
1 763
3 394
2 894
9 55
1 142
3 613
1 665
9 774
7 947
7 468
9 326
4 449
9 720
4 294
7 939
1 205
7 599
9 725
3 91
7 964
587 213
9 692
8 756
2 437
3 606
524 104
9 682
9 736
6 716
7 806
3 289
7 302
7 746
6 506
8 469
867 430
6 474
9 497
2 837
8 32
92 87
9 31
8 213
2 168
796 173
1 416
2 292
1 483
7 140
2 195
2 316
7 601
5 760
5 756
1 268
6 578
7 762
2 783
9 713
532 402
7 888
8 728
5 244
167 109
8 214
1 895
7 645
9 72
1 728
2 919
1 937
4 545
4 938
4 14
4 230
5 704
2 967
9 376
9 452
5 519
8 622
4 311
1 133
6 933
3 656
3 657
4 673
5 385
9 772
6 262
1 717
3 122
8 37
396 224
5 447
7 935
7 769
2 478
1 640
1 283
5 685
5 530
7 502
2 219
2 267
4 662
1 138
786 75
6 555
8 573
6 979
7 819
6 493
6 450
1 587
2 471
2 92
6 741
4 578
510 35
8 853
4 770
7 773
1 353
4 908
3 318
6 858
7 667
7 288
4 231
378 137
1 477
8 681
9 108
3 237
7 760
8 742
9 591
8 94
7 658
9 719
3 939
7 141
1 295
6 146
3 858
7 214
4 764
3 871
1 29
9 367
502 363
3 310
7 703
7 941
2 941
1 913
8 312
5 430
9 477
7 248
1 838
2 673
8 203
3 918
5 630
8 983
4 43
730 503
3 54
7 57
477 292
3 184
2 150
8 70
5 689
4 612
1 857
8 858
7 877
9 654
5 715
8 321
4 478
8 563
1 129
131 56
8 632
2 963
13 7
5 150
64 39
6 198
1 635
6 894
7 952
2 504
9 434
6 885
5 258
3 903
9 760
3 570
5 693
6 430
3 663
1 959
4 540
8 582
4 888
6 729
1 715
471 136
4 613
3 602
6 666
9 537
8 500
3 664
614 543
7 926
6 119
3 75
1 775
985 952
2 133
6 94
3 415
3 242
4 637
4 70
2 14
2 822
7 647
4 178
6 760
7 719
1 896
9 338
8 743
1 382
407 404
1 62
4 506
4 656
6 747
655 134
7 913
8 338
9 556
8 282
9 545
137 76
8 472
1 101
9 155
3 314
468 314
7 454
1 931
5 388
2 675
8 628
4 232
5 624
7 739
716 515
8 552
4 724
2 93
4 933
3 520
2 864
7 430
522 202
7 275
5 586
1 51
6 472
7 143
2 806
5 960
5 123
3 904
5 796
3 319
932 143
8 802
3 593
2 359
9 115
3 688
8 903
7 351
3 776
4 432
3 693
700 565
2 179
7 429
481 303
9 107
4 162
9 169
4 861
562 468
3 407
8 155
637 476
263 231
7 842
4 849
9 352
9 112
6 668
1 89
7 725
2 533
8 700
9 595
1 837
8 293
2 416
7 456
7 464
2 823
859 477
1 617
8 166
6 499
2 76
5 372
7 49
6 65
4 553
4 142
2 409
4 619
7 495
8 251
3 746
8 288
9 78
1 399
8 150
5 222
9 74
7 756
3 279
619 195
1 830
8 846
4 375
9 451
4 271
4 798
7 280
9 513
7 851
2 896
8 184
640 578
8 403
3 92
1 306
3 706
1 435
6 322
2 199
2 298
6 738
78 72
3 22
5 27
2 770
4 148
8 901
2 51
988 117
2 851
2 572
6 943
4 475
4 595
4 542
8 760
3 453
405 306
8 675
4 454
9 532
7 743
2 175
6 859
6 577
6 726
124 105
4 507
2 396
3 651
8 553
6 519
5 772
7 449
3 823
228 90
5 427
2 665
285 168
6 580
8 724
8 721
1 191
5 468
2 885
9 378
8 596
4 65
5 938
387 144
5 390
6 616
2 502
4 815
5 225
9 197
4 79
7 827
1 45
1 916
5 808
7 113
9 613
3 926
6 439
879 198
9 770
8 265
7 910
208 170
3 825
5 863
6 134
7 619
2 790
7 160
3 431
7 985
529 400
2 214
2 697
142 76
2 101
750 511
4 1
3 79
9 687
9 639
1 347
7 753
8 305
5 206
6 517
8 840
2 233
232 27
8 765
9 254
4 488
1 962
1 841
4 383
7 731
4 524
5 9
8 857
9 307
6 31
5 953
2 205
6 593
6 844
8 310
7 433
7 720
3 485
5 893
5 462
3 812
5 559
4 387
3 676
1 193
4 290
8 351
9 213
8 51
9 325
6 652
5 303
5 627
1 100
780 547
6 853
2 982
3 285
4 768
872 652
2 70
4 754
6 916
5 423
6 59
8 973
4 325
9 710
7 421
3 117
6 910
5 279
90 6
2 616
2 122
3 521
5 415
8 714
2 274
6 864
5 3
683 532
6 249
4 177
9 387
4 805
668 574
7 575
5 729
3 589
6 869
4 310
9 433
5 522
3 156
8 586
8 173
5 674
4 241
6 727
6 866
3 299
8 436
3 425
2 874
9 549
2 137
9 443
1 749
200 15
3 762
4 658
6 444
4 394
343 172
2 545
7 730
6 805
627 60
7 564
5 714
475 244
8 350
8 547
1 497
5 870
5 118
7 809
1 412
7 52
6 759
9 748
8 164
663 494
575 568
7 319
2 541
7 253
6 980
421 95
3 73
3 231
8 870
8 704
5 621
7 621
6 634
9 101
7 902
6 847
3 224
6 17
2 215
8 613
1 223
7 411
5 701
6 97
7 116
1 279
6 966
1 659
4 711
2 578
3 752
9 132
7 4
5 76
5 668
5 737
4 747
3 405
4 811
4 253
8 433
5 466
662 23
1 357
714 269
6 20
1 300
9 121
6 204
4 636
898 563
4 951
6 902
2 404
3 861
9 125
3 144
6 620
6 610
7 788
4 362
3 195
404 166
4 71
129 27
7 821
8 907
8 601
9 597
6 878
3 61
1 77
2 272
7 721
1 905
9 621
3 558
7 891
2 466
3 490
1 560
2 344
6 562
69 64
5 112
7 363
4 101
7 781
6 325
1 692
5 263
3 244
3 187
6 421
7 822
5 857
9 85
9 790
5 677
4 275
6 906
4 117
9 642
9 282
6 710
7 709
9 592
2 661
6 781
6 644
2 729
1 61
5 321
4 931
539 158
1 211
8 471
8 243
5 269
9 334
3 643
3 250
1 322
9 403
395 82
31 4
1 96
6 958
777 240
4 477
7 586
2 944
1 812
3 511
3 200
6 205
4 723
5 669
1 768
8 584
3 598
5 164
4 710
9 163
334 107
7 425
4 380
5 212
6 139
8 645
1 231
918 177
165 99
2 336
8 747
5 300
1 30
1 877
7 21
7 640
1 549
5 240
6 197
3 119
5 270
942 259
4 313
7 409
7 840
7 473
9 137
5 690
3 113
1 729
6 638
1 752
1 637
9 759
5 276
943 637
6 758
7 279
9 87
9 524
2 134
5 396
6 968
1 304
6 809
9 523
3 60
2 226
6 532
6 569
3 772
3 805
4 439
8 445
3 221
6 865
981 135
2 224
6 838
5 774
6 280
8 183
9 643
7 678
2 234
3 205
2 585
9 764
4 874
8 567
1 742
4 753
8 143
7 615
2 68
2 338
430 378
9 508
2 561
7 876
855 705
9 309
8 667
279 218
9 176
5 513
6 775
960 128
4 708
7 887
1 882
6 813
173 159
7 814
3 851
5 77
7 173
4 400
3 348
5 219
398 360
2 350
9 10
6 310
6 700
7 525
3 597
9 552
4 523
2 539
980 326
639 385
1 726
5 35
2 749
1 706
2 59
8 921
3 416
638 107
5 421
9 206
1 82
4 869
8 536
3 101
7 165
52 25
7 852
3 911
9 165
3 516
4 831
1 350
978 634
5 996
2 899
4 533
9 757
1 487
6 975
2 840
8 702
6 102
6 202
3 380
3 136
145 68
4 363
2 239
7 13
1 801
1 65
3 186
8 780
2 993
7 732
4 970
7 115
5 264
5 873
8 130
5 31
7 18
8 96
3 1
3 123
9 696
3 296
1 856
1 434
5 214
8 493
2 441
937 248
3 878
8 21
525 79
8 276
4 35
6 93
5 327
1 501
8 360
1 593
5 37
1 90
1 431
2 512
1 845
3 7
8 212
164 49
9 192
1 806
247 206
2 454
8 105
6 446
5 217
5 172
8 115
5 958
243 88
6 799
4 272
5 944
6 612
3 900
345 95
3 965
392 258
6 47
8 79
4 949
1 386
2 672
8 239
7 516
44 24
5 139
5 632
2 797
2 28
8 39
8 949
1 167
1 4
1 44
6 907
1 825
975 70
6 178
5 970
3 290
7 648
5 514
2 329
4 314
1 794
4 932
5 575
7 395
1 537
5 241
4 937
580 116
9 42
7 793
8 187
9 34
8 604
3 338
7 401
4 852
9 194
5 667
7 786
9 143
3 743
2 599
9 423
8 715
2 522
431 430
7 898
4 445
2 735
3 934
7 684
9 769
9 733
5 255
810 143
631 615
51 15
2 249
5 858
3 178
229 24
9 709
7 400
1 766
7 528
295 94
7 716
824 793
5 239
8 865
6 791
7 268
5 916
1 243
6 802
9 223
451 54
7 470
2 591
4 775
7 613
5 868
6 382
1 174
1 547
8 27
3 658
2 315
2 167
8 835
8 18
1 417
3 465
2 420
909 293
1 10
2 472
6 255
2 605
2 35
4 131
9 219
2 27
8 624
8 587
3 371
8 152
4 546
8 402
9 747
5 469
1 901
6 702
5 748
2 146
3 313
778 18
4 22
5 432
693 575
3 216
499 379
3 962
5 452
8 875
5 186
2 989
8 591
4 144
8 734
8 204
799 722
8 356
1 34
1 712
5 720
9 596
8 510
1 976
890 449
6 67
7 139
6 60
7 428
7 655
5 832
6 88
4 341
521 122
258 180
1 99
4 686
8 876
1 855
8 219
2 414
7 182
4 629
6 841
4 685
3 645
896 856
6 456
8 784
5 253
8 423
4 170
7 328
6 701
1 119
8 850
5 245
6 314
2 157
4 259
2 83
2 740
3 266
9 59
110 104
3 897
740 422
2 368
5 40
9 616
4 865
9 23
1 111
159 63
7 34
3 850
9 97
3 315
2 149
3 355
6 130
7 503
9 103
1 933
2 220
9 281
8 738
5 92
1 750
8 504
6 991
6 365
109 99
9 11
1 804
434 330
9 459
7 696
9 170
1 581
3 357
9 625
6 588
5 287
5 636
6 226
7 186
8 4
8 610
1 820
7 380
4 240
1 106
3 567
6 565
2 488
6 988
5 424
117 30
6 132
1 305
7 211
4 75
695 58
2 463
5 116
87 39
2 320
7 152
8 417
5 69
4 797
8 364
6 495
5 786
6 129
7 995
4 16
8 1
4 274
9 391
8 247
162 90
2 69
1 822
3 462
8 48
9 650
616 447
7 825
1 161
4 419
2 739
2 104
5 919
4 624
7 969
8 669
168 88
8 803
7 289
2 817
7 420
5 526
3 682
9 312
9 62
8 551
1 926
6 335
5 464
4 806
4 244
2 825
7 779
2 662
3 192
1 598
3 984
8 909
7 520
8 786
720 483
1 716
1 523
36 26
4 227
2 80
8 101
8 672
5 265
3 400
6 449
2 960
6 58
4 834
3 350
3 909
6 685
2 872
9 12
4 158
2 299
8 913
4 674
3 282
8 129
1 705
745 178
7 138
9 681
5 711
8 804
3 406
2 306
5 554
3 969
5 966
2 444
6 705
8 859
5 641
7 437
8 26
9 510
1 872
4 330
4 731
4 699
6 622
3 497
9 684
6 328
1 853
6 482
3 734
707 381
8 16
3 865
1 684
5 366
4 167
2 228
3 670
8 856
6 990
356 330
4 147
2 780
1 42
4 210
3 640
1 602
7 770
8 661
3 765
2 935
4 804
8 268
737 717
1 185
5 440
2 147
6 950
9 458
7 733
1 407
3 323
8 634
8 938
4 547
435 388
8 341
8 812
6 320
4 344
8 975
798 102
4 652
3 81
5 533
3 418
4 952
7 530
4 420
6 452
8 33
3 13
8 451
1 265
4 700
8 266
628 280
3 653
6 461
5 140
2 64
4 978
8 890
8 791
7 407
3 797
7 132
566 460
4 100
8 524
3 545
1 851
5 438
7 618
3 600
844 695
8 303
1 930
3 994
8 924
1 178
4 671
2 765
2 559
6 940
9 505
9 357
7 946
8 642
3 240
7 736
7 755
113 86
2 67
5 325
5 894
5 465
5 882
6 409
604 449
4 774
9 777
9 277
4 520
4 725
4 291
1 928
7 150
3 687
3 66
1 170
5 678
3 280
374 130
7 485
7 971
4 705
8 874
7 368
3 292
8 389
2 920
6 289
5 189
2 986
8 383
4 892
7 679
2 349
1 940
5 954
1 3
7 125
670 87
410 81
6 639
3 456
3 11
7 948
2 644
2 259
8 558
9 26
2 312
6 190
8 461
2 875
4 872
4 676
1 655
2 231
1 393
1 520
3 199
9 189
5 352
423 419
5 567
3 652
5 360
8 594
3 262
680 26
6 548
849 517
9 518
7 256
5 995
1 427
3 853
3 667
9 400
5 972
2 595
3 581
8 384
5 194
8 664
1 666
963 110
1 292
7 293
878 277
2 268
4 944
1 735
2 846
4 719
8 334
9 712
568 1
302 238
7 251
5 911
8 739
5 781
1 395
4 644
1 234
5 556
3 410
676 158
2 983
9 205
300 112
381 9
8 726
1 414
7 987
6 815
6 253
7 338
7 962
3 159
5 997
6 985
366 99
7 301
5 851
4 994
9 370
826 62
1 368
3 374
4 959
7 102
681 192
5 337
9 371
2 127
3 404
1 272
7 35
5 581
8 955
6 407
8 506
7 604
8 3
9 349
7 610
3 40
2 813
6 852
1 331
3 696
814 477
1 631
8 93
5 930
9 385
5 791
4 980
2 646
6 148
9 92
819 487
5 188
368 311
5 723
1 980
213 64
8 588
420 50
9 93
6 641
2 738
4 572
3 171
5 976
833 779
4 899
530 349
6 379
534 377
3 346
226 28
7 526
161 152
6 37
7 942
1 918
2 852
8 770
313 93
3 856
2 435
873 162
5 982
6 378
839 368
5 296
5 342
7 46
9 627
8 902
8 679
4 479
7 866
9 182
1 725
4 782
7 33
2 891
8 898
7 688
3 93
5 542
4 499
3 800
2 741
8 81
8 453
899 289
6 19
3 674
157 60
3 44
4 848
6 857
1 675
606 404
8 823
1 420
7 533
9 622
2 318
5 762
5 135
9 727
3 354
9 437
6 887
5 797
6 796
7 661
4 246
7 435
2 400
1 791
3 253
6 64
688 619
5 802
7 174
7 476
4 239
527 228
2 834
8 56
3 106
1 346
3 952
4 373
2 394
1 831
5 830
5 26
2 436
1 222
2 716
6 749
3 389
7 937
5 879
1 225
9 157
8 133
8 63
2 324
4 284
3 936
8 297
2 328
5 204
6 78
1 447
4 717
9 16
1 348
629 259
3 993
2 503
9 490
7 763
5 904
3 524
5 584
4 107
5 767
1 865
5 597
5 371
5 209
3 808
316 119
7 403
9 214
2 883
9 783
6 256
9 343
2 728
1 638
1 858
6 114
9 401
3 636
7 202
5 694
8 20
551 288
2 515
1 325
3 162
711 102
9 694
3 67
6 831
7 548
4 381
8 595
4 901
8 796
6 236
3 669
5 335
8 635
4 653
6 34
2 25
9 669
1 796
4 390
3 875
5 546
8 62
5 252
9 382
6 629
2 798
4 120
4 667
9 346
2 97
1 524
6 971
8 156
355 351
2 668
41 31
9 721
1 351
4 462
77 66
9 767
6 529
7 314
3 133
9 455
3 783
6 351
5 725
1 880
4 780
2 212
3 24
1 900
4 256
5 486
8 997
4 10
8 357
2 794
984 453
2 689
5 768
8 149
5 19
6 265
207 60
7 904
5 64
6 545
4 486
8 226
3 31
6 274
2 172
2 135
6 167
4 471
3 660
4 50
2 453
5 606
1 777
2 297
5 268
2 422
30 22
1 704
188 60
8 40
2 230
1 802
9 673
3 336
8 764
613 339
3 198
8 658
4 630
5 454
3 515
2 866
8 249
5 379
3 813
4 437
6 106
11 7
5 227
8 849
8 100
9 173
6 560
6 492
1 303
7 997
240 80
3 342
7 342
8 344
8 592
3 782
6 89
1 568
7 954
6 85
7 940
4 49
1 277
1 827
4 915
1 816
2 570
3 566
6 350
4 265
6 194
7 424
6 234
1 144
6 166
1 544
8 418
4 159
3 47
5 242
4 898
8 330
6 118
1 783
310 140
8 314
5 28
4 867
2 248
2 481
549 382
2 521
2 516
3 849
1 952
2 372
5 931
7 744
8 487
9 798
4 850
9 723
827 562
4 737
6 428
8 393
8 365
1 369
1 396
6 405
2 251
8 456
3 744
4 559
7 51
4 11
805 285
332 12
8 985
2 758
6 315
8 366
4 72
2 112
115 13
593 201
5 810
2 5
1 936
1 85
5 17
7 241
5 890
9 323
7 513
4 913
4 249
2 639
1 266
201 46
8 237
7 234
7 230
5 198
8 188
6 8
250 119
8 110
4 191
1 139
5 807
7 405
1 432
176 150
150 75
4 689
7 690
2 475
5 969
9 750
5 764
1 236
37 27
8 30
6 126
5 306
6 896
4 196
3 525
3 89
9 730
4 28
1 578
7 385
1 264
944 780
9 185
4 27
3 454
3 333
2 13
3 810
2 519
6 961
488 18
6 284
6 728
816 529
9 446
6 818
4 527
5 443
3 831
2 424
3 103
9 66
4 657
8 534
5 437
3 779
6 156
2 461
4 946
5 41
6 675
5 394
1 454
5 298
3 578
8 85
2 9
3 646
6 355
6 165
2 581
7 348
6 780
8 256
7 607
9 683
5 816
5 758
8 95
4 715
2 57
1 978
1 496
8 438
7 965
9 463
2 623
5 680
3 332
9 321
3 629
1 184
8 413
1 590
5 286
766 15
163 146
9 628
1 687
4 193
2 869
6 676
4 323
1 198
597 426
2 72
7 903
1 204
9 656
2 855
9 791
5 618
4 638
5 313
5 921
4 755
768 695
3 352
1 685
9 672
3 260
6 425
6 654
5 755
4 960
7 306
4 519
3 895
8 615
7 873
9 419
930 154
1 474
6 736
6 74
9 546
795 367
2 321
8 224
6 713
9 637
7 461
9 253
7 797
3 362
6 914
3 584
3 699
7 440
2 418
8 28
4 688
8 607
8 157
3 125
351 346
5 927
4 431
3 64
7 592
5 334
6 82
9 188
91 26
7 501
5 56
5 538
1 968
7 776
3 268
1 88
3 777
236 126
317 72
8 864
1 957
6 10
4 920
4 773
3 989
2 997
3 461
6 746
648 60
2 530
3 226
6 294
1 530
5 143
8 593
5 878
5 900
4 564
4 666
573 525
3 553
4 596
1 939
459 264
1 263
2 189
8 701
6 672
6 579
3 68
4 576
9 270
8 981
1 746
4 329
4 417
6 251
1 66
9 394
7 639
2 208
4 15
6 617
2 455
8 930
8 414
7 309
8 392
564 557
7 761
5 649
5 66
305 57
9 287
7 219
5 392
3 286
809 698
2 40
6 111
3 781
7 192
1 575
6 952
3 944
8 515
5 277
5 404
5 162
8 124
924 538
1 852
4 286
8 927
9 573
9 635
6 384
7 512
1 381
127 58
7 153
6 112
7 10
413 382
20 11
5 766
324 196
1 942
7 212
9 94
6 625
6 786
1 146
7 517
6 883
5 531
4 473
8 934
3 139
306 117
5 914
5 295
1 583
2 534
2 413
8 819
195 170
6 730
3 298
1 94
9 220
7 543
4 751
8 401
5 230
9 77
211 210
8 14
1 26
9 560
4 279
7 264
4 967
5 906
7 686
4 436
2 619
1 217
5 726
6 418
8 347
979 407
708 334
3 764
7 927
8 787
8 279
6 171
9 440
4 912
6 550
4 585
2 397
1 249
1 512
3 978
2 151
7 383
7 60
3 708
4 516
3 685
1 123
438 204
367 196
2 928
5 806
5 231
9 516
16 15
5 42
450 150
1 453
3 48
2 254
8 172
4 364
2 556
927 754
154 127
1 224
5 881
923 542
297 86
2 702
2 430
492 198
7 382
2 991
147 8
1 709
5 16
5 247
6 530
3 28
1 16
3 846
9 7
2 759
7 531
3 219
5 348
6 410
1 411
4 618
6 704
1 829
206 42
2 36
513 202
2 977
8 113
7 149
636 151
1 762
1 834
2 791
5 323
9 561
3 52
8 373
2 506
6 195
6 917
5 117
5 842
921 3
953 285
3 711
3 795
5 23
4 354
3 586
5 417
8 485
6 516
6 75
739 561
3 476
5 479
7 124
2 379
752 3
2 830
632 582
9 102
9 785
1 815
9 498
4 643
2 792
2 61
4 481
1 216
7 199
7 148
7 311
5 170
108 40
977 564
2 584
4 720
7 258
1 6
6 291
3 46
2 811
913 283
9 83
8 217
9 350
6 442
9 521
4 610
6 25
1 765
1 232
8 348
718 343
1 364
1 740
8 609
1 192
7 67
4 746
2 829
4 873
1 604
1 145
2 12
3 874
5 72
8 625
4 180
436 54
4 403
1 406
4 570
3 375
671 49
6 281
107 45
1 548
2 922
6 801
8 690
8 135
6 344
8 240
7 180
5 529
2 736
4 413
5 472
2 850
1 751
4 243
3 176
6 145
1 624
7 747
9 266
5 565
3 246
4 434
5 614
9 531
7 573
6 479
2 509
5 593
3 147
9 797
8 696
3 508
4 225
1 136
2 411
2 787
4 777
3 928
5 771
4 538
4 817
9 618
8 608
1 450
6 642
7 123
2 470
3 542
4 87
8 181
8 946
5 202
1 903
1 110
3 220
9 718
3 4
592 591
8 977
1 463
1 981
1 911
5 562
1 860
5 937
644 427
9 480
6 290
3 847
4 114
8 118
7 317
4 393
5 33
6 155
8 729
8 202
7 871
2 901
1 542
1 67
8 301
3 370
9 332
7 988
365 156
4 600
1 162
5 83
3 665
5 744
5 654
6 947
7 923
1 449
106 63
6 311
7 43
5 70
130 4
4 335
5 613
514 185
4 825
8 399
7 387
3 552
508 361
7 975
7 839
6 434
9 530
2 289
5 349
7 534
8 221
6 24
6 218
9 690
7 341
2 612
1 458
9 301
5 399
5 732
5 948
9 153
3 213
8 810
5 387
5 435
3 689
574 22
8 648
8 920
2 108
6 586
7 672
2 285
7 145
6 43
2 185
1 605
570 352
9 744
7 397
7 166
4 603
6 609
2 520
651 29
3 74
4 402
7 803
6 833
8 976
9 344
375 248
4 386
6 725
1 49
8 186
9 395
1 180
1 189
6 142
4 278
227 167
938 396
4 941
6 135
5 147
8 446
7 249
3 579
2 965
1 113
9 120
1 78
6 930
5 61
3 686
5 978
8 939
9 631
6 511
7 185
8 514
8 652
2 996
8 778
9 248
9 571
7 332
8 195
8 421
6 524
6 372
9 425
6 108
6 485
8 197
5 478
2 531
2 474
6 905
3 975
6 432
6 246
3 702
1 610
5 309
6 388
2 525
1 227
806 581
7 321
2 114
2 564
2 447
1 160
9 351
6 684
5 749
5 580
9 208
3 735
5 171
2 479
705 30
3 351
2 745
5 706
5 363
6 761
6 559
7 538
6 549
7 366
4 211
3 576
2 848
3 276
8 761
5 314
7 39
7 206
7 466
6 44
5 939
6 306
1 733
2 362
1 169
1 653
1 269
6 318
8 968
8 488
9 162
6 352
485 210
2 119
3 322
4 389
3 535
4 534
952 661
3 949
3 277
1 446
5 986
9 584
6 172
3 330
2 694
7 930
7 718
4 707
965 958
4 587
4 236
7 624
8 966
2 148
4 349
3 5
563 317
8 76
5 208
9 501
5 144
7 223
6 185
166 86
911 34
8 84
6 259
818 816
6 611
2 540
8 387
6 745
2 703
9 48
4 347
8 583
709 189
6 170
7 862
3 562
5 566
9 65
4 763
1 181
9 232
467 208
4 718
6 836
8 686
7 505
1 642
3 230
1 403
3 256
2 246
971 379
5 543
6 73
8 695
3 148
1 238
8 564
1 448
2 117
8 972
6 595
1 53
3 901
1 476
490 255
821 408
6 845
6 983
5 657
5 590
2 971
8 208
2 355
6 491
1 690
4 955
2 611
9 89
8 767
3 862
6 368
8 481
8 294
5 825
1 362
719 191
6 260
318 72
7 246
1 5
3 661
4 110
5 795
9 377
5 910
6 22
4 560
9 364
9 602
1 734
4 521
3 604
7 576
6 395
2 275
8 732
3 715
1 907
5 871
9 729
6 391
8 817
8 176
94 31
1 259
2 217
4 551
9 324
7 828
946 540
713 59
1 64
2 992
7 881
6 973
4 444
9 421
7 157
3 959
9 283
840 516
5 611
868 150
8 87
1 156
6 698
5 128
7 934
4 447
2 293
7 271
2 752
8 897
5 210
5 408
1 772
6 599
4 606
2 633
4 771
9 353
1 639
1 985
5 520
7 326
788 714
234 210
4 199
7 519
9 98
8 319
8 860
7 650
24 17
9 587
6 949
4 492
972 646
1 244
4 268
7 785
8 988
6 162
9 251
4 446
9 335
4 321
6 651
5 168
4 983
319 280
8 205
3 709
6 381
742 355
2 483
2 408
8 229
2 152
6 546
4 510
5 512
2 361
8 984
7 82
5 292
2 892
6 468
6 11
3 723
4 237
4 597
544 540
8 353
3 36
8 271
5 87
5 71
5 564
5 609
3 433
6 523
6 33
7 281
8 580
789 660
7 712
256 30
933 704
7 3
8 253
6 649
3 921
8 169
2 197
6 632
9 238
5 856
2 887
6 521
67 6
7 979
4 317
3 363
1 218
8 508
7 391
7 282
5 73
4 522
9 79
523 437
4 896
1 741
2 347
2 796
4 973
6 605
1 559
2 609
4 494
6 486
7 360
4 248
4 961
5 687
26 11
6 143
3 557
3 793
8 543
2 345
7 378
2 370
257 159
7 178
941 58
5 577
8 566
7 484
174 2
9 590
7 273
7 197
5 473
2 124
7 815
4 154
1 955
7 200
7 804
9 708
4 854
7 843
7 287
8 958
9 629
9 392
4 140
7 128
3 859
446 397
1 120
8 235
5 547
7 352
6 220
4 703
9 82
4 257
5 658
2 476
5 419
8 82
9 504
4 625
6 324
266 199
2 26
1 439
5 187
8 252
4 250
8 841
5 892
5 616
323 190
7 625
2 799
722 160
3 641
461 159
3 608
5 925
9 447
3 120
5 458
8 49
7 168
6 66
8 346
6 176
4 622
6 32
9 57
4 900
4 319
4 511
3 650
1 473
4 987
3 714
14 6
7 557
4 472
105 63
9 749
4 655
5 51
9 292
5 109
3 63
2 916
1 613
179 25
3 412
4 86
4 601
3 65
2 84
1 505
1 764
7 81
3 311
5 484
5 180
1 39
8 692
8 395
7 300
537 50
1 760
9 68
4 194
7 559
452 233
2 882
4 442
9 739
4 997
2 449
1 975
5 928
2 245
2 113
2 924
8 782
9 342
1 230
2 392
358 113
4 659
6 911
1 521
1 667
4 732
81 14
2 860
4 830
9 190
1 182
5 332
9 145
9 388
677 189
8 376
744 168
5 104
1 977
9 588
1 979
220 45
4 438
7 981
9 258
3 972
4 226
4 739
3 917
3 806
7 119
9 717
8 944
8 267
3 203
3 134
2 118
8 261
9 375
462 30
7 651
1 874
7 978
7 977
4 759
1 972
2 440
327 12
4 885
5 15
4 842
2 756
2 257
4 884
6 403
3 790
5 249
5 738
517 72
7 377
1 912
5 902
889 134
8 121
3 931
346 164
3 379
8 427
6 542
6 272
3 617
8 623
1 190
277 154
4 334
8 35
4 855
3 309
4 277
9 38
2 764
2 934
2 56
3 954
8 232
9 311
270 41
49 21
3 209
9 473
6 36
1 595
1 7
3 908
182 163
993 310
2 635
5 350
8 270
2 19
2 363
1 850
5 333
6 757
6 714
344 131
7 867
5 358
9 363
8 352
1 748
987 969
7 109
8 228
1 949
2 288
2 460
8 42
7 681
7 243
1 513
6 269
68 29
4 982
6 619
6 83
8 317
8 766
8 128
2 42
512 102
6 435
53 16
9 467
8 114
190 143
2 620
2 833
2 549
4 30
442 216
6 756
7 727
9 285
1 891
4 729
8 349
5 540
5 631
2 671
8 409
6 962
5 591
4 517
6 721
3 393
7 754
1 701
865 572
2 776
222 118
6 788
3 839
1 650
8 694
9 706
6 522
7 88
7 242
2 995
8 125
8 278
7 729
7 915
973 689
1 286
6 144
70 37
5 700
7 83
1 343
7 460
3 766
7 737
5 688
2 569
9 396
2 497
170 169
2 655
8 19
8 326
6 509
6 793
4 118
7 475
2 313
2 121
4 410
123 81
7 929
8 503
8 941
6 627
9 781
3 884
7 474
3 893
2 788
2 748
6 929
486 145
4 82
8 211
1 922
1 927
3 514
2 280
7 494
6 922
6 635
347 67
4 969
8 292
5 211
7 208
2 601
99 80
848 59
3 258
7 699
6 663
1 566
1 703
3 883
7 932
5 789
322 294
8 705
2 353
6 606
835 421
3 916
797 312
3 896
8 746
3 83
5 773
8 160
4 202
2 905
8 687
7 974
7 146
8 437
8 127
6 207
533 466
4 513
3 919
7 224
6 14
6 785
3 58
8 644
5 477
5 648
8 974
8 315
7 370
6 254
2 176
8 116
2 617
8 390
5 280
5 594
5 152
8 434
785 50
8 86
9 662
4 714
6 277
7 379
9 118
7 333
4 935
2 43
8 145
9 773
4 790
5 601
3 730
8 242
8 649
9 261
9 743
8 454
3 815
9 575
3 948
2 629
1 835
1 499
5 151
9 178
8 697
1 294
6 812
3 811
3 786
10 4
8 752
8 416
8 34
3 108
2 558
9 453
3 710
6 357
3 541
2 330
2 198
1 747
2 406
8 444
134 92
4 460
8 952
6 141
4 336
8 915
8 951
6 687
774 418
1 730
7 26
860 425
3 388
1 150
8 970
8 942
6 498
3 71
2 906
5 515
7 831
1 555
2 936
3 440
3 778
4 429
8 23
9 134
8 46
7 906
6 286
2 438
6 133
3 284
9 284
4 25
7 457
3 167
8 163
4 401
6 607
8 828
6 423
1 657
4 581
274 55
741 554
4 571
4 343
7 708
1 33
504 36
8 554
61 41
2 102
7 794
7 371
9 758
2 103
9 99
1 774
5 138
2 138
526 23
2 153
5 299
5 818
9 60
8 207
6 173
9 544
6 303
2 425
8 112
6 487
3 914
9 144
5 329
5 652
3 206
9 315
9 478
630 505
72 28
6 824
8 866
6 798
1 301
4 890
5 226
2 218
4 990
187 55
5 850
4 98
7 90
6 467
4 192
7 522
8 868
4 558
5 887
5 686
6 358
8 763
2 607
6 643
3 540
122 40
3 69
1 467
246 190
9 198
383 368
1 22
2 432
8 64
2 751
4 584
6 955
3 128
3 255
8 711
4 206
893 562
612 279
3 26
2 71
9 75
2 778
3 885
400 392
7 235
8 749
9 526
2 129
32 7
5 977
8 568
9 413
2 867
7 541
3 622
4 593
922 379
8 838
1 379
5 289
3 145
6 239
9 280
7 98
333 270
4 300
6 175
231 109
6 109
8 2
8 405
934 865
6 216
6 478
7 637
8 986
4 588
9 435
8 474
9 407
4 365
2 120
1 413
6 830
1 934
9 221
5 221
5 459
3 34
1 339
5 903
1 908
1 674
2 873
6 46
2 402
2 398
9 181
995 903
4 337
1 108
4 871
2 354
1 504
6 671
6 477
4 116
1 596
8 559
9 129
7 285
4 398
4 348
2 674
2 700
8 396
4 889
959 292
1 465
4 450
3 532
7 117
9 752
1 644
1 681
3 519
5 120
7 508
594 144
7 112
2 211
5 125
9 431
3 700
3 997
3 784
654 129
9 609
2 614
4 857
6 773
5 776
723 426
9 619
1 894
1 739
5 724
4 209
7 361
2 606
4 175
653 60
5 368
3 42
1 621
1 769
3 207
7 689
6 412
3 328
5 814
4 464
5 32
7 657
2 615
230 141
2 858
4 697
1 188
3 422
8 291
1 846
8 439
6 820
4 829
6 647
7 886
7 133
8 598
1 114
4 801
7 594
6 237
1 296
6 304
5 769
686 509
4 164
9 222
1 183
6 880
5 633
5 563
1 71
6 954
6 192
8 620
9 533
7 101
3 648
1 97
86 55
7 570
6 387
1 157
4 331
7 583
1 143
7 345
1 992
7 108
9 541
5 843
3 704
7 444
5 365
4 345
3 118
5 182
8 218
5 536
951 89
9 623
5 757
2 216
7 358
4 810
5 510
9 636
5 24
3 214
4 77
406 359
6 967
8 74
3 517
5 634
4 827
8 192
9 547
8 284
803 531
8 614
2 911
6 416
4 121
2 314
5 907
2 116
9 492
8 953
4 515
3 390
5 656
8 798
2 904
1 478
5 305
9 240
9 670
2 945
9 677
553 191
5 835
1 469
5 836
8 520
3 10
7 717
7 943
5 307
2 194
9 548
1 890
1 868
6 199
7 325
7 307
7 895
1 418
8 263
5 178
4 672
5 876
6 9
4 247
9 796
6 779
3 254
466 96
5 229
2 337
5 945
1 425
7 47
9 483
9 714
3 469
1 240
1 945
5 322
3 360
2 162
6 436
3 754
8 13
7 802
5 599
4 942
9 291
7 818
6 854
9 416
3 953
8 683
4 543
8 805
1 241
3 733
1 281
6 553
445 247
4 991
4 125
6 731
5 197
1 338
2 110
6 210
3 873
4 924
3 152
6 400
974 709
8 375
128 124
5 254
5 730
29 14
6 963
7 58
6 297
6 920
3 728
5 48
8 106
329 302
3 452
6 510
6 455
7 155
1 776
8 693
9 775
9 204
7 879
5 153
3 624
6 656
765 90
7 685
209 157
4 169
2 65
9 372
5 961
2 283
2 704
9 415
8 618
9 244
1 314
3 131
2 126
9 147
6 223
8 774
6 808
2 73
9 366
1 409
5 113
2 664
414 113
2 94
4 803
2 757
734 262
2 597
2 286
426 126
2 958
7 389
4 552
3 127
6 772
6 699
7 549
6 245
2 698
6 371
3 488
5 695
957 896
9 43
9 411
9 80
5 146
3 957
7 213
3 774
1 400
2 405
7 859
1 429
4 474
650 295
2 170
2 562
8 629
8 932
4 219
1 535
6 871
8 708
802 657
5 395
8 189
1 153
9 384
7 916
4 106
5 441
7 95
2 795
6 970
4 875
4 883
4 340
7 558
6 778
3 964
2 847
2 487
8 727
2 923
2 442
2 155
9 686
4 452
7 853
6 240
1 352
4 435
293 82
3 38
2 429
2 79
5 880
4 183
4 379
5 673
5 383
1 792
1 864
4 7
6 447
6 604
1 423
6 214
4 404
2 352
1 689
8 872
2 243
3 467
7 872
7 774
7 784
9 322
1 415
2 253
3 194
7 521
6 978
8 982
6 230
9 369
8 848
380 353
2 29
7 417
3 551
1 135
897 185
7 62
2 641
8 964
5 317
5 623
5 161
8 44
6 168
4 137
1 285
8 465
2 859
9 418
5 359
565 192
4 605
7 596
2 448
8 382
1 920
8 422
8 491
8 381
5 190
3 889
55 21
1 982
3 29
5 481
2 754
3 906
6 386
4 769
2 495
3 981
6 70
696 660
3 489
1 261
3 771
794 365
5 560
2 66
8 167
6 537
8 653
4 409
3 789
1 795
751 432
7 752
5 145
5 346
5 950
2 775
8 565
6 829
8 621
4 530
9 574
2 849
1 632
5 854
2 30
7 662
8 811
6 969
2 543
2 90
3 251
1 336
7 695
7 126
3 513
3 179
1 909
8 851
9 122
3 297
4 458
5 45
9 199
7 600
5 232
8 910
5 548
894 126
2 369
5 403
3 376
2 427
9 734
7 837
4 858
7 164
7 130
6 504
6 547
7 670
3 191
3 601
116 90
4 45
8 410
3 124
2 517
6 196
1 618
5 779
9 559
1 557
2 835
8 837
8 165
6 462
7 511
4 945
8 762
7 29
7 482
4 40
8 627
5 573
4 548
4 713
3 623
1 239
8 494
9 5
6 993
541 127
1 663
682 527
7 644
1 471
9 441
8 227
8 337
3 864
3 554
8 885
9 789
2 182
769 695
5 912
698 458
185 27
4 172
8 795
8 626
2 319
4 266
2 16
8 843
3 94
7 764
7 801
9 568
891 95
3 758
8 148
5 160
4 263
4 466
3 115
8 302
3 877
4 421
2 250
2 771
8 53
8 783
6 287
3 654
8 59
8 5
6 29
939 911
3 852
25 23
3 166
6 735
8 877
5 93
9 722
4 216
3 555
2 724
2 181
4 709
4 574
1 319
907 136
1 869
102 85
5 62
2 23
8 179
1 287
5 572
1 282
7 68
2 636
2 458
4 165
4 922
6 136
5 96
1 713
8 599
2 4
7 771
3 401
8 201
3 582
753 560
9 580
4 646
6 427
54 32
3 335
7 144
1 235
5 517
842 287
4 372
1 297
9 177
4 934
9 671
5 846
47 39
1 428
5 131
2 682
5 691
4 134
8 473
601 392
6 598
8 832
6 115
2 974
6 242
9 535
5 615
1 970
6 575
3 15
3 302
652 559
887 640
7 928
6 273
5 541
8 943
3 611
2 814
2 271
5 860
1 93
4 171
362 251
7 492
1 682
1 475
2 158
3 436
2 634
1 332
7 590
9 297
6 437
5 318
3 49
5 157
5 537
5 759
672 164
3 430
4 964
8 854
4 123
183 84
4 88
7 911
4 221
2 895
6 690
8 254
9 161
5 981
7 240
2 927
5 770
904 136
4 153
2 598
3 705
5 134
5 809
5 362
2 676
3 607
7 121
1 915
1 494
1 126
8 260
874 672
3 804
7 9
4 608
5 742
4 163
3 87
585 220
4 405
8 525
2 838
1 646
8 463
9 534
9 495
2 760
8 162
9 701
2 161
7 846
5 492
7 97
360 342
4 514
3 738
545 103
3 473
7 617
8 308
6 61
339 300
4 13
1 214
3 974
6 630
7 30
152 70
5 604
3 261
354 22
9 716
7 603
7 589
6 12
992 667
1 633
4 835
4 190
6 87
9 3
1 688
1 798
5 761
4 589
1 194
1 384
2 782
1 219
8 733
5 416
5 475
440 271
2 192
8 458
7 537
605 538
9 738
6 681
6 241
2 828
7 636
8 522
8 685
6 750
5 220
5 516
2 178
2 637
590 53
7 233
5 671
7 84
5 735
2 111
8 979
1 422
4 750
5 682
1 788
3 753
1 961
7 22
2 602
4 501
5 528
4 370
4 399
6 682
6 665
1 31
9 279
2 415
4 626
3 510
7 388
5 644
7 499
3 316
8 636
1 506
8 575
5 184
7 369
5 993
9 340
5 100
8 777
9 383
4 322
3 32
3 202
6 771
779 527
3 821
23 17
3 991
7 925
3 840
4 963
882 602
4 757
8 11
6 552
3 836
4 701
3 104
1 759
4 215
225 187
6 471
4 46
189 120
8 272
1 25
8 75
4 704
5 612
8 90
7 310
7 329
4 544
9 249
647 152
6 321
5 980
9 695
5 712
6 797
7 392
8 830
7 171
8 748
9 543
1 358
3 512
5 156
4 128
7 749
760 26
9 33
2 383
8 455
6 861
7 973
244 243
48 3
2 696
6 184
6 534
9 630
8 230
5 304
5 670
8 808
7 546
7 96
7 393
2 374
6 469
7 245
8 776
8 994
3 337
5 88
4 146
7 45
9 520
3 129
3 451
8 773
5 721
7 641
7 472
6 63
219 101
615 288
1 464
3 358
6 925
2 915
6 850
6 51
2 486
4 502
2 190
1 607
2 815
4 119
4 173
694 5
7 901
1 401
2 877
6 615
1 577
7 919
2 536
1 859
7 436
5 582
2 34
2 994
1 620
5 990
557 462
80 57
3 182
4 847
8 408
7 812
808 47
6 238
3 294
2 890
6 597
1 731
1 797
743 97
6 692
1 720
97 1
4 382
3 950
6 897
6 453
4 367
21 20
3 719
1 870
6 926
3 992
8 954
6 270
1 599
3 587
248 235
2 622
9 305
9 754
5 50
2 91
2 399
315 220
4 360
1 883
9 482
335 232
6 457
9 17
2 263
8 899
3 495
4 66
1 341
8 768
6 819
8 447
7 445
5 149
6 268
3 23
5 386
2 39
5 570
515 316
2 49
2 130
2 191
8 490
9 657
1 440
2 970
7 427
6 915
2 412
9 617
8 538
1 229
5 504
2 946
399 164
5 727
3 632
3 941
7 151
7 250
8 374
1 878
3 95
252 132
5 787
126 6
5 675
3 238
8 663
1 19
65 28
518 282
8 755
4 939
3 892
9 156
4 568
98 19
1 539
5 259
4 356
4 408
9 44
8 238
5 58
3 796
1 171
5 85
8 168
8 569
1 166
6 621
7 908
5 169
6 373
1 925
2 99
8 492
3 741
1 23
5 103
7 252
3 556
9 780
8 929
1 616
417 226
6 433
520 98
5 165
2 908
6 215
9 511
6 723
2 159
7 772
178 99
4 947
330 131
4 929
5 553
2 593
1 460
8 327
3 763
3 43
6 540
484 229
4 926
3 6
4 482
6 768
4 976
8 883
282 258
8 758
1 932
125 72
886 808
2 907
8 117
5 115
4 627
7 269
4 609
1 833
9 576
2 98
7 469
2 303
5 834
8 511
2 801
8 882
6 563
8 54
9 604
3 164
6 7
6 502
8 888
7 631
4 212
1 826
394 41
4 396
8 861
7 327
9 308
2 221
8 103
6 147
3 398
5 502
4 512
5 476
964 558
5 803
7 552
7 262
8 17
6 860
4 327
6 346
1 526
3 720
618 573
6 669
2 854
4 289
5 845
215 1
8 753
1 658
4 187
8 25
6 751
6 154
2 779
2 705
2 295
3 141
2 878
352 310
9 528
792 175
2 645
6 655
3 888
4 881
9 233
1 696
7 177
5 25
8 55
390 263
58 44
2 255
9 117
4 371
8 378
4 741
3 477
4 812
3 798
910 501
9 771
1 589
5 122
8 736
7 649
3 480
7 489
1 540
3 534
4 84
1 375
7 724
550 346
5 788
5 319
6 151
6 742
7 593
6 683
5 588
5 193
6 624
2 657
4 485
5 326
3 190
4 742
2 810
7 167
359 204
4 965
1 699
5 550
2 812
7 286
4 843
6 426
9 408
4 918
6 496
4 818
6 18
2 889
4 207
6 127
9 661
7 976
4 304
1 991
289 136
2 723
18 9
1 32
2 227
4 554
8 107
1 311
8 111
7 493
5 455
4 748
9 210
476 252
8 132
296 147
364 264
4 468
7 118
1 938
8 332
6 817
1 892
7 1
6 117
1 452
5 869
4 682
439 305
337 214
3 531
949 255
4 61
7 399
6 484
6 383
747 211
5 617
3 940
1 958
4 276
876 576
7 666
3 498
4 531
4 948
4 891
112 13
3 193
2 836
6 696
2 373
4 819
7 80
5 260
1 444
8 521
4 156
9 167
1 337
1 842
6 585
3 82
841 268
7 159
1 28
2 22
6 160
1 873
6 258
6 323
8 822
9 54
8 138
1 989
2 307
9 397
284 257
5 839
2 876
1 479
7 745
353 96
3 522
8 806
8 821
2 207
6 488
6 186
8 6
493 34
7 340
3 105
1 140
5 979
9 794
3 396
1 935
6 158
5 589
3 504
8 820
7 735
3 692
3 274
1 242
6 68
8 428
7 323
4 911
3 168
2 710
8 236
328 188
3 615
6 263
5 532
5 274
9 620
2 377
3 673
5 974
1 893
3 785
2 206
1 490
2 881
643 300
7 757
482 89
3 530
9 242
2 187
6 399
1 485
5 651
4 262
5 692
5 821
5 107
6 863
8 606
4 81
3 610
4 649
4 962
9 731
9 539
6 247
287 115
8 544
6 901
2 322
793 443
5 218
6 282
8 935
559 114
5 446
3 829
4 660
7 907
1 366
3 349
4 985
9 693
7 114
7 710
6 336
9 527
9 638
1 75
8 980
5 199
5 837
1 969
9 466
507 410
7 66
4 561
7 691
6 163
2 552
4 105
456 218
9 275
2 393
5 883
4 894
6 231
9 553
6 660
5 660
8 441
8 936
6 91
1 374
5 799
3 550
919 744
9 624
598 175
1 686
905 119
4 493
4 316
9 429
6 951
758 248
2 844
3 439
6 298
7 726
1 83
9 599
5 884
9 778
3 938
1 579
560 235
7 540
9 274
7 184
2 375
5 381
9 491
6 839
4 89
6 765
7 156
6 879
6 209
9 313
3 736
635 278
5 661
8 549
1 588
8 639
1 50
6 481
3 868
3 505
2 514
386 51
4 229
8 633
3 212
9 339
4 936
5 650
3 132
7 172
3 450
2 177
857 211
7 478
268 61
5 483
6 182
8 829
1 38
1 385
8 892
1 402
4 905
7 713
7 883
4 762
8 449
2 909
241 224
3 819
2 326
9 755
8 862
1 966
2 707
3 100
6 782
3 565
4 203
8 911
3 502
3 293
5 659
7 706
4 635
2 341
4 853
2 932
3 739
687 117
954 384
4 333
1 274
7 357
2 763
7 99
4 966
5 955
6 603
6 300
1 95
1 917
4 744
483 173
5 426
8 906
9 430
8 47
3 45
2 871
9 457
3 197
4 60
8 307
5 111
7 810
1 359
822 88
3 232
2 964
4 678
6 30
3 229
746 112
299 108
4 712
4 255
8 794
3 757
8 159
6 935
8 918
9 442
5 251
3 447
2 538
4 639
1 643
469 26
9 707
1 47
5 54
7 303
9 598
3 912
7 882
9 691
7 817
8 15
6 398
7 632
2 209
1 571
3 867
4 270
9 379
9 424
8 248
2 136
5 924
448 153
2 385
7 154
2 485
4 809
991 574
6 340
5 81
7 673
4 598
7 880
6 267
5 753
5 429
199 58
895 89
6 691
771 427
6 77
2 523
5 467
6 708
1 586
6 677
7 451
5 293
8 109
2 734
5 929
6 228
3 482
8 919
3 637
7 398
6 313
1 147
7 207
62 14
5 784
2 918
3 536
2 553
2 653
2 571
1 46
4 694
7 188
3 177
5 207
3 827
7 778
2 82
3 384
7 266
8 50
9 594
1 121
4 550
817 574
6 15
4 721
5 142
603 195
2 921
8 995
6 224
2 256
5 576
7 163
5 130
836 48
3 843
7 413
2 387
1 152
689 565
2 423
3 572
5 885
7 72
9 333
2 186
4 155
6 138
9 558
8 579
667 513
2 925
193 86
6 584
1 252
4 816
6 397
7 322
6 846
5 412
1 572
4 54
1 983
7 55
9 614
9 110
6 648
6 177
516 233
1 627
8 367
7 899
4 85
2 886
1 80
8 69
6 711
5 943
8 533
3 716
1 60
1 518
156 5
8 336
3 924
2 62
8 331
5 734
5 811
697 178
4 459
6 956
6 187
5 272
7 855
8 884
8 908
42 18
9 293
5 831
3 353
2 38
6 278
3 712
2 106
6 5
4 909
7 120
3 77
4 591
5 266
7 991
4 32
5 984
7 170
7 394
3 848
5 163
4 876
7 226
7 698
1 924
5 166
1 910
8 328
218 22
3 860
1 823
7 183
2 235
885 709
1 462
8 501
2 171
3 619
4 293
3 275
7 535
7 455
2 450
111 23
5 926
8 597
5 848
6 776
418 392
4 833
184 75
1 48
7 40
2 390
775 613
267 71
7 386
7 6
1 799
4 368
7 626
8 922
6 375
2 816
8 139
3 527
8 144
7 702
2 417
5 681
9 201
8 209
6 348
8 557
7 629
9 114
7 675
3 33
8 67
7 422
1 58
9 64
4 292
8 394
3 987
5 375
5 579
9 328
9 209
3 559
8 206
6 356
254 239
2 50
6 890
3 17
264 263
9 632
2 300
5 989
1 273
15 9
1 786
7 669
4 500
7 497
8 304
2 160
3 25
1 867
2 296
6 827
2 401
702 332
5 946
9 356
1 698
976 748
6 784
3 174
6 877
8 668
291 154
7 65
6 419
6 57
2 395
4 620
5 557
153 56
4 29
3 448
8 380
290 114
8 234
7 191
7 826
2 684
4 795
7 254
2 588
6 515
1 315
7 789
4 406
579 388
5 38
6 734
1 971
7 845
9 128
4 34
2 688
9 756
8 388
6 767
1 383
8 585
6 965
1 12
1 253
8 193
8 339
5 743
8 759
5 228
7 89
2 508
834 327
7 122
5 891
8 262
3 303
2 902
1 367
6 235
2 75
7 284
2 63
561 150
9 784
9 600
4 433
100 7
3 899
759 613
3 824
6 895
5 347
5 653
3 307
2 824
96 30
856 21
1 770
8 420
2 654
2 193
5 487
5 46
7 359
6 101
9 741
9 462
2 21
6 944
2 826
4 37
8 960
4 366
2 535
8 589
4 518
1 965
5 823
5 191
8 400
645 409
7 247
4 684
5 824
1 480
8 102
2 382
1 404
1 206
1 131
5 11
4 267
4 925
9 507
5 583
9 316
6 454
4 64
1 517
9 484
5 864
3 947
3 544
2 712
177 106
3 102
4 238
6 16
4 59
2 586
8 560
8 630
1 805
3 548
6 740
6 908
382 76
1 233
1 130
7 486
6 787
8 807
8 496
9 489
9 582
8 676
4 910
2 897
5 666
8 72
7 693
3 668
3 583
4 213
3 817
5 376
6 39
6 561
5 316
9 793
3 138
2 236
3 695
2 403
9 634
4 856
1 172
4 577
9 488
1 810
7 507
6 848
1 370
210 56
9 67
4 18
5 181
6 424
4 906
7 259
1 177
1 340
8 359
1 84
1 921
4 749
2 827
7 983
2 717
9 47
4 617
4 981
4 594
1 671
6 821
6 431
5 524
8 612
8 926
4 539
727 152
4 907
4 328
9 761
7 221
3 594
1 887
2 380
2 31
2 327
63 10
8 29
1 451
8 180
3 942
7 17
1 552
8 459
9 404
7 459
4 96
6 343
8 57
3 188
9 304
1 456
3 170
9 786
6 527
1 807
2 265
4 679
4 761
6 572
2 670
3 780
1 360
3 85
4 463
5 877
1 551
9 658
8 141
4 784
2 546
5 127
7 967
2 33
4 135
6 618
8 316
2 364
5 460
3 158
554 231
4 315
6 490
4 358
2 477
6 709
4 940
4 195
8 656
1 744
6 744
7 220
8 833
717 345
807 197
6 459
1 175
6 23
1 722
6 986
3 361
8 137
1 854
4 254
4 563
1 245
6 535
180 87
8 311
3 378
1 546
7 854
7 335
7 844
9 493
1 105
3 802
8 871
6 889
6 316
3 571
8 325
7 232
169 85
6 919
425 409
7 105
1 819
6 86
6 483
1 721
6 217
748 407
1 410
6 458
4 242
7 255
2 376
7 15
5 60
5 374
3 27
8 36
6 582
1 388
6 874
336 278
3 403
4 491
6 992
2 863
7 500
1 953
6 855
5 167
4 611
4 19
8 467
1 168
6 851
7 491
3 681
4 5
8 516
59 54
1 660
5 457
1 824
8 92
9 347
2 686
9 116
7 37
7 79
9 732
6 650
5 508
3 135
8 731
7 169
7 194
9 567
5 940
1 354
9 753
5 716
8 190
3 609
8 215
2 690
3 675
2 937
8 740
1 789
5 952
8 404
88 60
2 802
6 628
5 794
6 500
3 968
6 464
9 615
8 781
6 505
1 246
4 44
3 20
2 750
3 487
3 886
8 647
6 330
5 535
3 538
3 691
2 929
1 203
9 123
9 698
4 355
1 677
1 603
9 14
5 853
9 554
9 86
9 454
4 779
2 762
528 57
8 419
1 455
4 448
9 290
3 143
8 320
1 695
4 728
2 278
828 48
8 931
6 686
685 79
9 359
4 904
9 653
9 133
749 21
7 790
6 934
6 305
4 415
7 215
6 107
1 57
2 648
990 783
9 390
4 303
4 133
1 128
6 339
7 73
7 295
3 596
6 308
2 917
7 265
2 410
4 787
2 804
9 464
1 55
3 464
8 222
3 988
84 8
1 973
9 633
8 961
6 667
3 273
2 784
7 54
342 13
6 994
6 918
583 322
8 513
8 993
7 896
6 568
7 894
6 221
8 571
3 628
5 501
9 675
4 928
1 943
6 299
4 528
7 257
4 957
242 151
5 819
1 723
5 957
1 793
8 792
4 615
4 974
8 498
916 708
369 340
9 136
479 295
5 291
773 477
9 225
7 811
596 221
5 215
776 225
9 564
2 868
3 59
3 457
1 554
238 106
9 788
9 46
1 173
1 929
4 78
9 330
9 152
3 526
1 484
4 76
2 731
8 277
2 247
8 41
1 52
3 946
962 785
480 432
6 79
2 573
6 554
9 51
5 246
2 550
9 667
5 425
7 438
3 449
8 80
9 310
1 897
5 312
3 37
3 794
449 133
9 19
4 702
1 601
6 715
3 907
9 688
609 105
1 394
7 924
5 578
9 479
2 627
251 80
1 904
4 104
7 331
804 590
8 722
2 468
2 600
2 968
2 926
101 43
9 231
519 502
233 2
3 19
675 528
3 792
6 774
8 989
8 813
3 427
8 298
2 141
3 976
2 632
5 698
474 352
2 446
6 332
454 441
2 939
8 476
3 644
4 977
3 507
9 246
5 110
2 494
197 113
4 20
5 405
2 333
7 931
6 904
9 166
338 331
2 786
4 73
8 716
5 932
5 14
5 345
5 235
6 623
4 785
7 471
6 317
3 841
3 773
666 453
8 602
8 750
4 802
158 121
9 610
6 394
1 250
9 668
7 225
7 909
2 6
600 591
7 2
340 55
2 818
1 212
22 1
6 69
5 822
8 358
6 503
2 142
863 35
9 603
3 491
8 863
4 669
7 104
5 801
3 382
8 991
7 539
5 341
3 372
7 228
1 122
8 928
5 527
948 65
3 820
5 445
5 663
5 2
1 488
6 123
1 781
2 933
7 602
6 823
6 587
6 193
7 267
5 664
5 941
3 249
1 591
6 789
7 628
8 638
595 119
8 313
1 899
5 751
2 229
276 215
140 49
5 985
5 741
133 26
5 97
1 963
9 264
6 913
7 205
3 915
7 432
3 506
1 862
9 456
143 98
7 93
6 480
7 36
6 997
8 123
1 334
3 649
5 433
9 237
8 682
1 691
7 682
402 75
624 334
2 302
5 59
5 739
8 574
5 994
7 344
4 681
8 523
8 9
7 961
5 43
7 738
2 647
7 813
71 53
2 651
9 448
9 327
5 600
3 18
5 79
1 914
8 198
8 940
1 164
1 576
2 966
7 450
7 419
2 58
3 339
5 608
6 475
4 95
6 445
6 898
4 124
3 844
4 258
441 161
4 832
6 140
4 837
424 336
6 592
4 377
2 291
4 26
3 761
9 469
4 166
9 100
8 153
2 691
8 855
8 965
8 406
196 193
578 14
6 103
5 595
216 34
198 116
3 265
5 684
3 110
6 203
7 227
7 31
9 664
787 144
3 768
931 158
3 698
7 917
7 595
9 612
4 786
8 89
9 439
2 53
8 643
7 868
4 996
1 997
9 76
4 566
8 751
3 980
728 723
7 229
1 738
9 271
4 150
9 406
8 957
620 384
7 668
8 546
1 567
348 266
9 174
699 572
6 159
5 47
7 353
2 870
5 344
5 523
4 456
7 414
6 594
495 338
1 767
1 349
46 44
3 747
9 374
4 791
5 310
6 544
2 695
6 296
3 225
2 500
552 276
3 413
2 544
9 674
9 256
837 710
9 109
1 378
3 264
9 381
5 628
658 409
2 87
9 126
7 261
3 364
8 497
4 189
7 993
3 492
4 838
880 1
1 727
6 566
3 86
1 329
5 448
7 545
5 840
5 525
2 577
5 752
2 384
6 526
6 414
1 525
8 372
8 460
408 220
8 674
7 556
3 828
2 528
2 360
9 399
2 492
3 126
6 494
5 495
473 139
861 366
8 745
204 14
4 41
1 226
3 922
8 119
3 537
5 90
4 604
8 65
5 708
6 116
2 807
3 478
956 612
7 972
2 524
7 953
5 414
7 78
5 983
5 86
8 98
9 141
132 80
6 52
4 326
2 3
1 13
4 743
9 124
2 510
1 612
3 56
8 873
4 220
2 10
8 377
5 603
6 212
3 343
1 736
1 784
1 195
6 528
3 204
2 184
2 659
5 859
2 737
2 426
1 134
1 994
3 960
7 283
7 237
1 902
1 941
249 8
2 74
3 881
3 595
7 959
608 472
8 646
5 361
2 879
7 584
2 165
5 838
6 261
6 533
1 950
1 373
2 975
5 68
5 179
7 376
9 207
1 693
3 235
6 876
73 57
3 751
712 302
8 457
540 353
8 12
3 411
4 12
7 608
8 894
8 887
9 191
4 204
427 62
4 407
478 204
8 52
5 489
3 935
3 833
4 74
2 589
1 630
4 648
389 373
669 278
8 91
2 603
4 752
7 523
1 17
8 264
4 176
9 195
9 779
8 108
3 70
7 741
2 340
7 597
203 83
1 68
261 84
2 389
8 581
4 670
8 790
4 186
7 106
9 666
7 656
7 179
455 235
4 302
7 945
3 816
6 208
3 399
7 343
1 392
7 830
9 276
1 745
5 175
3 958
3 211
3 855
9 735
3 923
5 544
8 532
5 498
9 151
5 899
5 238
8 914
7 692
4 628
8 182
7 683
7 598
1 832
4 465
5 121
9 200
6 53
5 629
6 264
1 405
8 895
7 27
1 597
661 243
6 438
1 662
607 353
6 393
17 13
9 685
3 788
3 459
9 84
1 318
1 275
6 875
8 233
3 580
2 596
9 235
2 576
1 421
7 646
5 844
9 146
2 841
1 149
1 208
5 402
1 884
7 350
5 909
3 869
900 354
5 411
4 756
7 728
3 838
7 841
9 18
8 839
9 216
415 131
7 963
6 213
5 987
925 77
2 346
7 480
39 33
9 138
7 567
761 93
8 151
1 257
8 412
9 705
6 538
1 790
7 858
2 357
1 668
253 239
9 56
141 50
7 665
3 429
3 165
3 397
7 404
8 735
2 548
8 241
9 172
6 152
7 740
7 452
2 987
1 771
3 518
4 149
2 365
4 914
1 313
997 301
9 679
642 631
831 528
4 758
1 718
6 525
444 38
7 694
2 610
146 18
5 683
2 943
8 448
491 291
4 557
5 456
5 420
8 71
1 290
8 923
8 562
5 862
5 509
8 800
9 787
3 722
3 920
3 185
2 7
8 24
2 202
2 143
7 800
7 874
854 600
4 698
4 143
7 585
7 834
2 86
6 766
6 201
9 593
3 547
8 343
5 488
3 300
6 385
572 542
7 462
7 622
149 35
3 575
3 713
6 288
5 967
5 367
1 780
7 654
6 229
8 477
3 305
811 32
7 605
3 385
6 81
9 32
2 832
412 136
5 4
917 15
4 549
9 8
2 252
4 765
43 31
1 237
4 214
986 858
2 276
3 301
1 309
3 634
1 327
6 810
1 116
6 931
6 512
4 569
929 148
8 723
7 701
1 519
7 384
2 48
1 179
5 626
4 223
1 676
9 88
6 960
8 706
1 514
2 683
1 944
6 921
3 707
9 262
945 817
4 112
6 724
7 989
665 613
3 112
4 879
5 672
6 279
1 124
6 626
5 503
7 700
7 336
6 828
5 496
733 87
9 663
511 97
5 132
2 658
6 331
9 522
2 959
9 272
3 72
4 235
6 369
2 961
5 98
6 752
8 917
5 750
8 362
3 215
2 225
1 163
4 778
9 583
2 743
7 50
7 426
7 458
7 506
5 736
4 92
3 742
9 474
2 204
5 397
8 945
151 110
3 731
6 513
4 208
813 692
5 574
1 669
9 572
7 572
4 602
8 720
5 874
6 937
2 949
729 465
8 324
7 996
1 641
4 47
1 527
6 936
3 163
7 565
3 172
4 793
3 745
8 509
9 795
2 557
3 592
4 8
2 730
2 277
5 719
8 246
38 2
3 140
1 545
2 755
3 288
6 881
1 661
8 670
2 976
7 12
1 714
214 144
7 412
7 836
9 644
136 90
4 264
2 951
6 946
9 711
1 628
7 48
1 299
538 32
5 569
2 462
2 857
1 107
6 899
2 164
2 269
7 865
7 198
8 466
3 678
4 532
8 134
9 445
5 471
7 41
3 680
6 835
3 605
363 209
5 65
4 109
1 187
7 510
7 356
460 68
5 934
1 803
5 747
7 339
3 799
6 531
1 76
212 72
9 578
5 697
8 231
4 813
8 216
75 8
9 606
9 150
2 861
1 470
8 275
5 637
5 380
2 587
7 714
3 879
1 43
2 95
7 571
2 725
6 364
6 984
3 14
1 649
8 83
9 193
3 503
2 669
4 93
3 331
4 583
9 202
2 335
4 378
2 526
815 60
8 174
542 475
3 631
9 41
7 623
7 53
726 407
7 239
4 52
4 722
5 500
3 441
303 45
2 789
4 841
6 842
1 63
7 561
2 305
5 431
5 451
7 176
888 322
3 614
3 437
1 495
5 499
7 758
5 282
3 995
6 900
5 400
8 842
6 870
6 342
6 429
6 466
3 326
7 900
5 95
3 252
4 181
6 443
6 613
5 52
6 783
4 736
3 247
9 476
6 301
9 393
8 309
767 571
7 298
5 872
6 1
4 776
3 963
7 292
224 221
6 862
202 110
4 562
7 884
6 806
9 702
1 654
8 426
8 342
9 509
6 794
6 345
4 897
9 348
3 130
8 947
6 557
95 23
3 432
2 551
4 592
85 39
4 862
791 336
5 461
2 139
1 489
3 549
9 410
103 47
9 259
4 122
7 912
757 71
1 466
4 800
3 466
772 713
2 498
7 5
3 223
3 62
920 720
1 207
2 555
273 184
3 647
3 50
118 10
181 144
1 710
3 329
1 538
2 956
7 277
1 573
4 745
3 419
3 585
5 315
9 91
9 512
3 845
1 889
5 243
506 151
7 591
3 278
6 98
7 181
8 245
8 937
7 231
5 183
9 53
5 518
8 959
4 320
3 857
6 104
391 6
5 177
9 766
5 679
4 205
3 966
3 750
864 178
171 112
5 453
7 588
8 318
2 679
5 382
6 843
2 496
892 630
7 958
1 132
9 175
4 495
1 622
4 56
3 116
9 481
57 51
2 785
1 984
6 601
1 482
7 222
9 154
6 174
2 282
4 296
7 775
3 426
9 420
7 410
862 558
611 144
556 221
7 792
489 305
558 185
8 754
1 849
7 850
961 33
3 718
7 315
1 645
3 679
2 687
2 261
3 239
5 340
2 24
8 391
7 542
1 493
970 472
8 904
6 219
6 125
710 189
7 634
4 641
1 707
498 141
4 664
9 409
2 862
3 563
832 724
325 280
6 945
3 930
3 870
4 870
8 710
7 477
1 619
9 517
4 573
5 867
9 218
6 45
8 744
8 880
6 873
6 333
1 8
5 865
2 699
9 765
7 805
7 824
7 365
9 373
311 145
6 41
5 6
1 778
6 573
8 671
1 844
3 201
6 834
8 698
3 468
3 463
1 436
3 807
2 988
9 660
3 312
7 980
5 813
9 655
7 547
9 607
543 266
1 988
1 260
12 4
6 541
2 527
6 982
3 228
2 950
9 73
9 471
6 341
8 987
1 536
2 493
8 891
8 548
1 276
4 916
1 248
5 497
646 221
9 792
1 271
9 460
9 494
4 97
3 499
3 703
6 693
6 206
1 585
9 715
7 294
935 254
5 410
3 97
4 845
8 905
9 500
2 638
3 367
9 13
3 317
7 367
4 614
1 155
735 630
4 58
1 98
8 651
2 407
3 755
357 296
2 685
5 561
4 443
4 487
1 543
1 800
692 549
2 981
3 890
1 492
9 260
286 87
7 100
5 485
2 931
1 389
7 951
4 126
5 297
9 745
8 126
2 955
4 735
8 845
7 481
6 180
2 54
5 898
9 2
9 608
4 388
6 113
3 891
8 518
8 654
3 588
4 675
312 126
2 232
7 272
2 258
280 268
5 800
845 334
536 531
8 600
9 414
958 732
8 996
6 942
7 195
3 986
7 878
4 285
6 722
5 662
3 887
4 647
8 104
940 250
7 334
7 201
8 719
1 15
8 131
9 296
4 111
7 892
9 503
6 463
5 923
4 299
1 361
308 45
3 697
4 440
5 717
2 713
7 748
2 948
5 975
8 801
7 85
846 7
6 886
2 709
1 906
2 107
76 74
3 308
6 822
4 616
4 607
2 767
9 159
1 289
7 780
9 217
7 8
8 225
9 417
5 647
2 260
5 917
9 119
1 569
4 309
4 651
706 552
5 886
5 223
5 21
8 847
1 376
4 781
4 318
7 299
8 570
5 237
3 970
7 244
6 100
6 507
4 224
1 502
8 432
5 963
4 956
8 809
6 55
5 12
5 722
7 606
2 85
9 299
1 516
9 255
1 461
8 673
5 992
3 347
5 480
3 227
8 814
2 985
1 652
7 443
1 41
7 777
6 646
8 335
3 759
8 273
2 284
6 645
853 159
6 181
3 423
135 58
8 424
4 820
5 213
9 28
7 137
371 305
4 422
2 903
9 470
2 15
2 434
8 340
3 902
487 245
2 666
7 807
5 777
6 90
6 924
1 946
1 553
8 576
1 284
8 707
7 364
7 446
3 546
546 8
4 273
9 514
6 72
7 616
4 353
4 575
5 908
1 81
1 785
6 326
9 171
825 694
3 324
9 487
6 777
9 649
7 337
4 453
9 105
6 413
7 579
9 1
7 723
4 359
6 248
8 363
996 89
6 440
1 200
8 450
5 733
3 154
535 215
6 576
9 412
9 402
4 282
1 651
7 204
7 175
1 79
2 11
6 800
7 318
6 396
1 828
3 208
8 170
7 566
6 591
1 562
9 676
1 995
5 353
8 757
4 103
3 801
4 455
2 803
5 555
2 663
4 975
2 237
3 438
4 582
2 290
4 497
7 767
7 320
732 581
3 791
5 378
6 71
5 389
4 9
321 217
5 174
5 545
6 415
304 222
3 770
5 285
3 21
3 727
3 368
509 30
2 451
5 283
1 102
7 643
1 18
6 927
7 142
3 822
3 501
1 541
50 22
350 258
8 539
6 122
6 932
9 486
1 27
678 327
2 652
3 684
4 168
2 145
548 440
1 328
6 302
9 405
5 640
2 732
8 286
6 719
2 660
3 967
428 2
3 929
6 56
1 528
9 139
433 130
4 251
326 206
928 44
7 715
119 82
4 233
2 37
1 756
172 57
4 288
5 302
1 879
385 178
3 533
4 62
309 279
2 323
8 517
5 338
7 509
3 690
852 325
4 555
3 80
6 574
1 683
7 203
8 797
2 52
1 510
1 861
5 201
850 691
7 74
6 96
8 540
4 921
3 263
4 430
7 554
6 211
341 108
3 880
7 193
9 341
9 703
3 151
1 437
2 624
384 244
3 420
2 388
6 543
7 25
8 713
5 78
7 990
6 153
5 765
3 872
4 828
1 580
584 71
8 788
3 341
1 875
4 467
968 283
4 860
4 130
7 190
2 642
4 826
6 191
9 331
500 25
9 229
2 366
3 321
4 535
9 360
2 96
9 228
1 87
2 604
4 17
5 439
3 574
160 10
6 188
1 919
8 322
8 665
4 880
9 113
6 367
1 996
429 306
6 4
7 642
8 666
2 608
9 164
9 432
5 506
9 239
8 900
2 490
3 377
4 887
4 733
2 532
1 625
8 161
4 525
982 753
6 309
9 697
7 77
5 959
8 889
5 665
1 92
4 423
8 688
9 135
3 737
1 990
314 125
2 954
4 113
8 355
5 915
1 609
4 31
8 45
8 146
7 587
4 972
3 481
4 823
7 711
89 56
8 519
3 387
2 242
2 125
497 243
1 154
7 734
1 125
9 398
3 626
8 483
3 472
2 144
6 814
5 80
8 281
7 580
6 520
820 603
2 542
6 614
4 537
1 817
5 918
5 949
7 614
1 491
9 50
2 484
7 347
4 357
5 355
6 995
3 78
8 250
5 284
3 616
5 474
8 379
3 748
2 482
4 157
6 3
4 385
8 785
8 289
8 916
6 189
9 368
8 971
501 182
3 365
1 11
6 283
7 524
7 938
4 470
7 936
6 354
5 436
6 473
3 971
7 705
3 446
2 343
294 141
3 569
5 710
7 816
7 61
983 162
6 252
7 869
4 917
2 580
7 791
4 738
4 369
9 436
3 76
301 26
3 662
2 781
5 89
2 820
7 611
947 712
1 21
8 689
1 70
6 600
1 115
4 94
6 99
6 370
6 811
1 960
6 21
7 697
9 659
7 799
7 944
5 393
235 42
3 854
9 37
7 986
4 145
1 326
701 477
6 872
2 722
7 707
3 633
858 632
9 358
4 83
6 360
4 42
2 174
5 44
7 795
8 88
7 966
3 96
3 291
9 475
1 312
7 260
470 183
9 245
9 337
5 257
1 380
6 941
5 278
6 697
6 250
6 657
5 91
6 856
5 407
1 532
2 719
8 815
3 809
5 775
1 724
4 836
8 287
9 538
8 869
6 420
7 742
9 215
829 627
1 533
851 84
2 331
3 267
7 609
3 725
7 751
555 143
82 47
7 921
4 451
5 301
9 519
278 24
6 964
8 140
4 903
3 630
5 991
4 351
3 509
1 615
3 561
4 580
7 42
3 90
5 20
7 889
6 923
4 91
453 6
3 137
5 133
34 33
1 103
3 107
8 793
4 984
6 334
6 551
9 506
9 45
4 283
1 54
5 558
5 964
1 288
5 610
6 227
588 335
2 203
3 803
7 59
4 188
8 475
3 99
9 148
6 903
8 824
871 573
3 876
763 292
5 815
9 186
7 957
4 102
7 135
914 836
7 324
2 348
8 468
1 636
3 599
4 397
28 10
7 630
4 541
1 500
567 385
3 484
7 838
104 67
331 94
2 428
6 183
239 2
7 704
8 948
7 465
4 807
3 925
4 986
2 294
8 283
8 269
4 526
3 475
8 662
2 244
8 223
1 201
7 633
3 402
3 863
656 611
3 424
9 763
4 339
1 782
5 619
7 448
9 69
7 787
6 770
8 430
6 26
8 462
3 474
1 176
4 927
3 434
9 555
3 320
5 34
2 831
2 310
3 306
2 900
4 989
6 849
8 244
7 847
2 132
6 233
3 982
9 252
6 763
3 573
5 102
5 401
3 756
2 990
2 367
6 972
5 703
9 236
8 659
5 233
7 381
5 965
4 988
4 312
2 223
3 740
7 663
6 803
6 583
2 952
3 270
8 411
6 179
6 953
6 121
9 70
3 160
1 584
8 435
8 699
5 490
9 579
5 895
7 577
610 275
1 623
4 6
3 494
4 726
6 653
1 813
1 507
1 254
6 363
7 32
9 6
4 632
7 553
1000
4 729
1 987 969
1 7 532
1 8 96
1 7 868
2 203
2 36
2 910
1 7 675
1 2 1
1 3 1
1 4 1
1 5 1
1 6 1
1 7 1
1 8 1
1 9 1
1 1 2
1 3 2
1 4 2
1 5 2
1 6 2
1 7 2
1 8 2
1 9 2
1 1 3
1 2 3
1 4 3
1 5 3
1 6 3
1 7 3
1 8 3
1 9 3
1 1 4
1 2 4
1 3 4
1 5 4
1 6 4
1 7 4
1 8 4
1 9 4
1 1 5
1 2 5
1 3 5
1 4 5
1 6 5
1 7 5
1 8 5
1 9 5
1 1 6
1 2 6
1 3 6
1 4 6
1 5 6
1 7 6
1 8 6
1 9 6
1 1 7
1 2 7
1 3 7
1 4 7
1 5 7
1 6 7
1 8 7
1 9 7
1 1 8
1 2 8
1 3 8
1 4 8
1 5 8
1 6 8
1 7 8
1 9 8
1 1 9
1 2 9
1 3 9
1 4 9
1 5 9
1 6 9
1 7 9
1 8 9
1 1 10
1 2 10
1 3 10
1 4 10
1 5 10
1 6 10
1 7 10
1 8 10
1 9 10
1 1 11
1 2 11
1 3 11
1 4 11
1 5 11
1 6 11
1 7 11
1 8 11
1 9 11
1 1 12
1 2 12
1 3 12
1 4 12
1 5 12
1 6 12
1 7 12
1 8 12
1 9 12
1 1 13
1 2 13
1 3 13
1 4 13
1 5 13
1 6 13
1 7 13
1 8 13
1 9 13
1 1 14
1 2 14
1 3 14
1 4 14
1 5 14
1 6 14
1 7 14
1 8 14
1 9 14
1 1 15
1 2 15
1 3 15
1 4 15
1 5 15
1 6 15
1 7 15
1 8 15
1 9 15
1 1 16
1 2 16
1 3 16
1 4 16
1 5 16
1 6 16
1 7 16
1 8 16
1 9 16
1 1 17
1 2 17
1 3 17
1 4 17
1 5 17
1 6 17
1 7 17
1 8 17
1 9 17
1 1 18
1 2 18
1 3 18
1 4 18
1 5 18
1 6 18
1 7 18
1 8 18
1 9 18
1 1 19
1 2 19
1 3 19
1 4 19
1 5 19
1 6 19
1 7 19
1 8 19
1 9 19
1 1 20
1 2 20
1 3 20
1 4 20
1 5 20
1 6 20
1 7 20
1 8 20
1 9 20
1 1 21
1 2 21
1 3 21
1 4 21
1 5 21
1 6 21
1 7 21
1 8 21
1 9 21
1 1 22
1 2 22
1 3 22
1 4 22
1 5 22
1 6 22
1 7 22
1 8 22
1 9 22
1 1 23
1 2 23
1 3 23
1 4 23
1 5 23
1 6 23
1 7 23
1 8 23
1 9 23
1 1 24
1 2 24
1 3 24
1 4 24
1 5 24
1 6 24
1 7 24
1 8 24
1 9 24
1 1 25
1 2 25
1 3 25
1 4 25
1 5 25
1 6 25
1 7 25
1 8 25
1 9 25
1 1 26
1 2 26
1 3 26
1 4 26
1 5 26
1 6 26
1 7 26
1 8 26
1 9 26
1 1 27
1 2 27
1 3 27
1 4 27
1 5 27
1 6 27
1 7 27
1 8 27
1 9 27
1 1 28
1 2 28
1 3 28
1 4 28
1 5 28
1 6 28
1 7 28
1 8 28
1 9 28
1 1 29
1 2 29
1 3 29
1 4 29
1 5 29
1 6 29
1 7 29
1 8 29
1 9 29
1 1 30
1 2 30
1 3 30
1 4 30
1 5 30
1 6 30
1 7 30
1 8 30
1 9 30
1 1 31
1 2 31
1 3 31
1 4 31
1 5 31
1 6 31
1 7 31
1 8 31
1 9 31
1 1 32
1 2 32
1 3 32
1 4 32
1 5 32
1 6 32
1 7 32
1 8 32
1 9 32
1 1 33
1 2 33
1 3 33
1 4 33
1 5 33
1 6 33
1 7 33
1 8 33
1 9 33
1 1 34
1 2 34
1 3 34
1 4 34
1 5 34
1 6 34
1 7 34
1 8 34
1 9 34
1 1 35
1 2 35
1 3 35
1 4 35
1 5 35
1 6 35
1 7 35
1 8 35
1 9 35
3 504 36
1 1 37
1 2 37
1 3 37
1 4 37
1 5 37
1 6 37
1 7 37
1 8 37
1 9 37
1 1 38
1 2 38
1 3 38
1 4 38
1 5 38
1 6 38
1 7 38
1 8 38
1 9 38
1 1 39
1 2 39
1 3 39
1 4 39
1 5 39
1 6 39
1 7 39
1 8 39
1 9 39
1 1 40
1 2 40
1 3 40
1 4 40
1 5 40
1 6 40
1 7 40
1 8 40
1 9 40
1 1 41
1 2 41
1 3 41
1 4 41
1 5 41
1 6 41
1 7 41
1 8 41
1 9 41
1 1 42
1 2 42
1 3 42
1 4 42
1 5 42
1 6 42
1 7 42
1 8 42
1 9 42
1 1 43
1 2 43
1 3 43
1 4 43
1 5 43
1 6 43
1 7 43
1 8 43
1 9 43
1 1 44
1 2 44
1 3 44
1 4 44
1 5 44
1 6 44
1 7 44
1 8 44
1 9 44
1 1 45
1 2 45
1 3 45
1 4 45
1 5 45
1 6 45
1 7 45
1 8 45
1 9 45
1 1 46
1 2 46
1 3 46
1 4 46
1 5 46
1 6 46
1 7 46
1 8 46
1 9 46
1 1 47
1 2 47
1 3 47
1 4 47
1 5 47
1 6 47
1 7 47
1 8 47
1 9 47
1 1 48
1 2 48
1 3 48
1 4 48
1 5 48
1 6 48
1 7 48
1 8 48
1 9 48
1 1 49
1 2 49
1 3 49
1 4 49
1 5 49
1 6 49
1 7 49
1 8 49
1 9 49
1 1 50
1 2 50
1 3 50
1 4 50
1 5 50
1 6 50
1 7 50
1 8 50
1 9 50
1 1 51
1 2 51
1 3 51
1 4 51
1 5 51
1 6 51
1 7 51
1 8 51
1 9 51
1 1 52
1 2 52
1 3 52
1 4 52
1 5 52
1 6 52
1 7 52
1 8 52
1 9 52
1 1 53
1 2 53
1 3 53
1 4 53
1 5 53
1 6 53
1 7 53
1 8 53
1 9 53
1 1 54
1 2 54
1 3 54
1 4 54
1 5 54
1 6 54
1 7 54
1 8 54
1 9 54
1 1 55
1 2 55
1 3 55
1 4 55
1 5 55
1 6 55
1 7 55
1 8 55
1 9 55
1 1 56
1 2 56
1 3 56
1 4 56
1 5 56
1 6 56
1 7 56
1 8 56
1 9 56
1 1 57
1 2 57
1 3 57
1 4 57
1 5 57
1 6 57
1 7 57
1 8 57
1 9 57
1 1 58
1 2 58
1 3 58
1 4 58
1 5 58
1 6 58
1 7 58
1 8 58
1 9 58
1 1 59
1 2 59
1 3 59
1 4 59
1 5 59
1 6 59
1 7 59
1 8 59
1 9 59
1 1 60
1 2 60
1 3 60
1 4 60
1 5 60
1 6 60
1 7 60
1 8 60
1 9 60
1 1 61
1 2 61
1 3 61
1 4 61
1 5 61
1 6 61
1 7 61
1 8 61
1 9 61
1 1 62
1 2 62
1 3 62
1 4 62
1 5 62
1 6 62
1 7 62
1 8 62
1 9 62
1 1 63
1 2 63
1 3 63
1 4 63
1 5 63
1 6 63
1 7 63
1 8 63
1 9 63
1 1 64
1 2 64
1 3 64
1 4 64
1 5 64
1 6 64
1 7 64
1 8 64
1 9 64
1 1 65
1 2 65
1 3 65
1 4 65
1 5 65
1 6 65
1 7 65
1 8 65
1 9 65
1 1 66
1 2 66
1 3 66
1 4 66
1 5 66
1 6 66
1 7 66
1 8 66
1 9 66
1 1 67
1 2 67
1 3 67
1 4 67
1 5 67
1 6 67
1 7 67
1 8 67
1 9 67
1 1 68
1 2 68
1 3 68
1 4 68
1 5 68
1 6 68
1 7 68
1 8 68
1 9 68
1 1 69
1 2 69
1 3 69
1 4 69
1 5 69
1 6 69
1 7 69
1 8 69
1 9 69
1 1 70
1 2 70
1 3 70
1 4 70
1 5 70
1 6 70
1 7 70
1 8 70
1 9 70
1 1 71
1 2 71
1 3 71
1 4 71
1 5 71
1 6 71
1 7 71
1 8 71
1 9 71
1 1 72
1 2 72
1 3 72
1 4 72
1 5 72
1 6 72
1 7 72
1 8 72
1 9 72
1 1 73
1 2 73
1 3 73
1 4 73
1 5 73
1 6 73
1 7 73
1 8 73
1 9 73
1 1 74
1 2 74
1 3 74
1 4 74
1 5 74
1 6 74
1 7 74
1 8 74
1 9 74
1 1 75
1 2 75
1 3 75
1 4 75
1 5 75
1 6 75
1 7 75
1 8 75
1 9 75
1 1 76
1 2 76
1 3 76
1 4 76
1 5 76
1 6 76
1 7 76
1 8 76
1 9 76
1 1 77
1 2 77
1 3 77
1 4 77
1 5 77
1 6 77
1 7 77
1 8 77
1 9 77
1 1 78
1 2 78
1 3 78
1 4 78
1 5 78
1 6 78
1 7 78
1 8 78
1 9 78
1 1 79
1 2 79
1 3 79
1 4 79
1 5 79
1 6 79
1 7 79
1 8 79
1 9 79
1 1 80
1 2 80
1 3 80
1 4 80
1 5 80
1 6 80
1 7 80
1 8 80
1 9 80
1 1 81
1 2 81
1 3 81
1 4 81
1 5 81
1 6 81
1 7 81
1 8 81
1 9 81
1 1 82
1 2 82
1 3 82
1 4 82
1 5 82
1 6 82
1 7 82
1 8 82
1 9 82
1 1 83
1 2 83
1 3 83
1 4 83
1 5 83
1 6 83
1 7 83
1 8 83
1 9 83
1 1 84
1 2 84
1 3 84
1 4 84
1 5 84
1 6 84
1 7 84
1 8 84
1 9 84
1 1 85
1 2 85
1 3 85
1 4 85
1 5 85
1 6 85
1 7 85
1 8 85
1 9 85
1 1 86
1 2 86
1 3 86
1 4 86
1 5 86
1 6 86
1 7 86
1 8 86
1 9 86
1 1 87
1 2 87
1 3 87
1 4 87
1 5 87
1 6 87
1 7 87
1 8 87
1 9 87
1 1 88
1 2 88
1 3 88
1 4 88
1 5 88
1 6 88
1 7 88
1 8 88
1 9 88
1 1 89
1 2 89
1 3 89
1 4 89
1 5 89
1 6 89
1 7 89
1 8 89
1 9 89
1 1 90
1 2 90
1 3 90
1 4 90
1 5 90
1 6 90
1 7 90
1 8 90
1 9 90
1 1 91
1 2 91
1 3 91
1 4 91
1 5 91
1 6 91
1 7 91
1 8 91
1 9 91
1 1 92
1 2 92
1 3 92
1 4 92
1 5 92
1 6 92
1 7 92
1 8 92
1 9 92
1 1 93
1 2 93
1 3 93
1 4 93
1 5 93
1 6 93
1 7 93
1 8 93
1 9 93
1 1 94
1 2 94
1 3 94
1 4 94
1 5 94
1 6 94
1 7 94
1 8 94
1 9 94
1 1 95
1 2 95
1 3 95
1 4 95
1 5 95
1 6 95
1 7 95
1 8 95
1 9 95
1 1 96
1 2 96
1 3 96
1 4 96
1 5 96
1 6 96
1 7 96
1 9 96
1 1 97
1 2 97
1 3 97
1 4 97
1 5 97
1 6 97
1 7 97
1 8 97
1 9 97
1 1 98
1 2 98
1 3 98
1 4 98
1 5 98
1 6 98
1 7 98
1 8 98
1 9 98
1 1 99
1 2 99
1 3 99
1 4 99
1 5 99
1 6 99
1 7 99
1 8 99
1 9 99
1 1 100
1 2 100
1 3 100
1 4 100
1 5 100
1 6 100
1 7 100
1 8 100
1 9 100
1 1 101
1 2 101
1 3 101
1 4 101
1 5 101
1 6 101
1 7 101
1 8 101
1 9 101
1 1 102
1 2 102
1 3 102
1 4 102
1 5 102
1 6 102
1 7 102
1 8 102
1 9 102
1 1 103
1 2 103
1 3 103
1 4 103
1 5 103
1 6 103
1 7 103
1 8 103
1 9 103
1 1 104
1 2 104
1 3 104
1 4 104
1 5 104
1 6 104
1 7 104
1 8 104
1 9 104
1 1 105
1 2 105
1 3 105
1 4 105
1 5 105
1 6 105
1 7 105
1 8 105
1 9 105
1 1 106
1 2 106
1 3 106
1 4 106
1 5 106
1 6 106
1 7 106
1 8 106
1 9 106
1 1 107
1 2 107
1 3 107
1 4 107
1 5 107
1 6 107
1 7 107
1 8 107
1 9 107
1 1 108
1 2 108
1 3 108
1 4 108
1 5 108
1 6 108
1 7 108
1 8 108
1 9 108
1 1 109
1 2 109
1 3 109
1 4 109
1 5 109
1 6 109
1 7 109
1 8 109
1 9 109
1 1 110
1 2 110
1 3 110
1 4 110
1 5 110
1 6 110
1 7 110
1 8 110
1 9 110
1 1 111
1 2 111
1 3 111
1 4 111
1 5 111
1 6 111
1 7 111
1 8 111
1 9 111
1 1 112
1 2 112
1 3 112
1 4 112
1 5 112
1 6 112
1 7 112
1 8 112
1 9 112
1 1 113
