860 9393
9 288
5 746
8 446
8 80
3 208
1 90
1 357
4 538
10 761
5 811
10 767
10 702
4 702
10 207
3 350
1 97
7 245
9 409
1 765
2 437
5 521
9 157
9 476
2 79
8 388
3 334
4 177
6 415
4 410
10 278
6 94
4 650
3 436
8 67
4 681
1 844
1 450
10 155
10 503
6 253
9 697
450 14
1 826
7 735
4 528
6 556
1 111
4 264
8 74
10 455
3 780
5 246
545 122
5 790
5 487
10 261
10 131
8 254
6 535
2 594
10 501
3 343
6 355
4 163
2 328
2 230
3 197
1 853
2 247
2 106
8 230
10 231
3 735
10 580
2 662
2 242
754 747
4 290
1 19
2 77
199 107
4 288
6 817
10 107
1 779
8 404
2 276
2 839
9 46
649 420
8 533
9 44
9 432
10 560
218 10
5 292
661 507
8 573
8 540
6 749
256 66
6 541
3 593
10 467
10 668
133 27
1 833
1 182
4 99
10 277
2 98
3 720
6 636
8 259
543 406
5 491
5 658
1 189
8 584
9 720
4 121
8 406
3 146
8 752
5 629
6 179
7 102
10 482
2 725
6 561
7 442
3 628
8 631
8 732
1 225
5 692
58 39
5 136
9 523
5 689
2 659
3 175
9 422
5 420
9 763
6 588
1 803
3 156
8 2
1 258
3 691
10 369
4 37
10 380
3 793
8 821
3 634
4 734
7 254
10 627
7 355
8 297
840 621
6 180
7 317
3 471
4 305
4 752
335 253
9 475
9 596
1 366
8 263
5 109
254 88
6 248
2 673
9 561
157 144
9 369
5 81
6 232
3 85
10 801
4 826
503 222
136 114
6 441
6 266
1 813
4 138
8 487
2 29
8 800
8 299
1 100
9 14
3 80
10 790
1 476
4 416
815 310
5 446
10 194
554 460
7 799
6 246
459 419
1 30
7 297
2 97
9 847
5 528
3 457
9 586
10 34
5 836
8 541
8 607
3 309
2 840
1 514
5 550
3 609
10 643
7 121
3 529
2 204
9 641
8 409
8 357
1 700
10 493
281 147
7 595
6 333
6 826
3 689
9 289
1 56
856 55
10 160
4 135
2 490
12 9
9 7
4 67
8 560
488 457
4 255
3 473
10 97
10 499
2 47
4 491
5 546
8 265
9 644
5 172
6 670
2 123
7 238
8 703
10 397
9 1
5 177
3 733
10 570
2 127
3 848
8 505
6 322
2 854
10 771
7 480
2 604
2 257
6 115
1 697
7 491
9 8
7 668
5 490
9 501
1 553
9 69
6 337
5 576
2 24
7 146
10 163
5 618
8 309
6 37
2 422
6 202
1 248
174 166
9 107
7 593
1 297
6 21
195 169
2 505
3 189
3 450
581 331
4 40
3 768
5 121
8 178
4 322
8 313
279 168
3 425
10 3
8 476
1 12
9 544
8 677
376 217
6 141
8 712
1 354
36 8
8 366
4 381
8 513
8 585
2 797
4 289
98 4
5 710
8 124
3 114
8 549
4 21
10 424
10 199
4 562
7 181
2 147
7 320
3 850
5 157
374 14
5 793
6 105
2 554
1 40
1 487
2 780
4 614
1 2
10 262
6 633
3 546
2 671
7 793
4 432
4 207
541 321
9 767
6 675
8 707
5 379
10 126
10 509
3 163
595 167
257 49
5 356
9 37
832 720
1 384
5 594
302 225
3 362
10 748
6 620
9 442
6 161
8 817
659 269
312 159
7 358
9 323
9 155
4 356
10 530
7 754
10 18
10 244
5 337
5 179
1 704
1 503
2 424
6 660
7 105
781 149
4 616
9 664
7 581
9 506
8 786
5 538
603 350
1 177
7 54
463 208
8 778
350 50
619 316
7 222
8 122
1 61
10 706
6 295
1 517
2 603
3 231
1 720
4 395
2 211
2 416
9 96
258 109
7 221
7 544
9 338
1 144
10 512
564 50
10 703
10 318
4 465
419 101
8 345
4 674
3 230
6 279
1 802
10 344
10 585
8 532
5 603
2 88
245 241
1 319
462 419
4 296
10 340
1 801
277 206
3 170
1 296
417 184
2 75
6 155
3 101
6 691
5 443
4 118
4 461
10 539
9 438
5 314
8 555
1 646
8 725
8 145
8 653
8 154
8 586
6 837
8 57
5 726
602 190
3 14
8 400
1 256
3 223
118 89
2 107
1 372
830 827
9 701
3 714
10 705
5 647
9 575
6 24
7 803
404 148
6 490
3 119
3 518
9 518
5 515
4 714
2 601
7 149
52 25
6 610
9 210
3 692
1 498
4 627
3 732
9 594
4 204
1 630
37 5
8 423
1 529
4 812
440 327
6 168
8 319
5 236
3 380
2 468
8 698
6 256
4 820
4 555
3 300
9 424
4 860
4 803
2 363
378 318
3 254
820 595
1 564
6 254
6 97
7 827
1 412
7 287
3 105
10 227
2 330
6 269
5 470
8 858
6 371
3 139
7 779
9 451
6 383
3 415
6 156
10 630
8 686
6 177
8 448
5 604
1 812
5 244
8 89
4 415
2 849
7 43
6 217
3 38
6 813
623 535
8 664
7 762
2 26
70 10
9 402
9 807
7 761
5 262
5 349
1 284
3 775
4 731
10 307
315 67
3 335
10 464
10 498
1 769
5 105
529 167
1 383
6 416
4 101
4 214
8 766
3 748
1 301
4 108
10 96
7 217
8 520
10 81
802 92
2 202
6 59
371 219
6 683
522 217
10 172
9 229
1 264
7 172
814 153
1 538
1 518
2 591
5 34
8 811
6 808
7 248
5 625
6 763
10 437
6 277
10 427
1 139
2 361
10 727
1 8
7 107
4 473
6 522
8 368
9 281
3 621
6 727
770 733
4 630
5 123
8 466
1 491
7 808
4 46
5 761
2 49
10 798
3 125
7 144
7 80
2 240
10 72
4 769
1 38
3 659
5 846
2 811
1 365
3 571
3 540
10 43
2 524
10 152
10 421
1 209
344 316
9 656
5 132
8 500
1 674
4 512
1 282
370 278
7 35
501 137
3 339
10 669
8 559
10 571
7 849
1 772
1 371
10 675
5 406
10 354
7 812
5 390
4 24
9 722
1 625
4 323
9 513
9 317
2 295
8 19
5 704
2 688
3 558
10 808
2 626
7 356
10 364
7 63
9 677
2 99
7 590
10 11
7 777
9 448
6 421
3 505
713 273
3 460
4 200
4 368
10 449
8 578
2 565
7 224
6 665
2 649
6 363
5 24
6 15
835 223
3 238
3 519
4 751
6 376
4 315
9 752
10 7
4 97
4 623
3 483
1 542
4 739
3 467
5 717
3 413
3 256
562 496
8 829
10 667
4 330
1 241
5 250
9 747
5 370
2 755
4 741
7 117
2 268
5 322
1 762
7 303
55 9
9 364
8 661
3 7
1 795
1 823
2 634
6 646
6 23
2 581
9 426
1 318
5 699
5 783
10 462
9 671
1 849
5 432
1 749
3 790
650 244
4 358
2 444
1 345
7 693
7 781
3 282
5 598
4 210
5 407
168 153
3 796
1 45
4 43
7 704
8 81
9 110
5 256
1 153
4 645
10 360
6 406
4 295
1 855
8 483
3 9
5 77
3 860
8 756
8 758
528 146
2 560
5 438
8 410
9 483
1 415
7 809
9 768
8 789
203 144
7 276
2 693
9 270
7 531
1 159
1 634
9 320
9 804
6 354
1 364
1 195
4 132
9 542
2 551
2 756
8 539
10 443
9 65
4 58
2 27
10 796
7 770
2 170
3 563
8 509
9 34
10 373
4 781
3 435
3 485
1 401
7 255
7 207
2 711
4 615
8 576
1 96
9 749
6 752
1 25
434 111
9 149
4 59
6 611
9 787
8 312
7 169
2 289
229 36
7 628
515 218
552 25
574 103
7 859
7 666
9 208
7 90
10 648
7 67
4 695
466 185
4 507
5 721
181 132
6 710
10 237
8 16
4 75
3 539
10 121
10 123
9 471
8 507
8 246
8 850
4 526
4 671
9 76
117 74
9 357
7 733
9 741
3 616
9 176
3 739
7 708
9 139
7 742
5 208
5 137
6 580
7 741
464 149
1 682
1 748
9 769
303 170
3 590
9 812
1 842
3 642
7 792
1 99
10 516
402 167
6 297
2 453
6 562
8 396
4 348
2 164
3 802
8 13
8 753
10 469
5 249
9 589
2 270
8 776
7 493
4 776
9 121
9 100
3 227
9 413
9 53
5 614
9 256
2 707
1 360
1 515
1 575
5 732
2 200
3 782
5 577
295 54
9 425
10 809
6 761
5 480
6 427
129 98
9 321
1 828
296 191
4 267
7 183
2 478
5 682
8 280
9 692
8 315
10 133
9 252
5 606
9 844
7 77
783 559
172 136
3 800
5 194
4 582
1 104
6 511
7 393
10 281
6 852
4 153
10 569
2 338
9 826
1 601
2 323
1 608
4 463
8 395
4 644
1 386
178 139
5 79
4 783
2 10
1 739
4 45
25 3
7 312
4 651
5 351
3 111
526 414
377 247
6 170
3 426
4 439
81 78
3 145
7 65
9 625
8 317
10 56
8 625
3 728
3 453
6 500
1 142
8 736
2 212
499 45
2 570
7 414
5 189
5 645
6 393
5 331
6 282
486 187
4 217
7 543
2 618
10 146
4 626
3 212
1 164
6 471
580 159
3 746
3 140
4 275
5 593
3 445
9 618
3 606
10 779
10 507
6 506
6 815
7 423
10 695
9 816
2 90
8 349
2 513
2 619
9 184
1 501
8 439
3 299
7 109
9 504
2 738
3 412
10 108
4 194
5 784
2 747
7 322
123 47
1 677
9 339
10 32
3 288
9 799
5 50
10 377
3 390
1 210
4 506
5 537
2 501
2 425
8 491
2 198
3 66
3 510
9 410
2 761
4 73
1 273
10 387
5 233
1 265
6 220
4 363
9 287
219 169
684 253
7 688
9 732
3 392
6 836
8 172
9 192
6 443
2 56
8 50
5 843
4 60
777 391
1 141
2 845
6 540
8 689
6 428
1 217
7 655
3 329
2 352
6 825
8 508
6 19
8 640
7 844
5 53
3 454
3 135
3 75
5 605
9 241
10 802
9 200
8 286
10 365
6 459
3 487
10 609
5 257
3 290
9 2
10 549
5 662
8 291
10 371
3 680
5 568
3 347
6 793
735 471
8 804
4 120
9 151
8 109
10 37
10 236
3 499
2 94
8 353
1 361
3 4
10 221
3 695
3 424
723 147
10 670
5 612
8 604
7 545
801 264
3 116
2 152
1 229
8 846
6 645
2 841
8 63
1 790
8 754
2 653
2 461
1 489
3 98
10 366
228 160
2 758
764 396
6 684
8 76
475 261
7 635
3 186
8 97
1 302
4 574
5 291
7 623
9 272
9 716
5 92
5 657
5 191
5 485
3 90
1 347
7 443
3 586
1 313
406 299
8 548
7 396
6 324
4 770
1 449
10 401
788 728
8 699
9 429
8 201
9 609
9 802
8 763
1 820
7 839
10 716
1 850
10 240
7 266
242 175
3 18
6 830
10 532
5 698
4 705
1 814
8 650
5 525
5 674
10 778
737 228
2 423
5 360
6 144
5 231
5 414
3 159
539 415
10 406
8 843
4 403
9 122
4 445
5 387
6 272
1 721
2 300
334 223
5 839
9 26
5 369
6 542
10 178
10 774
4 591
8 795
5 272
8 825
8 504
4 823
2 220
678 640
10 350
8 595
6 489
786 73
5 544
1 688
2 830
9 647
489 135
9 285
2 62
5 492
5 163
7 70
5 315
9 68
8 464
3 285
8 411
8 379
4 431
9 600
4 407
2 857
6 651
5 183
1 160
7 835
159 138
3 838
6 738
1 496
10 176
4 239
7 608
10 157
1 257
6 338
2 493
8 302
1 619
4 632
5 58
4 100
4 446
2 45
4 314
3 816
6 612
9 128
7 725
5 616
1 224
9 130
7 575
2 734
5 434
6 519
7 18
3 396
5 44
6 310
6 587
3 475
779 540
10 620
6 690
2 236
3 709
9 396
9 608
4 466
4 843
7 840
10 439
10 595
5 127
1 622
5 477
5 16
8 512
5 526
7 626
4 374
771 371
2 798
8 459
5 545
4 424
1 511
4 715
8 635
2 34
5 304
5 106
4 145
7 515
6 57
3 744
6 403
3 401
306 126
3 110
2 531
5 56
7 321
7 214
8 138
6 152
3 566
3 825
3 548
1 173
2 163
6 101
7 382
3 82
5 841
10 681
7 586
8 641
7 565
428 9
3 607
8 799
1 574
1 561
9 693
2 201
9 510
10 420
9 310
4 622
7 452
3 57
7 440
10 314
3 34
5 365
5 14
2 530
7 670
6 713
7 159
10 95
7 554
99 25
9 827
3 572
10 442
1 611
3 277
4 274
4 666
9 653
2 388
9 805
1 196
5 374
2 779
5 32
4 198
4 183
411 36
7 357
1 424
8 129
2 38
1 843
8 450
3 760
6 832
7 84
9 532
2 132
5 146
2 598
10 392
9 79
4 670
2 374
68 15
9 687
3 127
7 611
4 44
6 707
10 68
638 120
2 365
4 444
3 368
7 410
1 305
2 532
9 474
3 456
5 860
5 617
5 330
6 245
7 251
9 22
6 150
3 87
6 845
657 329
1 413
8 130
1 411
9 780
3 776
7 490
8 792
2 65
10 553
740 646
5 404
4 156
8 54
3 624
6 86
10 463
1 752
6 139
1 815
29 5
6 114
2 188
1 546
1 112
5 173
7 85
10 238
2 144
5 286
9 13
8 670
9 514
7 354
2 224
1 583
2 808
4 176
10 69
2 473
3 612
8 49
7 463
2 117
8 768
10 525
5 298
3 160
7 785
4 389
10 640
4 336
3 812
10 410
6 564
6 711
2 628
3 405
1 74
8 142
9 511
2 216
8 524
8 832
9 404
4 383
272 218
2 408
7 685
2 435
1 260
5 549
7 719
5 416
9 188
10 594
1 440
7 625
7 37
10 624
7 464
1 288
134 43
3 622
2 402
3 844
7 338
8 335
2 529
8 398
5 570
4 92
6 320
6 48
2 788
2 298
6 451
2 42
7 11
7 599
1 468
3 221
5 510
6 565
10 683
2 638
3 463
8 630
6 386
7 262
708 156
3 308
5 101
2 406
2 227
6 708
4 50
10 180
7 424
8 823
9 563
2 470
5 230
4 52
6 171
6 592
8 519
7 526
4 818
7 399
2 182
9 634
667 208
9 800
8 579
234 44
8 419
5 323
3 452
9 512
9 335
6 751
1 376
4 597
3 28
4 201
8 711
5 66
1 48
6 472
1 773
8 324
6 373
240 227
5 560
8 120
9 436
4 527
1 295
9 394
1 298
1 670
1 706
6 419
5 187
8 56
10 491
1 603
9 681
7 346
5 354
10 554
10 80
2 343
4 228
4 128
2 515
2 417
6 543
4 675
5 723
3 588
10 719
1 438
2 441
6 420
2 168
5 488
9 766
3 384
4 205
5 359
4 575
5 700
7 93
4 771
4 245
10 390
5 288
2 273
6 298
10 306
8 375
2 504
6 460
6 545
7 160
9 143
773 358
7 168
10 707
2 803
598 357
6 686
2 265
6 165
6 71
9 233
7 406
7 428
8 619
3 444
1 637
2 655
9 108
2 66
3 377
1 316
1 171
4 498
128 46
3 737
6 722
211 66
2 564
5 368
611 417
8 456
2 74
3 528
340 184
4 22
3 153
6 51
7 73
1 442
3 65
10 599
436 188
6 119
4 712
8 209
4 539
9 705
8 609
10 224
300 89
7 293
3 320
7 152
5 788
8 203
1 275
755 699
10 187
7 701
1 755
6 792
5 703
4 213
3 78
6 276
8 743
7 39
594 367
8 639
4 508
4 379
7 329
1 421
4 334
7 498
5 575
6 63
7 648
10 733
4 706
3 190
1 513
13 7
8 733
3 115
8 847
5 149
2 122
4 577
8 226
1 780
10 249
1 398
8 276
10 202
1 569
6 121
9 359
6 494
572 46
7 240
3 325
2 665
5 646
75 19
757 523
9 660
5 481
6 224
1 557
1 87
2 737
702 396
5 456
7 724
7 714
7 843
3 767
3 655
5 402
6 485
9 564
1 404
6 528
5 83
6 517
10 518
9 684
591 273
2 520
3 15
5 329
7 519
9 375
6 299
10 280
7 756
4 499
5 182
5 20
5 531
5 33
9 191
701 452
7 664
5 413
1 221
291 256
4 421
9 522
7 170
4 278
9 751
7 81
2 109
629 93
200 122
1 678
10 633
5 129
10 602
8 550
10 336
2 599
8 343
4 688
2 302
6 654
8 745
810 144
5 442
4 147
10 447
2 804
1 719
6 823
8 229
3 233
3 805
8 202
2 222
7 377
7 783
7 394
7 361
10 536
7 594
8 656
10 326
3 185
6 157
2 203
3 241
2 627
9 595
4 737
3 715
6 335
8 479
8 594
9 267
4 89
7 89
3 251
5 128
9 598
10 710
2 467
1 98
287 161
3 678
4 233
9 300
248 85
9 41
7 466
1 201
9 499
586 207
10 319
2 312
2 770
4 573
7 577
1 82
660 130
6 148
4 428
8 394
7 122
8 543
5 821
1 408
3 165
80 12
4 839
1 23
3 130
1 187
7 703
1 808
1 121
1 840
4 335
4 386
8 22
2 679
7 691
6 718
9 748
5 473
10 739
9 273
5 676
8 497
10 561
3 753
4 711
3 303
9 850
2 91
3 750
2 438
2 608
3 576
1 566
1 377
10 356
4 8
1 851
4 654
153 83
8 116
7 408
9 212
4 65
5 440
10 2
1 346
9 385
9 728
4 321
2 860
8 757
7 727
9 84
5 371
10 59
2 7
1 420
1 474
320 181
8 258
5 534
4 516
4 772
3 488
5 102
2 180
4 730
10 504
7 501
6 172
7 683
7 203
6 369
10 592
7 607
4 703
4 760
8 647
7 147
342 328
2 95
9 497
8 289
6 520
4 29
3 56
3 286
5 80
9 690
5 558
5 724
7 525
2 656
785 259
9 631
9 307
3 402
807 360
10 639
3 431
3 857
1 602
10 546
471 152
2 577
10 661
8 408
7 677
10 271
6 257
1 127
8 657
9 156
3 60
5 70
9 250
3 843
10 660
6 378
7 244
5 281
1 712
10 460
9 473
9 646
8 184
6 572
745 393
4 142
695 161
1 782
95 42
6 462
5 563
2 275
9 415
8 290
4 162
6 842
10 603
3 173
1 549
2 215
10 452
5 691
9 673
7 558
3 237
5 507
10 25
8 348
6 575
5 640
6 116
18 3
6 126
10 680
3 375
9 731
9 173
1 722
5 220
45 21
6 92
4 595
4 635
8 35
9 699
2 118
8 15
5 160
5 535
5 551
213 160
9 279
1 645
5 498
5 667
548 402
3 832
510 413
3 798
7 99
1 135
9 652
9 374
1 531
2 455
2 317
10 331
2 592
10 488
833 357
8 323
5 97
3 147
7 153
4 391
8 580
8 719
8 705
7 468
2 432
1 761
9 764
10 14
6 452
9 399
1 262
4 601
63 9
3 532
2 364
6 425
478 327
6 263
9 284
79 47
5 203
4 216
5 114
1 165
4 584
10 247
4 61
9 581
8 695
7 325
8 790
9 134
2 282
2 319
1 805
9 183
5 465
2 474
1 737
226 90
2 817
7 413
1 732
6 797
8 367
2 625
4 583
8 205
4 564
307 300
3 640
9 377
1 800
3 50
9 24
364 92
5 51
4 565
1 441
4 272
7 726
8 311
4 549
4 63
8 836
8 770
1 299
8 264
3 845
1 321
383 168
8 77
6 222
6 98
2 457
688 153
3 841
6 483
9 813
1 52
9 669
5 54
6 754
3 243
5 42
7 507
8 489
4 420
6 199
5 367
10 302
424 247
7 760
10 213
2 114
4 727
7 627
8 452
8 65
1 422
1 416
7 189
7 746
4 501
264 96
8 247
3 137
3 722
6 538
2 500
10 327
7 568
5 457
369 122
9 11
4 477
2 820
8 432
2 575
5 856
2 562
4 304
9 390
3 668
4 127
7 807
6 66
6 61
5 318
8 64
7 639
3 508
8 831
600 130
3 232
4 437
9 248
576 208
437 351
10 423
2 6
186 15
2 768
6 598
10 550
4 648
9 204
8 785
2 248
10 169
3 673
5 533
4 855
9 383
4 851
6 607
10 712
6 601
9 165
6 468
7 55
8 403
7 127
6 597
6 370
6 798
4 672
663 96
1 652
5 190
4 261
3 555
5 334
363 240
4 698
6 108
3 503
182 29
7 267
4 629
7 139
4 608
5 282
8 808
1 110
9 342
6 629
1 331
6 571
1 771
7 687
2 37
7 747
7 307
3 462
3 710
721 303
9 269
10 312
9 852
10 572
6 163
1 128
394 374
10 526
9 505
10 591
7 6
1 206
4 301
4 790
1 22
8 256
10 429
9 50
5 290
7 151
6 856
5 156
2 681
6 143
1 599
582 528
2 614
4 146
8 401
5 150
8 282
3 149
8 561
4 308
3 351
5 735
5 833
6 757
2 104
4 48
6 526
4 178
1 33
3 59
538 154
4 456
10 15
5 469
2 61
1 429
337 142
6 385
5 361
3 420
4 460
7 359
3 32
3 167
1 825
7 94
5 461
8 24
2 40
7 34
4 847
9 736
3 333
726 210
10 749
5 247
5 158
7 550
1 91
10 332
4 377
2 150
1 435
5 164
5 40
3 168
2 507
454 317
10 534
10 687
67 5
9 213
3 142
432 221
8 389
6 594
823 140
1 303
7 174
6 311
612 116
5 464
6 630
9 412
5 850
10 44
6 39
2 399
269 109
5 799
7 344
10 425
1 443
7 74
22 15
7 113
1 50
6 218
327 103
5 468
1 741
759 708
4 813
2 579
3 489
668 120
6 329
5 213
7 411
10 282
5 419
1 419
3 332
10 682
6 319
176 137
7 163
6 27
1 353
2 549
8 438
3 216
8 827
324 151
6 544
5 630
8 710
8 133
10 109
2 183
1 423
9 743
10 26
3 789
3 664
716 488
3 240
8 455
10 203
2 378
8 371
2 413
6 514
3 138
3 852
3 718
10 86
1 456
831 298
3 61
2 429
8 747
4 777
7 553
5 240
2 752
9 509
7 371
7 786
10 330
10 298
9 678
7 659
4 82
7 821
3 835
9 528
9 657
1 711
6 189
6 14
10 164
10 772
585 146
6 652
7 415
9 116
7 692
2 814
1 21
5 748
7 438
147 83
9 632
5 268
1 676
1 595
8 679
7 219
9 236
5 847
1 368
1 770
2 735
6 84
6 267
7 164
3 573
502 139
1 7
5 75
9 420
4 599
10 545
500 244
6 486
1 713
8 553
8 141
3 543
7 59
4 130
5 19
10 214
9 185
3 541
2 261
177 23
2 506
4 85
6 128
7 420
1 714
4 765
1 854
6 700
6 555
8 347
2 445
10 230
848 716
6 615
8 225
6 140
10 89
8 213
8 632
2 238
2 597
10 8
2 702
6 33
666 424
6 3
6 693
10 348
5 87
445 422
8 646
6 608
5 709
6 215
2 718
4 193
10 310
8 66
3 36
9 348
1 544
5 8
3 83
8 568
470 236
6 776
9 3
9 580
5 161
85 29
5 623
804 211
4 411
3 2
328 284
44 25
1 49
8 516
3 403
3 35
8 162
1 694
8 173
8 840
4 34
3 337
7 697
8 440
2 743
1 609
9 137
5 670
7 765
5 340
10 200
6 357
5 303
1 627
3 39
1 37
9 834
10 734
3 355
719 539
2 700
2 232
743 450
9 62
1 746
8 749
4 732
1 743
2 511
10 149
10 508
3 389
4 482
10 329
8 328
7 578
519 219
7 332
2 149
4 387
10 502
2 345
9 570
365 146
2 465
3 373
3 236
5 391
4 292
6 709
8 690
329 253
10 754
7 715
4 600
8 149
10 17
2 668
3 645
57 46
10 436
9 469
273 269
2 559
7 296
6 806
9 347
198 65
9 427
4 837
6 287
8 70
9 398
96 82
10 641
1 541
3 831
1 753
3 652
9 529
7 327
1 550
3 799
3 721
9 141
787 473
8 150
5 65
8 460
9 245
2 39
6 731
1 639
3 19
6 255
1 16
7 680
6 348
1 403
2 103
1 130
9 217
1 733
4 402
468 180
2 456
8 633
6 323
150 129
5 765
6 89
1 461
1 172
10 141
6 249
65 20
442 241
433 13
4 607
10 53
8 717
1 15
4 545
5 437
7 333
2 726
5 397
8 204
6 182
8 390
8 111
5 126
10 342
2 497
4 634
3 801
2 751
6 44
2 360
5 396
828 699
3 158
48 18
1 233
4 585
2 778
5 366
5 471
9 127
7 487
2 253
8 574
7 745
9 103
5 285
683 29
4 673
6 173
8 385
7 682
8 58
2 82
2 332
4 796
9 638
1 523
2 305
8 139
4 854
756 179
5 284
4 5
6 671
8 724
6 64
9 774
5 41
5 518
2 358
5 232
4 523
4 519
2 313
5 777
509 48
4 846
1 58
435 312
1 642
9 698
8 252
7 286
6 112
2 196
6 638
2 13
10 411
8 416
8 683
4 547
7 38
3 169
9 808
9 520
7 239
2 280
4 569
6 591
1 744
3 387
239 87
2 394
10 370
3 820
6 288
3 220
6 498
2 674
10 361
2 167
1 672
4 185
4 618
3 761
8 296
5 713
10 269
3 669
4 707
8 428
8 373
6 95
10 147
3 585
7 306
6 553
8 51
762 546
1 147
2 387
77 70
6 206
8 157
6 764
2 460
5 572
9 125
10 343
2 846
4 393
8 782
5 586
3 126
2 304
4 238
1 585
2 12
825 233
8 110
10 601
7 8
4 262
72 61
10 457
550 525
6 226
50 12
9 154
7 324
9 146
2 428
1 309
4 525
4 208
5 643
5 502
1 650
9 235
7 135
7 854
339 110
5 455
1 500
5 587
9 88
4 279
6 760
7 150
709 42
829 282
2 321
3 777
7 516
2 543
632 234
2 231
5 223
5 483
2 369
731 627
730 633
5 583
66 47
796 408
2 760
5 152
5 287
9 639
4 788
7 389
9 54
1 635
7 119
1 536
9 366
8 361
347 77
7 641
610 525
7 451
4 371
6 779
10 787
5 429
2 420
4 744
3 358
3 702
8 445
3 441
7 472
9 189
24 16
1 151
5 175
39 17
573 95
10 19
4 815
10 613
8 814
1 125
5 269
1 175
3 784
5 176
7 345
7 813
6 194
3 318
717 16
9 617
2 314
7 512
4 757
8 644
2 566
3 637
5 273
8 165
5 641
1 837
6 449
351 197
1 281
10 783
10 724
10 692
9 636
8 153
4 170
5 744
6 375
5 130
140 49
5 478
4 736
8 159
3 666
1 428
1 490
5 771
6 491
7 125
4 802
2 782
2 672
7 817
10 811
5 307
1 396
812 586
5 104
8 61
9 112
2 92
3 310
9 726
3 446
3 346
5 91
2 229
4 319
10 605
2 794
1 841
2 284
10 794
5 29
8 407
4 32
3 44
10 209
9 42
8 292
2 418
2 459
3 670
6 811
7 776
9 171
9 179
4 571
8 241
4 378
7 336
10 608
1 774
9 603
7 369
10 689
1 197
3 225
3 603
2 744
9 485
6 423
2 606
5 753
9 226
6 153
4 110
6 75
285 136
2 115
5 306
8 126
9 548
6 69
658 249
10 33
6 402
8 421
4 419
9 211
10 414
1 402
2 703
4 429
2 796
2 225
7 699
5 197
9 637
3 23
5 817
1 161
10 784
2 53
8 45
3 725
6 609
8 425
4 652
10 547
15 9
3 478
10 697
9 560
7 583
6 799
4 496
4 822
487 216
6 342
7 124
9 502
10 597
9 466
813 180
6 388
2 643
10 698
7 213
9 666
7 215
8 608
1 186
5 849
171 92
3 58
212 93
784 343
1 735
8 187
5 762
682 109
3 683
654 47
10 129
3 772
9 824
3 641
10 103
1 310
1 300
9 601
1 94
4 791
3 829
4 66
10 665
6 145
9 170
5 840
3 697
9 343
5 708
4 79
3 357
3 302
1 715
9 782
2 148
9 51
9 353
10 405
2 70
2 544
430 295
10 490
6 1
4 447
6 154
9 626
1 238
2 31
758 62
2 588
8 267
6 724
10 64
9 240
1 39
6 364
9 87
2 43
2 859
452 242
10 41
10 60
2 277
188 14
691 150
4 157
3 535
9 841
1 163
220 146
6 52
8 329
10 334
4 115
9 822
9 831
1 631
8 303
9 20
2 71
10 531
366 175
10 450
9 665
7 483
5 140
5 648
4 116
2 173
6 318
2 835
7 282
4 792
8 232
5 730
3 40
8 528
4 53
4 332
7 249
6 712
3 264
5 837
6 551
35 13
4 576
3 690
5 248
158 70
9 43
9 18
6 136
3 195
3 187
5 392
5 642
2 546
7 518
4 740
1 234
3 823
635 374
255 227
2 93
2 609
6 788
648 463
8 20
4 828
8 654
9 605
9 25
10 430
2 281
6 7
8 304
7 547
766 15
5 88
8 415
2 585
5 100
331 52
4 10
5 332
10 625
9 649
6 431
8 318
4 798
10 568
6 742
3 22
2 451
10 557
3 367
10 311
3 663
8 158
1 785
4 36
6 569
8 362
4 155
7 236
6 111
7 417
5 743
3 779
2 489
4 253
5 289
9 531
5 271
10 810
8 692
8 233
106 53
9 164
8 841
7 763
5 321
9 6
1 816
3 226
2 156
10 177
3 582
9 379
6 715
10 646
1 791
7 61
4 824
10 747
4 721
1 824
10 191
5 13
7 633
9 114
3 726
8 655
4 313
6 118
7 310
5 601
3 439
6 735
4 709
8 156
7 233
8 402
1 395
6 743
1 292
6 326
551 188
4 786
4 832
10 715
5 782
5 188
4 206
1 600
3 686
206 16
4 109
8 566
196 50
7 264
2 252
1 212
3 550
6 786
4 124
9 292
4 310
5 181
8 123
4 28
7 798
9 530
3 552
7 857
10 658
10 782
252 15
6 518
10 484
9 835
6 697
3 703
3 740
1 793
1 63
1 685
10 264
578 458
9 553
3 180
1 444
6 62
9 713
794 472
6 578
5 857
6 557
9 81
1 322
2 541
8 112
5 309
10 313
9 729
5 851
3 685
7 637
6 816
5 579
3 196
10 562
8 382
10 746
1 414
152 131
6 325
6 196
2 838
3 365
4 376
5 352
763 298
6 676
9 198
4 438
3 515
9 661
6 582
2 175
1 84
5 35
367 295
3 16
8 442
733 579
10 402
2 630
4 436
6 93
3 770
7 104
3 811
3 742
7 752
7 302
3 79
426 236
10 389
5 63
4 331
5 266
4 476
8 176
3 123
1 475
6 73
7 729
3 77
8 206
671 503
8 833
1 448
8 623
6 290
4 184
7 196
7 76
62 47
3 524
3 581
534 175
6 365
1 220
10 730
10 650
4 495
9 447
9 860
5 789
2 430
2 850
7 167
4 39
9 23
10 758
3 840
3 296
7 584
653 371
74 19
6 96
6 656
7 268
7 458
9 36
5 800
10 477
6 473
3 834
5 9
1 232
8 620
8 269
5 375
6 574
1 28
1 605
10 714
1 665
7 596
1 356
1 409
5 835
4 589
4 669
9 572
6 233
1 804
2 108
10 174
3 493
6 273
9 265
1 325
5 342
5 21
9 614
7 72
141 126
6 377
8 688
2 535
8 250
3 560
467 301
9 113
1 745
5 672
1 431
1 190
8 6
6 193
4 850
9 464
8 249
8 220
5 1
2 816
6 595
5 852
8 180
506 256
556 129
10 272
8 723
6 839
2 786
752 99
3 751
1 716
4 535
699 170
5 632
8 374
10 140
6 100
7 290
32 27
5 565
4 364
3 854
3 687
5 11
10 693
587 134
821 45
9 17
6 860
3 100
10 143
4 471
10 593
1 606
2 84
4 294
1 276
5 204
10 635
3 597
9 783
4 360
7 29
2 745
4 276
1 533
593 129
2 528
7 179
6 435
4 718
10 363
10 358
5 316
739 484
10 735
1 13
5 192
7 739
9 615
9 216
8 471
10 286
2 580
47 1
3 696
2 293
9 516
2 716
8 283
7 523
6 55
1 46
1 5
6 777
3 839
3 287
6 820
9 790
5 493
3 67
6 169
1 473
8 239
10 678
9 470
664 336
1 185
5 706
2 101
451 76
8 462
3 342
3 595
7 816
714 38
4 320
5 858
2 851
1 632
1 341
7 198
2 297
3 649
6 717
9 61
3 657
10 13
4 785
7 305
712 445
3 536
707 192
7 771
9 177
2 466
2 143
7 91
262 225
8 278
4 733
6 814
1 134
4 102
2 683
9 354
2 749
9 397
2 607
3 826
3 209
247 79
5 694
2 708
5 325
10 642
7 32
9 635
7 277
115 82
7 775
8 322
469 440
6 345
4 710
3 653
1 594
4 454
1 70
7 436
4 114
6 16
10 16
4 20
1 811
8 426
3 207
7 571
6 593
5 633
348 85
6 737
5 532
843 436
2 450
6 474
5 687
9 543
9 568
274 236
2 471
7 9
4 412
557 201
5 467
10 617
485 28
1 537
3 397
8 429
6 730
5 84
2 130
2 484
9 558
10 431
4 111
1 391
2 226
9 760
9 777
2 499
1 539
8 663
9 47
3 704
4 484
10 519
1 493
725 425
4 187
4 773
4 611
4 221
2 809
9 352
1 690
9 341
5 756
2 480
1 380
8 87
4 250
497 173
7 205
9 855
5 403
7 657
2 44
7 5
1 654
5 826
512 471
7 638
9 199
1 543
1 113
9 316
2 729
9 152
180 169
4 808
2 813
7 711
8 726
9 280
3 496
1 227
1 407
7 576
4 78
6 778
681 203
3 315
6 822
7 142
10 67
560 358
6 353
56 7
7 620
9 650
7 517
6 159
9 400
5 725
6 682
5 479
7 51
4 779
7 569
1 115
5 715
6 450
7 295
2 395
577 90
7 560
4 441
9 358
1 486
2 125
146 132
5 769
1 418
5 792
7 71
5 237
9 718
1 617
8 160
642 480
7 200
2 771
6 780
3 361
8 372
8 842
9 592
5 536
5 791
2 670
9 274
4 692
7 722
4 342
5 108
8 285
8 751
8 341
6 404
1 655
2 28
5 317
3 148
1 507
9 380
5 119
483 31
8 538
8 143
10 375
7 529
1 764
3 283
3 313
4 160
7 488
6 395
2 179
3 370
3 661
4 333
791 682
4 457
5 582
7 448
6 207
2 548
7 822
6 677
2 648
7 619
3 516
9 848
5 405
10 362
9 796
10 623
8 469
1 586
9 135
9 770
2 325
10 6
9 360
6 741
3 234
9 325
6 271
4 502
5 596
7 366
7 383
10 654
805 769
4 384
6 444
10 517
1 397
6 463
1 535
4 817
10 598
4 404
10 634
4 219
6 493
3 630
5 460
4 845
8 612
441 237
9 779
4 265
7 120
2 80
8 190
7 45
1 31
2 802
8 499
4 728
238 135
9 194
2 146
9 367
8 816
7 187
2 326
2 567
7 467
5 436
751 519
7 53
2 676
8 772
3 112
8 694
4 637
8 718
10 45
6 787
1 584
71 62
1 548
8 36
8 554
10 352
4 726
2 258
8 307
1 827
2 112
10 150
1 219
9 591
1 250
9 772
9 296
7 26
1 725
455 397
10 458
10 188
3 429
2 436
2 650
6 802
101 51
3 564
1 243
775 329
1 579
1 687
4 297
4 324
6 477
9 819
4 811
3 278
704 632
6 162
495 2
7 492
9 142
9 756
4 154
319 238
4 316
1 689
3 5
9 434
7 753
1 83
1 340
3 31
6 124
5 151
3 217
5 18
8 350
346 58
4 713
8 819
1 29
2 269
3 525
6 627
1 775
9 172
772 622
236 104
119 116
10 445
231 9
1 426
2 605
9 174
9 574
9 40
5 59
2 777
8 164
1 327
2 687
4 452
4 139
10 564
2 479
8 217
8 181
6 729
9 754
9 160
7 409
8 597
9 750
453 165
6 805
6 208
5 781
2 647
8 104
3 27
4 840
8 18
9 38
8 774
584 202
1 662
10 337
4 481
6 83
1 336
2 249
5 486
6 573
1 669
2 400
4 56
5 787
3 132
6 445
9 73
6 303
4 38
10 480
7 676
8 771
290 9
5 719
2 404
9 738
8 223
2 815
5 297
9 15
2 644
9 295
7 218
7 743
9 843
1 154
5 654
10 268
2 286
9 370
8 331
4 696
8 740
7 398
7 718
5 209
8 517
1 479
6 315
8 837
4 392
4 856
4 41
9 330
9 695
2 349
3 758
3 47
10 428
10 413
2 384
837 530
2 698
1 315
5 226
179 89
2 245
5 701
6 350
6 461
10 124
10 198
9 541
9 322
9 202
6 410
694 176
7 435
5 679
9 249
8 502
19 7
7 360
2 155
5 245
5 447
162 61
6 238
305 214
6 632
9 261
6 382
4 800
9 559
3 330
3 795
9 333
626 529
8 834
8 765
1 18
9 715
5 135
6 681
854 652
3 171
7 588
431 69
399 296
2 256
8 849
2 342
3 551
3 851
2 522
8 377
706 201
9 181
4 179
6 833
2 705
2 329
7 334
5 381
7 824
7 445
8 571
8 219
10 528
4 343
1 572
5 611
1 205
3 788
6 496
7 342
1 759
4 218
6 835
410 69
8 211
9 268
6 774
4 475
5 476
7 720
330 92
6 205
5 39
1 576
8 260
2 278
1 239
1 293
652 332
4 665
10 333
6 304
190 120
10 742
4 417
855 700
4 435
9 311
494 32
2 318
2 309
6 10
398 110
5 3
69 5
6 309
297 246
8 697
34 8
1 76
673 437
10 812
10 522
6 358
4 280
4 827
10 130
4 263
2 858
283 72
734 406
3 449
10 412
4 212
9 667
2 485
583 461
8 626
2 3
6 482
742 635
517 408
5 580
9 131
9 207
4 291
9 271
2 409
5 343
3 327
8 481
5 243
5 221
9 371
2 336
10 700
8 443
5 372
3 344
3 495
2 833
4 365
6 130
4 814
8 28
3 198
10 709
9 454
10 671
3 684
10 182
7 629
6 401
9 368
2 654
1 747
345 34
8 60
6 499
679 116
7 126
10 394
4 842
3 743
10 151
2 682
9 555
1 286
9 484
6 237
10 73
7 482
7 68
3 658
10 632
373 209
5 638
7 502
10 65
5 89
9 624
6 11
2 844
293 251
8 393
7 758
7 87
10 142
299 133
6 513
460 429
10 162
6 678
1 680
3 701
7 298
7 630
9 495
2 310
10 759
447 195
2 311
8 615
8 127
7 252
9 854
1 597
2 177
3 633
7 497
5 751
1 203
8 340
108 22
1 723
631 572
748 447
859 455
3 48
3 37
9 119
3 438
5 527
9 437
61 50
5 548
9 180
4 801
3 354
9 610
2 381
9 833
1 509
3 601
10 576
3 785
9 293
6 210
4 93
8 492
5 120
7 12
7 402
5 806
249 216
4 231
5 728
7 855
6 568
7 702
1 271
3 754
4 367
641 196
8 48
7 232
1 848
4 684
2 366
5 115
2 710
5 824
3 13
553 446
3 356
5 644
6 49
5 466
3 391
10 775
8 750
1 726
10 320
5 327
10 588
3 842
3 81
9 441
3 837
2 22
1 446
851 17
2 709
10 235
10 20
5 198
6 347
7 850
3 613
3 64
4 621
5 380
250 216
655 550
10 656
2 1
3 215
9 612
7 462
491 446
3 530
5 718
10 134
8 704
2 483
170 31
5 519
8 613
4 18
1 651
9 680
498 467
9 363
1 618
260 241
10 655
3 534
6 18
9 166
1 657
4 464
1 794
6 563
8 773
2 137
3 533
1 351
9 145
8 818
2 822
3 480
3 73
5 110
5 622
2 742
10 523
3 522
10 201
778 539
10 438
4 266
1 118
2 714
9 105
9 453
5 819
5 117
6 289
9 845
4 209
358 217
6 251
6 301
4 524
10 76
9 709
2 133
192 63
4 51
9 784
4 425
1 568
4 784
8 236
5 561
4 251
3 830
6 659
1 466
8 175
1 355
676 318
10 168
10 551
6 755
4 557
634 118
4 515
8 672
10 448
2 411
142 57
9 92
4 753
9 606
6 317
2 774
6 855
686 103
7 407
8 784
2 519
10 524
8 807
4 745
9 346
9 488
10 563
4 831
7 1
4 299
4 592
9 158
3 578
5 206
2 306
3 665
1 640
4 520
852 642
5 166
8 284
9 328
4 427
2 806
3 756
1 728
9 562
8 490
9 66
10 376
4 678
7 283
1 835
5 430
1 280
7 605
7 764
6 68
809 689
8 764
1 270
3 611
10 128
7 209
6 72
8 755
7 455
9 663
8 370
3 95
569 369
8 228
3 428
2 403
8 40
7 804
5 752
7 111
4 277
2 255
4 685
2 244
665 415
2 508
9 496
10 636
3 369
4 642
4 805
7 574
6 469
9 222
4 355
232 91
4 487
5 595
8 556
10 399
2 151
1 362
5 736
4 661
6 327
1 683
9 93
6 436
6 78
4 106
9 487
9 315
263 24
9 696
223 43
5 653
6 606
4 307
6 164
131 43
1 155
6 294
2 443
4 31
10 408
10 382
7 647
4 175
10 285
838 310
7 362
3 96
1 734
615 146
8 152
7 412
3 492
1 763
6 728
10 232
2 398
7 707
2 622
1 508
3 117
6 507
2 405
7 684
9 613
3 575
5 613
9 851
6 531
2 283
8 720
795 757
6 532
9 859
9 251
3 458
2 545
10 102
2 494
418 118
10 35
6 736
624 158
1 860
858 645
10 120
3 378
8 572
6 43
700 356
7 256
1 226
1 202
5 355
189 2
10 40
4 725
5 62
4 84
3 144
100 4
7 258
6 533
4 247
3 252
643 342
360 37
5 205
3 293
311 228
4 699
3 482
5 639
5 144
2 206
6 827
9 507
4 472
1 304
6 331
9 378
5 178
2 812
672 551
9 242
10 122
1 148
1 344
10 478
10 255
6 495
5 116
4 679
7 66
7 572
5 838
420 372
4 563
6 745
9 70
130 18
1 312
7 622
10 4
3 477
5 25
3 385
3 353
8 424
9 27
10 631
5 458
2 354
6 306
215 103
7 732
8 55
143 71
1 392
3 155
7 347
5 681
3 490
110 6
7 353
5 820
10 600
6 515
4 42
6 725
8 17
8 738
3 699
5 795
10 529
2 514
2 576
7 351
2 259
2 380
5 49
6 570
6 706
2 595
8 330
1 727
7 178
7 22
3 107
6 270
5 389
4 658
10 246
9 686
5 705
1 710
8 444
5 275
4 764
692 549
9 344
6 577
6 247
656 621
8 414
9 619
7 69
9 734
8 82
7 279
4 244
3 716
2 731
1 78
9 856
9 234
732 35
10 704
10 294
6 702
6 527
3 809
3 411
5 37
1 62
1 540
2 767
1 730
1 857
2 717
10 233
4 326
10 9
3 526
2 172
618 392
3 724
2 190
5 61
9 590
10 619
4 86
9 460
8 702
537 413
3 849
6 512
2 36
31 27
8 1
8 828
4 809
1 437
3 199
5 214
8 522
2 800
9 428
7 10
630 150
10 616
6 579
1 79
7 548
857 274
9 821
7 374
7 390
3 627
4 775
4 459
9 793
3 502
3 455
8 198
4 640
9 582
568 138
5 591
270 153
6 230
10 791
7 582
3 527
8 767
271 264
7 154
3 574
4 148
644 570
217 142
3 651
9 654
6 821
1 289
5 574
2 382
3 567
10 535
1 53
6 649
5 454
10 694
6 221
826 743
2 496
8 338
1 570
5 445
7 350
10 267
7 58
532 352
749 685
7 513
4 15
2 386
8 714
7 846
7 13
1 269
4 655
6 102
1 387
10 297
8 806
8 106
8 310
3 43
9 60
9 309
3 399
849 182
5 308
4 405
124 105
10 12
7 837
9 351
4 243
9 283
3 131
6 192
448 312
8 735
7 422
4 636
3 360
7 36
10 590
9 525
3 846
449 122
2 303
4 173
4 559
7 41
7 446
792 552
8 268
9 550
2 712
472 84
5 358
606 194
5 43
9 556
210 50
9 659
9 206
2 389
4 49
10 63
2 463
6 829
1 211
3 265
3 856
6 265
1 817
4 567
7 437
2 677
7 660
8 472
3 284
10 433
4 126
4 300
7 615
9 463
5 770
10 283
8 700
4 388
9 95
2 339
8 665
3 151
8 3
3 648
7 559
7 563
90 33
8 420
7 274
2 431
6 46
7 60
10 471
8 514
7 609
4 167
3 30
5 139
493 475
2 266
10 574
6 8
1 69
8 708
314 275
3 418
10 567
6 849
9 150
7 165
9 803
3 348
10 293
1 534
5 338
6 433
6 250
5 602
9 133
6 149
6 859
6 558
9 472
7 177
6 516
1 129
2 397
9 187
8 701
3 177
10 481
4 580
10 432
8 115
6 604
2 8
7 386
6 312
86 70
6 623
7 671
8 638
7 534
309 63
2 376
5 229
10 90
4 242
5 459
5 773
400 125
4 98
8 383
6 56
3 580
4 77
1 335
304 57
4 125
7 186
7 469
1 170
8 224
5 566
4 537
4 351
7 193
6 125
4 222
1 668
9 414
6 596
390 19
3 734
10 805
2 174
10 521
6 127
3 414
4 774
10 83
4 680
6 261
1 399
5 610
10 291
4 628
561 172
2 825
1 222
2 571
9 109
9 148
7 250
2 713
8 716
2 652
518 87
1 667
10 316
525 102
6 9
2 635
5 113
10 688
1 252
4 612
7 700
10 559
282 160
10 628
7 640
9 313
8 376
4 131
7 226
5 252
8 606
259 213
9 759
261 56
2 316
720 716
4 339
1 460
4 226
750 600
7 235
2 828
1 809
10 684
5 393
7 499
6 239
9 421
6 701
3 676
4 458
3 128
2 142
4 328
3 304
5 571
3 596
3 647
7 416
7 645
7 730
6 791
280 241
2 486
8 248
8 562
10 723
2 237
744 167
4 534
3 523
4 382
6 45
4 105
6 484
5 193
8 855
1 847
5 737
7 591
7 16
8 84
9 16
8 527
10 368
7 23
7 589
4 400
816 751
14 3
4 518
1 559
2 533
7 370
1 478
2 322
2 291
4 11
646 488
7 365
414 130
9 593
696 456
6 537
5 585
4 373
9 129
9 411
5 341
9 700
8 186
207 69
8 822
4 505
3 506
3 11
3 712
8 674
3 617
10 27
9 319
6 390
7 372
1 108
4 72
1 615
1 253
8 293
4 467
9 30
8 75
1 204
5 707
6 458
760 626
7 368
3 338
5 567
9 724
8 542
3 203
2 795
9 19
10 353
9 175
8 860
1 620
2 290
444 220
846 287
8 430
8 587
7 210
728 461
8 805
3 242
5 185
3 787
1 43
5 727
5 345
7 573
10 383
6 384
9 195
2 440
3 297
3 270
6 368
2 113
1 294
8 451
5 495
4 587
2 769
9 446
9 102
9 794
3 547
380 336
1 616
1 192
3 51
2 475
4 283
3 781
2 285
6 664
6 381
3 97
3 792
6 453
4 643
6 191
3 17
3 366
10 355
8 369
7 791
4 522
9 602
6 201
9 508
1 471
6 733
5 422
2 633
322 211
9 789
1 558
4 394
5 853
5 78
8 775
6 521
1 267
6 466
221 32
8 166
5 143
9 703
4 306
2 818
10 158
10 575
9 387
8 105
1 75
7 202
5 86
3 301
10 496
6 151
2 294
4 838
4 617
7 433
4 406
841 384
2 582
10 459
3 178
3 614
1 784
4 236
9 63
2 720
3 29
4 691
3 486
544 359
2 492
2 525
7 695
5 95
5 651
33 23
6 134
2 426
5 155
4 641
1 208
10 540
3 688
7 796
4 548
2 746
9 350
1 445
3 259
7 538
2 353
7 432
5 624
10 788
4 237
4 682
2 616
2 250
1 80
9 77
4 55
6 332
6 502
10 339
6 396
10 538
5 418
10 662
2 502
8 687
5 513
5 449
1 799
4 782
5 500
6 448
10 763
5 90
313 210
2 191
5 496
2 827
5 529
2 379
10 173
9 48
265 13
546 37
9 727
5 219
7 567
5 300
5 794
10 803
1 291
8 531
4 531
7 643
9 648
8 583
6 394
3 200
8 681
2 162
4 687
3 74
8 218
1 467
7 665
4 181
8 797
9 675
9 193
8 161
1 106
6 699
10 100
4 71
3 249
9 578
9 294
3 12
7 579
2 772
7 82
4 211
5 26
2 636
3 773
1 776
2 351
4 570
10 105
2 308
2 539
4 340
6 424
8 316
5 333
5 295
2 370
2 401
7 485
724 680
3 191
5 772
4 700
9 552
10 664
609 540
1 457
3 631
3 210
2 357
3 201
8 34
7 450
1 717
2 696
9 461
7 391
9 569
2 121
5 279
8 101
7 642
1 81
10 770
8 117
7 429
9 838
3 122
7 230
4 742
9 433
5 96
7 246
9 737
7 495
8 243
5 448
7 828
10 315
10 270
2 372
3 291
3 466
1 524
10 132
5 169
7 141
5 557
2 116
5 609
4 789
5 207
8 7
8 266
10 346
9 301
1 307
7 731
9 381
7 404
10 743
10 729
10 555
10 322
4 149
9 214
10 210
9 725
9 467
9 689
4 488
9 388
8 320
1 35
7 509
5 484
1 551
127 47
5 636
10 690
10 274
4 258
10 205
10 46
8 358
8 857
2 157
8 68
4 470
6 158
9 524
6 231
8 251
4 337
6 259
4 370
8 179
540 346
10 612
10 276
7 314
2 260
8 812
8 480
2 217
3 307
9 80
6 599
2 299
1 369
8 473
10 446
6 25
484 415
7 734
120 50
278 65
1 390
4 561
5 517
10 301
7 825
3 150
4 189
1 237
2 685
5 4
8 356
10 335
7 679
1 591
4 490
1 699
5 763
2 76
2 320
10 417
7 459
5 258
3 88
2 60
8 645
10 717
3 55
1 492
5 170
2 593
4 191
5 740
10 372
9 465
6 414
6 133
7 535
7 851
286 43
6 613
4 593
9 35
9 477
8 761
10 738
6 768
1 656
8 447
9 362
4 656
3 42
6 758
5 588
2 412
6 344
7 514
8 384
4 787
2 234
6 160
8 547
3 54
10 673
4 83
8 107
10 713
1 268
3 491
8 558
5 665
10 113
4 807
9 704
5 64
5 556
354 117
8 405
7 175
10 511
10 156
4 25
2 852
8 118
3 133
3 166
4 743
6 240
1 604
97 85
1 89
10 23
173 140
10 48
2 477
3 316
4 286
10 740
412 122
5 589
1 789
10 254
9 489
4 594
2 458
2 657
4 647
10 638
389 18
7 601
10 260
8 155
4 453
10 165
9 329
10 351
8 83
10 696
7 30
446 390
1 26
5 357
2 855
4 479
1 54
7 717
10 731
9 740
1 483
6 525
10 50
10 520
798 409
5 600
10 119
5 196
6 214
9 643
10 726
4 449
2 373
10 341
1 822
1 77
7 631
7 829
4 249
6 674
1 259
7 234
1 101
4 554
3 70
3 803
7 585
4 613
3 859
2 391
1 272
343 251
5 217
1 504
10 159
3 693
10 39
2 52
1 806
2 194
5 688
7 788
4 729
3 363
7 197
1 691
4 550
10 309
6 667
8 199
107 50
4 88
5 590
10 785
7 644
1 554
2 629
416 103
8 567
8 637
7 738
3 813
6 361
9 232
7 510
8 321
8 588
4 720
5 85
6 625
4 532
9 186
10 197
7 447
7 431
9 101
8 136
3 682
4 69
3 635
7 769
6 723
2 324
588 356
6 685
4 215
8 570
8 525
1 577
8 629
3 381
4 639
4 853
8 96
4 676
4 303
8 98
3 408
8 777
4 74
3 433
571 441
824 586
8 281
741 265
10 241
1 342
4 311
8 463
789 608
5 635
5 798
3 305
3 745
1 593
7 536
7 484
7 672
2 355
1 497
3 222
1 648
3 120
6 497
9 565
6 356
353 248
1 499
6 367
5 656
8 496
10 400
4 857
1 60
1 751
10 54
3 769
4 841
3 326
8 798
9 99
10 806
3 808
2 661
4 663
5 520
6 314
5 382
9 168
1 758
5 274
10 211
1 119
1 830
9 538
10 106
3 608
8 42
2 509
355 71
2 64
811 32
9 498
5 631
3 26
4 489
2 134
1 633
4 168
10 544
8 314
8 177
8 192
4 165
2 651
2 596
9 318
10 98
6 784
7 520
8 427
5 626
4 657
10 117
6 653
7 767
2 586
3 211
7 49
2 419
5 60
4 633
8 721
1 240
10 299
2 272
10 753
4 830
4 795
8 207
806 740
6 398
4 224
10 781
677 142
5 739
104 83
7 108
3 136
2 663
7 243
5 805
8 557
163 115
1 323
8 746
76 17
10 75
7 31
5 239
3 500
10 737
227 139
4 366
7 309
6 389
7 552
8 526
2 83
7 748
5 720
9 642
4 385
6 703
5 162
114 112
10 577
10 537
6 782
7 706
6 229
3 731
3 218
7 606
93 65
51 26
3 824
2 660
422 323
4 552
4 137
5 711
3 1
5 677
1 131
5 697
3 92
8 79
4 234
3 423
2 89
2 446
9 117
8 182
7 789
5 750
9 604
6 759
5 362
8 238
7 649
8 793
8 449
2 741
9 682
214 191
4 767
10 321
1 459
8 78
151 16
6 188
1 589
4 159
438 85
1 41
10 183
2 610
8 851
7 831
3 406
2 600
43 41
1 42
4 171
3 298
5 627
7 397
10 395
3 819
4 835
7 79
116 34
5 363
8 301
5 810
2 784
2 637
2 706
105 96
5 124
8 185
6 387
8 648
2 523
6 475
1 218
6 258
9 337
5 299
8 53
7 75
2 415
2 516
9 223
28 17
524 204
10 184
7 686
3 219
5 511
10 234
3 421
3 514
156 121
1 306
7 352
8 417
2 552
1 587
6 113
5 680
1 388
10 404
1 821
7 95
9 203
7 331
54 47
7 206
7 557
3 176
5 834
10 374
5 251
4 717
4 232
8 802
542 39
4 151
2 350
6 831
2 611
7 698
9 91
8 208
1 516
6 508
3 172
7 349
1 244
3 806
1 145
1 738
6 242
9 449
2 186
6 819
6 400
3 245
4 793
7 674
8 693
10 629
10 506
3 521
5 453
729 11
2 396
7 308
1 213
6 195
1 798
4 521
9 215
2 834
10 21
9 616
9 480
8 171
2 124
8 599
1 150
9 490
3 778
9 243
7 385
7 823
5 234
5 167
6 399
1 385
2 558
439 375
7 47
4 57
6 142
4 17
126 35
1 578
6 176
10 193
10 328
2 550
6 103
8 47
4 758
7 115
10 47
5 494
3 364
5 171
4 708
10 79
10 679
10 66
5 813
2 449
5 431
5 36
7 723
10 226
6 264
6 26
2 765
3 544
9 576
7 489
4 602
8 441
7 48
7 621
9 633
7 801
10 435
9 276
326 152
5 628
10 91
10 154
5 693
8 643
401 206
2 315
1 836
3 183
8 391
5 597
1 337
10 548
10 745
527 70
5 664
338 321
8 592
7 301
5 278
6 605
1 249
2 701
4 797
1 51
2 48
9 244
42 13
6 762
4 738
7 773
7 713
9 31
144 120
4 14
2 736
5 15
3 143
9 82
9 418
2 341
10 388
2 517
10 653
10 756
5 280
298 38
5 786
3 312
6 851
5 242
10 587
5 804
5 350
6 740
6 418
5 264
2 527
4 26
6 70
3 494
7 269
10 487
4 649
8 575
183 151
6 296
4 182
2 58
1 425
6 585
8 212
3 352
9 355
3 118
1 143
5 67
1 433
6 853
5 663
10 289
566 167
8 43
4 761
2 307
9 72
3 359
627 604
9 209
7 826
7 500
4 134
3 248
5 93
5 650
2 617
3 749
379 203
2 235
10 486
9 679
1 521
3 741
8 274
4 694
2 722
6 626
10 82
1 427
2 221
10 589
547 351
516 288
9 599
9 536
6 341
8 627
530 313
2 719
8 23
10 466
5 695
10 49
6 539
1 729
2 348
4 426
5 512
4 180
4 430
5 768
4 169
8 326
4 91
9 521
5 759
9 549
9 147
7 323
7 658
6 523
10 515
8 649
1 818
7 689
385 323
6 90
4 195
7 478
6 241
7 603
5 444
2 362
5 830
5 742
185 88
5 774
9 707
9 332
4 544
10 275
3 164
3 292
461 6
5 23
9 297
8 762
9 97
1 701
3 262
7 673
4 434
9 481
6 228
10 257
8 253
8 44
7 667
1 463
3 349
6 185
2 695
8 170
7 50
6 340
10 263
3 476
253 148
2 753
531 109
10 111
10 379
3 619
1 287
6 5
4 117
853 183
761 614
5 326
2 207
2 832
3 791
6 559
8 676
7 598
2 759
397 42
4 848
7 86
4 719
6 600
7 291
4 494
6 285
10 786
10 541
2 848
2 590
1 629
7 2
1 470
8 461
7 721
8 364
1 527
4 347
7 805
6 465
8 454
2 139
8 617
6 216
9 373
1 760
3 99
7 853
3 717
3 511
9 817
5 543
7 92
10 219
1 465
9 771
8 651
241 192
9 78
2 145
6 504
1 314
8 137
5 562
4 819
480 302
3 46
5 263
9 655
9 533
5 451
6 438
10 741
645 283
7 64
476 376
8 544
822 809
8 72
5 267
6 689
1 93
4 174
429 60
5 400
10 652
3 707
1 122
3 255
5 335
2 799
2 119
9 238
521 89
10 403
10 651
7 114
565 115
508 105
7 636
6 284
7 654
8 52
8 474
9 773
6 783
5 165
391 349
8 564
9 758
8 809
2 161
3 214
393 319
6 530
1 598
5 539
479 235
9 776
3 323
2 620
5 599
10 475
3 755
5 45
7 278
834 20
9 144
8 569
2 727
73 10
1 116
8 71
6 99
2 684
3 836
6 767
8 621
3 224
10 325
7 220
2 757
5 702
8 510
10 70
5 758
3 764
26 19
2 452
6 480
1 261
8 706
6 789
9 312
6 349
1 430
1 14
1 55
2 169
6 380
6 634
9 478
697 429
6 235
674 550
3 321
3 675
3 592
827 512
2 30
10 722
8 482
2 640
8 739
10 621
17 12
9 334
10 453
292 218
3 247
2 110
4 620
4 689
5 508
669 626
4 103
4 95
7 27
9 90
10 93
20 7
8 298
2 87
473 423
408 350
10 101
5 673
9 445
9 124
284 279
1 590
9 225
9 431
9 71
10 170
1 481
5 712
8 114
8 835
9 456
336 77
7 542
4 619
7 343
3 569
5 505
4 653
6 147
7 614
10 732
145 5
5 745
10 190
7 304
3 644
2 377
2 78
4 556
5 683
458 85
10 793
10 144
5 38
1 778
362 360
3 53
10 92
3 557
1 451
8 622
8 113
5 814
2 482
2 569
10 28
3 594
9 628
2 126
5 228
9 503
1 105
10 292
9 111
10 61
1 200
41 8
10 287
4 318
2 639
2 21
1 283
6 87
1 174
1 660
9 75
1 132
4 119
799 481
1 11
316 46
7 134
6 657
4 558
9 407
5 734
5 222
2 694
10 51
3 599
2 785
8 351
84 56
4 81
5 666
111 13
7 794
7 123
5 148
4 161
9 840
301 148
8 671
5 552
5 27
6 550
9 324
3 182
8 470
3 639
3 636
9 89
5 200
4 284
6 76
2 199
9 519
10 296
7 130
7 263
7 173
4 144
7 508
8 590
5 509
3 311
5 261
10 304
3 479
9 711
6 581
2 766
5 153
5 384
8 495
6 167
2 35
1 644
5 592
4 480
2 141
7 280
10 578
9 246
4 259
4 442
8 121
7 191
4 418
2 59
567 537
6 346
3 121
7 570
8 457
7 78
6 122
1 358
6 236
6 694
9 588
4 625
9 314
3 584
7 341
8 295
1 831
10 666
8 102
9 791
4 141
6 429
3 279
2 54
2 715
8 838
9 138
10 465
6 479
1 348
8 737
6 174
4 268
9 406
9 39
477 437
8 600
9 547
2 267
382 34
7 564
3 643
589 167
2 448
1 506
2 165
836 243
8 183
5 809
7 292
8 346
3 623
5 690
767 354
9 52
4 122
341 192
6 47
7 751
5 339
166 25
4 560
7 300
3 650
10 757
3 517
7 477
6 392
7 820
5 215
5 747
3 626
9 140
9 857
1 138
6 32
5 564
1 436
7 439
5 619
6 800
2 583
4 143
9 554
184 85
1 242
8 167
7 195
3 437
2 792
6 360
3 432
1 107
3 6
6 407
3 677
4 422
6 809
1 705
563 215
2 100
6 22
2 642
1 756
3 113
2 773
9 853
3 157
3 395
6 858
3 235
10 776
9 806
8 412
10 118
10 110
10 483
8 602
8 596
10 385
10 611
620 242
5 199
4 199
7 790
10 720
60 34
8 197
1 621
7 810
8 796
1 363
8 378
7 161
10 762
8 605
10 552
6 362
6 560
5 324
415 351
10 736
4 609
6 316
4 834
520 472
7 694
1 400
8 37
10 685
617 88
9 299
2 383
622 594
4 353
2 826
9 846
9 710
4 302
698 598
288 64
6 790
10 179
9 515
7 387
8 433
10 245
1 9
4 500
7 4
7 449
10 258
5 238
7 140
4 47
1 277
9 224
9 197
6 442
4 759
4 605
7 211
6 546
1 393
7 299
1 638
10 573
10 489
9 733
8 453
7 20
155 99
8 300
8 189
6 426
6 669
356 276
208 156
9 67
1 453
2 824
5 797
5 313
5 103
1 482
2 578
4 810
1 339
2 197
10 58
8 214
7 465
7 566
2 159
7 454
782 752
9 468
2 344
6 321
9 327
10 367
2 646
49 1
7 556
10 303
3 253
9 778
2 728
9 832
9 389
10 338
9 579
5 421
504 298
7 580
8 534
2 689
294 121
1 494
6 260
5 395
9 674
6 624
10 626
1 636
1 502
1 698
384 95
1 47
10 434
6 79
1 178
2 819
201 63
1 696
421 113
3 71
9 823
8 10
1 596
10 250
1 736
1 117
7 616
6 476
3 295
3 762
6 283
30 27
7 257
1 623
4 35
6 366
3 72
1 68
10 768
10 36
3 410
10 185
7 834
7 802
1 120
10 228
4 668
5 294
3 229
8 227
7 21
608 116
8 722
10 691
7 592
7 199
7 470
9 672
1 27
6 838
3 509
3 589
2 739
3 376
6 412
10 381
2 102
6 328
1 643
9 611
6 824
4 693
5 472
2 187
9 746
7 388
7 460
2 392
3 797
8 100
8 73
6 769
8 119
1 214
10 62
1 649
8 148
4 763
9 849
83 32
7 425
4 273
6 810
9 392
5 22
8 91
8 270
9 260
2 243
6 622
675 101
722 29
1 370
7 319
1 381
5 542
2 512
8 669
7 133
8 667
5 10
5 714
4 478
3 747
7 728
3 276
5 427
3 513
8 598
5 776
2 356
6 343
7 208
1 373
5 607
7 379
2 264
1 614
8 515
10 780
3 671
7 260
4 96
9 444
3 49
10 581
8 359
5 659
3 472
790 195
8 33
6 4
9 162
7 800
10 284
8 658
8 624
121 82
533 98
1 675
5 760
6 643
10 513
6 536
633 62
3 807
2 853
7 841
4 1
7 281
747 93
9 534
10 485
9 33
9 623
403 70
8 210
6 635
1 279
9 723
10 663
10 647
3 729
4 510
1 510
4 546
651 24
1 152
2 534
10 295
7 373
8 769
10 31
3 417
2 301
4 794
7 380
3 681
1 86
7 475
8 484
575 161
10 461
7 778
2 105
1 326
9 115
3 858
2 837
7 737
3 371
6 584
621 108
6 203
4 413
6 74
372 94
3 629
9 182
8 147
7 784
1 520
1 666
3 587
2 41
3 538
427 146
4 581
5 816
6 204
1 858
103 51
4 13
774 367
3 554
8 125
102 98
5 541
6 840
10 418
5 684
1 17
167 165
2 487
2 807
194 143
7 740
1 555
9 685
8 815
10 215
8 475
2 724
9 702
3 556
5 225
9 825
6 663
7 273
9 640
9 305
4 572
10 614
21 16
3 638
9 120
7 587
5 6
3 275
6 640
2 135
6 454
3 461
6 696
5 296
4 252
4 27
10 52
9 820
1 332
10 391
818 669
9 627
78 30
5 154
6 818
3 766
4 492
357 182
6 641
10 114
87 24
113 93
456 134
5 696
7 486
317 14
1 839
6 554
5 376
7 540
6 422
38 4
4 511
1 156
9 830
5 503
6 252
7 288
1 777
4 503
413 348
8 530
9 571
6 183
4 372
9 29
8 734
352 228
1 664
7 138
10 649
3 570
4 240
3 379
3 21
5 227
1 607
1 169
2 791
2 69
5 844
6 589
9 159
6 280
2 410
1 343
2 254
8 565
2 25
7 367
4 664
5 69
7 749
10 195
711 476
4 568
5 180
8 277
1 417
8 392
4 397
205 193
9 201
10 206
3 250
9 86
9 356
5 224
5 499
7 750
3 266
8 794
10 248
817 613
9 118
5 855
6 583
1 567
8 275
614 107
7 3
3 583
10 77
7 652
4 598
5 373
122 121
5 270
2 193
2 568
310 145
1 67
9 676
9 786
1 228
636 74
5 778
1 545
4 107
3 404
1 59
5 754
9 266
132 11
4 624
2 120
9 372
2 823
10 514
4 799
9 811
5 276
3 324
6 698
765 523
1 378
3 679
1 742
7 678
6 672
2 421
8 435
7 833
1 522
3 93
4 542
1 588
1 352
599 57
536 422
7 259
1 191
3 759
6 211
7 461
10 88
10 451
4 269
10 505
4 462
1 859
8 779
2 623
6 339
1 519
2 67
2 176
9 302
10 542
10 596
4 136
4 844
7 52
8 498
5 12
4 530
9 858
1 686
9 361
4 485
482 7
8 675
8 380
7 479
2 140
7 106
4 6
9 458
9 775
9 535
10 357
3 419
7 136
1 375
6 650
125 76
4 836
10 153
7 848
6 688
10 492
3 341
9 306
8 325
9 345
10 225
6 223
1 166
1 852
4 825
10 305
4 638
6 566
4 359
6 447
5 2
4 197
8 240
1 740
5 620
1 73
4 590
4 768
481 110
2 557
7 194
8 691
8 729
237 206
1 223
9 237
7 401
1 477
8 151
6 359
3 752
6 187
8 272
3 598
8 713
8 261
7 40
6 807
191 59
6 834
4 380
7 661
8 134
4 762
7 155
1 532
9 405
8 271
7 696
6 796
7 403
3 440
9 255
9 376
1 207
4 345
2 434
6 843
2 776
5 174
3 794
3 108
4 529
5 254
558 405
5 212
10 657
8 610
3 810
3 84
7 182
9 809
4 701
2 538
1 230
8 242
9 64
7 148
4 220
10 543
9 230
5 780
7 318
5 825
5 807
318 198
5 452
8 636
9 795
2 333
7 185
8 682
10 644
2 85
9 153
9 828
361 327
8 628
9 792
4 398
6 617
2 136
3 239
4 158
7 15
9 491
3 654
6 552
2 787
7 223
9 304
3 386
9 670
2 327
3 244
3 562
5 757
1 183
7 62
10 161
7 845
4 748
8 135
251 86
10 345
1 338
8 279
5 649
5 504
6 110
2 740
4 196
6 647
53 45
7 46
6 198
3 512
3 268
3 271
4 423
4 662
7 339
8 518
3 827
9 253
8 46
3 52
1 85
7 261
10 472
2 439
3 193
7 112
9 439
4 724
513 211
8 611
7 337
2 462
9 12
6 107
6 726
5 265
3 340
9 303
9 336
2 390
7 716
7 129
1 394
10 181
7 806
7 405
7 419
4 248
4 254
6 262
7 656
6 336
8 305
2 658
10 711
3 549
8 41
10 115
1 707
7 242
6 455
9 161
10 440
2 251
3 124
2 764
1 582
10 479
9 708
7 506
5 482
2 847
5 424
6 286
7 675
4 849
2 488
10 701
3 246
605 202
8 27
9 178
7 311
3 591
2 51
1 797
4 281
9 239
1 179
3 694
88 17
2 691
3 602
555 42
5 675
9 566
1 846
3 604
3 382
8 95
9 526
7 768
7 272
4 704
505 390
8 494
10 454
1 565
6 744
8 245
2 131
4 804
2 72
3 711
8 200
7 19
7 190
7 33
8 11
1 328
3 620
10 470
2 843
4 68
2 9
5 827
2 556
8 29
8 618
7 456
8 103
5 463
2 686
4 70
4 409
9 537
10 259
1 552
662 246
2 154
10 565
6 753
8 25
1 484
2 469
5 678
5 134
4 578
6 456
4 677
7 610
6 628
9 258
6 291
3 497
6 692
7 744
8 431
2 427
7 712
1 374
3 828
7 774
7 212
4 513
7 634
8 603
1 324
4 780
4 390
1 485
5 812
4 606
2 371
9 810
2 195
2 331
9 645
7 340
112 78
5 802
8 854
1 3
1 768
10 125
4 3
6 227
7 330
8 39
2 128
7 392
4 723
5 818
2 842
7 476
5 17
1 766
1 382
4 223
3 20
8 485
175 66
325 219
10 441
6 481
9 440
8 62
8 783
1 458
637 453
8 728
7 521
5 731
8 465
10 166
5 319
8 668
1 659
3 45
7 110
1 215
3 103
4 349
9 745
7 24
10 804
10 279
2 288
6 770
10 795
4 660
148 19
1 246
535 39
8 144
7 549
7 363
381 176
10 85
8 336
6 548
6 330
1 580
6 53
9 169
6 639
9 384
9 196
2 17
1 695
10 473
6 278
5 147
8 191
5 524
9 785
7 83
5 733
1 92
4 399
10 189
4 354
4 509
9 691
1 95
5 125
8 14
2 495
9 259
9 419
9 622
9 753
3 727
10 208
4 533
5 634
457 291
10 744
6 658
6 109
9 49
5 201
2 540
1 661
10 728
9 757
4 497
2 346
10 186
2 166
6 534
6 503
6 505
8 327
640 109
492 311
8 546
6 38
5 57
4 293
9 597
209 106
7 101
8 845
1 658
10 618
8 257
1 158
243 97
6 132
4 338
7 528
8 169
3 484
10 497
1 140
8 791
2 160
5 145
2 233
7 646
3 765
9 761
7 858
4 241
10 135
1 133
5 559
7 285
1 329
10 725
3 656
7 494
9 517
9 717
5 186
1 434
5 46
3 448
1 526
3 559
8 614
2 241
6 590
7 426
9 254
5 822
2 666
5 738
1 167
5 386
7 710
9 814
5 722
8 844
8 601
8 434
6 212
3 605
5 796
1 488
154 22
2 375
9 721
3 738
9 74
10 393
1 464
10 288
6 413
4 203
4 166
1 103
9 494
2 337
9 551
1 36
9 218
5 685
5 803
570 232
3 817
2 442
275 101
9 205
8 696
8 294
2 547
10 606
7 184
9 282
7 42
3 89
2 279
6 803
9 10
5 584
10 55
6 812
6 637
5 142
727 688
3 757
6 794
7 617
5 260
1 681
10 300
7 100
7 188
768 526
6 397
7 132
3 708
10 22
10 674
1 247
7 562
8 234
2 690
5 516
6 705
6 619
4 87
2 563
3 818
1 702
4 271
9 219
2 810
10 175
2 730
10 765
1 641
6 17
7 797
6 60
9 500
7 662
4 309
8 616
9 262
5 293
4 586
6 648
4 408
10 266
1 162
8 344
5 501
6 29
7 505
4 225
7 225
3 537
109 26
2 476
8 523
1 71
6 549
9 546
9 462
6 91
808 330
27 16
3 69
8 365
8 501
2 573
9 85
5 71
8 262
246 20
1 573
10 145
5 112
5 348
6 478
6 734
1 109
9 136
6 129
2 801
8 334
3 565
6 88
1 807
8 216
5 729
3 294
8 830
6 464
3 76
7 444
1 216
8 458
6 576
9 455
6 243
10 317
10 218
6 524
9 781
4 468
323 42
3 289
197 30
2 55
222 113
9 45
2 584
7 116
1 330
4 227
705 275
7 504
1 334
7 156
7 162
7 96
5 829
1 525
4 7
1 528
3 422
4 486
7 143
7 335
9 452
2 385
3 274
1 181
2 33
5 669
4 346
8 397
4 317
9 59
803 27
6 457
6 804
10 136
7 537
4 113
8 140
6 411
3 469
7 663
8 308
4 493
8 673
1 581
6 104
9 629
6 661
8 231
359 123
847 808
1 188
9 762
6 510
10 396
9 829
6 848
8 287
10 604
693 216
559 82
4 327
10 253
6 65
6 716
7 852
7 316
2 414
5 195
2 292
9 719
5 573
8 86
2 57
3 162
2 262
4 690
5 514
8 634
7 427
2 692
10 659
3 847
5 686
6 137
8 306
1 796
10 243
8 759
6 305
9 326
4 451
7 376
2 274
3 205
10 323
690 193
5 320
2 111
9 577
10 386
9 688
2 14
8 852
2 748
5 553
3 102
423 392
46 23
3 306
2 192
10 444
4 172
1 512
8 593
3 625
10 38
3 465
6 131
4 646
165 113
5 138
9 340
3 388
5 377
465 395
1 102
7 275
4 80
7 471
1 708
3 345
3 41
8 503
2 46
6 138
8 826
5 399
2 407
2 699
6 28
8 355
2 498
2 32
7 819
7 539
5 210
6 687
224 176
3 269
1 624
10 216
3 328
4 190
3 179
9 459
3 184
4 553
592 514
8 288
1 123
1 455
5 107
6 846
6 219
1 285
6 828
8 591
4 104
9 839
4 246
5 111
5 133
1 856
2 19
8 387
1 472
289 78
5 364
2 433
7 313
8 360
3 134
8 741
9 106
3 398
842 528
769 553
9 492
2 733
7 612
579 368
8 748
3 202
9 620
202 101
3 660
6 857
860 348
4 186
9 730
2 521
308 83
5 785
703 673
1 6
10 94
5 99
8 354
845 490
10 347
4 469
6 81
10 586
6 616
3 531
3 104
233 175
4 164
5 72
10 476
1 750
6 501
7 348
6 487
1 146
9 798
3 260
7 421
7 289
4 282
10 223
7 176
10 645
1 367
7 204
7 294
8 221
3 713
10 239
10 579
3 763
3 141
8 132
6 631
9 126
4 746
3 672
2 171
8 26
8 31
5 435
9 247
7 830
6 529
2 542
3 705
9 263
1 245
8 422
10 769
7 755
718 627
8 215
9 220
8 59
4 33
6 50
7 97
10 752
6 391
9 298
2 721
8 163
5 255
3 568
2 209
8 642
1 231
8 131
3 336
6 567
6 655
2 4
4 369
4 287
2 481
5 388
8 21
5 82
7 772
1 480
1 274
2 723
6 13
2 208
7 384
10 672
6 58
4 30
9 423
10 116
164 10
7 430
8 589
16 8
10 171
169 42
647 634
333 73
9 479
3 372
8 685
1 157
9 735
4 62
9 683
6 547
4 325
9 391
3 228
10 407
5 344
332 299
4 750
3 154
7 766
2 732
507 466
4 483
6 673
10 494
715 566
3 109
3 443
5 347
8 727
6 2
7 453
5 450
8 742
9 417
5 409
3 804
5 28
7 192
2 347
3 86
5 741
10 764
6 586
6 275
4 686
4 140
9 382
1 410
10 139
2 129
7 602
3 459
2 589
10 71
6 621
6 334
590 519
2 158
1 149
3 730
474 76
5 828
1 432
7 705
2 5
7 247
3 322
2 561
4 667
1 263
7 88
6 679
9 486
6 739
7 328
235 187
2 781
2 86
7 787
3 618
5 652
7 503
8 551
2 185
9 712
1 350
2 296
6 642
6 379
8 352
407 30
4 631
2 239
1 547
5 394
5 202
92 85
5 506
6 123
687 208
4 440
10 495
82 18
2 50
10 324
2 63
8 386
3 833
10 84
6 747
4 270
5 530
6 434
5 346
2 587
10 456
7 818
10 721
3 451
1 563
9 539
6 618
625 201
6 351
2 368
6 771
7 597
8 337
5 831
9 818
9 290
6 470
3 853
628 619
8 146
3 561
6 430
6 795
10 566
6 854
7 28
9 567
1 838
613 86
6 281
9 275
6 307
5 410
4 474
10 192
1 786
1 462
8 196
10 204
1 560
7 145
7 650
9 742
1 754
204 187
5 489
8 486
9 837
5 775
819 287
1 834
4 112
3 507
3 723
10 1
7 131
7 98
3 821
2 762
10 422
1 88
6 313
596 260
8 744
4 129
746 679
7 653
1 671
9 797
1 787
3 314
2 178
9 788
10 558
7 44
2 181
1 193
9 365
5 554
4 540
4 504
9 744
187 26
9 815
4 596
2 829
4 285
6 417
607 442
601 485
5 55
1 406
6 186
9 408
6 492
5 310
5 755
639 431
396 14
776 142
7 860
6 200
10 5
4 329
3 706
3 632
8 678
1 832
9 132
7 375
10 196
2 669
6 190
5 218
4 821
7 284
1 783
10 378
1 693
3 447
9 430
8 413
10 813
6 308
10 777
9 755
6 274
8 477
5 378
3 416
9 842
1 571
4 766
7 481
3 577
3 161
3 257
6 662
193 66
10 751
3 174
5 301
1 194
2 775
8 93
2 205
1 20
2 704
3 427
5 660
9 545
3 63
1 64
3 430
5 311
6 467
9 493
1 199
10 252
1 311
5 417
604 434
2 218
1 819
1 788
2 790
8 193
5 540
8 709
4 362
7 600
8 652
8 581
425 2
3 273
8 418
10 755
5 441
5 385
8 824
8 174
6 775
4 54
793 761
8 536
3 33
10 251
3 646
1 278
2 184
137 52
9 416
5 68
6 372
4 543
2 574
8 563
4 541
1 653
3 855
3 667
10 384
6 34
8 730
8 339
6 680
4 722
1 703
4 536
7 669
409 364
2 789
6 704
6 35
8 194
7 17
9 765
5 131
6 847
1 767
6 714
2 335
11 3
10 708
135 72
1 349
6 82
3 317
5 408
8 69
8 399
2 754
1 709
3 213
5 74
7 541
2 615
3 553
800 293
5 848
6 209
7 511
9 331
10 29
9 190
7 231
5 842
3 206
4 859
3 393
9 163
10 398
3 501
4 659
6 166
2 537
6 80
8 88
5 122
2 553
6 437
4 778
388 11
10 273
9 5
6 77
10 510
3 600
244 204
6 292
6 439
5 462
7 842
2 214
5 425
89 10
2 612
5 581
2 138
1 65
6 432
4 192
3 400
8 5
1 792
6 244
4 448
4 90
6 408
2 667
5 668
4 344
5 637
8 511
10 222
5 475
3 674
8 856
6 766
4 414
5 823
386 255
8 244
2 624
6 801
8 760
10 217
3 263
7 128
4 133
6 785
10 797
4 312
1 180
2 213
7 847
9 403
1 562
850 558
2 613
10 676
3 470
6 721
9 658
9 435
5 522
5 118
685 234
5 253
1 452
9 257
8 848
2 228
3 192
7 815
2 697
1 592
1 530
1 251
5 578
6 181
4 747
7 757
1 684
2 68
8 128
710 349
375 318
4 230
1 198
4 298
5 854
10 766
7 496
7 555
9 621
9 57
9 28
7 227
4 16
10 686
1 724
10 637
8 666
3 194
2 510
2 621
5 305
10 212
9 264
5 608
6 756
6 42
1 731
10 799
4 152
2 793
7 457
9 94
7 524
9 630
8 521
9 58
10 148
3 474
2 836
9 167
3 615
10 607
8 787
8 342
2 856
8 853
1 72
5 412
7 237
8 32
8 781
5 474
1 176
5 497
1 266
6 732
10 409
1 235
8 537
5 47
9 540
4 443
1 114
2 675
6 31
5 845
1 184
276 2
511 191
2 219
7 836
9 278
3 281
2 678
2 503
8 85
10 807
4 123
8 788
10 583
10 138
1 389
9 457
6 773
6 178
5 523
2 81
6 146
9 706
6 602
1 137
2 23
395 349
1 439
59 54
1 673
3 394
2 73
4 455
7 378
10 527
736 475
10 760
7 216
4 352
8 529
2 472
8 803
10 167
1 845
2 223
7 604
8 437
4 749
9 286
5 433
10 416
9 231
2 340
2 189
1 44
9 443
10 792
9 694
8 363
2 602
8 535
6 67
9 221
7 171
7 364
9 395
1 379
5 336
5 353
5 216
7 57
5 30
5 423
3 542
5 383
6 666
10 78
8 506
7 434
6 41
9 583
4 683
6 117
3 700
5 259
8 332
7 180
8 820
2 536
7 395
5 277
7 157
4 604
6 268
4 150
3 272
6 225
3 771
1 447
6 844
670 336
3 504
689 340
6 85
5 801
8 237
6 234
8 660
5 31
7 228
1 254
1 333
10 30
7 530
94 63
7 137
3 719
3 698
2 210
7 14
8 381
8 30
10 773
9 83
1 168
4 754
2 153
1 359
753 125
6 841
7 201
2 805
5 411
10 349
6 850
3 94
1 320
4 756
2 783
4 375
7 546
2 526
3 774
5 241
10 137
5 235
6 765
5 302
3 610
1 626
7 400
387 370
5 655
2 20
10 265
8 195
9 668
1 495
9 104
514 279
4 9
1 829
9 662
1 308
8 813
10 74
3 68
3 786
8 552
7 418
3 545
5 211
4 401
5 94
2 491
6 54
4 514
3 258
267 121
7 681
8 94
6 40
5 73
3 498
549 51
230 148
6 300
2 359
597 488
10 220
5 428
6 405
496 459
4 257
5 76
5 439
7 532
1 34
7 522
7 270
6 644
392 76
4 256
7 814
9 607
9 527
8 839
8 188
266 155
1 663
2 763
7 832
9 585
3 24
2 518
1 505
1 32
2 16
1 255
7 241
1 57
6 106
3 181
268 1
368 280
149 111
738 624
10 57
5 283
7 527
10 582
10 426
5 808
6 12
9 836
2 572
7 326
4 188
6 374
8 436
4 697
10 800
4 23
4 235
4 357
6 197
443 354
7 736
3 409
3 442
8 467
6 120
7 229
4 551
3 91
7 551
10 112
5 671
3 468
6 720
5 168
9 308
3 319
2 287
10 290
2 680
5 661
10 615
4 755
5 328
8 333
5 832
9 584
6 509
5 184
9 21
1 124
8 859
10 699
3 783
10 474
1 405
8 99
9 55
9 98
7 561
2 641
7 474
9 393
3 434
7 811
3 10
1 4
7 25
8 92
6 772
7 158
6 409
4 341
9 291
6 719
2 447
4 579
9 573
216 160
6 175
4 852
9 386
6 746
10 87
1 610
6 30
7 613
2 246
4 450
9 4
7 782
5 52
5 312
6 603
3 579
4 833
10 610
8 662
1 679
6 668
2 18
3 481
2 334
6 184
9 227
5 779
490 76
10 229
1 290
4 94
5 716
4 396
10 622
8 780
5 48
160 60
7 624
6 695
3 152
8 715
1 24
4 716
1 757
8 9
3 736
1 628
4 610
5 398
7 473
3 62
3 815
3 188
1 454
10 127
844 628
225 186
10 500
1 810
10 104
6 20
5 766
2 11
4 858
8 38
10 99
839 34
1 317
10 584
161 60
1 469
8 255
7 780
9 32
2 464
4 806
2 750
138 72
3 662
2 831
2 271
5 815
1 781
4 12
1 136
4 588
6 352
6 440
4 19
10 24
4 517
1 66
10 750
2 393
797 612
5 426
8 731
8 488
7 103
1 10
5 615
3 383
9 277
4 2
5 749
5 98
6 446
349 244
4 433
5 141
9 482
3 204
8 222
3 25
2 367
7 838
6 293
4 350
9 587
7 315
10 242
5 547
1 126
7 271
8 801
3 129
2 821
3 8
2 664
3 520
4 64
4 260
10 42
7 265
3 267
3 106
3 814
10 718
8 90
7 759
9 651
10 677
4 603
6 750
7 632
2 263
8 4
1 556
8 12
321 178
7 118
3 464
6 614
9 349
6 135
2 15
4 735
8 810
1 612
9 801
1 692
2 555
2 645
40 15
8 684
10 256
780 654
1 236
2 454
616 185
7 253
7 709
64 50
5 415
4 202
10 415
4 361
9 739
9 557
3 261
3 280
10 556
9 450
8 545
680 96
5 767
5 569
7 651
3 331
139 111
8 168
7 795
6 36
7 856
10 308
1 613
5 764
8 108
8 659
8 577
2 632
91 18
8 493
9 714
5 159
2 631
8 235
3 374
10 468
5 401
10 533
4 76
7 381
5 555
4 829
8 680
5 621
523 316
6 488
1 647
405 374
7 441
6 213
7 618
23 15
3 822
7 56
4 229
9 401
7 690
10 789
8 468
5 859
3 407
10 419
6 748
6 781
8 582
9 56
7 533
1 718
6 302
4 566
5 7
8 478
8 273
10 359
2 96
4 816
9 123
9 228
7 166
1000
4 651
4 296
4 742
4 107
4 32
1 3 681
2 341
1 9 193
1 214 191
2 15
4 523
1 10 297
1 10 491
1 8 251
1 2 1
1 3 1
1 4 1
1 5 1
1 6 1
1 7 1
1 8 1
1 9 1
1 10 1
1 1 2
1 3 2
1 4 2
1 5 2
1 6 2
1 7 2
1 8 2
1 9 2
1 10 2
1 1 3
1 2 3
1 4 3
1 5 3
1 6 3
1 7 3
1 8 3
1 9 3
1 10 3
1 1 4
1 2 4
1 3 4
1 5 4
1 6 4
1 7 4
1 8 4
1 9 4
1 10 4
1 1 5
1 2 5
1 3 5
1 4 5
1 6 5
1 7 5
1 8 5
1 9 5
1 10 5
1 1 6
1 2 6
1 3 6
1 4 6
1 5 6
1 7 6
1 8 6
1 9 6
1 10 6
1 1 7
1 2 7
1 3 7
1 4 7
1 5 7
1 6 7
1 8 7
1 9 7
1 10 7
1 1 8
1 2 8
1 3 8
1 4 8
1 5 8
1 6 8
1 7 8
1 9 8
1 10 8
1 1 9
1 2 9
1 3 9
1 4 9
1 5 9
1 6 9
1 7 9
1 8 9
1 10 9
1 1 10
1 2 10
1 3 10
1 4 10
1 5 10
1 6 10
1 7 10
1 8 10
1 9 10
1 1 11
1 2 11
1 3 11
1 4 11
1 5 11
1 6 11
1 7 11
1 8 11
1 9 11
1 10 11
1 1 12
1 2 12
1 3 12
1 4 12
1 5 12
1 6 12
1 7 12
1 8 12
1 9 12
1 10 12
1 1 13
1 2 13
1 3 13
1 4 13
1 5 13
1 6 13
1 7 13
1 8 13
1 9 13
1 10 13
1 1 14
1 2 14
1 3 14
1 4 14
1 5 14
1 6 14
1 7 14
1 8 14
1 9 14
1 10 14
3 22 15
3 23 15
3 40 15
3 68 15
3 186 15
3 252 15
3 766 15
1 1 16
1 2 16
1 3 16
1 4 16
1 5 16
1 6 16
1 7 16
1 8 16
1 9 16
1 10 16
1 1 17
1 2 17
1 3 17
1 4 17
1 5 17
1 6 17
1 7 17
1 8 17
1 9 17
1 10 17
1 1 18
1 2 18
1 3 18
1 4 18
1 5 18
1 6 18
1 7 18
1 8 18
1 9 18
1 10 18
1 1 19
1 2 19
1 3 19
1 4 19
1 5 19
1 6 19
1 7 19
1 8 19
1 9 19
1 10 19
1 1 20
1 2 20
1 3 20
1 4 20
1 5 20
1 6 20
1 7 20
1 8 20
1 9 20
1 10 20
1 1 21
1 2 21
1 3 21
1 4 21
1 5 21
1 6 21
1 7 21
1 8 21
1 9 21
1 10 21
1 1 22
1 2 22
1 3 22
1 4 22
1 5 22
1 6 22
1 7 22
1 8 22
1 9 22
1 10 22
1 1 23
1 2 23
1 3 23
1 4 23
1 5 23
1 6 23
1 7 23
1 8 23
1 9 23
1 10 23
1 1 24
1 2 24
1 3 24
1 4 24
1 5 24
1 6 24
1 7 24
1 8 24
1 9 24
1 10 24
1 1 25
1 2 25
1 3 25
1 4 25
1 5 25
1 6 25
1 7 25
1 8 25
1 9 25
1 10 25
1 1 26
1 2 26
1 3 26
1 4 26
1 5 26
1 6 26
1 7 26
1 8 26
1 9 26
1 10 26
1 1 27
1 2 27
1 3 27
1 4 27
1 5 27
1 6 27
1 7 27
1 8 27
1 9 27
1 10 27
1 1 28
1 2 28
1 3 28
1 4 28
1 5 28
1 6 28
1 7 28
1 8 28
1 9 28
1 10 28
1 1 29
1 2 29
1 3 29
1 4 29
1 5 29
1 6 29
1 7 29
1 8 29
1 9 29
1 10 29
1 1 30
1 2 30
1 3 30
1 4 30
1 5 30
1 6 30
1 7 30
1 8 30
1 9 30
1 10 30
1 1 31
1 2 31
1 3 31
1 4 31
1 5 31
1 6 31
1 7 31
1 8 31
1 9 31
1 10 31
1 1 32
1 2 32
1 3 32
1 4 32
1 5 32
1 6 32
1 7 32
1 8 32
1 9 32
1 10 32
1 1 33
1 2 33
1 3 33
1 4 33
1 5 33
1 6 33
1 7 33
1 8 33
1 9 33
1 10 33
1 1 34
1 2 34
1 3 34
1 4 34
1 5 34
1 6 34
1 7 34
1 8 34
1 9 34
1 10 34
1 1 35
1 2 35
1 3 35
1 4 35
1 5 35
1 6 35
1 7 35
1 8 35
1 9 35
1 10 35
1 1 36
1 2 36
1 3 36
1 4 36
1 5 36
1 6 36
1 7 36
1 8 36
1 9 36
1 10 36
1 1 37
1 2 37
1 3 37
1 4 37
1 5 37
1 6 37
1 7 37
1 8 37
1 9 37
1 10 37
1 1 38
1 2 38
1 3 38
1 4 38
1 5 38
1 6 38
1 7 38
1 8 38
1 9 38
1 10 38
1 1 39
1 2 39
1 3 39
1 4 39
1 5 39
1 6 39
1 7 39
1 8 39
1 9 39
1 10 39
1 1 40
1 2 40
1 3 40
1 4 40
1 5 40
1 6 40
1 7 40
1 8 40
1 9 40
1 10 40
1 1 41
1 2 41
1 3 41
1 4 41
1 5 41
1 6 41
1 7 41
1 8 41
1 9 41
1 10 41
1 1 42
1 2 42
1 3 42
1 4 42
1 5 42
1 6 42
1 7 42
1 8 42
1 9 42
1 10 42
1 1 43
1 2 43
1 3 43
1 4 43
1 5 43
1 6 43
1 7 43
1 8 43
1 9 43
1 10 43
1 1 44
1 2 44
1 3 44
1 4 44
1 5 44
1 6 44
1 7 44
1 8 44
1 9 44
1 10 44
1 1 45
1 2 45
1 3 45
1 4 45
1 5 45
1 6 45
1 7 45
1 8 45
1 9 45
1 10 45
1 1 46
1 2 46
1 3 46
1 4 46
1 5 46
1 6 46
1 7 46
1 8 46
1 9 46
1 10 46
1 1 47
1 2 47
1 3 47
1 4 47
1 5 47
1 6 47
1 7 47
1 8 47
1 9 47
1 10 47
1 1 48
1 2 48
1 3 48
1 4 48
1 5 48
1 6 48
1 7 48
1 8 48
1 9 48
1 10 48
1 1 49
1 2 49
1 3 49
1 4 49
1 5 49
1 6 49
1 7 49
1 8 49
1 9 49
1 10 49
1 1 50
1 2 50
1 3 50
1 4 50
1 5 50
1 6 50
1 7 50
1 8 50
1 9 50
1 10 50
1 1 51
1 2 51
1 3 51
1 4 51
1 5 51
1 6 51
1 7 51
1 8 51
1 9 51
1 10 51
1 1 52
1 2 52
1 3 52
1 4 52
1 5 52
1 6 52
1 7 52
1 8 52
1 9 52
1 10 52
1 1 53
1 2 53
1 3 53
1 4 53
1 5 53
1 6 53
1 7 53
1 8 53
1 9 53
1 10 53
1 1 54
1 2 54
1 3 54
1 4 54
1 5 54
1 6 54
1 7 54
1 8 54
1 9 54
1 10 54
1 1 55
1 2 55
1 3 55
1 4 55
1 5 55
1 6 55
1 7 55
1 8 55
1 9 55
1 10 55
1 1 56
1 2 56
1 3 56
1 4 56
1 5 56
1 6 56
1 7 56
1 8 56
1 9 56
1 10 56
1 1 57
1 2 57
1 3 57
1 4 57
1 5 57
1 6 57
1 7 57
1 8 57
1 9 57
1 10 57
1 1 58
1 2 58
1 3 58
1 4 58
1 5 58
1 6 58
1 7 58
1 8 58
1 9 58
1 10 58
1 1 59
1 2 59
1 3 59
1 4 59
1 5 59
1 6 59
1 7 59
1 8 59
1 9 59
1 10 59
1 1 60
1 2 60
1 3 60
1 4 60
1 5 60
1 6 60
1 7 60
1 8 60
1 9 60
1 10 60
1 1 61
1 2 61
1 3 61
1 4 61
1 5 61
1 6 61
1 7 61
1 8 61
1 9 61
1 10 61
1 1 62
1 2 62
1 3 62
1 4 62
1 5 62
1 6 62
1 7 62
1 8 62
1 9 62
1 10 62
1 1 63
1 2 63
1 3 63
1 4 63
1 5 63
1 6 63
1 7 63
1 8 63
1 9 63
1 10 63
1 1 64
1 2 64
1 3 64
1 4 64
1 5 64
1 6 64
1 7 64
1 8 64
1 9 64
1 10 64
1 1 65
1 2 65
1 3 65
1 4 65
1 5 65
1 6 65
1 7 65
1 8 65
1 9 65
1 10 65
1 1 66
1 2 66
1 3 66
1 4 66
1 5 66
1 6 66
1 7 66
1 8 66
1 9 66
1 10 66
1 1 67
1 2 67
1 3 67
1 4 67
1 5 67
1 6 67
1 7 67
1 8 67
1 9 67
1 10 67
1 1 68
1 2 68
1 3 68
1 4 68
1 5 68
1 6 68
1 7 68
1 8 68
1 9 68
1 10 68
1 1 69
1 2 69
1 3 69
1 4 69
1 5 69
1 6 69
1 7 69
1 8 69
1 9 69
1 10 69
1 1 70
1 2 70
1 3 70
1 4 70
1 5 70
1 6 70
1 7 70
1 8 70
1 9 70
1 10 70
1 1 71
1 2 71
1 3 71
1 4 71
1 5 71
1 6 71
1 7 71
1 8 71
1 9 71
1 10 71
1 1 72
1 2 72
1 3 72
1 4 72
1 5 72
1 6 72
1 7 72
1 8 72
1 9 72
1 10 72
1 1 73
1 2 73
1 3 73
1 4 73
1 5 73
1 6 73
1 7 73
1 8 73
1 9 73
1 10 73
1 1 74
1 2 74
1 3 74
1 4 74
1 5 74
1 6 74
1 7 74
1 8 74
1 9 74
1 10 74
1 1 75
1 2 75
1 3 75
1 4 75
1 5 75
1 6 75
1 7 75
1 8 75
1 9 75
1 10 75
1 1 76
1 2 76
1 3 76
1 4 76
1 5 76
1 6 76
1 7 76
1 8 76
1 9 76
1 10 76
1 1 77
1 2 77
1 3 77
1 4 77
1 5 77
1 6 77
1 7 77
1 8 77
1 9 77
1 10 77
1 1 78
1 2 78
1 3 78
1 4 78
1 5 78
1 6 78
1 7 78
1 8 78
1 9 78
1 10 78
1 1 79
1 2 79
1 3 79
1 4 79
1 5 79
1 6 79
1 7 79
1 8 79
1 9 79
1 10 79
1 1 80
1 2 80
1 3 80
1 4 80
1 5 80
1 6 80
1 7 80
1 8 80
1 9 80
1 10 80
1 1 81
1 2 81
1 3 81
1 4 81
1 5 81
1 6 81
1 7 81
1 8 81
1 9 81
1 10 81
1 1 82
1 2 82
1 3 82
1 4 82
1 5 82
1 6 82
1 7 82
1 8 82
1 9 82
1 10 82
1 1 83
1 2 83
1 3 83
1 4 83
1 5 83
1 6 83
1 7 83
1 8 83
1 9 83
1 10 83
1 1 84
1 2 84
1 3 84
1 4 84
1 5 84
1 6 84
1 7 84
1 8 84
1 9 84
1 10 84
1 1 85
1 2 85
1 3 85
1 4 85
1 5 85
1 6 85
1 7 85
1 8 85
1 9 85
1 10 85
1 1 86
1 2 86
1 3 86
1 4 86
1 5 86
1 6 86
1 7 86
1 8 86
1 9 86
1 10 86
1 1 87
1 2 87
1 3 87
1 4 87
1 5 87
1 6 87
1 7 87
1 8 87
1 9 87
1 10 87
1 1 88
1 2 88
1 3 88
1 4 88
1 5 88
1 6 88
1 7 88
1 8 88
1 9 88
1 10 88
1 1 89
1 2 89
1 3 89
1 4 89
1 5 89
1 6 89
1 7 89
1 8 89
1 9 89
1 10 89
1 1 90
1 2 90
1 3 90
1 4 90
1 5 90
1 6 90
1 7 90
1 8 90
1 9 90
1 10 90
1 1 91
1 2 91
1 3 91
1 4 91
1 5 91
1 6 91
1 7 91
1 8 91
1 9 91
1 10 91
1 1 92
1 2 92
1 3 92
1 4 92
1 5 92
1 6 92
1 7 92
1 8 92
1 9 92
1 10 92
1 1 93
1 2 93
1 3 93
1 4 93
1 5 93
1 6 93
1 7 93
1 8 93
1 9 93
1 10 93
1 1 94
1 2 94
1 3 94
1 4 94
1 5 94
1 6 94
1 7 94
1 8 94
1 9 94
1 10 94
1 1 95
1 2 95
1 3 95
1 4 95
1 5 95
1 6 95
1 7 95
1 8 95
1 9 95
1 10 95
1 1 96
1 2 96
1 3 96
1 4 96
1 5 96
1 6 96
1 7 96
1 8 96
1 9 96
1 10 96
1 1 97
1 2 97
1 3 97
1 4 97
1 6 97
1 7 97
1 8 97
1 9 97
1 10 97
1 1 98
1 2 98
1 3 98
1 4 98
1 5 98
1 6 98
1 7 98
1 8 98
1 9 98
1 10 98
1 1 99
1 2 99
1 3 99
1 4 99
1 5 99
1 6 99
1 7 99
1 8 99
1 9 99
1 10 99
1 1 100
1 2 100
1 3 100
1 4 100
1 5 100
1 6 100
1 7 100
1 8 100
1 9 100
1 10 100
