40195435114759
25572464402001
28608864477665
24627737583438
28163437976961
25105976119554
20429225214198
24479968695755
24584911962652
36005628293443
30456032760534
22553520771948
38072946523689
31644601508129
24302329424997
24944092143655
28135156629471
23875994658852
30714107039964
24375673159960
27723068850913
26320398915534
23505178311757
19807649170703
20073296873902
22675383135193
24513135389176
23291600386928
31525889894502
33162699968778
20850530492089
25315261627099
24344996417950
37162727971388
33703084923641
19708107535490
24902712530263
26454634425312
20711968721191
20347391242683
19964012176456
20247834235165
33752422499492
24775449866333
33329497343339
29478099769280
34068461111556
23060118576476
32891822681741
20010356105606
20693208620881
24040382782600
20334835984230
28292887879387
26888099442445
34423172017365
33456927614653
22025367818888
20693137614450
25339639907122
34174781692947
34100123452334
31476260322689
24575371989501
22627317273639
28022820415228
23007041393041
26557965372762
32501945879256
29478005375410
23429842513544
32501944687955
21577298717571
22348905106477
37420699530172
30710897486462
29079625104921
19950898556229
20602710985639
23100827543396
26200588938755
27366239744524
25927420857705
30362380572868
32436095640506
20698403637403
32284579439399
20831243130037
21834238130966
33772027619534
24021520692100
29294093484048
23032944339827
20950837696203
28272406282480
21401058576056
31999741228388
23114241383457
27775025033329
32605327838183
20616117901733
21794056526229
20691658738648
20383639287962
20640467328277
33040649888224
30291983183316
28147076512164
35400642120738
22364180286274
28169543457535
20265152830273
33778771511170
34991840815938
37760153027948
30859528838496
21083234088008
30747590899999
31805841599100
23918006462360
20512656981954
30835364170866
21349110659154
22291433544518
20787041484432
22749618673893
28532559918684
22527127425737
20615667414008
31026598994461
24550079335331
29064114434913
20008718472216
21629619092261
28438727964783
26145154846843
20507283586486
25852063079077
20397184169178
33674200138733
28387491024280
27242865714554
22718288337347
37292662092530
20899874781223
32481761432205
20982398639415
19935306977845
28700628668288
24796905661370
21019881916174
23214353747784
20318310022185
21639149252290
30744210804759
22672378693638
21934005594634
21342536026526
28475694609590
22022617901110
36085702440310
23217796547393
25681944788007
23196536122135
23191559882060
24062868572866
25777643489803
21882972194035
25381253695102
27465799195419
21993286627426
20275806780907
22612083988031
34590445141077
23113600885515
19661509036379
25144710682859
29457243140951
22690680989750
25920273842617
20912781917425
21222796275067
24196602459576
22715551445034
22253651430462
21023034036632
26427308740048
25359008484503
25369534573174
24101965418073
26834447068957
21067979967952
29873002352439
27758999691817
25800362635939
22032575677161
34472379244141
28929140396735
28904363126141
22212499387487
30546423433557
27320849476288
27478053997936
26322169919539
34167766052556
30737551808637
22389795041601
24490190388293
22312757983544
27528766270205
21709946305114
28001034142273
33358967037959
26408481039845
32870255750606
28571896666640
35856241975430
26168625368411
21466884313201
25712963737137
28257212640914
28609327098501
26690922927620
24218036179075
23993165630275
22592215812397
19764067019113
20943560981952
31064974816106
27153425519457
20044117227398
26079639489499
27395103487310
28203586977656
28892138732142
22543808837088
27264937997605
24513371939084
25698494663293
24405218886256
25510466734033
24408301468738
21847911927924
20103576202035
27122624690454
20949635100788
30338985007368
31827776677930
25593827560302
21708426828574
22889298062517
24548163520029
27600513627982
20990442076193
28795053820606
25360794756936
26274689490488
35954077757982
21355431882468
29111738065406
29855517059812
19960388384549
35983730952528
30244670136840
28984323452973
31135777496695
22474448805116
20765685385268
24987393913351
25575589911755
27798647027787
27024710215860
35780630187701
31589673413690
29966666106771
29249187965722
29571961697404
23673781678416
20538528226004
25241891757995
32071092385632
21175030668879
23151747454968
25434154936959
22160952918559
29316313715916
20924618484406
28907927869998
32477741281505
25656869384961
21113702950193
19667724341023
22596118175275
23708536287979
24312756754039
20970329306312
21293874136478
25198950775632
19942853144411
25691909473704
20845730733624
20274609248343
32992495670976
23215571330871
22716344602595
22547461536240
29354919074866
22094431479425
32361154929399
28359718906297
20931580187310
21198867006994
38361958841490
26628295587914
28496849787984
22232661933864
24188161154646
22588108011114
23122658578084
27517434371589
22171306152635
32260026024635
35751145649845
23614407110556
24528537733462
24702140785880
26331224860559
26462117190966
26574331872013
22421703238214
30536477903046
23133776974841
30172672278057
27146253505500
20487761198320
22606938809010
33704951803799
21748288128185
23155938453185
23360539965674
25583620839517
22875019967447
22264199220623
22185651720063
25143155231499
26959091701555
20211587471444
25262310827984
27639954322318
19802449997616
26778059333895
21203825608685
24995990098386
20910977807308
21177398777399
24787145176631
20209708024685
26187327462854
25464353748490
27799264786416
31522775302338
20525253602475
24207814755889
20577074163765
31376826283420
30299216777726
20657961285779
29041821043316
21204631342577
23307509616666
25304892837848
28609881933587
25791575526448
24203016512120
31664048598091
35903713139001
20114385361346
22343184612080
23049791151840
24629772827835
22545495373730
34871692015528
24282157703597
25604940998185
31098016620683
25146371998920
34167677682239
24563194691323
32195653942166
29068478277709
27982261343731
19959960118364
21099355289193
22507193569147
27175095657190
28828711126908
25188412033645
20087664236131
22409786263797
23348070752834
25312197319890
26744875430039
29965967347084
25242923022150
30315043158229
23614984052820
21256310858480
19734267260811
26998681261340
34897551502319
25604732836079
22613141995337
22884344385020
24207945348516
31281490934324
24342407890645
36366350767304
23967099481075
23903838025467
26383707283450
31256532454002
33722306292980
26755120709088
24167038813818
20010364516064
27543708881018
23835184266424
22728973721621
28859180926468
20322844491715
21102745100383
29248011464739
24691800302879
24678240355759
24375622083318
30176083783088
20808208616660
24339486330608
30667176560146
23771083593770
27286799085307
22144434471120
29330882955475
35274201441628
25229598592492
34242314847594
29671090128352
21866448640095
29431826039472
36773009840790
24902502289519
25669396270416
20959109153659
24175589715588
26123207993789
29089744547084
20478043282600
23678161722194
36028232002799
33213303274662
25985650673305
22798596035495
28769627755158
29662924962454
24112803808366
19782729500485
20783707081851
22406220646112
20741401197483
21211912103764
33508006393076
23304177872717
20989990266408
33901116183881
25542572233279
23270559067952
26792733637258
29390701992868
33357949948218
23553977883830
21635845203529
32048036692026
28270368885750
20591707618504
22291858205548
20621191823976
29101246715295
30809087977669
37656044636992
21675416530730
21497003126927
22867079885078
22183671967870
26366811108710
25920721082995
27910968446311
26866536093729
24248756196797
32724849308635
21087466011067
33574922519509
22413006578326
32383029375071
27395827053708
22141438513596
26329962987914
20652482566332
25963170275256
22184168061993
23057116857714
27447355995776
21178242112769
27384765281326
21341939320200
22939186062093
22104540029924
25274491025263
25199548453300
24817909415703
23834762238608
22727390567382
34316604931037
25756096679615
20416955424942
24576310798308
21913049527300
24270940649043
20699675187676
37316494096705
19817760951257
23258185464754
24259026072678
33845498599638
21270668850485
25802280320781
29710691371858
27464341153478
21695746781672
28974096208745
27209573192413
32119616254092
21263437192499
30012433180762
20569397381091
23507431173808
29020146466691
31124785691478
32919381361914
25392397864898
24312031769369
30607254080517
20751885830168
37785542874537
21132403922195
27035959348126
19787531478190
20162592272926
34796165187434
36443056523005
27662192142859
19733321333059
24929785438878
25892227201370
21688818725900
21353865101522
20149327755169
21842848540100
20474725464363
27219587892101
28566785727194
26166520655366
27375715470092
25167204155103
22124384966221
27154358706342
21570635567376
33754207035639
20249962245946
22013210429430
31946861817217
19857040527757
23759628446373
19642588903393
24741768716488
23012285875472
26879044812180
20561521606193
29319309108585
36619565653094
20399345143333
20092736396234
25270187959022
26505557465545
22245276051821
29385463994343
26419097061688
31851605851184
23450930064058
20399336247685
21260516845156
26931781548124
26677156130293
32792741010592
34873130579308
22876080851118
34571802190204
20537348538361
25531117875432
21399838297377
28442802553189
21353513932545
27011624136137
20201227675069
24146596580031
25007767891624
20595507380914
30149350787249
21029347357639
25765533284230
27155580959032
34092843896523
24480141326585
26997129398351
26565264370954
23749979487887
20834547680448
34044676576446
19792077524839
23072862276556
21445456912701
23284327892573
21224539849292
36259813295418
24050914096951
33359255382836
29986257710419
30640610142670
19703685368274
22486649800142
28680552147146
22706669503541
22869744787379
35068276807215
30058795200197
33207242424192
34217409569429
27596119190267
28125329830994
20145785717591
29171793573037
24390096068471
35450115860565
26371892385311
24953593159732
22644805241102
28533760302951
22868278180251
22747343532691
21616422479641
30840104123518
27856637126099
32774527467219
26132234156708
23134694558419
20673854912643
24627240984554
21630369255860
24759992736532
24965471645464
22183221033646
28643690038785
20718989805580
20230610405184
27375253781042
21271573257265
20700311264955
21099331866522
24114116646798
30436124979726
23875930606109
30070678315924
26232445904689
20417536867320
20612606089525
26116094906071
36594420150902
27733224697386
31763230933460
20449972028252
19940569376189
23989426111182
22264099426736
33772645285307
28555195327467
29976648552220
28284118425135
21405574063564
19914815616557
32048537609394
27609352019843
32021168385812
22918623683562
37007546510622
22006345180358
22809896803825
25208707986613
25820637365681
29827149749036
33234974012367
20098500422963
26887012608361
34948405294691
23176797664430
21197474199256
27642463900607
27054885828548
35198188101881
32268481047432
21115657811170
34797049495471
24085244453933
22266322502695
20181781693134
23194817390194
20449324358742
30126024813134
21973495313971
21085535303017
25080872576430
24491102895813
22935988043394
34366733264514
22340694006625
37577749403541
23988234425328
25464797124352
20939998575733
23197059604487
30714445887656
24156138144861
31996038608000
27742099596709
33286514421497
28758731099717
21085842625273
23657312441612
22583095219467
22587893284147
31396840562121
31661831551116
19707994175018
30549996156108
24167257331000
20531944164952
20341701381696
24606108381668
20532697729950
24051803187507
21726261252183
25403393466201
26568005149213
25791659790607
19970743099250
28464544287338
30875980219065
30476319628817
27522167518337
20467305825976
23102183941009
20424471289089
27753882937271
21009461625673
33402816860401
23111753863834
24145609229477
30617041798966
35121781463394
21675416530730
31396495226890
21002931211502
23336093558223
29387659568169
21964792868638
32702064983874
33531291507283
28566560727068
23482314104565
22989251856226
21545302295360
28700593801481
26232973421103
21723618945777
34919979532229
29780677585596
24124500476430
28699952131789
25335517320997
25229268567346
26700221274083
35749926979316
20327232547454
21625522697524
19977588366924
24114371285539
20364388001407
27298865291564
21334590680296
20654723251482
21924233196008
25120004158488
28134930538023
21433773219562
25993513266154
24788837295871
28374368298263
20383748186229
27620405842690
21295054532493
26735061305060
26725404478826
21886797727352
27932899708865
26450179612552
26799306688711
29319139873356
23611272892970
26823581895775
23896665722339
25456412785750
27978011370427
26038348882112
22144108841475
21484918154556
29709881662907
29305956930918
37680018536921
31855708559667
31806009312600
20429395884771
29898991138862
26144536139230
20418481690406
21001022457796
19876357998906
29628630305056
34143000382683
24175336099928
28135121688872
22564587068247
28374583889392
25433788579579
20913296221715
28225135288648
29434226293506
23540255893412
28157542877631
37133982270517
28284526657484
33482070716771
21511076348947
28451379962346
22068430355289
34740196668790
20354043835577
21440616555779
20582962979356
26472556108129
20381046488614
27909893973613
22909474472339
24866696866043
22911392821484
21076243058662
27242815147377
34221341128509
34247673689940
23320439183244
27709166025438
30233260366091
35047780345795
30012335587952
20621584188304
25339861282907
23489264382898
25532002716263
29262537119768
34266376298496
31376364690500
26231971720110
33951369256092
31067926924873
24243313828537
24459552861697
37135210848754
22435205705568
25126368007993
23752165211200
34023837192806
33260740473278
37603686532367
27931409795388
22172691827416
32797558451661
28587393903584
27221936903120
34366466027698
22061896797166
27888376897248
21275625908942
33403063814956
20999944072092
24111221762357
24196326242090
27456129463782
25636316591777
22144879301858
28089996203535
23690906684638
31661344660671
24670114264739
29355099160519
21557429489848
20045009136183
23163699349360
21650077546527
21555900399790
25442349199202
31877906304669
33575747490950
23450432901759
24480570765489
21439203519765
22025268312315
29065932044746
28185078141786
22788756931857
22898256427275
33036033556220
26749475079419
27566138169677
20390268486492
26456300424433
28122411725955
29779709510804
20831007518305
21901986321426
31973588872676
36157282841791
26304037313371
21993216422917
32069896613560
22287080084340
32115828094934
22153221869291
22749628347739
30607490962710
26911605952272
21781373014686
23000070454046
22609573859388
25611733123540
21205371871344
20268111408456
25008748483935
26473363482061
33675514694588
29919972616162
32286395301682
26923038193066
27419220288491
19895133676935
29339130584450
21142597951515
25613243170887
28858833965654
25053350972490
22515609456504
20963265908346
25100134586485
24315887609256
30209290150285
25144829729452
19972354280881
30857521300329
27358603496615
34391509071048
21986082845722
19743009516034
23492440593404
22929806819742
22334562961000
31234013908342
20058460754005
22989002258034
20930284372956
33823117828553
29209265002390
19931687205575
19922567790686
24229142730686
19959335381661
31400245772166
36058775633486
21960225636685
19990738470378
22750072147298
30643597376136
26200717326046
26238094271979
23709349812369
28180059011393
37031135426908
28089922110527
23677402451576
30489628588751
34916246669250
35274057349494
27130052615190
32189427923918
22507068021707
35958681988905
20191492989476
22245793387937
22695855169220
35497224052226
29574830062062
20672178251014
22504060286453
24912994561583
20078128304452
26017340202451
21119214013154
30911850846685
25200016997652
20021083479105
27197924731361
23335625121462
21893577508512
23378824823628
20669179951005
23032179460740
21802438422979
25659927048971
23724959758023
27122370809002
24354703686104
21969774166359
30981080488822
28238768713670
24197825505048
21753985159268
33329555718189
31781911074802
29826701098783
24775475815081
29366905902461
22727934630363
21884325130612
33304899196119
20210817881724
25843988825059
22914559957309
26573982777467
20284029564185
24957123366356
38177659796794
20580472892034
28747246078103
20121379171923
27426115103335
23463714511602
32429038377173
22212184685548
20211628840695
31186238090711
33574927127012
22957536410853
32092959606564
31782059188972
22592782696132
25908285327604
34596131994072
28951886521415
22628460281073
26854804334073
26711710921695
21282798430200
31020777526969
22244907808739
25391746407398
22646505885063
22625159048754
25412493779592
20865782233266
22032213730002
19978030395640
23123429156375
34172503199599
20918419795706
21412718565931
33304675813345
35045172657968
31763882624832
30176114710893
20202921807205
19838508295019
35977840622036
25369458758999
23285826373370
36596853686645
24605482451757
24672189258203
21031697518565
27843758114791
36571168586626
20830354414269
19744996276469
19793509896420
34597746585709
25606459750579
29469770257228
26711207933852
22345105379735
28391874119831
32211227656913
23156531719817
25361851849250
20435453024213
24974792134203
28233858425415
30887304322380
24175161665309
21022729890334
19710202445018
24353727565419
25114272256879
20706386104171
30268814147222
27736424486838
22613096003787
21060806146345
22113631393396
37395901463642
22133846953237
29147030607505
20284941902744
24198036335534
25540266327491
31024789693150
33994540348270
30487696283627
31783809092879
26969579828737
26571449942498
25336485700075
30596630370771
29251698509349
28178576109033
30553365377837
30784864638060
21082931791463
36107802076953
21814500006470
23360577952057
27946941454164
32865588320321
20446745996390
36494341526782
25920628905828
20593020688510
20885108553478
26085992181597
19833804569029
33655755980428
21973267145281
23643197324504
23379334883489
26866942522014
24618476263360
26823108022596
24678742174159
36285936700502
39446346664261
23855602047292
28587588703709
23176075104682
24365294869487
24271150335005
25071343621837
22786827214412
20726440397727
32071978539268
21931247692323
24354762877255
25769186323898
30152076935755
26150938981785
19868843160668
29677186417805
23216999279236
19678931875266
20269039316941
22423571881699
24342664095847
26158529157399
20940748936752
22507219458131
23526008134075
20498869693648
28045746452909
20378328242634
21772674219271
26601793573481
26320587566368
22013153886691
28838162292968
23265149505869
32987423047143
23324821599960
21827381570740
22648038715864
38308804695085
24531541035032
21636890088253
28419396896478
26955900297335
22767227013527
27252759224579
37812099356899
28371286023934
22444214839457
23014170306691
20537589847004
23565409500975
22749613265107
20010794687037
30502851053276
29433753865823
28814623271659
21821452379493
21204583286982
24543489838914
32071439296598
34546586130468
23677122246138
31717665959186
26734821018986
35172903075955
21289767015755
25661772290041
20067781264789
31304584676664
27454737613561
22654685347910
23978434870667
26102673545856
20411368480118
24711891122566
34217449648621
20369776565461
20198972552605
21166286045424
24575314016501
35040954879255
34919120309371
22869638480096
34317645464589
22013097204292
21900778489698
26166780905883
23298582739600
22042161954991
32575971232032
30899762332827
25885973734959
27566593216940
25927624374914
19651448720358
24181030256294
22086387946420
20989989092661
19905678486402
29461872419578
30532436239465
26800381239991
21087279813673
34273350854507
22766593367056
24383702901556
30269258155897
19904015180707
21590389252532
29182095912838
20103190465411
31709718499718
26137971486567
25125239718080
25716014843489
28725710936275
20269323732705
33551375284206
31071476726458
22695094797903
20912202058007
30067078619818
26288613835134
31020773891299
21432439891734
22713679421284
33042381627246
31138980654228
23259365055628
27352708007796
22728764829604
23779764051827
21378368805043
23060877797929
27144420497337
20391590122178
24765344370469
37005271388052
25798494746366
24375041728892
20821680241340
22487345207197
22879441430177
21166187091693
22587270557340
22285100941994
20016570535184
31425482462446
22567836358297
20750068876771
33011676473678
25744339209803
29942158187162
27241767913408
29186421601632
19849885769470
20578228605684
30175493443978
35954531799431
21420506940186
23688243310763
26821135426350
24977071496100
31235224496534
21994025929974
19835236504520
22513381682237
25712988753050
23542356738598
25650271767229
21603024430716
38099256952496
22708195783388
25704223407559
27228258279526
34594492695523
23273940001463
28295040987085
25498192864233
25562610984145
25463604119876
22695127601018
27998990213552
25177623394752
19975526876557
25222674828810
32768333322257
24407232427475
26123260583209
33846469731233
25867644303584
22164428955584
25521669238512
24817033215977
33481566590037
37318178444943
36825720654922
25532970622227
25382733539591
34073573653067
24021622729709
29661960649782
21478972995293
31830031424991
25012214459215
22623558076615
20422383952836
23295092848500
20331131435930
22264047639278
20982025297664
21558320783650
35979335533275
26216699499246
32264967377243
25264206105321
19953704727793
22787924766409
21160922725881
19825242863254
23377111116747
28461330267013
29782348977638
30714278165072
22192647165867
28360037667809
20382231317120
30570741453420
25379878020336
24291412033896
27819169696292
25143955858468
25441372834158
20770307265357
26125086933336
27094950375908
24775728366234
27224088808801
21873543121872
26997375271436
20135317061766
33185971104608
22025771887152
27664044912804
26856458830887
21693738124344
30338900114724
23751943632768
24030261551313
25370776462648
26079211117749
21866627238051
29309288549473
21308600754971
26800865467450
21094072355503
21531066686518
31326960497094
26762377032573
34342472746106
20345672174833
34490624214793
20603248789667
20482608095368
23999737733168
22871505911289
26648457586403
29524165933017
22365720301633
33304899196119
30899170271245
24696616006766
28532961999504
27411449718465
20997366314743
25134947579451
28068124737655
27987522434871
33211530601227
20346287138355
30583239415775
20728199623692
23074666859941
22112908966396
31997743044999
23432016725333
20161109756942
20982536925976
26957049860424
27220211575339
29148780439119
21577861546763
32944764203011
21198707570474
28404422337493
25162295439525
25135065603442
20976579317544
20507253704883
26735484985060
22846573137495
28247755434704
20819271330803
22466818052153
23866079654022
25940493859385
27020088634825
32192464718129
27822983592191
31160203592327
21794122159264
29639260730014
29090634803447
24292266358097
20873426215299
26245997928561
22441083842442
7695753856957
670560187286
326323480634
2848887762418
16868018962469
5928653687689
4029889721274
8342325119530
57363083382
16206256897222
10527218229815
5347439016011
25544613980
1627190070440
2805164966500
96929775862
3380202824420
5419602943914
3136592707154
781434415838
2245113256248
204419411503
21126495091370
6509182843924
746179111594
35123532106840
7149731120667
387965936251
265967032834
17138562405328
3013967999873
2052407402609
873369691495
1582404137
129268683902
7248049595818
5977942889175
5291242328441
5669726320896
5865045364211
15113604080395
2245292743649
13244563543170
1037371061330
1405652608242
3216423343200
1908265714570
14318993752587
3641954163333
14962944025117
2346024444531
1222013311179
16445088209267
21302599999809
3723843127478
3271097129066
6656658776982
5467130346472
1180622895769
194959139535
2775277922948
1025436368829
212157312148
197164085390
36033331415455
2140487160764
11093495219258
4561509650160
7469843653852
239488745331
1150113506847
8545479740728
18429568334274
7329665290743
26879350220298
3419881382
7315430624116
326303269062
8039713574992
17688911448444
7057672357862
14045734190996
3176612450675
7815353634719
6041566927106
15664949879485
12456806778464
17365964712434
2496690983218
6696438939741
4355730589523
343691382
13697057072206
2034604937921
227423602335
12188447371239
13387117497939
10518178758654
549187535101
3790404194937
28541896092686
7760742119617
14732642033830
35690448578
997081146876
3236767963707
863643545811
9489579302794
2869534365004
10335400064880
4818779405031
7992304699806
5919945838116
20756925083084
18634364227514
15715002787506
1004024058823
12003682042937
6482741877590
4752645102930
12554036411
63812108276
235341742999
26386142531294
11707095371823
10801215028506
1841194243278
1726994132009
33575540980908
5120571841827
8842600726143
344450424744
1137678692300
784568635426
1437112479546
16921720352569
4576797313533
18058783569
21622788806225
6810254724535
9825892319451
5956473532344
495299847799
5816943912729
2210859489777
629426015351
5061768521613
7950512144970
10294068433461
2450343976031
4119072405768
6074175850500
23143940714433
31759979930164
8428695562570
30080330975230
12576688986410
979671010947
10787277751472
20865853673127
4136627595833
842463764287
9729785168238
7756096132220
397381024
5122150118097
534356232981
8892785724435
29898388490978
4838970548103
18361923044746
20990416032249
2362161191119
4012380558
93796096207
12601376957769
831600078053
13464391326721
360191684308
346002126914
4470461595813
4784897376041
13186442981948
3839427062527
240207770468
175611180561
16291657590
7688510379577
90768999927
2257374032222
5116850254975
1122215423611
19426742080592
1383297221866
174192315878
13603549391143
1362769976608
1730507865300
11695426241748
3169294105850
8028073498054
26975001937634
529270661994
513119413092
19802063080604
17403321857138
29943149582370
25821211470941
10883786490418
899216783204
6159005999953
10713848422034
12943504611752
166519113159
550947652818
208706846
8054976822276
974873600467
5101224970843
1353764304280
12682107981896
3765196818542
1026528331873
61451755953
6956127589516
4023704847850
43574298035
133533413815
4108641223
9823591720308
50608705701
187651301833
13588888087135
2423488419868
11161899740393
14939830170
16808786136225
11621373018070
460861170084
3278329360426
3913194365075
13946029953522
2722448918908
287524691
5950933098535
89248404128
10922546378342
13496429386237
12696246442270
1152202547818
2516270046482
783791587283
22031873531201
2957491832504
6497460714271
1769165071674
1335662498900
753514878726
1377285655248
5633675876781
6136260071575
855569970904
4319807931482
2553123283633
252790757119
1007717032188
88125922772
16914432358996
779984723832
14609863290887
10851448983041
9152726815995
6232560410213
7407470726083
14383943921
728611088609
116949325272
1587509559987
4716799586993
277958314807
128786698804
16305354276
31352499038764
8383503470349
13318940106914
2798314686377
11334028892073
182607878182
19511837665278
10776482005615
1453862066703
1056646441143
7907246046028
994813340080
16671706322704
331430167808
1561943803168
187422665177
20649011650986
6677076997195
19755515504658
7261163520706
326185619662
5205021077594
5645502252591
11828236715492
94229409471
1081049695347
855108617439
315166348699
9446958501444
22002941740576
3272300314847
19939487795918
1622610826988
1433103096390
22612695778229
20600986943386
8071193134614
1739842098348
19705641608288
12757777001627
109331409872
10283666891922
3071150452168
2315202503290
737279565976
6200875617790
166540889655
12783166538275
3054358437808
3084675324673
4464329184085
69874831274
469089885352
479224899574
25379197395630
258111494345
1528559770245
5731269885757
14449692728438
6516056223659
4807795902420
12309036877
578279230239
18462446563456
23787357648735
1989875540377
132767421264
1166730841689
35957805308585
1949493106961
48631369225
98358732413
132632404901
10536185059907
3350922850461
3686515536408
1833311730298
4375693003571
455407823269
3553565348120
9612434083194
308638521654
27633034594089
1292890469177
9139850441040
7910494612206
14456296265853
5341191421466
9439235732362
4028334517372
2885997183728
1504131037540
737663088942
4642802118602
2554907891398
15332822079433
185829514436
8090172550408
7676933340977
12100997618440
4375180879529
2589080692278
4865387261034
211665185619
10400234394
19766770610528
28361681429725
9719582119190
1371029867836
3752186099335
771201783342
1262687520084
1704087764144
25606661977587
3084894751269
10081321926213
1933128422662
3071456823295
6194284945061
3310374815592
9333406341628
7731064819568
174351716251
6439294321962
4596774850216
3654825221708
1050249897313
4067449330269
276377502233
11269468286234
22627675261762
3946510307
8960717624328
72517104551
6705018515547
301296681419
27262716076281
61714128516
7473423339902
260219589327
4209162798808
4867398471194
6681724836175
15378297294008
1721852367983
51233072558
10915186221909
12717007366303
3644951519631
31259155319
60823467785
6574996206
9882756499794
287485204239
7918710445435
14925966347326
925376487159
438293603305
11152303905042
1210056501367
10407198652449
2690241605850
7456348207757
19444478890932
7534099232126
218480580638
151103724237
4567379909942
6574231118249
9979083168759
3656643192932
1148028025973
982946432267
6406987969204
10606019639423
3689566108067
6584736968997
24109604565232
770028712256
7273903032202
1432684061159
33702881737115
4445192097
520344869601
6606756383942
8141135910365
4282298746514
254101637464
183503693746
13061402788572
4606592272
8299432501965
364702512443
96272832859
11531117361095
5378592184704
12316052475527
192242568490
28428939255736
195836711067
3073220889707
1743813142100
22033735295610
1358383639709
16670202263330
1007509041813
3420010468718
1873117708
6300797208380
1159746150180
9022962122558
6245697121011
29608079994822
5628294694288
9598845005828
7800435035479
4340304721030
272242760841
13066691364045
11350351541783
7008607670291
3648554978
114656390056
9942156927268
74841531025
29064202757233
21675416530730
12578820248978
4397161808498
3249061496548
216423895223
1036301609583
13526647282799
2175970615419
6598252398866
5247347690778
1723572782737
14284204477617
81636189428
1175785797453
763673773992
505712423743
5189271810888
93867066073
2562353866346
1403900308377
88372038119
762094962415
958156356130
1328680958571
753501118460
358756379638
3363637129048
2128966665282
11720106506144
1501502452697
2464197066746
1064130230428
1861142043802
712146652431
2311420925481
5845117852554
391333751037
3839731249942
195737086773
2322266166582
15297448629315
36570650611
2894832855194
12547382341838
139394116311
22024124158360
3528875879622
116870740273
9462936548429
8415678536
5899262135450
15581623661
5847663608094
2985261763091
1962134255
8732372322200
15911578741298
6689648886
65095458411
22547472489220
1695625239760
4505150825230
23638163777
791955648124
2985618343650
5695967846505
1558063221927
1051900874368
22053467522340
11846265529708
4139785575117
13270752388128
26399365593123
1898496811562
1806185207847
3193309792337
7973250080999
2617343316548
8166385740497
1827818248934
1966977976962
6500228346333
26536401169207
4482341883967
8981292553844
4989044118104
6290785401532
32305633166
2798088883321
25326572235865
3872229460617
3262756720807
4253275914629
69568311718
87693565852
5564054531415
11832709388431
11505801081737
4708643204035
3174124826551
2324372118100
101964021952
12380957274466
26159087280
4923074325
22332699610237
112343567251
4906658634581
1381987776960
46965600684
430063676
2602334946465
14216777818741
22551633992503
5442227060668
845150798385
730401673443
13845552541573
4949629630087
22824769393517
1916005382206
11561227859437
234570826812
24800870558759
845366055552
25506021952139
2086201058857
18704123276066
10550677372218
27247060522439
1209849303173
10925126226644
11898093113517
3255027668614
30149324654402
2270359118771
9661203890839
6578097319139
13276526207921
16503186698499
23998954729662
1456488432637
2290351817831
3915149448676
20310746172190
13891147920745
24090352873577
173302552517
13524680756958
3902774943300
4805827605319
6756638712923
7581895369420
5263784750850
4768788759147
32042747056381
59567261633
14670309427124
8799758735929
9805573325519
1276049154363
2330374175410
48100903159
8976693899151
17096268144
7197838196791
2778046534919
5856106663552
531312264905
291727772437
2149913728881
20334567139388
4670853759352
3978059298821
34192788326929
10109784010342
2182091102491
597277338254
5999359871356
4252994714619
3357656165239
207305580345
428084461201
341847432785
91447630481
3018012555550
116771675988
3364865605682
178231933582
5746583541188
1292461030989
20888590773590
17310143969
21009773432679
18515385963130
11318705357374
87952255065
232042357838
383005626146
1531606890838
368482515582
7863728412430
8091342888157
1086484592679
5183765436844
8583576389357
1673745841722
14384503980970
8589493678022
212003987672
28171543774173
1413791478164
2605614526254
5064736899795
27152186333
2072957096959
7410114597866
12041098335793
1122591312963
59633697136
1486774746236
1410057082984
306710219184
18802901121113
12402961717757
5926662188660
106000778063
43902677453
31505766466
14670295298409
956836096303
10317826561
26005959326489
848305459818
1012352542224
24895842635
1968960772442
26909023872918
20957937004170
24145330857162
8152783032435
6598733316156
741219916798
16903773919713
25051208684631
323725049870
3793742709506
8854360097829
6508099995974
11177067234543
3174053589
14901376555214
5071778738518
14764256495226
2076603666241
3437450721520
621187655018
14041687584834
26866521723640
7034146483660
590973235445
203465920500
2835585129284
7290825667572
21176572338842
7053104577627
6042210058406
686984983893
1913980425727
21649526175306
154913433650
678258432157
4081150442219
11711974110420
28023357001721
806992704136
15162803812379
12006409704747
2525337240744
224957638875
11995115673658
26016672196956
3484208264431
1702971986229
1103593579305
37655314536981
1725461491684
2583663157477
17511462291755
10745729085602
23013176055529
293628693062
7594657945100
8892157385567
8785089438800
22667266878913
8227988901913
305383679377
21866362403941
28476100444790
6348952202425
12711785573823
8899086012398
515214861729
27767071060760
919407588591
26815628323333
774095570706
4535536843751
3720956846556
13355179449117
3697488254891
1013113882
4383470741915
2865396461340
4085438346581
20264509651158
9445423477079
535197779877
18210887652722
1799594266810
1424938851008
4109936824477
11196728135771
3263399621014
12555921954361
6151895181902
3340192390148
948341890536
4986369767083
7725380019746
3952064698273
261806565
7242773660922
16758487553
9694317452678
480675092838
23951833211791
2845212451916
14859457702
13542608929908
3860096438387
27211901459898
27331429564612
33406742563007
11172136409935
43421300132
3221480358749
6974537545691
2896000896938
1407164548630
1879784557079
27233600787340
1694024432917
4537657516148
21951007184
4204710319271
5212814306883
13510007414876
2943859999818
7836687724684
4184007866609
3017060036033
185633863712
1108123973933
4241784117454
15164852288541
14556496933531
2979914912015
21297950891726
4894261369264
3486558524554
259084601246
108063908912
16619395762141
215812360209
472426068234
2808788363055
601693687909
69861181975
3205951733433
309527469544
2144332964196
13936596121947
28090063337901
15044261258179
16612047045216
1020095495212
15120877927603
17074983786464
414115874765
9412352739158
3120604455522
1424993276020
12401642231208
6960124609688
2930473913909
5533524177873
6289106755750
88957565734
3395785852543
25520923034808
3302588868326
179240347227
10768361493250
3177432512825
2866850145872
9489492186173
3765262036782
890829356209
1107080817500
16991184464541
4606433725434
4959009551977
14950527429932
11637336414299
109697957176
3279448844
1519443211507
3805363516858
4417277482578
1541458107782
2024490528139
14881582689102
17123809361493
31679507138
295930123530
4424568954645
762175840031
1613960489565
14765363414482
10819184489229
155104973677
867786961923
3167414358470
28528107379353
38630415166
152381483340
48831771333
25434651768723
855973022673
6962248548837
80896561316
22446548751375
12789199318123
3605680333184
31092544336
10848585841176
2401437366218
19365308064650
858502643808
714527330
8274484364908
30878817941268
7189180704297
2271548980449
18187984435816
2861715831377
1926496318552
14667353498868
9184711583181
5704141199412
472519380185
595819702748
19339990159146
47442212493
2080385931675
2943068697433
436310527798
473840007311
10204972897056
224530218051
19080176070458
6855140786800
290255885871
1279521616612
6895578963897
523525495838
16723209374076
1572915000668
8534747963085
17321978123452
1756533189861
21465076947702
10645073947506
731074650477
906215586024
16995336894526
5753880129731
828751799
23957571627911
23876182396522
2472666474828
7740396217654
12997676124247
13001172097919
5391886730156
17343725640
31235665657861
9767032992389
6001903842113
107174301781
30667269443211
662892560700
4060186184626
805920190765
2642782253349
2799935303741
1494386382533
112467928766
8594179655714
1995198148135
217979042826
315814186204
23688817895296
8603691583421
9081786833499
1900785890817
13081575618
3777565716572
4914380658163
7052206023364
3661455410
1019858240407
9028970362457
12760859319626
15933030634688
352153092033
6473148426499
3156648350753
30165358927
2723475785985
738352358744
16084599205838
25939119961692
9945526665391
17585246934400
2283578472796
90917643876
16658998532996
2077967005039
1025875414484
339824026776
5176313863018
1017004394366
9554283406522
14140649224994
12955805887623
5537646144139
906168139703
1978239631308
571270728933
4162563527983
6948902459242
21767037053760
2666691656830
136367395549
4461847104341
14849360935138
291586504124
524316068167
8276294799636
28068056774067
17583513510189
3820221215084
37346908679
3346987877168
7158874104914
8693881467784
17666489120767
5596457069311
8147748005
448976598660
4338138223109
2883051353688
967564195493
1489407044421
1072779343143
25628288087695
4543251170144
2130906375
8394471038411
1526874561654
2732557374696
7770986807565
12678927670006
242094900528
18066312055761
3515935847069
880421800035
166833374462
17404655680169
9604874326393
11665379611316
2601400805699
3127518875521
1730951237601
3669563159397
15967193740776
183630465396
1529563163743
6921528471627
6766051978900
1044740753020
23220999657112
8704775562369
1848631935710
12675052795966
115491385873
4141467673426
75543259259
20710941594
263785953590
30456436167913
4678329272078
9301425926811
3956503453495
143624480610
1523615279490
1845916365714
4529000737014
2389177145817
16978691805638
151659648994
10271615584956
25199914004658
5116946084375
1844962323092
514143957644
83772431187
4544110506721
122770345455
1271527954073
1886049572551
32291406200512
102207265777
5368049840177
6338122920365
15613741036477
11005059056045
21685859289535
3232388289784
315158859909
5815255231484
469031956130
1819509780108
2180089319559
594482387528
1012106057849
24376232436115
507619364837
273960731015
19850477706501
2045242994962
9855976040987
4846848038043
15063844313608
1467976120034
11407100744620
4669136463325
1164019529061
4259704789507
11472161568274
3925304707463
1323073584117
11795513362393
2836776210015
20582124601405
5459791055447
18247311657010
362630603919
2965451625175
6962805065291
3679881908114
3434105394021
316593555432
21022718650328
2051093406696
5000471565939
9212195904977
25702562460458
1823596050553
2061817599727
4168964423650
30505596985
1105658940285
48408522095
850395742597
6673997417050
28314783809
6907179832808
12955917270370
1560851610650
1608067439414
96606844256
1796465885339
502690498596
3765328093033
16413521742848
6056698608782
12980278894912
9377591363327
336713817335
82143382263
20843162897139
421109086762
419954502797
12649887311494
4266722551644
12281057166418
8780425456275
17306172991448
4471126247479
21006494497
113141042384
4671478439926
2085799925390
2586230445989
804015356103
7533603834657
7115786943484
334607072364
2312989861082
19556975314964
8964739847797
13892381780348
358857559666
9582349346108
2445331850942
1377455907456
1608024987899
29340214212295
4174286629088
22797349637371
15679826466300
2355289180195
1757806666364
689698189633
17911594882254
1930845272194
3204867998068
15647174738
4118030729
129688342341
906448566591
4217989622992
1657651877142
68825295828
10087653486
56400825031
252427043089
280209809270
5004428155909
4265757366277
769071344618
3580051188231
6555038663488
3340951204778
31955692977
2658618065477
97265709169
1618621441150
8733190593637
753680404405
4943534263307
356023606472
19863876446740
107463705839
1748701722399
1354455876991
2968444315771
72710238717
1063980107616
9955949844163
2517745059567
10732424992
781589268505
26093965397239
4399307421600
6316034556290
25518968851753
1045050822920
2477109038372
2003240244546
20005455936231
6775397650964
26053997769
6087162413704
30953474526592
9287467919903
1038002900644
654852855523
3160014837625
163562957
2883477376004
4979680086218
104087697232
309900176741
11045480150047
4893761124324
5980422611997
32186294718627
337465081
4506837069082
12561366009251
6337382539423
79194148723
1080695093412
5297012906261
14212893832149
7011998695277
8608210753491
31135693492491
153959361476
16985846970032
2641203189439
668795999208
491827141264
24639390527686
2272214094583
2097356773126
4771917049299
519316924588
5583608497781
13350296283
7783105082998
3706750566750
16756955725390
5310866512346
1960827232
8795436753644
3828025799779
23389221523716
12620367524750
167633237451
3029446710730
305662212746
683226886573
16202143093
25071264777719
11997915944496
1814451101119
14104552947224
1113396701132
65178167233
6553144925971
1326845175541
13773691538698
2132546531345
1396919557988
16346491680752
515468362239
324084196448
12186471920077
7643403931133
5588200012483
159400745423
3038743215634
18641753697253
386594080553
10993938041933
11926945601230
4103265545694
22596307121725
12233635670100
39474048937
9786832262617
8156995433437
16200098998258
6866056657404
2696549884986
1774206950756
226801031520
18480780471221
1501060726739
21875235272187
15492732303531
20951089766568
6336746788894
2777507359886
150725043561
204757683454
30316134816822
14410070736159
874414082566
4868199113762
2655893035664
13256802819146
1147915543096
2979159918187
1210356639308
361251748159
2974255299474
383235002939
78766068862
3209662302600
4588334336977
1021624380756
6620316620370
9404942872494
751141683026
5657749466953
65839865988
7561619153066
120583286275
46300989133
32435980078922
554014725170
7805415861598
4679896104799
94006011682
7320052609050
943156055
15677433807527
4730129134782
3135343475
4411329073
10301090243446
1144660946465
12695645280419
5254775694747
209333628076
1049993407279
2444384499976
156083181898
2830180488617
1034015728402
13838871666189
4169705375452
1257029605119
4660358526137
7768786496460
16914278970717
90312218150
35791155761
10158613359234
178508975941
1036003691148
1422950972570
1954349855155
690333763077
8420836032566
3300124355040
7288102837527
6744310548323
21098763650649
1966128112720
121243609755
7862218621724
33297549598
41971610515
25834842245449
20411241217637
3353879756387
3210006148367
575415422663
1030376975538
108068567549
1493862537130
228062958632
1578565093194
2554319259380
9618063376336
4432429391275
159946771840
9240433451534
8535496591113
12836792924112
30899513947534
15754128162126
24302045366526
10620864971668
37690312483
13063592652481
4447932897523
502372426773
1484620346290
226498238954
23400260390293
8115984382093
644988912712
8079290649381
19615548822347
19167301603553
12231462618335
8563622151129
1004600935155
3633535596
1003105645382
6730154479847
723010870890
17689037000691
