5 7 4696 BC
25 11 4705 BC
28 1 4689 BC
18 5 4694 BC
6 6 4699 BC
15 7 4710 BC
28 1 4713 BC
7 2 4696 BC
25 7 4706 BC
28 2 4708 BC
20 6 4705 BC
29 11 4689 BC
6 10 4699 BC
31 7 4691 BC
9 4 4700 BC
22 3 4706 BC
8 11 4699 BC
18 6 4706 BC
18 9 4696 BC
3 9 4710 BC
28 3 4687 BC
19 12 4707 BC
22 11 4693 BC
10 6 4710 BC
5 6 4699 BC
14 5 4708 BC
23 7 4688 BC
7 7 4712 BC
3 3 4708 BC
15 6 4690 BC
28 1 4686 BC
5 3 4705 BC
20 6 4701 BC
4 3 4701 BC
27 10 4687 BC
3 2 4695 BC
11 2 4696 BC
20 7 4709 BC
4 1 4686 BC
11 1 4707 BC
19 7 4706 BC
1 11 4696 BC
10 6 4711 BC
21 10 4709 BC
18 12 4693 BC
27 3 4710 BC
7 11 4703 BC
23 4 4702 BC
5 9 4703 BC
16 2 4694 BC
4 2 4697 BC
27 11 4704 BC
22 11 4700 BC
11 2 4696 BC
18 2 4704 BC
9 8 4702 BC
29 11 4704 BC
23 1 4708 BC
28 9 4704 BC
11 8 4700 BC
15 6 4709 BC
13 11 4707 BC
29 3 4707 BC
22 10 4698 BC
9 12 4697 BC
10 10 4709 BC
5 4 4711 BC
5 8 4691 BC
17 10 4687 BC
10 2 4687 BC
6 10 4689 BC
29 5 4702 BC
14 1 4690 BC
4 10 4705 BC
23 9 4690 BC
26 1 4687 BC
24 8 4699 BC
30 5 4696 BC
9 6 4703 BC
10 3 4708 BC
4 11 4711 BC
29 5 4696 BC
12 6 4692 BC
31 5 4703 BC
19 4 4688 BC
25 10 4706 BC
27 8 4704 BC
23 9 4703 BC
27 3 4712 BC
26 6 4695 BC
17 11 4690 BC
23 11 4694 BC
17 6 4700 BC
26 4 4713 BC
27 3 4693 BC
8 5 4688 BC
9 3 4711 BC
12 10 4701 BC
4 12 4697 BC
4 11 4694 BC
5 3 4695 BC
29 8 4710 BC
19 5 4692 BC
21 1 4699 BC
21 11 4712 BC
25 10 4712 BC
17 11 4705 BC
5 5 4696 BC
25 4 4698 BC
25 12 4697 BC
16 6 4687 BC
13 11 4692 BC
26 4 4695 BC
5 2 4700 BC
31 8 4707 BC
10 11 4693 BC
4 5 4709 BC
29 10 4690 BC
11 10 4708 BC
21 12 4696 BC
6 8 4697 BC
4 7 4705 BC
26 10 4706 BC
29 10 4698 BC
2 8 4694 BC
19 11 4712 BC
11 12 4709 BC
12 11 4709 BC
11 3 4699 BC
12 6 4698 BC
12 7 4688 BC
24 2 4690 BC
30 4 4700 BC
15 12 4699 BC
1 9 4687 BC
22 7 4700 BC
10 5 4713 BC
7 11 4687 BC
26 1 4701 BC
7 9 4713 BC
9 8 4694 BC
25 9 4712 BC
30 4 4705 BC
19 10 4698 BC
5 4 4699 BC
13 11 4689 BC
18 11 4707 BC
19 4 4706 BC
16 1 4708 BC
29 12 4701 BC
24 9 4694 BC
25 8 4698 BC
17 6 4701 BC
21 5 4702 BC
7 8 4701 BC
7 3 4707 BC
12 3 4704 BC
8 11 4712 BC
12 10 4704 BC
20 12 4711 BC
8 10 4693 BC
22 3 4712 BC
26 4 4709 BC
22 1 4691 BC
30 3 4707 BC
17 4 4712 BC
16 5 4707 BC
22 8 4713 BC
17 5 4706 BC
30 8 4704 BC
28 1 4701 BC
19 1 4708 BC
7 7 4688 BC
12 8 4703 BC
21 6 4708 BC
23 11 4711 BC
13 2 4693 BC
6 9 4697 BC
29 5 4712 BC
4 5 4688 BC
30 6 4700 BC
13 1 4696 BC
4 10 4690 BC
9 6 4694 BC
25 2 4711 BC
29 11 4705 BC
28 8 4688 BC
9 4 4699 BC
19 10 4712 BC
3 12 4693 BC
20 5 4688 BC
19 3 4686 BC
13 12 4687 BC
17 9 4699 BC
22 12 4694 BC
9 10 4691 BC
14 7 4695 BC
1 8 4689 BC
17 5 4712 BC
1 2 4702 BC
11 2 4697 BC
17 5 4698 BC
23 9 4702 BC
6 5 4696 BC
5 6 4712 BC
27 1 4706 BC
1 4 4695 BC
5 7 4690 BC
26 2 4702 BC
9 2 4713 BC
16 7 4709 BC
28 4 4694 BC
24 3 4695 BC
18 1 4693 BC
26 6 4707 BC
30 9 4702 BC
12 7 4689 BC
8 2 4689 BC
1 8 4693 BC
9 5 4693 BC
9 5 4711 BC
21 11 4699 BC
6 9 4693 BC
19 9 4703 BC
12 5 4691 BC
4 5 4707 BC
9 11 4688 BC
8 5 4690 BC
30 8 4697 BC
21 4 4690 BC
25 9 4693 BC
16 3 4709 BC
14 8 4710 BC
10 5 4692 BC
12 8 4704 BC
26 1 4694 BC
4 8 4689 BC
26 2 4694 BC
9 2 4710 BC
10 1 4701 BC
28 3 4697 BC
30 5 4703 BC
18 10 4700 BC
31 5 4700 BC
25 6 4704 BC
30 7 4710 BC
14 7 4704 BC
11 12 4693 BC
28 1 4691 BC
7 8 4705 BC
21 1 4702 BC
4 12 4712 BC
10 5 4694 BC
23 4 4694 BC
23 5 4693 BC
15 11 4699 BC
15 3 4706 BC
28 6 4712 BC
15 8 4709 BC
17 5 4708 BC
3 12 4698 BC
9 7 4706 BC
4 10 4695 BC
31 1 4708 BC
28 9 4698 BC
25 2 4703 BC
15 7 4696 BC
28 1 4712 BC
5 1 4703 BC
11 1 4692 BC
17 9 4709 BC
25 12 4694 BC
3 4 4692 BC
1 8 4713 BC
20 1 4700 BC
24 4 4701 BC
29 7 4690 BC
11 12 4694 BC
10 9 4710 BC
13 7 4697 BC
28 2 4690 BC
7 8 4697 BC
31 1 4689 BC
5 3 4691 BC
26 7 4692 BC
23 9 4687 BC
20 8 4692 BC
24 5 4688 BC
30 12 4692 BC
19 11 4711 BC
3 5 4699 BC
9 5 4711 BC
8 3 4710 BC
20 5 4687 BC
22 11 4712 BC
6 4 4702 BC
17 9 4709 BC
13 1 4700 BC
4 6 4707 BC
31 12 4708 BC
21 12 4694 BC
7 6 4689 BC
22 5 4705 BC
4 7 4707 BC
23 6 4687 BC
25 2 4703 BC
30 7 4693 BC
4 3 4712 BC
7 8 4704 BC
14 11 4688 BC
3 1 4700 BC
1 7 4687 BC
28 5 4708 BC
23 11 4711 BC
14 6 4709 BC
23 3 4695 BC
27 12 4688 BC
26 12 4696 BC
2 1 4712 BC
16 11 4702 BC
13 12 4694 BC
16 9 4708 BC
17 3 4704 BC
30 6 4705 BC
31 12 4701 BC
10 9 4696 BC
28 11 4705 BC
19 10 4702 BC
12 4 4694 BC
29 5 4711 BC
16 7 4699 BC
23 12 4711 BC
30 9 4704 BC
13 9 4689 BC
24 2 4705 BC
24 10 4692 BC
3 4 4697 BC
12 7 4710 BC
22 8 4699 BC
18 8 4713 BC
4 8 4688 BC
23 11 4691 BC
7 1 4709 BC
23 7 4701 BC
8 10 4702 BC
6 6 4695 BC
29 12 4697 BC
5 7 4706 BC
23 1 4713 BC
29 4 4696 BC
17 6 4708 BC
26 10 4709 BC
10 9 4703 BC
8 12 4709 BC
28 5 4706 BC
16 5 4708 BC
19 5 4694 BC
27 1 4696 BC
13 11 4697 BC
16 3 4709 BC
5 2 4713 BC
28 10 4694 BC
11 9 4694 BC
21 6 4707 BC
21 12 4697 BC
17 5 4697 BC
4 5 4691 BC
27 12 4709 BC
13 2 4704 BC
20 3 4695 BC
11 6 4693 BC
2 9 4712 BC
25 11 4708 BC
26 4 4690 BC
24 2 4709 BC
9 10 4703 BC
7 1 4696 BC
25 7 4701 BC
7 1 4709 BC
23 11 4710 BC
31 8 4691 BC
25 7 4696 BC
3 8 4706 BC
4 2 4692 BC
18 6 4697 BC
30 10 4689 BC
3 8 4706 BC
19 1 4698 BC
3 1 4696 BC
12 4 4695 BC
20 8 4705 BC
5 11 4712 BC
14 8 4712 BC
1 6 4703 BC
20 1 4693 BC
11 7 4691 BC
27 3 4691 BC
19 3 4702 BC
27 3 4688 BC
8 9 4700 BC
26 11 4698 BC
25 11 4690 BC
14 3 4695 BC
23 2 4688 BC
31 12 4687 BC
10 8 4712 BC
12 6 4699 BC
17 4 4686 BC
19 3 4693 BC
28 10 4703 BC
5 10 4695 BC
28 1 4706 BC
27 1 4691 BC
2 11 4706 BC
1 7 4688 BC
4 3 4698 BC
6 1 4708 BC
7 5 4691 BC
15 11 4709 BC
21 12 4700 BC
23 5 4704 BC
5 4 4696 BC
29 1 4699 BC
8 6 4687 BC
22 12 4691 BC
28 9 4697 BC
23 8 4696 BC
5 9 4705 BC
22 10 4699 BC
1 6 4711 BC
25 3 4706 BC
4 6 4693 BC
10 5 4703 BC
24 5 4697 BC
17 8 4693 BC
4 8 4708 BC
18 10 4705 BC
5 4 4705 BC
22 11 4687 BC
11 4 4699 BC
23 8 4689 BC
5 12 4692 BC
30 12 4712 BC
14 1 4687 BC
23 10 4691 BC
22 7 4697 BC
14 9 4691 BC
29 6 4691 BC
22 12 4702 BC
10 8 4694 BC
28 2 4703 BC
4 10 4687 BC
2 1 4706 BC
6 5 4706 BC
3 2 4704 BC
30 10 4700 BC
23 4 4713 BC
15 1 4693 BC
8 1 4690 BC
21 7 4713 BC
8 3 4698 BC
23 7 4706 BC
21 10 4691 BC
26 9 4692 BC
29 9 4697 BC
30 1 4696 BC
27 6 4700 BC
9 9 4701 BC
19 11 4689 BC
17 7 4707 BC
10 12 4707 BC
24 8 4707 BC
10 7 4706 BC
11 11 4706 BC
2 6 4688 BC
22 9 4708 BC
18 3 4701 BC
2 6 4697 BC
30 1 4710 BC
23 4 4694 BC
11 5 4702 BC
15 2 4695 BC
11 10 4704 BC
12 12 4703 BC
26 1 4696 BC
27 9 4705 BC
20 3 4690 BC
16 2 4701 BC
12 9 4701 BC
12 3 4710 BC
23 9 4701 BC
1 11 4695 BC
16 6 4694 BC
18 4 4695 BC
28 3 4700 BC
2 8 4692 BC
9 4 4690 BC
6 7 4694 BC
5 10 4708 BC
28 6 4702 BC
30 10 4692 BC
3 4 4695 BC
9 9 4700 BC
10 2 4708 BC
3 8 4702 BC
22 12 4705 BC
13 4 4696 BC
21 9 4706 BC
1 6 4689 BC
31 5 4694 BC
25 11 4695 BC
3 7 4699 BC
19 1 4698 BC
18 8 4695 BC
5 7 4688 BC
14 2 4704 BC
29 6 4705 BC
17 12 4706 BC
9 2 4694 BC
15 4 4712 BC
22 1 4705 BC
3 4 4695 BC
22 3 4689 BC
5 5 4700 BC
6 9 4688 BC
20 11 4697 BC
24 9 4706 BC
20 2 4705 BC
6 7 4689 BC
10 8 4701 BC
5 11 4708 BC
19 7 4698 BC
7 7 4710 BC
7 5 4691 BC
26 7 4712 BC
12 4 4701 BC
23 6 4698 BC
13 1 4694 BC
5 3 4711 BC
1 5 4694 BC
29 8 4692 BC
24 6 4704 BC
6 3 4707 BC
14 3 4699 BC
29 7 4692 BC
23 8 4691 BC
27 8 4706 BC
29 1 4712 BC
16 2 4701 BC
16 3 4695 BC
18 4 4693 BC
3 6 4697 BC
2 7 4691 BC
27 11 4712 BC
31 10 4711 BC
3 2 4712 BC
3 1 4688 BC
21 1 4711 BC
9 1 4688 BC
4 4 4711 BC
7 1 4700 BC
30 12 4704 BC
22 11 4704 BC
28 2 4703 BC
18 6 4693 BC
11 8 4709 BC
7 12 4693 BC
1 1 4704 BC
10 1 4713 BC
29 6 4697 BC
15 2 4701 BC
10 3 4704 BC
1 1 4687 BC
15 7 4699 BC
5 2 4701 BC
19 11 4687 BC
18 12 4708 BC
5 11 4711 BC
16 6 4712 BC
19 3 4688 BC
2 12 4701 BC
8 4 4700 BC
11 1 4693 BC
16 2 4709 BC
20 9 4697 BC
2 6 4703 BC
25 1 4698 BC
19 5 4697 BC
10 7 4707 BC
23 2 4711 BC
23 6 4707 BC
25 2 4697 BC
3 1 4706 BC
14 9 4705 BC
31 5 4697 BC
21 1 4695 BC
29 10 4709 BC
3 10 4703 BC
17 9 4698 BC
9 7 4704 BC
25 6 4703 BC
26 12 4696 BC
10 11 4703 BC
11 9 4689 BC
25 7 4696 BC
9 9 4702 BC
7 4 4687 BC
7 10 4712 BC
8 1 4704 BC
11 5 4711 BC
26 7 4694 BC
23 4 4708 BC
14 10 4702 BC
1 10 4704 BC
15 11 4704 BC
8 10 4708 BC
10 11 4712 BC
3 7 4710 BC
7 3 4704 BC
27 6 4710 BC
31 1 4687 BC
23 4 4689 BC
15 11 4697 BC
22 4 4700 BC
1 4 4709 BC
19 11 4690 BC
23 4 4704 BC
13 1 4686 BC
7 5 4711 BC
19 11 4687 BC
24 2 4701 BC
4 2 4705 BC
31 5 4690 BC
30 7 4708 BC
27 4 4700 BC
5 11 4711 BC
20 5 4704 BC
25 7 4687 BC
29 8 4700 BC
25 12 4687 BC
31 3 4686 BC
23 12 4697 BC
8 3 4699 BC
16 10 4691 BC
4 4 4691 BC
28 11 4696 BC
17 8 4689 BC
25 5 4697 BC
30 6 4699 BC
18 5 4689 BC
7 6 4711 BC
22 7 4701 BC
19 11 4706 BC
7 3 4702 BC
5 5 4696 BC
2 12 4707 BC
3 6 4704 BC
30 9 4704 BC
2 2 4689 BC
8 6 4690 BC
20 8 4694 BC
26 8 4696 BC
13 6 4698 BC
2 4 4691 BC
14 6 4701 BC
25 5 4709 BC
27 8 4700 BC
24 6 4693 BC
7 8 4689 BC
2 9 4709 BC
17 7 4711 BC
9 6 4693 BC
2 3 4697 BC
1 2 4713 BC
28 4 4705 BC
22 8 4691 BC
15 1 4698 BC
20 8 4703 BC
7 2 4712 BC
6 9 4705 BC
8 5 4695 BC
1 9 4702 BC
1 10 4710 BC
2 1 4707 BC
24 3 4694 BC
17 1 4703 BC
3 2 4705 BC
3 6 4710 BC
30 6 4692 BC
2 11 4690 BC
7 3 4711 BC
12 5 4701 BC
11 3 4693 BC
27 4 4689 BC
20 11 4691 BC
6 4 4688 BC
15 12 4692 BC
7 1 4696 BC
27 1 4693 BC
5 11 4697 BC
31 3 4694 BC
25 5 4709 BC
16 7 4711 BC
7 10 4701 BC
10 3 4693 BC
21 1 4686 BC
18 7 4704 BC
18 5 4708 BC
10 3 4695 BC
3 11 4713 BC
15 11 4694 BC
12 11 4706 BC
25 3 4694 BC
1 9 4702 BC
12 2 4699 BC
26 12 4708 BC
22 8 4698 BC
8 5 4711 BC
2 8 4688 BC
7 1 4691 BC
16 1 4692 BC
18 6 4708 BC
19 1 4713 BC
13 3 4699 BC
30 6 4691 BC
14 8 4710 BC
6 11 4688 BC
5 5 4694 BC
14 10 4711 BC
27 6 4700 BC
30 4 4708 BC
5 7 4694 BC
8 10 4706 BC
18 9 4694 BC
19 2 4690 BC
17 2 4703 BC
16 11 4707 BC
4 9 4700 BC
9 10 4702 BC
30 8 4710 BC
18 1 4691 BC
13 6 4689 BC
27 2 4712 BC
4 7 4698 BC
23 4 4701 BC
22 1 4704 BC
2 1 4713 BC
20 7 4691 BC
8 6 4692 BC
23 11 4697 BC
9 3 4701 BC
17 10 4697 BC
25 12 4713 BC
28 2 4701 BC
29 3 4689 BC
29 5 4698 BC
28 7 4703 BC
28 4 4709 BC
27 11 4713 BC
21 4 4686 BC
28 12 4688 BC
8 5 4708 BC
14 4 4706 BC
30 10 4688 BC
20 1 4691 BC
26 12 4695 BC
8 1 4698 BC
10 3 4705 BC
12 8 4712 BC
11 4 4710 BC
5 3 4694 BC
14 7 4701 BC
16 7 4687 BC
6 8 4703 BC
1 4 4688 BC
5 11 4700 BC
15 4 4690 BC
10 10 4691 BC
23 11 4694 BC
7 2 4698 BC
20 11 4709 BC
2 9 4689 BC
8 9 4689 BC
31 3 4702 BC
26 7 4689 BC
12 3 4691 BC
30 4 4703 BC
27 2 4693 BC
19 6 4709 BC
18 10 4698 BC
16 12 4711 BC
1 2 4704 BC
15 6 4712 BC
6 3 4707 BC
14 6 4697 BC
21 2 4686 BC
4 9 4700 BC
29 6 4687 BC
14 1 4689 BC
2 1 4702 BC
18 5 4695 BC
14 12 4702 BC
7 9 4702 BC
27 4 4686 BC
1 4 4712 BC
9 2 4687 BC
25 4 4699 BC
28 5 4708 BC
24 4 4705 BC
21 10 4692 BC
7 5 4690 BC
22 5 4713 BC
10 4 4710 BC
31 10 4695 BC
16 5 4712 BC
12 8 4707 BC
13 6 4703 BC
30 6 4697 BC
17 8 4696 BC
31 10 4691 BC
24 9 4699 BC
31 5 4699 BC
19 1 4712 BC
30 1 4688 BC
21 8 4690 BC
6 1 4698 BC
26 5 4704 BC
27 12 4692 BC
27 4 4693 BC
16 3 4690 BC
25 10 4692 BC
19 11 4705 BC
10 8 4709 BC
14 11 4696 BC
21 3 4692 BC
6 8 4687 BC
9 11 4691 BC
13 12 4706 BC
14 1 4699 BC
21 8 4707 BC
13 9 4693 BC
23 4 4699 BC
30 1 4708 BC
21 2 4710 BC
30 11 4710 BC
25 1 4708 BC
2 9 4707 BC
19 1 4701 BC
21 11 4705 BC
6 7 4689 BC
22 5 4694 BC
27 7 4702 BC
26 12 4700 BC
15 9 4699 BC
26 2 4698 BC
31 8 4704 BC
17 12 4697 BC
19 8 4709 BC
14 12 4697 BC
29 12 4694 BC
10 8 4692 BC
31 12 4709 BC
19 5 4690 BC
7 7 4703 BC
24 2 4711 BC
17 3 4690 BC
31 10 4701 BC
30 6 4697 BC
30 5 4707 BC
3 3 4712 BC
21 4 4709 BC
14 9 4711 BC
24 11 4703 BC
19 4 4705 BC
14 10 4696 BC
6 11 4700 BC
9 7 4696 BC
5 9 4712 BC
23 4 4695 BC
7 2 4712 BC
29 1 4709 BC
25 9 4700 BC
6 9 4701 BC
6 2 4710 BC
20 1 4695 BC
10 3 4708 BC
25 4 4703 BC
19 5 4707 BC
25 2 4695 BC
24 9 4695 BC
23 11 4710 BC
4 8 4711 BC
12 2 4695 BC
14 5 4695 BC
2 1 4707 BC
7 11 4698 BC
13 5 4687 BC
5 10 4703 BC
27 12 4695 BC
3 4 4702 BC
7 4 4698 BC
6 2 4713 BC
23 8 4709 BC
30 4 4700 BC
23 7 4707 BC
13 4 4686 BC
17 9 4709 BC
19 8 4701 BC
10 7 4696 BC
21 12 4703 BC
20 3 4712 BC
17 12 4697 BC
10 6 4694 BC
25 8 4710 BC
17 10 4709 BC
28 6 4696 BC
16 1 4706 BC
25 11 4713 BC
15 1 4710 BC
21 10 4709 BC
18 7 4700 BC
23 7 4697 BC
7 6 4698 BC
16 4 4700 BC
10 1 4699 BC
27 6 4697 BC
21 8 4688 BC
20 5 4689 BC
12 5 4700 BC
5 9 4695 BC
20 5 4687 BC
4 5 4706 BC
28 3 4712 BC
10 2 4698 BC
16 8 4701 BC
12 4 4693 BC
6 10 4706 BC
23 11 4693 BC
16 1 4707 BC
12 1 4700 BC
8 9 4688 BC
18 11 4687 BC
2 10 4690 BC
5 7 4701 BC
29 1 4697 BC
14 10 4694 BC
15 7 4691 BC
27 3 4694 BC
7 4 4687 BC
9 12 4712 BC
21 3 4700 BC
10 9 4703 BC
25 2 4702 BC
18 7 4703 BC
27 1 4706 BC
28 10 4690 BC
4 2 4688 BC
25 11 4706 BC
4 9 4691 BC
14 3 4696 BC
17 2 4696 BC
26 3 4695 BC
31 3 4699 BC
2 10 4700 BC
6 11 4692 BC
3 6 4699 BC
27 7 4708 BC
15 4 4708 BC
31 12 4689 BC
10 8 4689 BC
7 3 4710 BC
5 10 4709 BC
7 7 4707 BC
9 3 4709 BC
7 5 4713 BC
1 6 4708 BC
4 1 4694 BC
31 12 4707 BC
1 3 4696 BC
4 1 4705 BC
18 3 4703 BC
24 12 4702 BC
30 11 4695 BC
19 8 4713 BC
13 1 4701 BC
17 3 4693 BC
18 5 4691 BC
15 9 4712 BC
28 1 4696 BC
24 2 4705 BC
9 2 4692 BC
11 9 4706 BC
31 10 4689 BC
30 3 4686 BC
16 4 4688 BC
27 12 4712 BC
30 3 4702 BC
1 10 4689 BC
22 11 4690 BC
11 5 4710 BC
