1000
27743
23166
87004
36061
830
54943
26997
78474
34587
92526
60959
78723
24515
67427
52309
90785
87635
7524
65271
77534
42849
47319
95652
93924
94481
21222
47423
52435
27180
64606
64921
52650
48949
53415
57647
88417
49043
72939
24728
66810
72203
55819
82016
53124
78629
39299
12136
49440
63976
5437
40631
38327
31039
31997
5832
73760
43368
77104
95353
39797
17034
17705
73929
53950
53499
27226
86537
29637
66705
80947
87850
17979
18691
46816
22926
72131
70879
99788
74284
21146
47022
95807
38952
61521
2582
14389
11371
12635
76030
92674
58176
85116
12639
17625
83805
44484
84318
15399
88264
5569
51392
11325
13731
26316
35560
34972
68141
36686
92379
63612
63029
81989
23687
77056
52990
46551
15604
68086
90593
99568
90524
12943
84784
98224
42247
47094
1741
43052
21839
9169
12690
76766
37152
11109
6692
9544
30334
11096
55177
13318
35538
60909
23429
60197
23944
8278
21433
5651
92750
16995
72988
66264
262
33523
84854
1945
38684
21877
35430
25078
43808
75035
98903
85961
63579
7253
81132
21714
76398
77323
43642
97556
67118
73725
25021
17026
57841
4870
12949
67748
42431
7113
94195
58703
68940
21134
33876
56760
37370
29323
90521
32290
75234
7637
64797
75695
57185
87564
53378
59142
87022
97794
75957
28487
63354
98408
38646
41420
12500
86826
56683
6013
11058
30366
17553
7955
89702
18503
99205
2330
48033
1336
87583
37282
3912
75048
57459
80173
59522
5574
86232
52276
33513
66321
68926
57253
26291
29965
27011
56650
24834
33770
92357
11331
62331
82872
29757
84872
35991
29572
32176
34233
56395
26417
89321
63643
96702
3352
69144
21185
80221
70860
43502
21990
15704
37533
17352
55966
60683
41771
2825
89591
31320
34378
6590
49611
82959
26755
10530
5259
47177
15941
66701
65038
1942
42021
61900
95953
40400
97734
29360
51251
61541
1310
61296
7012
67401
93978
43790
36415
56391
7811
22208
55144
68762
86647
55725
80455
81109
57232
69406
86088
50928
51263
74213
7343
89430
58885
8379
33452
14110
40784
86254
71581
90563
32336
76482
13126
31462
41736
95075
37991
38758
32497
84014
14773
21660
39489
72557
17468
8871
836
50545
45039
5951
79064
57048
46869
61331
34832
34317
5765
32331
34023
51272
39230
43808
57830
67687
73504
41855
50331
9142
93661
5230
69336
54841
50331
40599
37943
52548
86967
92799
88115
39825
67283
64726
11867
73995
4654
50629
66880
97576
81646
58923
18883
38315
13260
18484
79980
9414
15131
38710
76927
99680
13952
41054
94426
2691
56687
65917
37853
71803
52059
59993
44459
80818
3974
55689
39363
24262
18357
51836
39189
33065
60678
4252
65900
55311
92086
62507
52496
21085
61493
44354
75496
17858
68353
21194
21929
33243
26393
63241
23167
33561
7525
93350
27377
27584
3697
29440
52704
22783
59875
9213
93611
46880
92761
72904
9350
10932
50019
21049
43972
57224
1887
55051
76704
9913
27643
60337
4528
41981
81473
95348
5710
53716
98776
3078
7618
85895
50616
94241
95252
61949
97718
94861
60042
30757
42732
5094
29732
78355
21021
33722
28924
29561
74971
79220
46704
28342
69619
31383
24220
43642
40360
53543
45653
63730
43164
5636
70920
68060
29941
15041
74445
91737
54680
84235
74425
19528
51566
71103
82195
66831
34948
35005
91311
15204
86345
64818
31424
9820
62527
25038
69720
96655
21380
21121
97239
30147
50664
91811
67785
29252
90660
69025
94556
45798
26139
20366
19105
64734
90469
906
35349
79191
68165
75409
99475
28794
35873
67113
16761
62420
78475
49335
48142
30067
69579
74617
44252
27832
5614
41626
54121
40254
40775
38783
14856
75989
11572
68495
25365
75795
94697
94657
60391
71612
81464
26364
22835
63825
15097
42928
46361
52040
11031
93625
2559
78883
67412
45105
96560
13037
4540
80298
8878
66340
91551
99172
33786
65675
74906
34949
83079
13144
83855
30476
62654
82587
82554
29384
78078
29520
9845
98595
37921
84477
1060
83668
80304
23242
68156
69372
89334
98322
8983
45122
36451
68836
9782
10837
66918
7872
2023
71919
1182
97277
19825
88295
78040
43604
69140
35146
69515
54841
41142
34767
28488
23558
748
23650
72224
10200
42056
33071
8582
74702
39988
8430
10617
77728
48149
83116
77234
582
69775
35207
86068
96019
98192
92602
27775
63254
66730
15318
97370
26976
2631
32695
56477
56647
69703
83511
17011
56671
79955
61581
18140
30510
50119
5118
49803
14100
20459
53376
21159
25659
97444
73697
94516
469
99680
40785
82097
71803
34009
37392
6262
43294
29629
22922
36018
81828
98054
9896
49409
16433
59375
8601
84284
89288
23830
18847
40296
18944
99895
73938
68697
79458
37425
56697
58579
96684
53860
22735
52994
98612
86966
50275
45765
82441
31124
26470
24586
93891
77994
62666
88382
72846
89288
80701
88003
24978
66530
43090
79014
41730
5763
88918
24446
61291
9145
36631
82275
34836
97877
91608
65738
61621
68877
62646
2539
30027
92330
16579
11870
91344
72558
4336
40751
68538
28182
58745
58771
1698
92685
76035
42247
70458
64596
84951
14025
72740
46679
27829
12901
95021
11771
6663
44361
4865
15455
60675
83055
63267
51507
76569
95756
32802
69661
98895
96864
87361
74421
98935
69069
18768
72188
87506
37892
4349
78354
40200
87058
15746
63105
66099
18889
15476
97844
73267
28956
5458
79482
44157
19504
6164
86303
77678
33557
27435
11821
1239
36546
87388
91949
94410
35738
873
27788
2874
13071
90160
10874
92906
51930
66655
1650
57452
24745
96756
46319
99890
12067
92907
61700
16250
70736
19782
45617
48277
95147
45629
42636
83110
76704
33991
19754
65834
77076
59043
53748
41107
48365
8084
38900
88234
98564
41889
93583
9186
98145
88580
78073
69116
69011
69124
5115
72106
44442
5629
72939
95109
31901
52680
34034
30148
78332
81748
3466
57569
16961
73797
79993
39116
92070
21230
95674
71233
58652
89271
12163
90791
52829
49385
21396
32164
22411
35827
88053
76532
34126
98935
15900
88644
52111
20076
80417
84830
24104
70347
71397
60144
22998
69791
64021
91876
93148
85948
26911
99163
28229
88924
60181
25627
91073
3177
38892
64364
42872
90284
15823
21017
6902
3210
33099
37696
79245
58120
74218
8300
16549
71736
52407
72062
3258
30226
11275
88530
46328
42629
66158
80263
1920
10278
1093
32468
24684
59139
5943
67553
5169
65764
92517
83744
53614
24632
17146
