14 9 4713 BC
26 10 4713 BC
20 1 4713 BC
10 7 4713 BC
20 1 4713 BC
18 2 4713 BC
16 12 4713 BC
12 7 4713 BC
20 12 4713 BC
5 11 4713 BC
8 5 4713 BC
13 12 4713 BC
27 2 4713 BC
19 2 4713 BC
4 8 4713 BC
22 8 4713 BC
4 7 4713 BC
26 12 4713 BC
22 4 4713 BC
13 2 4713 BC
11 9 4713 BC
25 8 4713 BC
30 3 4713 BC
7 7 4713 BC
4 2 4713 BC
27 5 4713 BC
31 8 4713 BC
20 4 4713 BC
27 10 4713 BC
2 9 4713 BC
10 5 4713 BC
9 7 4713 BC
28 8 4713 BC
16 12 4713 BC
16 4 4713 BC
8 12 4713 BC
21 10 4713 BC
17 7 4713 BC
4 4 4713 BC
8 5 4713 BC
15 6 4713 BC
26 11 4713 BC
24 11 4713 BC
23 1 4713 BC
31 7 4713 BC
20 1 4713 BC
10 12 4713 BC
7 9 4713 BC
31 8 4713 BC
26 6 4713 BC
29 8 4713 BC
19 5 4713 BC
7 5 4713 BC
29 7 4713 BC
5 7 4713 BC
2 3 4713 BC
31 5 4713 BC
1 9 4713 BC
8 9 4713 BC
18 10 4713 BC
17 12 4713 BC
19 1 4713 BC
14 3 4713 BC
16 4 4713 BC
23 2 4713 BC
5 6 4713 BC
13 9 4713 BC
31 10 4713 BC
14 11 4713 BC
9 3 4713 BC
30 6 4713 BC
8 11 4713 BC
5 11 4713 BC
26 9 4713 BC
23 12 4713 BC
10 9 4713 BC
15 7 4713 BC
14 9 4713 BC
20 9 4713 BC
6 6 4713 BC
22 2 4713 BC
2 10 4713 BC
7 4 4713 BC
21 1 4713 BC
21 10 4713 BC
8 12 4713 BC
25 5 4713 BC
19 2 4713 BC
24 5 4713 BC
24 3 4713 BC
6 7 4713 BC
27 7 4713 BC
27 3 4713 BC
29 2 4713 BC
25 11 4713 BC
18 3 4713 BC
4 12 4713 BC
28 2 4713 BC
21 9 4713 BC
14 2 4713 BC
20 1 4713 BC
26 7 4713 BC
20 10 4713 BC
6 11 4713 BC
15 6 4713 BC
20 2 4713 BC
5 3 4713 BC
14 1 4713 BC
16 9 4713 BC
6 8 4713 BC
8 11 4713 BC
30 12 4713 BC
9 7 4713 BC
21 7 4713 BC
14 6 4713 BC
10 5 4713 BC
5 11 4713 BC
26 12 4713 BC
2 8 4713 BC
9 12 4713 BC
15 2 4713 BC
23 1 4713 BC
1 9 4713 BC
7 9 4713 BC
7 12 4713 BC
29 7 4713 BC
7 9 4713 BC
8 2 4713 BC
24 5 4713 BC
12 9 4713 BC
1 1 4713 BC
7 3 4713 BC
2 11 4713 BC
10 12 4713 BC
16 3 4713 BC
22 1 4713 BC
1 9 4713 BC
9 3 4713 BC
5 3 4713 BC
26 10 4713 BC
30 3 4713 BC
3 1 4713 BC
18 7 4713 BC
20 4 4713 BC
9 4 4713 BC
7 12 4713 BC
26 6 4713 BC
3 9 4713 BC
4 2 4713 BC
10 8 4713 BC
6 2 4713 BC
16 8 4713 BC
28 6 4713 BC
23 3 4713 BC
11 7 4713 BC
23 2 4713 BC
24 2 4713 BC
20 12 4713 BC
18 6 4713 BC
18 9 4713 BC
26 2 4713 BC
13 4 4713 BC
28 12 4713 BC
27 5 4713 BC
28 3 4713 BC
18 11 4713 BC
3 7 4713 BC
20 8 4713 BC
5 8 4713 BC
7 1 4713 BC
28 2 4713 BC
12 1 4713 BC
4 6 4713 BC
18 10 4713 BC
5 10 4713 BC
31 8 4713 BC
4 7 4713 BC
20 1 4713 BC
26 8 4713 BC
22 5 4713 BC
8 2 4713 BC
2 7 4713 BC
2 2 4713 BC
24 8 4713 BC
13 6 4713 BC
27 10 4713 BC
16 8 4713 BC
10 10 4713 BC
7 3 4713 BC
5 12 4713 BC
4 8 4713 BC
1 4 4713 BC
7 10 4713 BC
27 11 4713 BC
22 7 4713 BC
19 1 4713 BC
30 8 4713 BC
12 9 4713 BC
24 9 4713 BC
8 12 4713 BC
15 7 4713 BC
11 4 4713 BC
26 1 4713 BC
6 12 4713 BC
5 6 4713 BC
29 6 4713 BC
19 9 4713 BC
15 6 4713 BC
30 6 4713 BC
29 7 4713 BC
29 2 4713 BC
27 7 4713 BC
24 3 4713 BC
6 11 4713 BC
26 2 4713 BC
22 8 4713 BC
13 7 4713 BC
14 4 4713 BC
24 3 4713 BC
23 9 4713 BC
17 12 4713 BC
18 12 4713 BC
29 6 4713 BC
25 3 4713 BC
25 10 4713 BC
19 9 4713 BC
8 6 4713 BC
1 6 4713 BC
1 7 4713 BC
26 3 4713 BC
15 4 4713 BC
23 5 4713 BC
13 3 4713 BC
12 10 4713 BC
19 6 4713 BC
2 6 4713 BC
15 4 4713 BC
17 10 4713 BC
16 6 4713 BC
13 6 4713 BC
8 2 4713 BC
17 11 4713 BC
18 4 4713 BC
27 2 4713 BC
12 2 4713 BC
2 4 4713 BC
7 12 4713 BC
11 6 4713 BC
31 3 4713 BC
18 11 4713 BC
4 6 4713 BC
31 3 4713 BC
15 10 4713 BC
17 9 4713 BC
16 9 4713 BC
6 3 4713 BC
27 8 4713 BC
27 4 4713 BC
25 5 4713 BC
1 5 4713 BC
28 8 4713 BC
6 7 4713 BC
9 7 4713 BC
12 6 4713 BC
13 11 4713 BC
6 3 4713 BC
13 1 4713 BC
24 1 4713 BC
15 2 4713 BC
26 3 4713 BC
20 2 4713 BC
19 9 4713 BC
7 12 4713 BC
1 5 4713 BC
30 8 4713 BC
26 4 4713 BC
10 11 4713 BC
1 6 4713 BC
1 12 4713 BC
7 10 4713 BC
11 3 4713 BC
15 11 4713 BC
2 10 4713 BC
15 2 4713 BC
8 3 4713 BC
4 12 4713 BC
2 11 4713 BC
10 9 4713 BC
21 3 4713 BC
5 6 4713 BC
31 10 4713 BC
7 5 4713 BC
24 1 4713 BC
23 11 4713 BC
11 11 4713 BC
19 2 4713 BC
2 6 4713 BC
10 1 4713 BC
13 12 4713 BC
12 10 4713 BC
24 8 4713 BC
11 12 4713 BC
8 7 4713 BC
14 3 4713 BC
11 7 4713 BC
2 6 4713 BC
3 2 4713 BC
14 11 4713 BC
8 3 4713 BC
5 9 4713 BC
12 11 4713 BC
24 11 4713 BC
10 7 4713 BC
10 4 4713 BC
24 4 4713 BC
4 2 4713 BC
28 6 4713 BC
5 2 4713 BC
27 12 4713 BC
13 5 4713 BC
25 4 4713 BC
4 2 4713 BC
16 12 4713 BC
14 7 4713 BC
23 5 4713 BC
29 9 4713 BC
12 3 4713 BC
25 5 4713 BC
30 8 4713 BC
16 8 4713 BC
16 1 4713 BC
16 2 4713 BC
19 10 4713 BC
10 3 4713 BC
4 5 4713 BC
9 2 4713 BC
26 4 4713 BC
24 2 4713 BC
1 10 4713 BC
31 3 4713 BC
20 7 4713 BC
27 8 4713 BC
6 10 4713 BC
16 6 4713 BC
16 1 4713 BC
22 9 4713 BC
1 3 4713 BC
17 4 4713 BC
29 7 4713 BC
15 9 4713 BC
16 5 4713 BC
16 12 4713 BC
27 5 4713 BC
4 2 4713 BC
23 10 4713 BC
13 5 4713 BC
24 5 4713 BC
24 1 4713 BC
3 6 4713 BC
22 3 4713 BC
23 9 4713 BC
8 8 4713 BC
28 5 4713 BC
27 5 4713 BC
10 7 4713 BC
12 9 4713 BC
28 1 4713 BC
3 5 4713 BC
8 6 4713 BC
6 1 4713 BC
13 12 4713 BC
4 9 4713 BC
16 12 4713 BC
30 6 4713 BC
7 5 4713 BC
18 8 4713 BC
8 5 4713 BC
23 3 4713 BC
8 8 4713 BC
21 11 4713 BC
26 9 4713 BC
1 5 4713 BC
10 9 4713 BC
17 3 4713 BC
19 8 4713 BC
25 6 4713 BC
25 1 4713 BC
26 11 4713 BC
15 5 4713 BC
25 9 4713 BC
20 3 4713 BC
17 5 4713 BC
27 1 4713 BC
25 7 4713 BC
9 12 4713 BC
29 8 4713 BC
9 10 4713 BC
8 1 4713 BC
27 2 4713 BC
9 12 4713 BC
7 10 4713 BC
31 1 4713 BC
14 5 4713 BC
6 6 4713 BC
4 11 4713 BC
6 6 4713 BC
13 8 4713 BC
29 6 4713 BC
15 5 4713 BC
29 5 4713 BC
18 2 4713 BC
13 6 4713 BC
6 12 4713 BC
24 7 4713 BC
26 6 4713 BC
29 8 4713 BC
31 3 4713 BC
30 5 4713 BC
2 6 4713 BC
6 4 4713 BC
9 10 4713 BC
19 2 4713 BC
20 10 4713 BC
26 12 4713 BC
20 3 4713 BC
14 6 4713 BC
7 3 4713 BC
7 7 4713 BC
12 4 4713 BC
14 10 4713 BC
14 3 4713 BC
22 12 4713 BC
3 5 4713 BC
29 3 4713 BC
21 5 4713 BC
27 6 4713 BC
8 7 4713 BC
13 1 4713 BC
26 3 4713 BC
13 7 4713 BC
23 1 4713 BC
8 8 4713 BC
28 12 4713 BC
3 11 4713 BC
29 10 4713 BC
24 10 4713 BC
6 4 4713 BC
28 8 4713 BC
13 10 4713 BC
10 9 4713 BC
7 12 4713 BC
8 4 4713 BC
6 11 4713 BC
19 3 4713 BC
21 9 4713 BC
23 12 4713 BC
4 1 4713 BC
11 8 4713 BC
18 9 4713 BC
25 1 4713 BC
26 11 4713 BC
1 11 4713 BC
5 1 4713 BC
23 5 4713 BC
7 11 4713 BC
12 4 4713 BC
23 4 4713 BC
2 4 4713 BC
7 7 4713 BC
19 2 4713 BC
2 5 4713 BC
15 7 4713 BC
7 7 4713 BC
30 12 4713 BC
30 8 4713 BC
20 2 4713 BC
19 2 4713 BC
20 7 4713 BC
25 9 4713 BC
11 12 4713 BC
13 12 4713 BC
7 5 4713 BC
1 7 4713 BC
18 1 4713 BC
20 4 4713 BC
24 10 4713 BC
6 6 4713 BC
2 9 4713 BC
20 6 4713 BC
22 10 4713 BC
15 5 4713 BC
12 7 4713 BC
20 4 4713 BC
27 1 4713 BC
17 4 4713 BC
6 8 4713 BC
21 8 4713 BC
28 6 4713 BC
30 3 4713 BC
15 10 4713 BC
22 11 4713 BC
21 3 4713 BC
2 8 4713 BC
30 8 4713 BC
18 11 4713 BC
27 8 4713 BC
2 1 4713 BC
23 10 4713 BC
24 1 4713 BC
15 3 4713 BC
31 12 4713 BC
27 2 4713 BC
11 5 4713 BC
28 7 4713 BC
25 1 4713 BC
16 1 4713 BC
11 8 4713 BC
15 3 4713 BC
4 2 4713 BC
10 4 4713 BC
17 4 4713 BC
18 10 4713 BC
26 6 4713 BC
8 8 4713 BC
16 3 4713 BC
10 5 4713 BC
29 12 4713 BC
13 1 4713 BC
8 5 4713 BC
18 9 4713 BC
26 6 4713 BC
9 7 4713 BC
21 6 4713 BC
14 8 4713 BC
24 10 4713 BC
15 4 4713 BC
24 1 4713 BC
16 3 4713 BC
29 7 4713 BC
9 6 4713 BC
24 6 4713 BC
20 6 4713 BC
17 11 4713 BC
30 7 4713 BC
15 5 4713 BC
9 5 4713 BC
29 2 4713 BC
4 6 4713 BC
21 9 4713 BC
7 6 4713 BC
20 3 4713 BC
22 12 4713 BC
23 7 4713 BC
14 6 4713 BC
28 3 4713 BC
30 7 4713 BC
28 3 4713 BC
15 7 4713 BC
1 5 4713 BC
8 10 4713 BC
1 2 4713 BC
31 12 4713 BC
26 9 4713 BC
15 7 4713 BC
27 5 4713 BC
11 9 4713 BC
5 10 4713 BC
15 8 4713 BC
16 7 4713 BC
25 7 4713 BC
17 10 4713 BC
24 3 4713 BC
28 4 4713 BC
17 3 4713 BC
20 9 4713 BC
25 1 4713 BC
17 4 4713 BC
6 10 4713 BC
15 11 4713 BC
28 1 4713 BC
19 7 4713 BC
26 1 4713 BC
9 1 4713 BC
21 9 4713 BC
2 3 4713 BC
3 2 4713 BC
16 4 4713 BC
6 3 4713 BC
14 4 4713 BC
4 2 4713 BC
12 8 4713 BC
15 4 4713 BC
24 6 4713 BC
30 6 4713 BC
30 5 4713 BC
21 1 4713 BC
21 4 4713 BC
11 11 4713 BC
7 5 4713 BC
2 3 4713 BC
6 8 4713 BC
4 1 4713 BC
15 7 4713 BC
23 12 4713 BC
9 12 4713 BC
18 6 4713 BC
12 8 4713 BC
14 8 4713 BC
8 5 4713 BC
25 1 4713 BC
27 5 4713 BC
28 6 4713 BC
31 10 4713 BC
17 7 4713 BC
11 3 4713 BC
6 1 4713 BC
14 4 4713 BC
26 11 4713 BC
27 4 4713 BC
4 7 4713 BC
8 2 4713 BC
18 6 4713 BC
4 10 4713 BC
4 4 4713 BC
20 2 4713 BC
10 11 4713 BC
8 11 4713 BC
3 10 4713 BC
20 12 4713 BC
13 4 4713 BC
18 8 4713 BC
30 1 4713 BC
23 3 4713 BC
20 3 4713 BC
15 1 4713 BC
31 1 4713 BC
10 9 4713 BC
5 12 4713 BC
5 10 4713 BC
25 1 4713 BC
24 2 4713 BC
30 4 4713 BC
29 3 4713 BC
29 6 4713 BC
2 12 4713 BC
7 9 4713 BC
5 10 4713 BC
27 9 4713 BC
27 5 4713 BC
3 2 4713 BC
18 12 4713 BC
10 8 4713 BC
12 4 4713 BC
9 12 4713 BC
24 4 4713 BC
4 10 4713 BC
28 5 4713 BC
23 8 4713 BC
9 8 4713 BC
15 6 4713 BC
27 3 4713 BC
5 12 4713 BC
8 6 4713 BC
13 4 4713 BC
8 8 4713 BC
23 10 4713 BC
16 1 4713 BC
16 1 4713 BC
22 7 4713 BC
22 1 4713 BC
8 7 4713 BC
14 12 4713 BC
28 8 4713 BC
11 1 4713 BC
9 6 4713 BC
28 1 4713 BC
11 9 4713 BC
14 1 4713 BC
24 4 4713 BC
12 1 4713 BC
12 9 4713 BC
27 5 4713 BC
12 7 4713 BC
28 5 4713 BC
17 5 4713 BC
20 7 4713 BC
1 10 4713 BC
6 12 4713 BC
28 11 4713 BC
29 4 4713 BC
5 3 4713 BC
11 3 4713 BC
1 4 4713 BC
30 3 4713 BC
14 6 4713 BC
12 1 4713 BC
9 1 4713 BC
2 12 4713 BC
13 6 4713 BC
14 9 4713 BC
27 12 4713 BC
9 2 4713 BC
14 10 4713 BC
13 1 4713 BC
28 7 4713 BC
24 11 4713 BC
21 12 4713 BC
12 5 4713 BC
5 8 4713 BC
1 3 4713 BC
20 12 4713 BC
28 12 4713 BC
30 7 4713 BC
30 5 4713 BC
7 3 4713 BC
19 4 4713 BC
1 1 4713 BC
28 12 4713 BC
4 1 4713 BC
14 2 4713 BC
26 2 4713 BC
23 12 4713 BC
18 6 4713 BC
8 3 4713 BC
20 3 4713 BC
15 11 4713 BC
20 5 4713 BC
24 12 4713 BC
8 5 4713 BC
17 3 4713 BC
16 7 4713 BC
4 10 4713 BC
18 10 4713 BC
20 4 4713 BC
15 9 4713 BC
2 10 4713 BC
1 9 4713 BC
9 2 4713 BC
26 10 4713 BC
20 6 4713 BC
18 1 4713 BC
28 11 4713 BC
6 4 4713 BC
18 12 4713 BC
9 5 4713 BC
12 6 4713 BC
2 2 4713 BC
15 12 4713 BC
3 6 4713 BC
10 4 4713 BC
13 10 4713 BC
13 10 4713 BC
27 9 4713 BC
6 4 4713 BC
11 6 4713 BC
23 6 4713 BC
3 5 4713 BC
4 11 4713 BC
20 5 4713 BC
3 5 4713 BC
16 4 4713 BC
24 7 4713 BC
20 8 4713 BC
5 7 4713 BC
21 5 4713 BC
15 10 4713 BC
31 8 4713 BC
25 11 4713 BC
26 4 4713 BC
26 3 4713 BC
18 3 4713 BC
27 8 4713 BC
14 6 4713 BC
26 8 4713 BC
23 6 4713 BC
23 5 4713 BC
21 1 4713 BC
9 9 4713 BC
15 10 4713 BC
18 6 4713 BC
4 10 4713 BC
11 6 4713 BC
25 4 4713 BC
18 7 4713 BC
29 8 4713 BC
10 1 4713 BC
29 7 4713 BC
25 4 4713 BC
13 7 4713 BC
9 9 4713 BC
12 10 4713 BC
30 8 4713 BC
19 3 4713 BC
29 9 4713 BC
15 2 4713 BC
31 7 4713 BC
20 8 4713 BC
15 8 4713 BC
16 5 4713 BC
22 2 4713 BC
2 10 4713 BC
13 10 4713 BC
2 8 4713 BC
23 6 4713 BC
3 11 4713 BC
9 3 4713 BC
12 1 4713 BC
26 8 4713 BC
14 11 4713 BC
19 8 4713 BC
4 6 4713 BC
15 8 4713 BC
26 4 4713 BC
12 12 4713 BC
13 11 4713 BC
25 10 4713 BC
9 1 4713 BC
4 4 4713 BC
28 12 4713 BC
21 8 4713 BC
29 11 4713 BC
23 3 4713 BC
21 12 4713 BC
18 5 4713 BC
18 7 4713 BC
2 1 4713 BC
11 9 4713 BC
7 4 4713 BC
26 1 4713 BC
22 9 4713 BC
3 4 4713 BC
18 9 4713 BC
20 5 4713 BC
17 11 4713 BC
24 12 4713 BC
15 12 4713 BC
19 10 4713 BC
18 4 4713 BC
2 8 4713 BC
12 8 4713 BC
23 2 4713 BC
5 12 4713 BC
27 8 4713 BC
27 1 4713 BC
25 12 4713 BC
29 2 4713 BC
1 6 4713 BC
28 11 4713 BC
2 11 4713 BC
16 12 4713 BC
10 11 4713 BC
12 3 4713 BC
27 7 4713 BC
24 6 4713 BC
17 8 4713 BC
4 3 4713 BC
18 4 4713 BC
8 8 4713 BC
27 10 4713 BC
30 6 4713 BC
21 7 4713 BC
3 10 4713 BC
11 11 4713 BC
12 4 4713 BC
20 12 4713 BC
21 5 4713 BC
19 1 4713 BC
13 2 4713 BC
28 11 4713 BC
13 2 4713 BC
9 3 4713 BC
29 3 4713 BC
22 2 4713 BC
31 12 4713 BC
11 2 4713 BC
11 10 4713 BC
29 6 4713 BC
25 3 4713 BC
18 2 4713 BC
29 9 4713 BC
11 9 4713 BC
25 9 4713 BC
12 2 4713 BC
3 9 4713 BC
6 4 4713 BC
15 1 4713 BC
8 1 4713 BC
29 10 4713 BC
29 8 4713 BC
16 9 4713 BC
7 7 4713 BC
1 1 4713 BC
2 6 4713 BC
14 11 4713 BC
19 6 4713 BC
28 2 4713 BC
11 7 4713 BC
25 4 4713 BC
24 11 4713 BC
20 7 4713 BC
30 4 4713 BC
9 10 4713 BC
6 9 4713 BC
22 2 4713 BC
3 6 4713 BC
15 7 4713 BC
10 12 4713 BC
13 4 4713 BC
4 8 4713 BC
16 11 4713 BC
29 5 4713 BC
22 9 4713 BC
9 3 4713 BC
21 5 4713 BC
21 10 4713 BC
30 5 4713 BC
16 3 4713 BC
8 7 4713 BC
22 8 4713 BC
3 1 4713 BC
31 7 4713 BC
25 12 4713 BC
26 1 4713 BC
23 1 4713 BC
25 5 4713 BC
31 8 4713 BC
16 5 4713 BC
9 10 4713 BC
21 1 4713 BC
1 3 4713 BC
15 5 4713 BC
23 11 4713 BC
1 1 4713 BC
5 4 4713 BC
10 1 4713 BC
13 11 4713 BC
19 5 4713 BC
10 8 4713 BC
15 5 4713 BC
21 2 4713 BC
27 4 4713 BC
3 12 4713 BC
19 3 4713 BC
2 5 4713 BC
11 3 4713 BC
12 10 4713 BC
8 4 4713 BC
23 3 4713 BC
16 12 4713 BC
23 2 4713 BC
8 7 4713 BC
6 12 4713 BC
6 1 4713 BC
28 8 4713 BC
12 3 4713 BC
29 12 4713 BC
3 2 4713 BC
20 12 4713 BC
7 6 4713 BC
25 10 4713 BC
22 1 4713 BC
30 3 4713 BC
12 8 4713 BC
30 8 4713 BC
31 1 4713 BC
15 5 4713 BC
22 6 4713 BC
25 11 4713 BC
23 6 4713 BC
16 2 4713 BC
24 8 4713 BC
14 3 4713 BC
4 8 4713 BC
14 2 4713 BC
11 2 4713 BC
4 11 4713 BC
17 6 4713 BC
27 2 4713 BC
7 9 4713 BC
8 5 4713 BC
1 9 4713 BC
5 3 4713 BC
17 3 4713 BC
7 5 4713 BC
27 9 4713 BC
19 3 4713 BC
24 1 4713 BC
26 5 4713 BC
25 6 4713 BC
8 3 4713 BC
19 12 4713 BC
19 9 4713 BC
24 3 4713 BC
1 6 4713 BC
8 10 4713 BC
22 5 4713 BC
3 5 4713 BC
24 5 4713 BC
21 11 4713 BC
18 11 4713 BC
