16 12 4638 BC
5 6 4650 BC
16 3 4475 BC
24 9 4615 BC
10 4 4711 BC
5 6 4563 BC
30 11 4640 BC
7 11 4499 BC
11 9 4619 BC
28 4 4460 BC
24 11 4547 BC
14 7 4498 BC
13 2 4646 BC
9 8 4529 BC
20 3 4570 BC
22 7 4465 BC
7 12 4474 BC
7 8 4693 BC
14 9 4535 BC
11 4 4501 BC
25 4 4596 BC
21 7 4584 BC
18 11 4452 BC
24 2 4456 BC
4 9 4455 BC
7 2 4655 BC
2 11 4584 BC
24 7 4570 BC
1 6 4639 BC
18 11 4537 BC
29 9 4536 BC
24 2 4569 BC
6 1 4579 BC
30 3 4567 BC
30 10 4556 BC
27 1 4471 BC
10 4 4579 BC
12 9 4514 BC
14 9 4646 BC
1 12 4531 BC
6 9 4516 BC
28 10 4561 BC
19 7 4489 BC
12 6 4568 BC
11 4 4498 BC
6 8 4606 BC
24 3 4680 BC
12 5 4578 BC
27 2 4538 BC
20 11 4699 BC
30 3 4602 BC
7 12 4609 BC
24 12 4629 BC
9 8 4626 BC
20 12 4698 BC
11 12 4512 BC
26 9 4595 BC
6 2 4502 BC
23 1 4452 BC
16 12 4605 BC
21 8 4667 BC
22 6 4665 BC
29 5 4511 BC
16 9 4566 BC
22 6 4567 BC
17 7 4639 BC
4 12 4477 BC
21 2 4632 BC
18 8 4531 BC
15 8 4492 BC
9 7 4473 BC
23 3 4664 BC
5 3 4662 BC
5 3 4585 BC
8 10 4651 BC
26 6 4516 BC
21 1 4519 BC
16 3 4440 BC
19 5 4510 BC
23 11 4656 BC
27 9 4585 BC
22 4 4451 BC
24 8 4607 BC
8 6 4545 BC
26 1 4706 BC
25 5 4674 BC
18 2 4682 BC
5 8 4679 BC
28 2 4505 BC
23 9 4460 BC
12 4 4554 BC
13 1 4480 BC
9 8 4679 BC
3 4 4665 BC
12 6 4484 BC
16 10 4592 BC
7 11 4483 BC
28 2 4671 BC
27 8 4472 BC
1 4 4698 BC
14 9 4573 BC
3 1 4682 BC
5 8 4676 BC
19 1 4641 BC
11 5 4616 BC
1 10 4618 BC
24 7 4527 BC
10 6 4613 BC
2 12 4461 BC
28 2 4539 BC
25 7 4541 BC
22 6 4489 BC
7 11 4649 BC
20 12 4503 BC
29 1 4568 BC
14 6 4586 BC
21 9 4671 BC
30 5 4527 BC
12 1 4465 BC
8 8 4441 BC
4 11 4466 BC
9 6 4678 BC
16 2 4481 BC
3 12 4445 BC
1 9 4598 BC
8 12 4585 BC
7 10 4709 BC
14 11 4596 BC
17 10 4654 BC
7 2 4688 BC
29 9 4679 BC
5 3 4503 BC
19 9 4612 BC
1 6 4683 BC
28 4 4695 BC
17 2 4687 BC
19 1 4630 BC
19 5 4683 BC
25 1 4562 BC
18 6 4677 BC
19 4 4616 BC
5 10 4547 BC
23 2 4649 BC
23 10 4549 BC
22 7 4648 BC
31 8 4691 BC
6 9 4655 BC
22 6 4698 BC
8 12 4460 BC
13 7 4667 BC
31 10 4514 BC
3 6 4532 BC
19 9 4713 BC
13 10 4622 BC
26 4 4481 BC
29 4 4708 BC
29 11 4608 BC
24 11 4654 BC
1 1 4616 BC
29 8 4645 BC
10 12 4594 BC
8 6 4508 BC
13 10 4443 BC
8 5 4478 BC
26 1 4539 BC
10 11 4694 BC
16 2 4491 BC
14 6 4654 BC
2 3 4504 BC
13 9 4502 BC
27 6 4594 BC
4 2 4446 BC
5 10 4530 BC
6 11 4512 BC
3 7 4645 BC
13 8 4667 BC
12 5 4555 BC
2 5 4700 BC
15 6 4678 BC
26 6 4528 BC
3 3 4597 BC
23 6 4694 BC
22 11 4456 BC
20 9 4553 BC
30 9 4525 BC
11 11 4656 BC
30 9 4621 BC
27 5 4558 BC
25 4 4611 BC
13 4 4633 BC
1 11 4466 BC
28 5 4625 BC
24 12 4508 BC
28 11 4693 BC
28 5 4536 BC
30 3 4506 BC
25 7 4557 BC
27 9 4474 BC
21 2 4567 BC
3 12 4552 BC
3 4 4475 BC
30 9 4446 BC
17 12 4506 BC
29 12 4636 BC
15 6 4540 BC
5 6 4444 BC
22 10 4608 BC
27 5 4600 BC
23 3 4679 BC
19 9 4476 BC
11 3 4558 BC
18 6 4697 BC
11 4 4683 BC
20 2 4630 BC
22 1 4665 BC
12 10 4692 BC
4 8 4468 BC
29 8 4663 BC
11 8 4442 BC
19 5 4707 BC
5 7 4582 BC
29 8 4710 BC
16 10 4474 BC
27 1 4611 BC
17 9 4703 BC
21 6 4508 BC
25 4 4556 BC
3 7 4494 BC
18 12 4551 BC
6 4 4698 BC
3 2 4477 BC
15 2 4570 BC
3 10 4622 BC
30 7 4532 BC
16 9 4525 BC
1 10 4557 BC
25 12 4642 BC
15 1 4631 BC
14 12 4640 BC
6 2 4558 BC
29 12 4646 BC
16 6 4621 BC
10 11 4461 BC
9 1 4682 BC
27 8 4543 BC
22 11 4487 BC
21 6 4632 BC
14 5 4481 BC
16 7 4615 BC
18 12 4633 BC
4 2 4625 BC
22 9 4620 BC
27 5 4559 BC
29 4 4641 BC
19 7 4469 BC
31 3 4539 BC
3 10 4449 BC
6 3 4704 BC
22 4 4524 BC
1 1 4655 BC
20 8 4494 BC
2 1 4519 BC
7 2 4594 BC
16 3 4653 BC
30 12 4671 BC
5 10 4611 BC
5 7 4666 BC
24 3 4560 BC
21 2 4547 BC
13 5 4599 BC
26 9 4706 BC
15 4 4468 BC
1 10 4628 BC
14 2 4619 BC
16 1 4695 BC
30 10 4578 BC
17 2 4486 BC
2 4 4640 BC
30 10 4685 BC
26 5 4699 BC
1 3 4584 BC
24 8 4670 BC
14 8 4531 BC
24 1 4535 BC
26 4 4708 BC
18 1 4598 BC
22 6 4544 BC
15 9 4451 BC
11 8 4603 BC
1 8 4446 BC
20 5 4633 BC
26 4 4573 BC
28 6 4545 BC
3 8 4710 BC
27 10 4546 BC
14 3 4694 BC
14 7 4529 BC
19 4 4456 BC
22 11 4594 BC
13 9 4614 BC
23 5 4559 BC
21 5 4692 BC
20 10 4653 BC
23 12 4563 BC
5 4 4525 BC
24 3 4476 BC
26 7 4561 BC
10 4 4493 BC
24 1 4491 BC
10 9 4557 BC
9 1 4523 BC
12 9 4478 BC
8 6 4574 BC
8 5 4573 BC
9 3 4510 BC
8 2 4693 BC
5 11 4469 BC
21 3 4552 BC
10 12 4691 BC
3 8 4622 BC
19 8 4675 BC
30 8 4602 BC
25 2 4477 BC
24 12 4518 BC
13 12 4466 BC
13 7 4625 BC
25 5 4504 BC
9 12 4678 BC
20 2 4627 BC
8 4 4599 BC
20 4 4453 BC
6 1 4609 BC
11 2 4607 BC
21 12 4625 BC
7 1 4483 BC
12 6 4673 BC
21 4 4654 BC
12 2 4605 BC
26 8 4515 BC
29 10 4666 BC
15 4 4689 BC
16 4 4711 BC
21 5 4575 BC
24 4 4590 BC
17 4 4697 BC
19 6 4497 BC
10 3 4557 BC
27 4 4585 BC
1 12 4546 BC
14 5 4618 BC
15 12 4620 BC
14 10 4698 BC
8 7 4625 BC
24 2 4620 BC
17 5 4573 BC
29 5 4606 BC
10 12 4594 BC
1 5 4555 BC
26 4 4528 BC
30 3 4512 BC
5 8 4599 BC
19 10 4576 BC
11 1 4688 BC
6 6 4457 BC
27 4 4699 BC
31 10 4524 BC
23 2 4563 BC
19 10 4576 BC
26 2 4602 BC
19 11 4610 BC
14 11 4570 BC
7 2 4475 BC
26 1 4459 BC
31 3 4472 BC
13 1 4604 BC
18 3 4529 BC
18 3 4536 BC
28 6 4681 BC
3 8 4511 BC
28 9 4701 BC
13 8 4575 BC
9 2 4530 BC
24 2 4446 BC
15 7 4490 BC
28 4 4552 BC
13 9 4662 BC
25 11 4609 BC
21 4 4677 BC
10 8 4663 BC
22 12 4495 BC
10 10 4688 BC
5 6 4672 BC
25 12 4608 BC
13 8 4503 BC
28 11 4441 BC
14 3 4675 BC
26 5 4601 BC
11 7 4455 BC
15 5 4706 BC
15 3 4558 BC
21 6 4533 BC
21 8 4610 BC
2 8 4517 BC
13 7 4571 BC
2 4 4549 BC
21 9 4592 BC
8 4 4492 BC
18 11 4703 BC
20 6 4561 BC
9 10 4606 BC
5 6 4647 BC
5 4 4663 BC
2 12 4572 BC
18 4 4606 BC
12 7 4623 BC
16 2 4547 BC
23 8 4702 BC
4 6 4533 BC
8 6 4562 BC
13 2 4461 BC
19 2 4542 BC
23 9 4570 BC
23 9 4656 BC
11 5 4545 BC
8 6 4592 BC
12 9 4507 BC
22 11 4665 BC
21 2 4526 BC
10 1 4655 BC
15 1 4653 BC
6 1 4622 BC
5 4 4641 BC
22 2 4540 BC
6 6 4650 BC
20 11 4622 BC
8 8 4693 BC
31 7 4458 BC
15 12 4639 BC
10 7 4638 BC
14 2 4703 BC
8 8 4633 BC
18 4 4569 BC
18 5 4651 BC
6 12 4550 BC
23 3 4688 BC
17 4 4457 BC
8 5 4585 BC
19 12 4460 BC
8 8 4514 BC
7 8 4688 BC
6 12 4684 BC
11 12 4577 BC
18 8 4656 BC
22 5 4593 BC
2 9 4557 BC
2 3 4708 BC
21 9 4563 BC
2 1 4503 BC
21 2 4686 BC
7 9 4638 BC
12 3 4548 BC
25 5 4701 BC
9 12 4599 BC
23 1 4490 BC
18 1 4452 BC
20 8 4698 BC
25 1 4566 BC
8 6 4443 BC
5 6 4705 BC
9 11 4693 BC
3 3 4478 BC
31 7 4575 BC
7 1 4455 BC
14 10 4453 BC
10 8 4544 BC
16 7 4446 BC
19 9 4454 BC
21 5 4549 BC
17 3 4629 BC
29 12 4597 BC
12 12 4700 BC
27 5 4632 BC
11 7 4499 BC
21 7 4656 BC
29 4 4621 BC
11 3 4634 BC
7 12 4633 BC
5 4 4508 BC
22 11 4497 BC
14 11 4586 BC
6 8 4636 BC
10 8 4523 BC
3 12 4628 BC
24 4 4647 BC
27 6 4594 BC
2 7 4603 BC
5 8 4567 BC
28 12 4589 BC
26 6 4539 BC
6 3 4595 BC
7 6 4698 BC
3 3 4519 BC
4 5 4527 BC
22 12 4632 BC
7 3 4672 BC
27 10 4510 BC
1 3 4462 BC
15 9 4564 BC
16 8 4483 BC
7 10 4510 BC
19 6 4660 BC
7 3 4572 BC
2 9 4519 BC
14 1 4488 BC
22 12 4531 BC
7 9 4618 BC
3 11 4618 BC
30 12 4464 BC
17 8 4672 BC
26 5 4477 BC
18 6 4536 BC
13 1 4627 BC
20 11 4687 BC
11 3 4542 BC
20 7 4645 BC
19 11 4523 BC
17 8 4449 BC
15 7 4655 BC
29 10 4656 BC
24 3 4447 BC
16 7 4631 BC
17 9 4575 BC
14 5 4462 BC
2 8 4528 BC
2 2 4633 BC
19 3 4465 BC
24 12 4525 BC
18 11 4455 BC
22 5 4588 BC
26 7 4642 BC
5 10 4658 BC
22 4 4661 BC
26 3 4536 BC
10 9 4466 BC
25 6 4711 BC
12 10 4617 BC
24 10 4497 BC
17 8 4527 BC
17 6 4507 BC
7 5 4441 BC
1 11 4635 BC
20 3 4615 BC
30 9 4530 BC
21 11 4668 BC
24 11 4543 BC
8 11 4499 BC
27 1 4578 BC
22 10 4582 BC
27 4 4631 BC
1 7 4523 BC
16 4 4509 BC
26 2 4592 BC
14 3 4637 BC
16 5 4698 BC
19 12 4600 BC
5 3 4565 BC
18 3 4603 BC
21 8 4602 BC
8 3 4607 BC
3 9 4673 BC
18 1 4505 BC
7 9 4682 BC
13 7 4526 BC
12 6 4644 BC
8 7 4506 BC
8 4 4454 BC
27 2 4454 BC
5 5 4548 BC
24 1 4517 BC
14 1 4490 BC
7 3 4641 BC
9 7 4651 BC
29 9 4539 BC
2 5 4672 BC
13 7 4596 BC
6 12 4587 BC
24 6 4571 BC
15 3 4683 BC
1 5 4457 BC
3 1 4706 BC
21 12 4498 BC
25 7 4529 BC
29 6 4590 BC
14 5 4449 BC
11 9 4678 BC
6 6 4701 BC
5 11 4494 BC
22 4 4689 BC
18 8 4532 BC
27 8 4463 BC
9 7 4442 BC
2 7 4621 BC
23 10 4534 BC
30 1 4508 BC
8 9 4618 BC
17 6 4486 BC
27 12 4678 BC
1 8 4484 BC
10 6 4630 BC
16 7 4542 BC
10 2 4487 BC
8 1 4487 BC
13 6 4633 BC
7 10 4500 BC
27 10 4633 BC
15 12 4687 BC
9 12 4444 BC
28 10 4610 BC
15 4 4482 BC
26 11 4711 BC
26 1 4484 BC
11 11 4494 BC
20 8 4650 BC
8 8 4527 BC
6 12 4524 BC
1 8 4469 BC
11 3 4444 BC
5 8 4689 BC
16 7 4590 BC
19 10 4614 BC
18 6 4525 BC
13 10 4687 BC
2 9 4684 BC
19 3 4530 BC
21 7 4692 BC
16 7 4708 BC
26 11 4517 BC
28 3 4710 BC
1 5 4447 BC
12 4 4659 BC
27 9 4472 BC
30 8 4500 BC
20 5 4594 BC
18 4 4524 BC
23 3 4617 BC
28 4 4523 BC
23 2 4563 BC
22 8 4601 BC
10 3 4618 BC
30 12 4636 BC
1 7 4649 BC
18 1 4711 BC
1 10 4649 BC
27 9 4516 BC
5 12 4686 BC
22 2 4598 BC
18 7 4623 BC
1 7 4690 BC
10 7 4509 BC
25 6 4604 BC
30 1 4690 BC
25 1 4684 BC
22 10 4501 BC
29 10 4582 BC
24 7 4486 BC
16 6 4502 BC
5 8 4712 BC
13 1 4522 BC
23 5 4617 BC
23 8 4478 BC
20 11 4451 BC
1 11 4445 BC
13 7 4460 BC
17 1 4637 BC
7 3 4540 BC
12 9 4531 BC
9 12 4672 BC
2 8 4447 BC
9 11 4640 BC
16 3 4706 BC
7 7 4624 BC
17 8 4559 BC
3 2 4558 BC
2 11 4523 BC
22 8 4485 BC
29 7 4667 BC
27 2 4558 BC
27 11 4495 BC
7 8 4545 BC
31 8 4664 BC
14 7 4630 BC
21 3 4576 BC
5 1 4699 BC
9 5 4577 BC
9 8 4675 BC
6 1 4657 BC
19 2 4567 BC
6 12 4656 BC
2 4 4643 BC
15 10 4447 BC
9 10 4512 BC
9 10 4455 BC
14 4 4712 BC
28 11 4441 BC
31 8 4602 BC
8 10 4489 BC
2 8 4517 BC
10 2 4620 BC
17 5 4611 BC
22 2 4696 BC
14 7 4595 BC
13 2 4632 BC
4 10 4651 BC
12 8 4615 BC
13 1 4489 BC
16 6 4445 BC
4 2 4686 BC
11 4 4578 BC
28 12 4669 BC
24 7 4551 BC
20 7 4690 BC
4 10 4483 BC
16 6 4469 BC
30 3 4648 BC
8 8 4662 BC
29 4 4603 BC
13 11 4662 BC
1 7 4440 BC
7 6 4511 BC
31 1 4525 BC
18 7 4496 BC
19 6 4611 BC
25 3 4558 BC
19 5 4553 BC
15 9 4449 BC
18 6 4566 BC
31 3 4651 BC
2 2 4568 BC
26 12 4444 BC
6 2 4475 BC
24 8 4576 BC
19 4 4588 BC
17 9 4488 BC
19 3 4628 BC
21 6 4641 BC
25 4 4646 BC
22 1 4456 BC
15 7 4500 BC
28 7 4542 BC
23 12 4472 BC
11 6 4514 BC
16 6 4469 BC
12 12 4493 BC
9 12 4473 BC
21 5 4645 BC
24 2 4531 BC
22 12 4596 BC
30 4 4497 BC
2 4 4599 BC
12 10 4698 BC
12 6 4470 BC
6 12 4647 BC
22 10 4546 BC
14 1 4688 BC
16 4 4613 BC
4 4 4488 BC
18 5 4618 BC
22 12 4446 BC
23 10 4463 BC
25 12 4534 BC
16 9 4545 BC
29 7 4525 BC
8 7 4542 BC
14 12 4707 BC
18 3 4631 BC
14 10 4461 BC
23 5 4668 BC
1 7 4681 BC
1 2 4463 BC
27 8 4515 BC
15 11 4702 BC
28 7 4602 BC
25 8 4526 BC
27 2 4636 BC
1 11 4553 BC
27 11 4553 BC
25 8 4709 BC
4 10 4460 BC
4 3 4505 BC
1 9 4598 BC
26 11 4521 BC
8 11 4537 BC
1 8 4481 BC
26 5 4675 BC
25 2 4514 BC
20 10 4586 BC
11 3 4637 BC
28 4 4678 BC
26 2 4453 BC
24 3 4681 BC
30 3 4695 BC
15 6 4592 BC
27 4 4700 BC
25 4 4671 BC
13 2 4547 BC
24 5 4486 BC
20 3 4540 BC
7 1 4572 BC
20 8 4504 BC
2 3 4451 BC
22 10 4624 BC
21 9 4523 BC
5 10 4443 BC
14 3 4448 BC
8 3 4474 BC
3 10 4510 BC
14 11 4443 BC
6 2 4524 BC
21 5 4662 BC
22 8 4516 BC
31 7 4474 BC
29 9 4610 BC
28 11 4702 BC
10 7 4499 BC
23 1 4603 BC
9 5 4475 BC
10 2 4670 BC
9 10 4541 BC
20 12 4533 BC
19 9 4662 BC
16 5 4671 BC
19 11 4446 BC
5 8 4513 BC
12 4 4634 BC
11 12 4699 BC
11 8 4496 BC
23 11 4593 BC
26 5 4660 BC
16 11 4697 BC
14 4 4477 BC
2 9 4501 BC
16 11 4622 BC
11 2 4638 BC
13 5 4681 BC
24 5 4710 BC
22 1 4613 BC
4 4 4474 BC
29 9 4462 BC
25 6 4455 BC
5 11 4616 BC
23 5 4711 BC
30 1 4637 BC
14 11 4706 BC
15 10 4678 BC
5 11 4467 BC
9 10 4684 BC
13 5 4459 BC
6 3 4571 BC
29 6 4531 BC
8 7 4709 BC
18 4 4556 BC
1 10 4646 BC
26 11 4449 BC
25 10 4587 BC
26 6 4440 BC
14 1 4680 BC
14 5 4459 BC
4 12 4545 BC
28 6 4669 BC
31 8 4520 BC
28 2 4659 BC
22 11 4589 BC
5 3 4581 BC
1 7 4453 BC
4 12 4589 BC
24 9 4597 BC
18 7 4486 BC
2 1 4503 BC
23 1 4620 BC
31 1 4659 BC
30 3 4533 BC
9 1 4502 BC
26 8 4552 BC
26 2 4566 BC
18 7 4601 BC
1 6 4581 BC
18 2 4691 BC
3 7 4607 BC
28 7 4472 BC
8 11 4444 BC
8 9 4599 BC
20 3 4457 BC
24 2 4688 BC
15 9 4445 BC
9 7 4471 BC
2 10 4500 BC
25 3 4524 BC
10 12 4525 BC
2 4 4524 BC
2 1 4699 BC
1 6 4516 BC
4 9 4592 BC
31 5 4698 BC
12 9 4514 BC
24 5 4453 BC
5 5 4626 BC
25 3 4569 BC
7 3 4620 BC
17 7 4631 BC
18 6 4499 BC
25 10 4490 BC
28 6 4704 BC
13 8 4556 BC
9 6 4667 BC
17 1 4511 BC
4 1 4494 BC
4 2 4606 BC
28 1 4461 BC
15 2 4655 BC
10 12 4452 BC
10 1 4518 BC
31 7 4553 BC
30 5 4469 BC
20 4 4680 BC
28 7 4465 BC
21 8 4569 BC
18 3 4578 BC
31 7 4655 BC
23 1 4625 BC
11 5 4652 BC
2 2 4615 BC
28 1 4472 BC
14 7 4504 BC
7 6 4620 BC
14 11 4443 BC
14 7 4670 BC
11 9 4471 BC
3 9 4571 BC
19 12 4659 BC
3 3 4493 BC
2 4 4481 BC
29 12 4648 BC
7 8 4521 BC
23 6 4518 BC
31 8 4549 BC
19 12 4651 BC
29 1 4522 BC
13 4 4538 BC
18 7 4462 BC
10 1 4458 BC
25 4 4478 BC
5 9 4640 BC
30 6 4442 BC
15 4 4636 BC
18 6 4470 BC
7 10 4549 BC
1 3 4643 BC
6 5 4464 BC
12 9 4705 BC
25 6 4607 BC
21 3 4537 BC
18 5 4596 BC
9 3 4466 BC
28 4 4670 BC
17 7 4656 BC
24 11 4695 BC
15 10 4705 BC
15 8 4623 BC
17 3 4610 BC
17 12 4497 BC
15 2 4554 BC
14 3 4510 BC
22 9 4691 BC
23 4 4668 BC
27 5 4517 BC
26 6 4570 BC
18 4 4516 BC
2 12 4705 BC
3 10 4631 BC
14 11 4683 BC
20 5 4471 BC
3 11 4587 BC
17 9 4597 BC
17 2 4532 BC
1 10 4494 BC
4 4 4708 BC
21 2 4685 BC
29 12 4711 BC
22 11 4625 BC
1 8 4646 BC
30 11 4552 BC
9 4 4697 BC
13 12 4529 BC
25 2 4699 BC
20 1 4533 BC
19 4 4460 BC
12 4 4484 BC
15 10 4567 BC
10 6 4646 BC
11 12 4667 BC
