10000
299452
283862
233477
48022
195762
294033
82643
237130
33910
143114
129810
109179
138459
230072
287636
21837
5051
11636
28382
246448
158609
9683
86265
16051
64723
4441
152139
152618
61633
199844
185145
226504
231773
84337
117518
45755
92966
271348
101884
73015
121278
291837
41657
151437
23662
183865
76372
28705
69620
224002
249324
178663
256603
100873
169433
162897
287552
159417
206448
65148
69407
224138
288346
10781
240750
138381
208086
271154
260699
242318
29777
94192
69917
187758
184093
277101
129969
25800
23747
266228
43433
182327
11417
149689
208575
204480
149549
228604
294187
41913
11776
204808
189470
16280
12864
206788
242533
218831
12270
216678
234199
57912
9825
167286
178782
197960
7987
132736
292347
62161
258259
293018
116387
244586
154614
149635
19205
279566
98103
72435
124307
49967
77677
173450
97263
17846
243431
31514
245955
121757
154579
277533
158761
176704
188112
153442
212248
233001
60316
193532
30131
26900
280760
130976
298173
99897
114858
181731
148938
255042
214053
151119
20474
263086
181748
47402
193046
174755
196754
48217
261182
212671
123860
126247
7031
251509
90755
249619
286613
270435
194273
71728
114696
208796
138658
267276
194753
11588
86441
250993
152676
36519
84556
108383
64607
29681
237973
113878
264429
52106
143397
1900
44725
75646
123761
126644
246660
53292
132208
118465
247
16396
74616
150769
40782
94789
2283
176917
255012
214237
255379
274229
53684
267240
121869
228610
177621
94737
123171
94828
185169
130411
106014
96797
174885
84176
42423
146064
247121
290248
100716
158964
256211
115313
55326
37951
129466
181426
26510
158357
103006
23291
277083
55636
56388
256389
145833
299341
243003
194034
278391
18286
71617
250625
191824
234604
147909
198247
202045
179275
90990
167579
35929
91107
63331
41720
149970
134820
185392
168951
269008
198163
95461
279520
120894
141962
239627
287482
166872
241392
182823
259308
259763
285246
282300
131983
135514
252546
144872
46203
38585
278824
22377
191039
195156
261913
82184
8808
84279
82462
173920
5578
154486
194741
112856
256987
113887
34975
124247
62121
127820
67545
197326
269354
128030
270334
225362
147787
95585
179401
287374
28590
177659
84286
207218
66095
53496
81936
74047
162477
184252
347
64228
75321
146787
263190
168707
288740
54834
102054
157755
226251
95725
56120
271148
219113
69562
233566
235908
253917
144144
176134
119686
169102
261808
263763
68635
94206
40299
12994
263655
154234
194410
177028
230063
230068
126054
88616
185946
278624
17338
102820
85902
264068
106176
48629
110171
99118
92472
190679
255819
113531
1855
151661
90351
264939
40784
101152
93818
54759
155268
37855
181414
113996
19230
65162
189043
71526
195920
84701
274459
168291
203525
57076
180801
272585
8013
201333
24114
114563
100659
284626
203341
49598
103372
21050
165592
33972
111221
184603
242978
277989
282621
261623
237
68336
252600
298802
267862
214345
178488
123510
145774
35571
59349
198642
137893
160235
14146
107355
172867
108358
63130
73112
281238
280365
243615
101159
164158
112165
104368
73055
106607
8542
121471
208441
154657
5899
44709
18328
91283
231896
284101
75970
256764
242443
36692
218281
164652
154261
218062
34294
133173
137314
104952
191400
174920
45158
240168
202788
220165
28774
110360
4924
128451
251427
98252
67986
10299
248358
82513
32609
137946
101177
160914
130394
83676
195933
78044
278478
205425
255804
245825
260204
33676
269527
179544
151358
288057
34087
198294
146725
272836
290317
271606
71153
179150
7404
27471
155544
266188
120266
184667
267013
264511
256539
127232
71772
38205
2862
214127
276783
61534
291965
294021
237338
195419
175973
27674
175405
10948
227627
229864
159687
201715
187757
290536
180040
91188
59303
114336
131070
206564
50983
57064
195902
295740
107308
71258
181564
197117
94996
117591
275351
157664
241172
83821
114161
149090
141606
299722
112610
191245
65365
278281
287866
233031
245922
157526
176152
104967
220414
27594
54262
189966
180078
98679
281258
52723
252957
80378
275263
205561
108306
126545
87021
191064
270796
44030
282712
91262
233451
132515
88218
212492
197579
247472
35480
4453
169281
54218
103848
228557
292759
265539
127877
264758
169079
207259
284068
60769
85261
130914
171696
249298
280941
240168
50280
81222
232852
265651
68829
65070
298400
105386
173707
20651
12892
95611
43528
299985
267286
282383
298853
202295
207132
186247
3609
40231
257469
224785
223131
175454
70782
44472
124249
179732
174903
252857
176205
51712
60591
239467
203076
168362
218095
293201
257609
197404
145469
252567
176036
116587
12759
7529
114163
203009
112914
2702
51403
235024
225140
242537
228278
18313
41607
18454
73037
126724
115907
99824
75074
85524
71113
20649
45110
175155
102030
293494
193144
23450
260367
174055
137686
253085
284208
289028
27229
279533
27992
39374
199260
159584
268635
84325
216449
84861
255156
289022
85688
3819
254202
265520
9286
204936
217272
152630
155367
24320
28655
39282
36290
169886
162958
229046
85782
186487
145937
191172
295273
191153
226365
292515
265081
161795
157819
188194
33881
5957
59489
196431
2572
231824
80399
298944
185055
228713
73360
144927
176199
18863
140198
230693
267909
38509
133830
12158
141663
49440
168216
123580
229482
257775
14540
259517
35247
223866
86717
162746
216363
18611
167361
240051
142626
272912
118137
131545
21926
197144
236123
95684
129590
59460
197730
2027
219217
173063
12066
26584
229506
176152
155024
270023
62117
27542
193006
269222
204994
60297
237029
100152
273133
119178
263336
205955
146292
884
42088
54590
75430
255528
267034
66762
264867
133374
246972
83451
203451
134301
240250
293964
127528
269366
58580
236841
65082
125311
52312
218315
210699
103136
38311
176999
221001
236249
252627
13257
203168
119344
184833
159006
204105
118892
261201
258962
271001
2418
206843
174604
65711
2910
148575
227687
206682
246298
203331
273118
201078
170044
163616
20103
151851
273615
183884
41298
72629
260904
43996
188326
165769
178545
16981
82691
279453
38424
37199
60422
233949
1278
77082
41898
259194
114122
270798
185575
24756
292818
194814
294927
226180
293297
184229
118539
179433
209241
294007
86239
210569
256147
289232
250610
191824
182903
261762
276624
20269
299031
288483
133101
11455
151982
32510
242203
267626
177988
80941
134788
125347
36818
247617
204314
177690
144928
95353
113394
165644
12795
58720
135074
292146
21734
271219
18840
198698
117507
55961
50367
87296
154818
27590
8897
242945
5133
80794
73143
58695
217555
151412
260086
235763
262465
51281
101128
191849
296817
179987
23260
173545
233649
164419
211027
139483
10398
15627
277784
190732
276678
147079
279808
218614
95
156357
207603
215664
122251
275573
171153
210129
260775
237531
143523
201885
200948
271740
117721
153106
68595
209961
71779
268854
37220
239037
134109
259343
50356
90934
30622
59804
286210
48134
75931
81781
36831
184128
250781
71359
27826
223702
229045
135869
58651
130737
202931
100056
151689
1479
5109
127621
73435
163134
130862
233157
170279
143869
63498
74136
145672
183788
194797
74246
187853
99847
57745
64802
193857
130877
55420
216353
180152
253541
226534
77639
180730
267464
232924
99210
54957
241378
90349
250584
237293
163301
208299
251856
55191
82740
49115
37854
170308
113883
8605
166223
1357
77580
82224
5747
240451
169901
154418
79562
84972
4390
231746
181920
36549
188855
81060
163683
288686
211370
53522
233613
53641
228784
126160
59181
202899
286060
232924
227383
205328
79952
79698
118578
213016
33405
150239
190740
158995
173902
140463
250043
102049
87635
58197
36738
254927
99925
20244
157017
136324
275740
242127
98808
188716
131471
60983
111047
170126
179281
170220
272162
71415
234060
56594
46475
240257
247204
39981
155232
200254
150609
266530
257597
289879
91243
238084
204180
54403
30837
78522
168962
242094
151656
202297
38164
217758
286032
291824
100769
218892
200557
131850
168220
104676
138773
164026
116737
97006
127378
178405
282782
199330
66555
162743
264866
157027
5214
218206
157729
32495
255325
24690
155488
204712
122879
167633
272601
213591
12061
256119
35835
297998
8625
282493
217999
1629
247394
221783
171702
241111
174252
252776
150876
252202
63625
17946
161363
104031
226518
197039
280081
142112
265399
3410
159014
144926
151678
194772
115783
109330
264233
275739
109880
259578
229771
212096
96571
263191
152469
94900
14626
183661
170559
259288
263606
39280
231461
63606
227537
6786
136879
271321
87852
29592
168331
150153
88355
268070
129453
173579
142360
243262
238197
81347
294045
82408
120912
255489
66405
81200
113049
143917
128382
273980
159899
53523
12183
106455
220279
87667
143410
136098
41241
40028
112458
191959
38889
259868
11281
15200
46887
187238
88461
133671
145049
6929
145149
219952
11954
91135
286235
29036
273315
258110
150783
161113
92983
229461
112371
31308
170673
165653
83519
223399
139471
89186
151816
299030
221223
276333
228985
67333
216368
82122
173376
299376
230245
52738
192219
266305
129975
285556
223061
116356
195758
30653
74906
130575
144328
123861
243529
120334
26968
231008
23400
206998
239126
235867
252604
115289
54689
120077
50558
141887
236253
185875
275485
268850
123017
80317
296453
64006
132744
187807
146842
145246
177507
1587
121574
216509
252675
291200
290583
200593
168998
64831
99398
296949
247306
267306
202555
262372
39794
243454
32266
211651
178050
224847
175472
65775
190491
179445
172172
7859
13856
275438
170910
90135
204361
105460
193757
272046
107152
40865
146898
112029
269043
178243
15660
231899
75415
91259
284952
128747
150781
166510
227818
207060
93696
296567
246236
129236
96621
21078
220116
288674
71037
127542
3504
119687
134968
55045
150534
104520
41496
227949
76953
145237
270902
240591
176066
119057
44306
66447
9689
103338
175024
232736
157891
160038
88091
158468
319
128542
98469
19968
275073
32059
167265
286251
42515
109519
148778
392
256665
180914
234928
264684
261257
98754
101673
236886
58758
110671
123599
275991
154829
95775
249156
153159
268062
63792
243548
205914
191766
210051
260112
262957
252623
131228
264016
270918
207183
172550
76429
173785
254910
296793
245974
3374
167378
20133
143731
166217
53870
68150
41311
180977
156570
49028
48296
137838
236878
41094
170008
114590
245502
294433
252715
211542
48082
245913
24482
4467
134542
81755
22103
23346
239606
144956
58551
49665
43170
1260
178997
296611
259906
241213
42446
253368
207171
74611
219422
115597
184083
265758
216857
281874
267635
76719
77758
183330
114679
276177
227287
95450
146846
116854
18689
275961
107257
261226
274497
128527
111612
202322
96468
265982
8416
294137
36479
299253
267879
287393
285800
130344
69733
131258
298364
197294
165588
218037
32698
36169
121946
98181
50712
209600
175847
143868
178216
267370
18321
247443
285864
240506
91564
23919
256705
280467
291335
90087
45386
273683
21992
164860
231600
154140
17830
174715
111085
216334
42081
194952
252583
146355
105705
61197
33141
125494
237465
285806
287833
134015
138059
114130
193758
124028
33907
71313
294700
148066
62129
112669
249467
165920
62887
172619
141030
293767
287589
66508
217160
208813
163102
139559
86493
240163
82729
79055
186389
232903
65398
79414
234293
27445
108034
251768
17236
219423
181052
19499
299642
1961
203004
72865
4709
120145
142898
96390
203714
282222
100811
197050
219436
272067
170113
203803
272164
92453
149053
224632
40840
210972
255882
107276
60703
77485
266318
272131
107992
134376
155674
226749
162401
245551
82547
292193
97413
58963
95947
22180
9111
56989
18140
174201
47774
179915
189846
218433
98614
291381
98901
206607
202572
117804
229055
17192
112725
224614
216157
85604
149975
265021
104776
71727
71054
63289
13253
108997
179
291153
150815
112254
227585
31125
15989
124304
211273
229210
248454
95730
168827
232096
172642
139603
18001
185607
222725
226223
114649
296362
139684
166923
259802
278579
239294
79431
58175
190926
29301
202736
64874
252218
169795
263487
161465
287890
122059
149133
241432
206002
197807
28753
60994
254070
253560
227329
46964
287059
267450
160806
228777
17857
104354
230130
155363
274730
22699
170271
122926
297017
72116
91387
48054
239769
225933
249260
49819
224279
145598
153712
113154
235059
197589
225161
176423
236038
127600
257594
176746
115244
283956
121666
29148
224522
288200
78496
58783
276519
128183
98540
268379
172683
24330
38615
67479
71629
65746
223518
266646
15107
89444
113355
40465
163674
152083
86083
130468
66435
22454
111722
143375
8707
173298
30114
229385
196027
243815
296320
255484
200096
48880
215931
210544
167446
259758
93115
161430
76430
230870
117346
219582
70859
109579
171628
240770
190490
251177
164552
62946
284325
213469
202267
122011
27103
12631
49937
269261
226016
247065
240527
38860
51542
131288
221405
56266
4725
125273
244245
33503
182549
207737
16018
222954
135411
173989
64409
107011
166049
296610
282066
212219
17697
85126
250662
169611
220226
125006
98807
164562
41461
279900
219576
182501
123938
87322
206392
134931
122749
124395
52561
251751
6254
227744
81681
8564
137601
37505
235575
63154
135521
176403
142286
284245
187064
155058
298831
294996
275127
56367
209225
192363
250594
25770
34854
182604
44344
41948
182045
47996
190673
216605
170047
15833
170726
98975
265057
183438
14670
46104
183839
40218
237491
30138
52569
11420
188793
42817
225759
292182
275089
180123
117415
130729
71947
288750
101921
108662
60467
125235
21843
294696
24615
187249
191761
74274
28462
224676
77244
103761
186912
38250
189933
199587
15664
286999
230955
134178
274027
247689
82697
134473
179655
33237
170519
59437
4510
156847
147153
172971
226446
34916
98396
30475
184910
14505
297001
215802
233669
18815
27053
277453
3595
32392
81562
45675
234572
248089
28643
266170
177530
215074
28540
147333
81671
274537
289506
77824
7123
158992
18585
125058
151788
82800
249370
241544
117309
154816
53253
252555
75465
139871
108208
249946
294114
170741
298631
170461
9393
132633
266609
298124
196799
57562
52713
98426
156344
157738
87156
107887
209028
32479
73126
295804
13174
5754
76922
209441
234407
276580
50391
33072
299161
264440
204235
166454
16014
45574
81653
174723
49987
290706
158268
278224
263798
71470
176537
232802
207105
16141
177357
231963
125526
140619
206985
181979
165252
218492
254574
50218
211022
149614
212146
210942
111900
44746
98300
134610
233910
293155
43338
244202
137456
199052
62923
190164
242687
194283
209076
189647
52622
170907
44412
78223
259632
208250
205607
136182
62763
98933
100402
243981
173760
82141
109628
238652
25657
38939
30897
9804
166429
90328
45740
279820
243519
112149
175038
234509
160727
223333
285322
196181
215328
173570
147708
212786
295588
35382
49851
239516
770
130745
118663
31734
184910
29116
28539
47589
284554
237826
15160
73791
265421
19531
25776
280573
85789
38917
35414
264352
134927
178740
29229
80526
149405
44964
165088
85936
192387
225838
162732
279831
297490
281816
38652
162758
295981
123613
268352
177086
257133
78236
348
265550
85685
172774
272351
142013
61540
250316
168316
153198
182266
127484
80141
81038
166578
81054
38126
209009
57462
135016
87260
299849
256908
197371
74606
93712
82489
293116
259063
264587
222347
135342
278505
130640
274003
181463
141993
230601
211453
38413
198483
7316
283764
263157
153054
131745
277948
164791
133010
47577
198480
223826
276448
298782
210149
255302
241114
160012
133867
37918
258371
30895
246758
21653
200776
63458
101659
87123
166952
265380
78487
118434
50790
155052
78192
174865
126979
69066
250760
135215
67283
295677
240141
218526
44653
190989
52171
24523
71072
131965
134827
138085
257021
1674
248724
6878
129849
46079
42907
88869
191149
104290
292350
199354
268771
109307
233082
94672
185771
203014
136199
58920
253492
122994
19990
247883
96105
139724
246738
169087
14575
213387
210531
229999
184416
7042
288971
247251
81784
161651
293488
229242
13469
147630
142495
211727
292690
248056
18140
190233
218088
112970
51848
203815
27866
221615
31216
136458
158874
81797
246666
19870
264541
164338
238871
15781
255032
217125
185199
262037
215757
65601
189552
257761
2044
189116
220731
66372
84976
269750
160153
42549
47269
231136
63327
16058
8322
187396
131560
221772
163280
24151
95783
45441
284091
30788
121677
25068
280705
86206
181373
254859
18224
270865
28096
109307
160750
261287
101471
81451
293391
51757
104890
289195
262478
248745
25495
224742
229046
91718
147300
102348
180608
166587
174240
24371
35308
383
20765
193515
281626
139782
254553
8403
59826
22490
113749
286743
180234
172379
149051
152036
141504
291945
94800
243621
151891
235716
153011
271524
181504
39696
78749
72840
126586
286145
127125
20969
116449
184174
85688
204264
152791
173739
38711
271017
44641
273660
273179
23250
96621
36346
221359
54128
52863
174888
186209
55852
245842
192316
34325
83782
24402
14639
92971
41368
98136
31333
183756
106326
126111
87246
288182
43445
70783
192102
260866
78097
34200
42292
182390
180624
17230
198304
59780
275830
107776
144379
281717
249531
85116
223901
253869
254555
78364
207139
239964
189379
109588
71993
144837
53285
144179
54978
197412
2104
265377
202240
163197
37157
83722
201909
65226
138855
264342
81375
233127
146021
74337
67849
136628
280154
223019
127099
11509
210715
103163
71020
68649
168147
128765
223547
80954
50227
185702
80270
134257
211308
41883
233266
147866
55987
25359
243216
242367
173662
248477
41499
61067
221526
251101
51809
120924
141273
26947
236744
187174
75563
149414
87525
222124
237413
146577
137367
30791
139280
58249
170643
21518
8142
164780
295698
244576
263857
33129
24082
17102
289842
70156
126078
173704
90266
208705
94712
36985
278135
173314
8913
228874
76525
168357
226702
253035
10524
135569
224353
211886
288101
237234
132619
166346
207701
77156
295952
255132
140478
195069
96692
279103
132460
182380
274700
161379
33893
253722
154719
239398
97400
273417
29800
161573
41636
216771
166387
153518
245461
33436
50673
296009
81815
35265
111679
296014
64998
199074
213795
128161
224174
106091
187289
137431
295248
193854
295850
180815
263516
228234
104494
276814
170681
78773
264414
263525
287776
15343
268614
133353
2029
274
173614
162043
197013
200976
280688
95748
65843
7737
246637
280851
274196
104006
102270
191429
140883
230487
29300
20434
221344
1168
125865
270508
256934
34013
63079
3253
39119
80888
928
144304
244808
126688
235791
161027
181480
119152
275575
225683
219499
255435
235497
154594
101
210211
40054
277179
232807
235449
218642
141974
217202
281464
96421
15976
69080
243748
246511
207635
27292
44963
219944
56652
8864
59900
10809
245804
49311
143593
49292
124465
59069
20606
140205
135680
284946
190421
16177
20443
158428
170824
244597
167290
271381
149809
204672
224305
224381
113423
84365
129821
232012
239013
234927
159522
116275
158519
66850
116868
84626
269486
195578
46775
110437
61441
101923
222594
299372
115517
271347
212191
206521
17835
287286
228303
196931
207427
284253
285453
211710
239058
14853
143372
198785
139405
86435
218118
208126
168227
220033
147691
269251
198165
273369
22708
287414
59916
282047
269291
94562
256508
193879
284010
25412
49179
3093
214835
161064
56177
7994
24854
203576
123529
291995
5039
244932
121067
43421
168396
34824
240185
256317
259607
101943
190072
225110
200768
13568
126089
182758
183655
185058
108854
30001
86442
266142
171871
172364
15964
85207
205333
274154
208337
241832
67086
127841
49861
222760
208787
54105
196577
281181
47032
218635
222888
141910
248871
2654
224171
137229
103977
38523
101464
97327
58614
48383
248426
58155
252400
267209
265413
241734
150122
130020
13046
36481
192590
222948
181041
184826
112714
26776
122673
98730
60989
101052
236291
158221
195856
4276
63620
81646
137552
116592
97516
57573
267770
106945
171832
162787
143288
176286
144391
210220
231515
122462
297450
27746
226535
52690
168828
95383
121882
162875
44219
184650
84000
280161
87662
150361
64525
227854
105903
284521
255853
2694
198637
105020
285877
53070
110037
218279
59780
40076
117358
281679
258814
54797
25464
254175
190523
98592
134481
235157
214434
101018
150273
114590
57331
69989
229447
144597
166242
11728
162669
9704
59842
106153
239857
208545
26565
210523
116805
230540
87228
188163
276456
242166
218247
226705
147156
14291
250073
51752
237814
157966
10251
107665
273240
248356
6130
223630
88074
38811
28144
299696
11675
296640
6881
8077
141391
245597
124683
263357
161380
64335
296476
227680
182083
91384
150721
16219
234287
114257
120416
116049
30701
74270
198012
78344
38516
213387
201332
97203
276273
181308
16370
60027
298397
198326
272674
113361
105083
122747
214336
240490
275667
8720
227011
18875
83305
118707
222658
61565
183793
62300
108191
203710
107919
4911
125200
135461
115021
28650
280703
204699
50417
28838
251971
232968
23728
44080
69324
115336
115060
103463
176526
82406
156608
50759
275062
286622
68850
32399
211537
186891
172541
74061
118552
104613
297112
128746
79554
219912
13905
275444
119047
56541
89674
294307
107842
45537
208832
148484
167382
125688
59299
29245
65571
117903
198876
248777
279124
112632
95622
65023
101760
6914
12774
263365
159220
103914
59997
211417
264582
228709
149314
31587
292057
108274
285439
179253
88184
202269
271553
199593
38901
276478
187845
13905
272175
217836
109961
158468
273253
27796
23672
262224
190365
268538
204447
143461
36478
171817
298293
68579
226935
22951
295906
240159
152479
249928
80534
288873
23753
278773
209559
96844
276308
30836
180565
211348
57024
193670
108526
22813
295482
129406
287574
7876
2161
171012
152647
175580
173473
276321
236354
257266
186521
175649
281449
122365
214899
175758
108853
177728
293362
129435
288091
296925
251452
82100
200473
123413
149099
175608
11294
259923
239623
66051
145745
103758
25643
195979
57570
138452
105935
157171
293299
129778
52676
198706
21113
141363
239033
96403
56188
77766
184398
170602
57391
32178
288700
70085
159872
100112
181747
57666
214109
194010
142502
112897
152461
147558
244939
199405
268280
199568
128461
78897
11873
52936
282815
135282
297709
165435
228269
41604
206500
145821
211434
189051
87438
66195
72698
117971
299802
42958
11555
259818
210516
29210
273486
199696
166308
263601
113753
250340
168012
200399
202928
113586
139048
104887
18081
186118
222567
264625
139182
147469
193705
136431
284018
164467
297142
36912
191423
74688
208686
22081
134305
141912
111103
185823
248174
153007
132575
189648
298919
165963
93859
244135
289761
45330
178422
152612
18482
106160
166571
119928
236455
171398
200688
3728
125014
223483
180583
201338
64107
94192
103643
55751
120949
241415
173066
157430
22916
199688
161563
299558
155281
269429
105786
85102
85362
287197
30328
34125
292650
20422
104586
148078
259400
3365
128287
140361
129031
219826
101018
133622
39206
66978
264205
247
32227
35053
268142
274869
6496
259936
137186
55767
92901
191061
89606
90840
30686
195426
50430
59511
110975
265135
219646
255071
216814
1805
134326
40925
54064
53068
198768
155380
205147
38792
114589
42944
165167
287610
90283
79535
171405
89339
709
98580
123660
59240
141853
271362
172980
266267
84565
287417
157253
164377
69401
125923
174642
189713
45161
27507
100023
231916
197547
136639
98554
128961
238129
55014
37796
272181
226132
99115
82471
138144
232488
154964
193891
146394
191606
173630
195049
96400
244086
42170
31833
214529
270151
120864
132452
135473
172351
196590
266646
132239
292030
14470
245612
100785
6868
114645
174386
210577
164737
228650
200394
223594
127196
198800
111407
109485
248503
40331
178840
187809
209677
260197
86048
21133
59495
149714
159894
3498
185075
86321
81115
230183
254663
256636
6714
7300
26655
265464
162467
109827
244244
52889
298960
166727
59736
9120
98709
38238
118477
280782
229319
295282
241478
191861
223135
147126
262735
238668
22353
239681
254889
112755
123237
24841
118209
249143
91867
230038
90828
104664
76838
219184
56335
48063
67666
244673
24263
62069
209645
198423
74710
285985
71543
15939
257559
76291
199695
7570
261218
98770
222180
292785
229226
152120
44643
74509
242943
44206
145191
146786
164167
288191
114136
241811
10728
130246
102714
130400
93601
47378
49300
239170
47468
57459
249483
263852
277949
149012
106704
263343
143030
127976
15429
95514
116048
70798
249480
141151
169344
84692
253828
208487
210965
287901
48727
116937
86894
290768
39219
187114
52889
52029
77942
106603
181185
40915
9632
297756
274865
227169
226386
265196
9219
173586
80498
286943
93201
181272
53880
278357
258307
25912
50143
94446
184887
273164
257364
32372
32692
122914
287786
47834
268684
36805
97448
159235
287155
247543
129086
105340
11934
151219
45401
86221
114444
271427
174883
15329
47005
260108
278051
105061
43068
292113
113756
107770
244495
83906
89800
160096
177211
151068
64753
217419
66073
171547
256574
69389
5576
69514
297030
30457
221318
125861
56132
268682
27781
61501
157903
241680
129755
26151
189428
270897
144593
240710
274331
288955
239812
80506
162584
70530
7314
210911
174078
284219
232118
236113
149917
129140
13029
155213
4944
182177
143115
135545
219525
16097
17019
291172
12682
186361
23156
80615
83197
244787
118705
273738
60110
62002
93487
136537
246331
247190
255985
141018
71356
62771
142890
156933
65997
105303
49594
219127
175184
188266
81963
256263
212603
146746
269474
256476
238437
173403
73634
128420
83962
207238
113902
227030
45742
281915
148574
160559
245161
43073
63371
195260
179861
219135
130386
235175
265321
32757
222913
235754
269120
177051
232250
16017
162767
24051
58327
84391
127790
173602
181590
97502
169702
56672
262570
19419
249474
296783
37114
236742
120066
162970
287721
63082
155161
291142
93281
15594
140573
252577
12310
245691
7797
161930
158372
251201
62912
245811
40401
143225
119929
101333
239893
11717
208883
159736
25917
107409
146953
253062
197407
79549
244927
143376
228336
191212
102020
51811
46650
211585
223151
242090
113434
34933
98741
135097
187964
135373
171635
280148
149706
27516
256380
36372
210435
195686
250153
191256
141518
63096
287347
127895
87315
208250
10485
148212
60525
294963
183649
176258
157564
297606
141535
4108
278455
120014
97939
5650
96043
225032
142095
218856
165086
18900
7331
67864
172922
79838
112823
24841
103646
243079
112828
267529
249210
38245
95878
158569
15560
247156
14168
108937
54617
162964
61791
123199
95235
175809
227697
75212
74808
63214
112738
95697
106628
284897
57406
129096
179203
83955
66830
297426
22803
240959
91215
124714
57879
145346
50864
95601
264273
15461
91732
91793
226486
47581
22360
251173
46481
7966
166519
155343
248784
80484
223582
118225
70312
61705
1197
116023
65194
267172
135668
2840
168905
118006
223928
90359
251042
154400
275085
282862
225979
162046
151018
153641
193735
69188
145768
191992
33940
291948
135647
264695
11170
99064
94692
231946
289147
242136
257385
20769
17275
51952
299923
125217
113784
256551
193568
232470
200190
87825
54176
29627
12481
173837
258110
15810
167532
17932
104461
237000
83671
132176
69683
169432
78664
261493
243570
104985
299367
42484
49519
269873
41961
140723
239332
24871
48296
174440
35878
245642
105166
164800
190998
43762
247846
31120
105472
263658
186814
212971
136306
257337
44808
54967
197534
8884
273043
253426
234038
64104
204141
148715
906
134294
263989
205955
26975
43865
284675
52289
18204
196353
276302
18501
127209
247027
153093
283115
184817
12214
111835
117721
53164
136036
129218
202917
162
249340
2316
65217
111332
36491
65917
38773
6216
213644
82322
174866
52209
192542
246889
293815
226512
164413
258221
224239
280168
249406
222900
140935
152088
223368
218781
254714
220093
124170
99220
166874
209374
285147
166128
58283
88425
114498
248551
22350
79524
281609
4838
249344
251960
178890
52977
26431
47439
254884
26053
128184
295741
219517
232591
152706
128451
141427
290523
114938
262720
284524
142265
178249
164635
159170
192378
13652
123497
184467
174119
78072
155824
237164
166594
66057
4597
139612
66530
248105
13848
131689
28608
251183
83629
258201
105893
81046
17544
165603
251120
9928
220617
217408
13104
170188
240022
194264
75356
293363
96041
289579
287036
167144
150011
142351
125988
148205
64027
251148
29897
79875
155496
170061
77352
92224
293990
13718
250157
7982
295894
13836
134582
1298
140502
24382
50002
158382
81684
99824
137042
255720
219178
260014
274565
96668
42734
252949
95746
215552
150106
216551
89760
69197
213131
113390
264118
84267
161287
205758
41699
88259
137003
235988
74189
296379
109429
168485
261226
198054
281418
271878
46139
121990
238190
53457
96531
229427
183374
121648
280885
146920
80332
173253
219109
143064
147363
6764
134484
147590
193939
23113
108531
126346
3092
280683
272739
172323
227572
172082
258502
40441
140095
199439
235426
42388
90196
37548
174183
191661
74554
222310
240031
14211
110464
79794
297250
114070
248542
46505
282174
146758
246674
292953
188543
64702
204767
75492
255836
165680
15676
115363
155233
235715
138770
104011
230001
27553
31372
210363
123707
184859
192014
289665
134434
121464
141373
108808
235645
118825
270678
137301
125200
270826
6780
252374
228778
52646
240110
11669
79636
289301
265912
263792
135393
255373
175045
256641
199217
192577
130545
69563
93411
275674
267390
142230
93386
207923
120607
27324
104223
271602
42162
282046
252762
160411
265949
192112
169481
156423
162180
61826
87713
212333
160557
53378
265083
14893
187728
131056
220975
163618
237098
261553
225738
206489
70603
215882
128038
49811
141288
28562
128387
212890
33691
138732
36734
115944
19104
26585
199442
96553
15948
5780
46276
197353
283378
149318
248877
22612
208384
186062
175555
51137
207714
233552
243232
63445
295041
10344
243028
288548
299187
52301
221791
193037
221694
39920
292851
150255
160813
201307
243532
165039
132235
6596
209881
186155
16338
126059
283255
175330
43519
128757
53084
205395
193618
226395
239877
236758
130539
268152
130794
95795
213472
221571
122263
27766
100079
171475
216351
11450
246809
142416
1121
94536
36769
262995
65710
22685
150553
145932
84664
107380
18386
260385
110647
41958
61163
239659
87667
201137
19878
254192
239993
103200
253163
266122
185173
201249
113373
121674
89273
171918
19802
141101
259810
189168
80233
120128
242640
267654
39886
12393
138739
295071
83828
30870
140615
86351
279282
84892
108180
46528
219481
123140
191257
74329
127052
41828
1406
177910
202838
249483
83801
245357
109899
13102
262190
36665
240286
206287
260476
140668
144740
265463
95758
194789
207859
187149
297406
21683
159095
157859
61437
164538
70131
154189
200377
171452
49163
143674
243244
67862
228087
253235
40390
288887
283893
276541
8604
64177
193567
139144
122343
15592
146021
62463
226138
94328
276247
98604
250471
191080
75437
238290
127810
113398
171723
179559
117704
207121
225187
135147
102561
17747
98685
265750
89883
128546
164594
146166
245994
33105
174768
42357
120963
142944
273558
15224
71539
141797
280081
202763
46596
52559
272781
155855
217381
20496
43141
128828
160543
94054
62338
171103
52106
3109
188781
6257
29308
83700
109325
258915
257784
265296
57957
172471
196894
125742
268858
91991
169998
47700
161109
159752
41524
250484
244286
169198
166307
245710
276721
205403
38452
26249
266238
127480
224457
246957
85046
189145
275916
192818
285390
172838
157684
237046
196378
127644
204283
246675
206628
264910
285983
170962
197756
14049
177013
16704
225951
45191
103227
186436
92863
141217
39444
235916
281273
90716
294868
9654
201657
33574
6119
229762
286874
54957
29637
247568
150683
77955
266508
183286
273277
131864
180323
148745
117881
76673
155231
257544
238268
118305
187469
189019
66944
177445
33196
77386
180863
161487
34387
8785
145193
250584
7007
168806
66196
230459
128749
72821
48127
136847
240236
265949
32409
71701
45392
8584
178236
274676
293281
16823
119175
114816
187376
173942
198645
84690
238548
78021
250472
90966
172478
208230
42932
183044
57118
291065
278253
42612
214651
136042
136947
74191
198101
141149
59516
69861
10785
226173
277234
183365
167880
294926
212569
295746
158974
279513
201948
151079
63534
79462
227784
19236
226580
23217
182836
78162
196125
2929
152547
179183
67326
100368
198100
37577
102465
56720
299415
19538
234360
271417
1834
212418
175161
152421
189257
103571
298739
151820
198131
93118
261438
246601
39661
11848
7240
155159
233494
7472
165915
15199
165088
184624
194264
260387
244380
201950
23563
294918
284249
7670
195773
3235
24958
136890
105176
273088
221498
179294
267374
288236
112366
42497
281006
224944
276470
188158
222093
180368
29221
79580
216321
119146
288830
70350
148969
84978
23922
104027
139896
52713
203135
8159
24963
234050
281315
169088
115296
234928
257813
156412
134163
16577
107439
289908
178303
100908
135053
92072
7468
113663
152970
83385
446
40910
146987
232362
252564
247826
181729
275245
25930
47344
558
212221
277895
292114
199616
105606
4578
45834
220618
156854
297021
110518
86459
192136
52145
164567
62359
140333
266771
15299
111125
277582
82093
215778
135406
36
84351
184994
60055
275753
58402
265836
31446
163561
237293
136714
87306
146350
169050
120678
299201
156618
282618
20031
228698
84794
80921
119318
258549
134636
102284
241148
73434
264210
57814
65313
109188
14433
105599
57748
191655
51924
112462
144580
76204
54830
233241
264307
95990
87761
231439
267179
171724
261888
122275
199890
125184
219771
35435
109639
72485
15600
73659
29216
252329
141223
11287
174095
38896
168217
5615
138862
202526
193760
84009
8946
59037
161025
239535
109117
199480
266768
161427
71006
74152
191327
215429
164922
231857
254736
115182
296534
202451
162846
169032
34220
252263
251520
275349
180453
58120
188697
203817
259324
120562
273315
112035
265487
149404
212229
104106
123192
54078
15968
177495
158597
225599
32151
17235
9622
13428
121227
110197
257246
24485
134636
262757
61956
278742
144789
268584
289196
27512
47294
121228
100312
218461
118855
128786
45325
225544
122738
124584
18782
149155
15803
116279
127423
162575
80907
211615
37760
101682
239748
115262
241554
276150
227346
135337
162532
88177
189119
188125
277687
130007
216877
188351
12983
50997
173797
115773
218302
112322
71856
97832
77081
263640
79792
174894
68963
122942
239679
293433
18743
231748
48061
61451
8853
255240
109546
158650
151320
162054
289949
221867
105280
119618
129450
231312
223290
252384
18181
143561
122616
273272
140571
185033
179129
104809
168424
231423
249468
240843
156457
294569
90075
162359
292184
62141
140804
66543
2591
225973
91099
39612
35283
135699
215105
36356
71930
21259
88081
293175
259310
129660
188379
78576
153808
83305
100558
206300
192035
102656
233452
174649
233027
281810
31503
150244
221857
79485
163517
231461
221637
59284
171776
279344
67419
12836
132833
183945
216731
288403
34042
192702
148178
86012
173879
28547
219736
70390
149220
146110
100638
235787
112137
255697
109954
59903
40354
137104
210257
99515
141438
6721
164790
98848
243024
174342
233997
170121
36588
161585
107612
129636
99923
70654
249872
160412
252236
49288
252360
188467
246974
209415
166998
279989
148554
144745
135537
148073
41562
204772
206046
233904
190155
205021
185454
168855
286551
18876
293958
242715
202666
24867
139968
120508
89968
3109
298299
143138
114164
277432
184349
15057
38689
137003
251115
74800
262991
240182
6556
228223
99329
288725
243078
86213
185686
104117
151041
82134
15807
94624
1952
296172
53576
299255
126225
124404
213491
143368
271324
105111
229673
69708
43452
228891
168925
115225
80272
191660
167814
162172
55130
272038
34174
229394
112530
86156
104289
51781
117878
86031
1057
269322
235239
255704
8889
196264
13970
60056
249017
137880
176935
11260
254068
255391
269106
212049
217282
294436
212887
43130
140062
214110
79594
186029
224334
104156
183158
278897
273296
40448
278744
257455
151843
199486
259609
111885
136398
105476
96300
131189
81186
48271
102352
230341
252184
177963
216510
271809
48302
217955
77273
298758
170773
80569
77369
184112
297578
204152
4090
225664
44851
296734
141631
124542
297724
147338
247589
260131
123836
254311
16927
274633
260955
138104
199764
239690
150265
61313
84926
8824
287446
211057
120865
199501
101454
470
238905
295314
40635
80163
170769
194356
38237
282558
268905
36692
172198
120866
67079
270811
132237
118860
41285
284405
7093
15964
81471
145754
45204
218776
209347
59214
15382
185353
167838
278646
153202
40000
258836
211414
217262
81680
172588
138459
205278
176043
13422
56863
147204
136401
3003
148673
162965
84116
25293
247838
207550
228021
122741
62899
227238
265630
29624
160191
63036
269121
268343
23211
104119
5595
171749
274931
211961
23433
124420
93548
100660
159543
205217
272662
22175
90361
268217
281062
273459
295979
77838
88986
225581
100719
287592
279623
73524
44744
129542
21000
204033
75561
216046
26658
1419
291397
243264
155929
161145
53041
288798
24768
105423
185974
98978
218885
151035
92134
270100
123454
249163
115053
56483
84357
242745
58091
16413
28873
111576
241000
85390
272588
170614
285374
81839
1840
269834
265806
106199
100865
205111
119161
227007
109513
90633
8233
162972
21774
58011
94078
259599
49032
245901
27825
92789
109527
178601
157292
51210
138955
230557
286518
203928
40166
138071
190911
274758
156068
158782
122391
41689
230050
95075
172524
141441
138248
221972
43367
293621
274769
264572
294888
37918
275603
2437
155986
237417
116775
297490
52977
93770
255548
81882
52384
261553
85652
116019
274830
79681
219055
76474
75021
5603
39855
216532
72598
78235
2676
53888
106598
6243
177989
157183
229204
210389
94583
112604
68458
45653
164757
122021
202442
278338
220755
184862
258141
35793
130392
269193
14758
24514
156444
258069
264395
182733
68630
27600
12169
298248
149296
150723
91619
138940
69122
275079
56178
196377
48529
70942
111921
248981
179126
229287
189769
241412
14329
129133
138353
279520
254521
142857
249960
201484
146440
292706
44406
79644
21433
2545
197095
174052
29720
37461
183498
36228
293747
222724
228090
28882
280128
12580
170957
81199
176246
225890
297298
47644
87389
177913
83714
297793
242562
179804
42604
1334
199166
214720
222846
283463
135220
155332
261073
253716
292187
163785
90309
76822
153508
293766
147156
38013
23785
119225
264048
56442
239442
235057
89081
182850
135613
29365
259115
42998
34623
50075
94377
88333
56647
47643
269718
250357
111632
266711
161177
46032
71539
79597
222601
16346
118911
226731
288818
209055
245552
26455
292257
151245
217589
189110
202064
179299
109537
239408
220358
75485
146570
233237
289071
283169
134704
93626
123518
73273
154083
66529
133164
246125
199380
252323
227134
128423
39867
228644
137088
192993
230412
127983
169276
281826
168237
236209
272409
277425
111113
296678
216499
181290
8069
274543
273839
9555
94055
231317
106998
295755
162077
112256
102503
160998
195132
297115
129759
241145
114610
255401
287765
103558
97323
29538
105689
9066
212482
277851
222345
204247
241975
30826
118805
41401
50463
285756
67285
58717
197799
145400
20448
118231
17475
227425
102005
49815
193928
201029
234814
198136
87396
176372
17454
254771
154670
147847
122647
92982
187740
194648
225229
139894
170394
201898
272008
241870
119461
247471
152609
10513
60301
105607
118803
210760
67686
39185
221266
279022
42360
144654
103685
245522
141013
185448
115811
118152
182264
95288
207371
125833
263144
57405
61847
242567
117888
157727
67261
183270
295076
111395
57863
134233
151955
69700
41835
184766
169794
279401
276939
78342
175023
56893
183565
64595
216491
13861
180759
103902
192183
206193
1920
208285
85141
142422
273999
269008
197335
101053
274870
279925
153795
147342
156237
241785
84008
122787
30708
70421
226404
80025
299747
294250
240863
31820
54513
152612
98127
133654
278084
126770
76683
58204
129981
148833
167324
209931
12901
268669
8226
221385
156625
126422
207905
62860
283622
102250
165903
143932
171994
148392
239988
113497
25689
132545
64965
217321
148589
10870
73800
291604
182317
233358
260940
119544
134598
203898
52975
292854
139434
148580
289999
296295
198934
189437
253798
51143
82117
117844
294886
298894
195319
294665
135164
155122
70170
166563
135746
158686
183014
84567
240395
249012
133657
270870
32553
231780
137772
119468
242902
51415
131720
258057
270242
274781
192764
198349
264497
291576
125535
280115
209260
296867
217326
265831
56829
162683
244525
232699
279520
44926
84608
14864
280064
5420
64525
5048
18314
194981
134572
101633
227249
11861
32316
277105
43408
223740
90183
167426
266860
101872
235590
19946
123248
170234
7188
87254
198132
120058
70443
106581
279171
192488
112466
13100
156813
126800
86044
247616
38238
232578
7985
291852
282756
59900
268216
194609
95992
103614
173221
48797
167819
68102
63158
279436
78590
140034
227403
256090
150295
37460
72830
90170
129163
156258
107434
73801
205240
98179
28603
215815
199721
146156
204357
95571
246823
89624
60457
57766
25094
75391
290978
46003
180888
19296
83389
296546
146237
158309
11825
124769
51518
139922
94295
79614
255626
90668
125444
79308
199114
100384
162967
277217
276166
138148
87700
43754
139179
244436
34530
190856
45058
138760
38966
106199
137566
40111
191573
158618
234496
66044
182437
133542
142395
235882
96549
195118
219852
188441
21400
83906
88340
248320
234627
198570
232225
46601
120121
83286
134546
92177
11973
189769
152877
273660
260370
272042
79568
121283
280737
149681
78320
259906
215558
38141
168462
263304
263977
81566
104325
57400
118536
230557
199093
230418
88098
90700
289301
109805
165098
63121
231184
35805
159853
19102
214832
24772
7892
231213
224018
285212
249352
72213
238426
131270
182743
251545
255611
214046
89282
70830
232477
180471
291406
129102
239680
18519
223505
66267
123788
122884
251591
186849
178971
99741
254624
25773
1590
291182
299287
201207
140408
231081
185677
117850
87434
98326
93061
102580
115331
243274
2360
80902
218668
150636
1977
68010
120245
200766
276063
264693
287838
79654
191609
218640
251376
217269
163118
28800
173922
205439
161546
180121
195856
45148
108075
246563
213829
104294
197704
258470
43441
49568
282645
18346
8397
235210
152924
12742
223651
35806
198598
194202
242303
45787
161745
270266
255297
134085
50602
281604
59770
31978
170166
157820
23013
261791
180750
173271
107953
39338
174626
259709
172655
212818
287090
214026
159879
266818
208
23551
235665
274378
90
49594
208191
196261
253614
234782
211748
251728
156373
32818
295191
41699
194781
115666
261989
25108
202699
252450
142426
32439
10838
29810
29635
154290
70902
87570
7662
51042
167792
180347
243864
205041
284784
232273
161388
253039
45196
276655
270228
103447
143686
210796
278432
262475
149927
53240
170557
105313
32100
185595
169638
182649
215344
204186
14087
8056
66234
283453
205670
37679
151139
155338
185493
115680
186016
150567
26430
268699
91157
119329
105666
255482
35371
35336
250364
14689
272382
56906
203081
112706
278864
280559
167265
274102
231977
293548
187150
211954
231685
271833
34297
49002
91563
144779
11880
77297
274581
278800
211376
91113
120456
227267
245592
79110
185850
147397
160621
122104
42212
274431
85495
244672
283421
198430
15844
234006
22944
238206
20484
275765
200136
76394
147321
16297
208910
118024
112980
43684
151148
102324
189262
49510
184686
298466
22051
189938
73981
130011
66035
298338
171857
249168
181367
238045
57685
109992
183185
26159
256450
289052
230246
243021
211997
116878
228886
117267
100297
148790
47859
138846
271525
224716
155206
18372
279516
279895
199843
149361
91322
249041
150490
7852
237672
202735
142143
32637
221538
202380
257866
154953
143209
220634
43846
85451
164417
284714
261934
40650
273877
213009
34995
167939
231223
182396
51371
157817
100762
119709
221066
95503
197958
81785
54469
284610
138171
172025
95393
105711
113805
124160
148234
87663
131989
240534
19583
52824
160204
129803
187328
90153
282228
247623
158045
163178
129552
166500
79989
240582
129454
207999
79003
71044
142142
54307
151520
124244
291234
7812
191329
295597
22106
293155
279700
77578
296977
73116
77844
93731
16884
1978
82410
212198
253942
275479
199076
157209
286521
99194
226245
132029
167536
202712
137579
21364
126910
96398
223956
186765
221108
156361
232413
103372
123170
13931
82743
160836
191035
235641
221352
7560
192421
197616
240201
61837
197810
114375
114530
30333
183043
89810
199469
3198
54932
253666
12314
120774
24229
55070
248828
219838
73309
250272
280306
216038
32776
234033
214311
265226
152655
93550
205951
131101
845
184667
249129
68557
116748
43746
294905
72672
279710
149233
276248
235127
156895
41290
54458
53019
193304
288947
192082
254911
25381
150664
52225
41400
188544
278313
203545
289236
197854
153685
49014
80338
248236
18605
275107
185507
39453
9108
269694
136198
161393
176033
35673
295155
132060
123548
80575
111836
175070
191980
130294
272061
6270
90745
2738
278797
216069
36002
73964
35580
269832
43150
252750
131260
64264
161763
188525
297057
43796
171506
50024
85388
93232
126675
154156
31695
135579
208737
111848
225910
6219
90881
233038
204332
100634
298092
144337
211948
201705
136522
114448
134110
181593
124247
240825
263779
123074
111470
230485
87013
52118
129388
219820
184831
157275
79185
40300
79899
241706
272529
191921
292670
120745
95960
233137
230583
289522
77574
54693
234059
183782
48983
37516
253564
206212
245498
186807
94060
232784
103323
182962
57186
281612
97955
215602
93207
174234
3573
268634
51060
279333
211065
260244
129623
195162
9428
6533
126709
50145
90355
3612
180940
23436
141468
202130
39844
135433
295074
74432
177553
70342
91601
12417
24389
249128
188325
94479
42989
203791
232121
82581
40247
248135
69535
256752
203432
104218
68678
148617
260348
150504
294847
186781
152124
28670
101697
212033
299504
9907
73322
246643
269626
237917
260172
279216
186831
203730
112809
226768
283945
107715
114898
89416
267706
38844
107520
35347
121401
284509
137132
212287
74447
109289
169502
273479
14983
84402
157323
217443
69835
246123
196931
9869
146254
137920
14727
290420
95113
24088
154358
62480
219435
228221
287055
146604
189585
155819
51999
124072
1939
53286
47430
50231
122021
236849
137346
257499
253734
5696
272617
237334
9732
222385
182792
189381
297287
267535
182621
101652
139057
279889
123278
136106
200644
233178
210703
92994
134476
107941
121168
148478
53371
291240
51148
94120
232965
294205
92687
11482
126335
184062
65795
220518
283015
77753
145305
75015
8700
26205
190243
17087
38683
202525
167753
292787
212251
4628
39093
150869
211301
29399
292126
147630
99482
236681
141514
260496
46705
208572
138312
99346
45454
175931
183842
79438
208012
22607
142229
102207
118847
116797
288822
225786
201745
277280
132773
42235
242083
6701
144217
227732
217751
97018
279366
50184
273529
24887
54867
154042
170599
299328
148087
181506
192542
100336
191926
198940
171847
186602
231835
277605
86151
250603
235276
8051
240960
2823
86574
275293
19232
161852
266432
100832
57305
43868
92921
151062
2654
291623
243072
13774
12323
53059
62288
269699
239716
153798
144185
92670
44228
237580
284717
3870
92924
136708
144779
253631
223914
69191
108785
98794
35251
124379
102716
12737
29221
88559
187704
4704
181380
226061
12907
234311
190921
123876
267694
137884
289171
39909
106454
69307
279405
44182
279884
120182
210919
116478
108434
131651
40014
7831
148561
9282
20334
258964
78122
236464
133430
153537
122253
9887
108541
27603
4207
233159
258117
135667
213081
40947
55396
42641
274277
24423
160611
78211
299395
200385
67656
126549
143519
127293
168615
37516
202262
58833
294872
56681
45619
154281
251368
38423
209376
226277
15124
160954
294226
162479
295232
179017
81595
105517
266536
31812
119529
293633
71555
110190
58033
86744
62980
296635
242046
219274
157074
176948
243552
156782
106335
184947
31498
130884
158760
182099
152947
166868
113483
145485
44245
108566
97662
210650
233444
87372
40739
20297
72601
77999
72722
53623
259286
101184
141307
13592
83719
185782
275794
40573
180145
204667
98837
114170
116744
131961
27578
119757
95595
14794
159087
224882
70044
233277
40472
208645
192760
21875
87908
214725
258028
275751
50022
194381
180669
42465
153837
54868
38714
105364
27094
173938
228992
78141
171209
85918
288573
93061
237573
260576
261837
206158
225952
55486
114046
71759
157633
123962
144071
221542
223803
180027
94132
282437
191929
172707
263746
253377
12111
123350
278236
157475
196279
287480
72864
122112
263226
265651
35227
264385
16808
111032
261567
98851
298887
13120
187903
31240
186745
135863
79512
242533
69831
246748
11775
192688
253181
46315
5227
108093
143676
267179
201445
62368
61767
31951
246559
4838
113852
54171
184514
123308
288754
53496
110040
948
283870
92074
222196
181726
64857
207972
224591
57935
49286
127639
208963
128522
17016
172474
24176
119244
19491
164270
212237
103855
113839
96832
62964
2854
83872
287831
122272
94147
67963
117050
223380
21043
261493
206870
12659
132787
55158
295739
138130
39312
56050
101897
267721
205009
83657
91125
110583
280043
67127
279740
74165
256048
93168
70094
2663
101232
23211
227238
7
150927
135678
186127
119635
199048
118106
275383
202528
30911
198694
86693
123497
29071
109918
234128
8173
102742
97360
50051
180658
113137
67765
46463
242593
13682
263058
111999
175594
160245
37116
54742
292275
61893
233953
208807
288779
273784
29047
38108
102636
128230
167061
116617
52616
34872
97921
15965
199349
296666
7722
109390
99804
143627
188167
212063
106993
278703
146862
64155
133179
967
261128
215966
139532
237440
252851
229107
53504
277230
196321
101258
188619
265128
88229
161467
38525
183119
272685
285931
20243
245956
223262
94742
35824
30347
196109
298325
297623
181500
15039
2042
245848
211887
248314
154454
48331
214405
254976
151449
159110
106842
62560
174888
210815
20095
217785
232652
204324
214364
268917
139243
33890
102707
161771
44903
286046
245531
51979
40843
160769
83315
260770
226528
94021
220359
112231
60661
216786
259424
211484
62810
230438
221143
188173
142312
203017
23459
82409
225298
253921
36847
97733
214582
280809
57976
254733
111916
224851
167793
71464
231966
195347
59853
215404
87405
78611
129847
291604
36114
7605
181796
136846
112011
57157
72421
152837
162723
156314
145335
200423
242206
176052
153672
240671
36346
87581
125803
240046
105065
15053
201508
246595
86697
149585
212953
146121
219474
83098
119236
275527
217219
192203
4668
72618
221050
85534
106333
112504
216101
116803
143559
67462
100241
170598
35707
63813
274061
152574
22787
138865
242244
288339
146248
270231
23076
284265
145047
127116
229256
43396
75117
245323
6482
120730
162418
229804
168060
120961
158558
143281
131650
83178
95660
101426
46866
90104
185695
286157
175492
78689
67886
13610
81555
1867
178054
248774
240720
74994
183451
22191
135290
115066
108493
241802
16704
284476
77165
227814
241457
40204
80168
108323
499
192837
73537
170206
51306
138215
81305
113440
82836
191302
3779
236000
264504
196157
143966
188011
125780
234668
109625
37139
24132
255092
204512
20875
196857
222203
172770
1276
123326
255387
177797
223933
135955
115770
236123
152118
257644
137550
57205
111089
177454
112439
53050
226085
198576
139409
295281
282041
210556
185838
275294
159334
33896
97233
77101
191368
217977
40325
187519
18499
189568
297697
254823
271886
82612
184395
176052
122750
262460
154623
202226
28982
207771
287052
248703
222469
159217
93090
41901
126269
158221
96232
83467
16166
139523
240675
252269
265923
43379
298114
45213
145762
109567
1707
162399
291612
40810
111797
206525
16156
99724
87779
111633
181009
174840
65747
85809
90557
150942
221361
101204
129380
59305
258442
117599
64788
69652
183156
191418
71084
227129
134254
272233
240137
200063
128380
192329
271871
126135
43897
234390
11577
118525
81815
1904
148937
251282
118017
137950
293798
137154
288659
59984
34584
29482
144711
185305
252098
122202
44194
262710
205775
70135
213598
217586
249522
5512
166780
222815
51970
222378
217629
24060
291722
249980
42561
211371
231075
20071
223917
87076
209398
109326
91336
132793
248899
175732
281373
236821
113903
154701
169627
235533
278937
177952
151564
119236
87374
274689
213923
239869
262296
166760
141411
25758
86025
227219
154031
129661
182710
251567
253109
259184
151748
264067
12431
221607
214660
295456
30931
84343
39696
99358
51702
55713
65308
277015
151744
196923
79885
297653
140544
262942
163271
279676
175738
135171
74668
171205
178414
61240
254676
242147
183320
183473
111271
124104
125337
57154
192666
113212
148210
289181
92311
190907
297091
280043
277653
244265
188021
102339
85601
169057
117527
284988
13679
122205
166697
18118
153316
256842
18908
117899
174451
92911
242021
178803
175329
133020
287059
283312
297565
185613
299358
103545
59433
117407
84051
198078
17374
210300
155330
119740
263286
193811
67876
64515
252184
27040
150690
20281
168735
99240
183722
211481
289083
63843
274706
125476
65354
279810
10826
163842
196377
147928
76922
163612
164926
22207
5664
260699
50918
60214
161789
146330
194264
162580
191779
10314
45070
159701
62241
56515
18939
40552
227685
120142
92064
79035
170559
273602
286497
100445
40612
135176
41482
221309
207763
120939
260124
111136
257242
251820
70240
218630
14223
283095
229732
283303
126646
210654
45297
213328
57502
127534
250972
245755
194030
100903
243155
7326
42457
82490
31045
184522
272046
95702
277701
153940
161052
209665
118517
216805
7673
294997
101523
72993
103588
80291
95612
105650
96734
298188
202573
284294
50540
296162
103470
7997
15837
243551
153186
145355
149022
241391
35992
56229
223974
201335
128196
260364
45114
89410
291716
60398
187929
193304
200583
120460
173336
253190
133237
132583
288633
46547
193984
134682
102833
133165
145382
276181
233894
267588
31001
167026
36163
84958
6229
207150
203324
238989
63057
286819
276876
8557
245658
179649
249498
264957
154550
142756
123267
50480
1141
115891
282261
78433
282373
120261
246228
12436
271468
143103
71115
195045
208568
141221
264571
123173
126233
3802
60088
285332
232296
87070
165399
294311
19567
55489
64432
78013
154890
190370
86598
57366
161074
280595
32022
95020
224580
26363
281985
124947
194122
128390
151681
225635
181336
216986
197189
55184
282462
35751
174341
249364
85918
38845
79132
557
286110
229024
78614
14335
194343
9591
296488
244068
163778
216167
165696
247745
8491
145641
157537
30024
148554
45084
122520
68318
132464
214061
37275
228246
9290
105942
268044
136668
26053
267355
37567
29027
82557
101465
67425
286878
33797
40890
108839
134839
292430
9987
123454
195240
165917
98607
87410
93683
199054
31043
97917
141216
58933
291854
122811
114710
62831
52267
109922
67953
141752
26830
69107
45237
71748
90211
172195
124559
36135
276630
290173
124267
104099
247320
47684
70324
1588
67295
82889
197911
215273
231546
32899
206126
290875
131069
190312
232655
156611
185177
140529
47012
101132
143441
249694
171802
199293
248232
168759
98819
139703
48624
117194
48372
205015
43795
98024
205172
235704
239699
291732
196646
233794
199106
259465
230558
284350
229579
261759
85252
261302
148437
137960
57399
135297
147569
124814
271176
289259
233237
105548
149579
103054
163724
230886
63476
236567
153954
100348
81386
266824
117145
278973
16373
251961
157181
132679
165294
126528
251976
275255
94398
7361
260596
255550
264028
173735
265555
243484
181412
113712
174397
139319
99482
286747
175639
88433
25717
172626
50998
288398
268576
128689
217691
25491
234385
246790
274464
293703
24143
171262
205393
38762
273119
245352
141161
193536
189113
1922
86629
55972
83555
40321
261481
72331
198892
67758
203599
179748
30023
91340
239491
190558
145139
246072
231013
125333
171652
243894
181830
216443
34560
240942
20317
61289
70891
179194
249243
2369
159940
139726
193486
118837
143639
125202
69857
171200
12337
141358
101227
235063
11394
46068
251342
13857
220089
135664
60510
149228
202668
95247
295086
264873
243962
128883
134247
282026
102698
75491
293974
226758
72189
70312
116456
40776
154887
129794
53459
282146
187131
34133
277697
288735
179964
212880
63796
28232
216615
162888
3084
207661
182796
144093
240591
40034
99542
100073
111331
293185
74451
196260
260690
123778
36142
190176
126438
92611
161581
195195
262758
142057
108685
196739
76926
14774
215342
92756
278428
91826
73779
11254
263671
130022
204595
101965
277723
93240
2977
22464
125237
21673
104886
163783
174009
72077
229709
131795
284539
159713
14238
255953
153893
110443
110145
159935
165155
204434
141149
160218
37570
180281
112542
249505
207013
86712
144138
212827
40305
97780
42396
12082
266407
194685
270480
293569
291380
208971
34656
295609
32187
2954
243275
6205
179054
192477
130842
287148
292281
299778
275246
189948
75215
29329
278682
210177
48872
134898
51155
151589
264334
99432
4903
289304
206132
241705
68150
136287
255069
181021
137264
40389
272285
105166
255811
53102
286287
219915
297325
276054
69737
269785
268803
36449
149473
88395
15657
275217
172748
260628
265146
181415
228833
218230
221229
168380
49707
3880
280114
271112
187525
86670
64782
152455
29497
67533
25914
216615
247808
190760
56294
197215
299518
166117
224036
36952
117031
104660
66368
201946
45387
115721
271171
200580
46187
67955
57889
64324
273102
118546
58984
204014
118447
112059
142831
282208
139922
153339
223137
191980
262334
107657
166455
45240
183717
146985
185625
197896
128615
151737
150893
108351
243502
236380
189540
294879
234434
265901
275886
103868
169857
173974
97398
144059
123428
224748
8876
63875
77836
241400
70461
291661
290335
271665
155153
283804
192470
84134
274407
274483
214248
109585
183270
133235
74061
66173
264397
151561
15701
246709
255011
44293
160502
265334
215423
110540
60834
50274
245704
118011
147774
99385
55192
114241
163899
51390
255254
244714
211131
287719
240122
239709
264777
107026
16552
723
235926
75004
262407
294629
290028
192593
280391
223069
123581
222715
35354
135276
264164
144316
209151
194608
58271
185500
295124
186554
66878
95984
178716
51829
85617
129238
214246
170468
165618
50377
160510
283423
190026
154694
62942
86623
280659
98917
88287
161321
88427
213909
135582
162019
10178
14073
124565
174451
150941
192934
235614
220372
171895
27630
34575
157919
256267
160116
2689
105119
258432
148601
288168
99280
273901
50015
85322
277172
159142
213272
297603
17350
61674
269522
211265
261586
117174
204082
162658
279984
166240
70116
69243
270856
238265
248149
17360
88129
145638
240594
53463
14290
77003
47319
465
29177
229487
134083
165130
82702
57772
146381
243550
197965
278451
98240
37844
116250
20015
292838
139293
257806
196760
2387
63754
117966
187722
259189
215025
124248
142033
65816
31925
159419
256663
160401
263254
247998
268044
157583
21591
55525
33036
151847
166000
99828
215501
281406
174453
70740
240281
76519
207235
107692
1551
280344
299319
272429
259019
96125
147755
150584
92130
61210
150557
51164
181719
298145
33714
262229
242159
54706
237954
242682
185358
297118
131629
264918
143756
12159
43153
197628
176457
238500
219276
260038
153921
260643
27995
18707
103513
285977
79233
103919
271616
257874
23605
79621
13824
69226
155997
243133
120722
253515
288092
143079
25684
157741
191236
236197
124984
176696
7582
54878
135354
4409
273734
45475
246929
148997
12035
180206
270716
219100
11937
165662
267783
73483
211612
14867
122117
183962
61549
16273
216515
194489
196850
104802
60084
247067
196811
116858
85678
187353
36532
252423
68041
167364
221681
297701
14200
135026
186943
174558
3212
4627
210343
39313
182974
253302
184099
48039
117515
114846
293218
204220
225324
114594
83371
236296
27632
266229
151357
216342
36654
207396
250575
203953
77335
219105
130949
185090
209318
215597
293769
179786
291473
22246
272503
57247
183749
113419
150652
178809
49277
217895
143005
265134
209663
158510
216185
166578
214757
121536
209165
123042
183020
20556
297200
287505
42436
113861
214865
47096
39091
38283
146632
284647
30459
260153
293197
77909
108231
229616
206096
219006
252289
53999
74209
48687
167837
297372
283013
106089
25232
38850
131316
54721
134327
96362
127005
19478
108721
110119
65869
218675
191757
196753
76597
31890
296680
2512
108445
205791
271971
261044
104835
105328
109439
83392
273059
93197
258304
3607
63320
199820
270207
122345
238114
206721
232616
756
116116
111186
160440
292195
21783
262232
35360
271964
73960
57672
190450
278392
295623
131215
117212
237635
223773
272171
241843
3145
7032
284063
126332
66247
273631
32645
48554
11242
98120
63421
119620
83642
180929
82480
261573
203496
205549
146036
62981
158561
252554
171243
76557
261687
144573
185595
149571
212238
139058
30546
53704
238565
11642
254352
287360
71766
16595
71110
127566
573
282491
172718
125605
170011
86703
99334
230974
92747
275006
197901
141142
112745
15626
119695
45971
200340
226274
9811
149458
253779
215849
133446
213067
286771
3334
53550
297472
80592
146883
85103
231130
107147
119005
156754
134301
37611
278892
114460
98947
130246
137523
287612
245830
4985
3451
17517
135846
229986
120354
263106
160663
165165
275809
277461
177338
15807
126527
49677
250892
4941
251964
195452
115526
128644
189134
188723
201732
111517
274533
169129
160003
38735
295559
126746
171243
226043
79253
253136
252322
227296
285623
267090
96568
31191
12610
89464
64477
255621
109014
59843
73384
161966
259450
35896
7995
146447
103432
171160
291508
121790
131397
12953
182902
253017
232580
83318
291167
268396
109877
253124
160319
189894
251457
93754
172947
24947
291258
31634
88155
207069
97218
249771
5557
160353
35539
216689
213712
268888
98423
111860
211740
60823
67765
279000
108328
102127
158322
235695
245924
259183
135579
132359
44082
149715
235734
152984
219592
230583
247523
161688
220562
296727
137358
271353
100719
297120
260819
57258
239203
141136
40956
83948
251552
35033
116530
29725
125172
83332
8528
192317
212886
4370
17977
150649
288343
102177
17947
176849
68433
285371
124682
295861
259348
164500
183913
219685
60365
294480
276585
218749
49134
88528
285573
88180
297851
74844
64493
89605
292192
29892
232438
9604
299931
161555
63323
23767
68156
26134
81046
213580
24473
69755
172220
74748
71908
99770
268909
2566
194668
111746
190316
211723
75303
283474
108504
126708
203915
46733
133156
196991
219990
203851
175687
186337
190137
163159
196561
129620
25894
262300
7653
124484
75152
67250
121080
164121
155237
93498
58657
85106
219472
261738
265139
145634
58393
249353
82776
158527
153991
87237
215534
103852
233098
98990
80786
65236
106760
12855
56467
7394
235618
110350
98549
51333
17223
283744
56726
192172
83601
178480
297411
169253
15239
274098
31128
131354
137001
85146
56950
234383
263192
184997
87466
5010
82783
255151
269546
184449
15842
17824
127051
54888
91839
285887
96518
115020
220383
49693
59438
173247
241327
298886
26399
279053
232386
98399
108087
257635
131409
65707
207113
169493
162692
123061
146284
183960
48720
66162
278004
73996
283672
118766
227324
240706
15945
88132
165040
264045
188035
203205
213769
242359
170273
44221
24371
172152
30281
111142
10208
115605
159040
86128
229248
161743
83399
70877
251601
188701
201920
195661
263028
144835
48221
269138
171780
241403
1715
270480
115413
150247
190622
160943
218343
222973
101114
250394
181514
35264
180252
98463
20482
210284
272602
188159
128019
15062
143974
11871
54525
66045
85624
75006
234160
168453
70629
99486
8637
263299
97092
269411
259723
191099
26498
186317
15428
61620
109550
29850
38823
177897
277636
266914
292900
216746
16198
123348
131957
142746
47294
32504
139041
45779
223924
55487
62170
262214
170537
173668
184844
144043
75515
226065
291556
166686
211228
167361
208015
259874
188872
158051
113429
191327
249646
106451
95235
115249
61758
275492
291524
160168
196817
144183
216501
13072
248247
11123
297888
213683
32775
64692
285197
36993
156281
123639
88113
187070
106886
185851
166929
177371
107901
254629
272548
70629
145963
61780
18896
56573
259789
213636
207537
91566
214978
284213
226196
242814
77022
223488
242941
198442
241967
290436
280181
4723
168417
29798
169314
53739
275846
115774
157478
110284
296004
68352
178534
16079
209394
242314
208401
282688
285578
31211
153650
288163
16587
157686
98393
205863
264454
208100
188689
158234
160355
173500
239490
58664
120630
75154
9819
259271
79886
138457
291332
243626
57486
192313
212384
177767
125227
56462
269829
131667
25919
114611
103581
260902
298997
238392
39594
212560
15609
43924
270706
161295
240400
278909
9589
265382
22059
81740
21923
253115
221685
282058
103819
147759
28819
130487
125749
282275
76172
169185
246986
36178
190102
162994
49993
245924
120939
271335
88487
158213
191286
20438
206508
243274
214786
238997
17081
85992
293170
268632
26011
21622
276526
23974
126692
245025
262012
154911
91366
22258
267114
172763
49225
1801
289864
286556
55198
51302
115387
1401
149855
62306
250879
233057
43924
125903
159476
15067
194179
77286
86096
37366
289929
6640
110624
132871
246473
271573
146939
81792
145418
8508
30729
178162
202711
281097
117073
265509
21332
263730
251256
298070
1920
20838
174394
117578
166747
96560
21604
83653
231345
167138
23447
235730
248782
177346
66822
194208
192741
129025
115524
129598
41854
277265
14340
116752
1314
58803
90238
176844
89746
173202
140828
28316
295890
96404
126450
94477
227097
16952
230718
132222
92903
202337
16876
119990
243257
231408
131315
37855
132888
15797
210548
26781
24906
96227
18389
256671
5935
73068
59594
59686
145164
49185
283031
121792
72899
82371
149136
39468
270750
127220
282730
231584
193528
135993
40860
215301
292014
298534
284872
70832
213203
130407
239023
211742
156414
260295
106506
222309
176408
26086
66441
36664
123191
55926
62907
289202
3049
249898
167708
231312
237692
109092
19495
131488
230432
143107
152233
182028
271581
38757
100454
295073
142834
88660
29210
166839
109747
154633
9635
5324
230564
59223
62101
112668
117493
48509
163296
201132
280006
259206
124689
272792
27688
156007
171647
254195
269537
52930
222338
284670
267752
247792
128734
123628
260180
223050
123018
91770
225365
272275
211790
256818
227568
57694
279033
25315
171145
273836
72423
262361
33100
15890
98369
151223
62385
114319
79153
266990
202357
81025
220674
240234
48166
134866
2422
23789
107175
135550
197801
61319
92375
64952
177352
125100
98702
50426
5023
264691
237550
175308
27344
107838
109616
2186
157176
290142
191585
168049
263749
44260
255654
236553
211274
266553
127329
87348
226505
205504
224424
285046
205494
186184
205518
238867
45418
279572
106354
106587
53989
174512
114969
241635
86953
170288
237575
233024
225340
273113
161571
294610
235104
22131
153001
168395
162730
188741
51123
143892
34261
61014
253411
214692
127151
269697
2696
131208
145
275778
71723
60557
294370
103381
255110
166303
71985
260630
176965
188522
160178
128759
229803
190038
259909
214234
153486
80450
160380
210734
244420
78896
223912
136245
195121
93538
269222
36334
170080
206142
75298
147528
1423
223378
161136
268265
216509
182560
42239
73457
140614
49690
121337
217880
155193
21890
77756
163373
206559
242829
46294
52886
56349
261453
251730
3407
184
139869
61727
168562
237696
41912
196068
271524
62620
53423
81762
187169
51300
145138
197834
38874
45
157028
85960
103709
119513
244037
259121
223654
68086
140625
7006
100987
252587
143878
235547
201485
39015
127170
61965
68838
128113
176642
86972
276634
246429
45280
56728
30576
212355
267353
30292
72206
9367
291449
258831
121236
264550
293725
14648
122449
226088
116364
125413
193595
213058
115919
177338
256676
62093
62000
294198
146106
89434
88330
174747
15407
287580
10668
53564
10871
206468
249562
235976
35175
93731
278020
261869
279620
189229
29746
129535
167666
124939
288903
189357
135411
29909
251002
259201
139895
159629
232321
242845
69653
268308
68516
206034
61611
290787
4575
208273
215510
119994
182172
231004
14580
5193
53756
46518
16829
123541
68811
