10000
1744649
360536
384324
1822443
1997965
1802407
427330
2056152
604801
2112704
793668
578388
1655386
2051558
1197508
2358488
1182551
2381194
136013
849577
1667858
2183990
892695
1003065
1757854
1128153
2059716
528642
2356262
669644
463190
1515053
1897644
2332591
42359
350204
426097
1133457
2155740
888212
2324188
641673
2176547
1588154
847067
806140
1576975
230262
1378529
786863
1215202
1211861
710536
2096683
1951139
921340
2345692
1883200
908435
655311
1576495
1650527
2386767
355361
730989
462280
2339484
149482
2298358
2383837
405716
2290085
1974513
1277080
2239526
2471282
1652076
2271291
1071572
503155
2484301
2540
2214943
1436191
302332
848611
1257578
288222
39386
2351158
1051595
2003351
2242123
1939264
806095
2493869
1669061
208080
310214
378831
621158
2340219
1049430
94839
1095611
1385584
460542
2162635
2136212
1482527
640098
185230
287982
1812677
1908625
1573971
690792
399427
2167861
1982517
16095
1697343
445498
1911952
958832
1329847
471190
1400843
1023008
1265319
1282284
1906224
270184
413054
1500139
917355
2283261
1655836
2443746
1376673
1521320
965135
133017
679657
459387
237704
225320
1984908
1062251
1161452
726181
289642
1392357
2253156
27785
2258298
880471
1209422
1996078
2181601
1208357
2024260
1136679
662940
2209501
2121204
1728821
2345588
1507645
693570
943199
1632758
371998
1045527
1720710
1907396
1694551
1033900
245744
548626
478178
323705
1004952
341169
2234616
2346578
2162112
2280412
2275124
1746907
2384009
2373780
2304531
1081856
923472
713397
1075665
761314
480820
2116296
1866424
1880198
1168684
1936062
119147
1649836
235248
1283170
1909233
665183
759772
713873
827427
276009
1346576
1184738
1229753
326276
911041
431250
1529164
2293820
936925
1649362
499044
247940
2020740
2283492
2223250
2366468
1955134
1456389
2257155
343248
821491
1643853
2344511
1702190
2491207
842217
845592
2247048
1630515
778631
1352352
158283
544524
1219871
370404
1710936
86788
1559603
781311
592113
396810
2376979
2358060
2422622
2014652
730612
1902268
173513
1360401
42961
499647
813018
621325
1695071
1196941
2295027
2072396
851665
2066250
1717283
2383750
1115223
395209
1540954
370903
218568
154795
1914711
2384251
968260
1646560
1406768
714407
187041
507959
749944
874565
2079606
789161
1961799
1398279
1665493
976450
875492
1934955
1104981
1039449
450283
1272885
323489
939996
1718467
1277660
184832
497774
2477163
801404
1151058
1175291
846674
2025833
440664
1010762
1370249
137031
716830
460268
2397420
1603948
1580515
2026045
2214938
1316290
1114032
1889591
1951228
1695303
1451505
1932970
1958940
2226289
139882
1677750
1271696
1054658
1536709
1061135
1820671
639791
589212
302781
1953923
2192782
979025
448476
572763
183235
2223180
1240129
2329384
2444898
2053864
647055
1196998
1668589
2279214
976082
1879194
272218
603241
609291
1151364
583398
14048
2106069
966140
383596
2123033
1457780
2378068
1626128
35242
891016
1831471
2005222
8195
816045
712386
869269
694329
1915387
1737743
190348
1197272
2311948
1968738
1918566
2243984
648276
1889872
447368
85545
283117
770374
12950
1949944
1864146
1058093
658908
1815934
1254330
383559
584561
2223582
1774463
958478
1526707
915566
863834
1818689
1556550
89709
2317401
172274
514498
1683480
388536
85929
509951
1315076
413897
437762
1199293
1811109
1783519
967605
844802
833762
776581
550862
2289112
372208
1875976
2007161
1472412
730292
2041075
598815
223588
2439082
1076123
1288550
1496921
2231433
1567397
2411706
510627
458233
1112605
466111
2436715
1243235
2343620
1744288
783526
1089756
1103236
1222687
377218
367537
1806950
2096324
934554
2230449
653186
2019725
192618
1791389
1732621
1430280
909087
1399032
519569
2069613
415500
185190
2414839
1989408
1100029
1545121
1119232
268452
499122
757042
279758
535493
1453783
2390844
2265849
2092620
242745
497997
1228423
1302239
1456597
2370680
1570237
2053448
1800424
1374423
1655465
2282169
2067183
1875455
1509644
1427685
112008
2156767
2059130
2100564
439997
1164135
132336
495163
1451563
2403749
15576
926153
1253109
849740
2175730
461307
1847660
84430
1958704
1685807
2403734
2351800
2212676
2300160
873499
1035688
1841152
271911
2173311
2123495
2069298
1291010
2415584
1373333
1648714
505583
2048791
1308142
1669761
2030328
1158254
1602476
924973
379898
22363
1826114
1862699
1086648
273294
2298040
1559134
1205877
879884
1860929
653575
1186599
410334
1344471
677120
238226
191472
1405984
202021
787059
787993
1518946
340686
2469628
1597197
1452431
1973577
1111519
2001456
597858
2036682
1855663
1733993
249050
742660
1966316
1676680
390861
117462
2329658
549740
99457
462212
613395
866159
687548
2021941
1674395
1890392
871691
1550616
549863
1545751
1630249
2229566
1368063
1229447
1325655
1994556
988308
697353
1334604
482312
1704589
1895114
1894167
440237
1716897
2270923
2359539
612499
1829503
1691088
174963
1340407
2367355
1534874
2405156
2199217
870133
736339
1733983
1607812
2027139
500037
354116
1759965
2343254
1673452
96005
1464064
1905481
1520522
1877535
229268
1861512
1977381
1579702
731154
1268883
1353030
1430477
2378244
2060677
1079033
1312456
1899699
1772435
2376710
560970
138331
76807
1476090
1440579
2285126
747296
2356853
1060691
2272794
1620506
380186
1224261
225074
776424
998459
1500853
1234123
172145
1910913
126718
918391
558258
678971
911726
2399317
1633890
2494798
689461
173340
1450808
1092636
1709976
430559
2368491
203189
424827
1059483
2041101
1173727
2313134
1825849
1544078
2242866
2043450
2387203
458648
1226168
66804
1710489
1509277
1316436
2022819
549604
2232638
809708
340884
1813993
908588
2192160
144464
2093222
1620780
2419051
1145290
1325246
809844
688673
1665019
582933
1954749
2181741
2327085
829054
2062648
2461269
274648
1353265
703294
263230
1995155
1634677
418016
1647012
1146934
2304846
2063178
411246
208170
644976
679109
1617134
2192150
2148402
580781
1669271
2069203
850464
1525581
2101913
1348026
237670
2329598
2050685
407559
1288671
393373
259952
1478286
1736761
310585
473072
2117536
2282777
485052
853801
177376
2094317
1379003
1856366
1371303
724192
1814100
233337
1208140
1414411
52357
1237955
2247050
2304556
2028763
1248240
2322097
2299669
2447872
868353
426046
2076764
2369152
491001
1050587
294309
2382306
2296926
1888909
1638651
960027
1416782
2315431
521153
770951
1567441
2188762
2410739
1459193
2420591
2302391
2285408
979525
1183672
1070587
1192002
1061804
2161447
1414245
210335
2232707
1046245
1414292
2412462
1996184
729058
2316084
2244089
1192577
2005817
1343132
823752
922798
480848
2338316
747245
1795600
1833239
765507
808724
2335873
1193200
2011492
1171035
2301644
1807774
2323993
1900621
537182
1376529
375413
774252
468193
412633
2074589
1699262
1805110
2040272
1824080
2189863
2488953
1149688
1494205
526792
1084539
1752086
1646961
1950367
56932
2191706
2033630
632274
182807
862318
547784
2033704
1853827
264340
1610160
1219333
2012670
136839
1494762
1115330
172995
102044
676669
2062588
1017716
1212290
1458929
1955661
748140
2449408
2372077
358897
1045730
2384493
2373733
1834770
1831874
88203
1136212
68746
511981
686461
1660941
2233101
2333712
1370073
1735703
1805374
1159601
2114487
1022085
1911027
278946
1112058
641446
2434034
2287885
2332540
1067929
1116565
1918530
332080
237391
2434723
1524745
1847938
349605
2015791
766999
313525
2145772
1355051
756231
1949271
1222875
1096524
729568
1285958
2163694
1019159
1827122
558058
142658
219564
676202
1798029
1503199
2481953
625099
1157699
1175891
524590
1755995
2276512
2328252
399179
1791659
2208952
114689
1214447
590377
842335
1321222
2352556
24587
2098258
1657158
1076661
2462165
1660668
2255606
2340861
2489110
1410590
2292131
2243966
2299724
165270
1097612
1236294
2267086
1901873
2068013
1250458
2481900
755997
1896237
2025517
2404397
1152344
698416
1266373
48370
1390578
1936158
215853
225882
2464235
13601
1361726
1334222
1318017
963181
48297
2221995
1326047
1448300
1667916
1996021
853622
328497
1670020
1977184
664171
1621730
867989
293792
77143
2394969
1203018
229558
877936
463264
936281
2436658
2100729
1975576
996324
1473717
120229
1182432
1307029
2110778
1086250
2012226
13406
1699311
2288812
650923
1756598
1645650
69171
24681
687580
2045105
1287126
2385759
2261837
833659
1718886
1826313
96633
2174492
2345632
1557153
419849
2321522
1263007
343156
1665568
29843
2489662
355763
1133387
35881
919980
135059
798415
298765
2454478
1111557
106709
1246734
629592
1858169
2092739
2453009
857125
1917707
744947
583706
780051
1436980
1116109
1995116
2475005
1819645
1047340
400161
740107
372354
1051766
1163320
2035526
1263234
52709
391061
2274577
495774
2143495
1738259
2350613
1765052
2065162
447320
756408
1643718
986754
2286711
2117157
662992
1300437
1763432
1222239
2146396
221877
1777486
805169
601947
1031430
1477792
2415950
603292
1320506
1381185
1639589
2438895
1386260
823241
1549081
623346
2122660
941837
2268663
1180796
396944
1483479
2301425
1853364
399564
364430
1287989
1052777
720971
62854
789933
404059
1015680
1663579
240904
1227587
1629879
1188550
126458
1977273
974810
1607906
1858505
1989116
650096
2221891
339886
1261743
794110
2288083
249967
22594
2184499
1725454
873341
2319052
807763
348439
1332071
423554
2433819
2128228
2016747
1006999
2385967
432647
2029312
1588912
847690
1499995
1383368
1348413
2309707
2111159
1876967
563378
2412432
2084269
2153039
2462992
1676840
767506
1209597
572948
2265896
1206810
939829
931745
971145
1614656
984450
1713780
763671
2476749
341422
1083715
1438960
944322
894893
1127584
1959436
2493297
1397484
1864082
1858565
2114293
553233
1484350
2071985
692724
1487079
105203
1423948
1190653
352260
812679
2476114
1428287
1081365
844512
2024117
1158791
350488
596014
558904
19091
238866
1323623
466289
40659
1836729
1557727
1277504
1708437
272987
75842
405770
485863
2015596
2267301
1937093
1928409
1638160
1477468
2356581
1210161
678646
1514523
1789989
1660720
2005680
264004
1789996
1729618
2237517
2274651
877771
1452520
2267709
1517095
998832
1928579
1198849
956753
654628
646303
546287
697027
416148
825500
2456178
1557919
1155591
2145216
908466
1271330
1815783
799788
1009412
1442696
1804822
1870543
488588
955721
1383300
995993
307924
1548410
1054613
1514132
270102
727467
2496688
1320729
295189
1445805
717443
1679189
1899905
1645143
883646
2317065
2233823
496759
1034436
1515068
594922
2155635
660169
734648
1940246
2053487
1562317
380703
665710
2346722
1993528
2218006
5906
1348232
642045
1591617
99785
2493353
1385679
1491163
1690971
601685
885761
2394201
1495502
2256465
756962
998646
256625
489474
2471319
2194942
550697
1552776
229173
2028379
2248546
445805
19362
2417267
2009059
784215
1865491
1838927
790045
1258398
1658436
1235811
1432207
1692531
982957
1239858
2388232
1726293
1965520
268845
807573
1753914
1455247
2136231
2356324
762638
2318438
1180740
2276797
1757931
827745
1825906
749226
344966
355104
1055363
939739
1863744
2428741
512097
1982171
187984
1004117
590075
2248495
1241995
1772640
2186740
1214378
2305610
180404
2418173
1091266
482627
1508953
495679
1123951
2032777
1453711
2437398
815594
163232
2211480
1657532
1508400
1372006
1333029
1255800
2057830
1093685
1968069
1330823
1911374
629589
34835
1693312
1296013
2005796
1420224
219130
587268
1299597
813503
344141
240879
694920
374332
139433
1382800
592404
1118877
1470009
1441752
507107
1951994
2060183
1523741
1296187
2049931
709206
2111373
67292
2093001
1614058
2324637
1422166
398697
2468947
1723488
212160
1614583
954175
1264050
2491676
41422
2089274
1756861
1961543
1636269
1340001
1165412
29354
1766398
1599047
317768
1273313
296986
1500008
2015937
2272508
1287891
997953
957747
2116637
1771300
2495849
352283
897880
639772
671095
1630608
2217183
1894939
126302
162849
1812398
683437
1421122
197271
1752046
1177444
2095833
400987
1340984
2053969
2267170
914235
2450015
1324313
2099492
2121077
812264
1580413
311208
1750769
1147039
446475
1639554
1266520
492797
2358736
554289
1876780
216172
2067664
2205670
477351
1836040
840685
676355
1114516
881813
1593475
2133302
1880048
2106641
526590
1071860
1582992
870773
1162323
562103
2034555
2093225
201085
1030157
1272361
558633
833205
915084
233072
135571
728329
432590
367462
638653
584478
2200697
650589
1442017
962143
429166
462843
1000491
1265302
803897
2386832
2269997
2337291
2433395
1125199
1195409
2129057
1970693
1167264
1025041
2344343
317868
821723
1001504
85350
630402
2401875
593360
435920
1313375
1996761
342228
235080
2345718
1979651
1137017
2031080
1563931
451166
2081568
72613
2334203
1157940
1159442
1997074
2424339
2175066
1870059
466086
1925010
596866
2377140
535112
1138468
2169842
363277
1791134
1033605
1011053
1508631
542071
977043
675800
1137364
214638
2378588
331326
1117074
609789
1578116
1083517
772609
290824
2416144
2200064
1434394
433693
1303107
1676859
1388262
1465567
278936
1333316
676201
1824244
1404541
69093
294615
280675
1150615
566078
1129585
1901374
1156966
1056682
2162597
208979
1444019
1246708
1879421
726004
621013
635485
2099231
612121
149126
1148207
957123
2285578
2095613
1216069
1698791
667027
1057843
2162023
1448586
358078
934158
252577
2239997
910227
503920
1320450
424073
2112825
639543
1797243
65109
2391463
1218077
1727725
709504
2283278
1840641
2166065
895017
1020736
1082900
654205
2394254
1719632
613261
1872117
1270029
2124502
2293948
472698
1532212
861621
1732681
372398
1314357
1266910
2215896
1622197
2309486
1884652
1706428
1576431
688788
1845550
19924
2019193
497585
480593
330333
1937335
372453
705770
1034600
246190
1669396
2062457
2219163
983128
2470860
2379762
767574
233549
1473855
76198
719466
1723473
117778
1403869
1480067
159375
1377505
2092633
1779138
1396812
1813329
304196
2332365
1457934
1752177
1776349
1849983
1820254
2330998
1842345
1715638
711935
1395055
1707639
763455
1794737
2005660
420653
1106138
2001315
1348668
433436
1754145
838568
2086601
208659
2457126
2138567
35332
2373992
1416456
2306044
25791
779433
954859
435881
242273
1559233
2053342
1732797
81012
2408363
1733981
608711
2073371
2377030
617519
311178
730972
573217
2300492
521347
142518
2293757
1791731
599140
930774
1118041
1995577
2431926
602312
1842649
626131
2195880
1887938
1061219
1121639
1279047
1718120
539151
363818
159492
516859
1656383
96054
1681654
1356403
552831
2443056
2130911
231856
1932335
2380256
1518551
1816344
989280
739160
721378
2373574
1204093
954151
1545124
459955
2219311
1125131
852923
1827242
380297
1632727
450756
1154538
307718
449914
611070
2248799
2147983
1911929
1842384
227397
873478
1824932
1017124
1457887
2460589
1121082
2165765
576025
288890
67297
2017560
1927664
1891388
419343
827987
658433
825187
901865
116295
1836122
1349875
96619
1946724
1466632
2356314
927277
1170660
1220977
2239477
1239170
892771
397775
902394
1678058
1216217
2392302
1987723
70785
231461
2416793
1365996
1885643
105527
588529
442323
2308722
182527
727356
1333922
873154
1133634
1415860
458231
2007663
803344
2049863
1520542
2186865
1780909
1283383
840850
403415
558454
639
1048364
1083809
116844
2079394
471637
374716
2437144
2184542
1106409
998658
1048988
2226297
52347
2418807
2092082
521194
1225370
125487
1403415
774513
1856212
1972929
1419793
1226671
1253300
86808
1028550
867773
1551344
898561
1747522
1854975
495159
1341465
37853
212346
1935757
982633
615437
632483
1698474
2359681
1268030
270422
1125766
84970
1702777
542632
2389100
1777724
2367947
550106
1340580
379589
1758701
1448676
974770
740233
99053
2255585
995947
2403054
2156981
1870695
630156
795338
235870
1352009
2283711
1829991
285759
653106
2485175
1626317
1861475
2315552
2169431
1730361
469449
1205677
1846538
71548
137099
1402105
1536658
2097488
2244809
764920
1238284
2310973
254023
2020872
190171
2471728
953484
1502485
1062883
1493008
1361835
549121
153191
702940
1570688
2442711
2413774
1086086
380482
1982048
1687905
2059782
1886971
2089658
2283620
1408927
622964
559517
1942137
862477
2467487
248743
117345
2382611
1049798
1129668
759857
209282
1763344
1457062
2222026
255798
1253902
1857248
378914
909637
1556572
116098
909272
2330560
1885435
653886
787083
2329444
2423088
777009
2390659
863413
1184219
590013
2210967
1595169
79463
2369932
1080178
196789
889773
1625276
2227555
567138
131359
1962955
1726309
2478295
1273833
778500
1481964
1545556
2462550
295108
534467
1532725
842043
16165
1046449
1636835
433972
380804
1595664
2098263
1922119
2389713
737231
987333
1752345
1158442
765377
1877511
1665734
284319
1563887
1480388
118883
2400454
1197653
22377
1523825
1497875
940597
1763170
1593239
1749983
685519
2428933
1979382
1283880
1462072
348541
2384673
447689
946002
505000
1058890
190748
997681
918295
1634917
35742
1998978
158214
2338048
860695
2220404
560968
47968
94248
1357531
1722097
1432223
662973
363691
340605
215115
1818956
1501428
817858
142760
823821
1735113
1367379
504865
1624182
615406
4110
942461
689155
950868
1793958
637892
628579
1787009
613658
208317
362135
734554
818020
2013307
578729
415106
548747
580602
2430029
2069805
451406
1759673
872103
2164039
2144589
1604547
2231974
794673
2333959
4282
2496276
1967832
1911754
934004
344777
1755853
1095969
1605887
450277
2179774
1885852
1474787
2459504
2498021
1828022
850856
2439310
2349073
2087906
1956448
2015823
1127786
2188551
1277762
317912
853921
1095865
704248
1493708
987120
1737507
1461545
2183199
368807
1318329
1825058
1242322
2080670
1624107
1445994
2408053
2327244
1807521
165945
2330647
1948088
2472515
2158917
2417211
195073
56484
378622
295110
2321006
1371896
2319608
928057
241646
412688
1963446
2235107
1435119
2183156
1606319
595035
1022978
1742295
1976436
2357735
305756
506253
904523
526858
710966
593858
1753758
1221269
1958955
2163230
1664631
45926
531511
2092396
1860484
1911034
191746
1580601
1163756
1145829
1937601
1053407
236676
1477782
1323560
2329124
1356819
151895
1224185
906373
1733685
1774911
593509
184721
964697
393385
718050
2123900
989964
529498
2224409
537069
1777092
2174199
2077415
826984
1309933
866853
2309372
2056239
1095595
617698
1143677
1507903
1310873
450145
1604391
1644991
830732
217106
1805198
2254750
1694928
607112
1817277
1145475
2147125
1054021
1449797
1982183
857811
1889779
839840
730536
876631
1482139
2030060
2002076
891975
250998
1049211
1415245
876619
1429879
714283
1506628
1486051
909472
886863
738329
1077401
365287
2021173
1324570
1162189
1370094
56277
632563
2073996
2045871
798632
2074952
2375146
1201328
109538
2496799
1621019
2412130
645232
1943818
891373
230885
982607
168982
2491607
2360687
1842033
622059
2301639
48890
1087179
1258974
422838
2287060
151385
1482160
1442680
1798098
2245919
817189
1400586
2129080
188877
2113424
2196811
651364
296091
804296
2187163
1572173
1308623
1049386
864860
1549991
1899974
733776
1011666
702415
2300245
2399288
1274732
370095
1491048
1432771
99434
809331
205756
1401941
1254461
1671159
2135447
128648
1661994
1360350
2045544
1119708
502832
830218
820717
1037132
165942
1261113
2329276
812702
607454
1776456
54434
1934345
780116
2074597
466233
2188541
2263061
1634467
1809365
1239710
1786156
2056004
2343359
389464
498284
204232
2157842
2030861
276755
398843
1052894
1654327
651136
1685004
891182
2223772
1636689
2255878
1296509
1985651
457308
1882822
775132
951319
1718480
192434
1183830
1392232
1774625
1865964
2417419
1097442
1161404
832583
214392
1382205
2292968
816245
1833155
784040
1380966
624773
453399
1338767
1653792
1200177
383249
1865233
532188
1594822
60590
1582887
2401549
216828
907592
1603262
497949
1593147
75121
2077775
2103011
2392298
306517
1709788
873810
1048111
897610
1377696
2088470
2347026
2461791
1702629
1859676
12671
225372
334228
599840
1377593
1863391
2481642
784506
2318186
1525566
1341223
2136100
1254305
1028591
270489
110158
1702529
1853811
97444
1622277
1019384
1939256
1591731
1409943
899634
2217440
2433838
469972
1374046
1305607
103182
1772868
2183851
973209
1510472
434233
1376814
2136054
202270
1158513
1380967
2165774
312525
1418174
2044916
529812
1798825
597229
505098
1931201
1873153
742046
486314
1611200
1413865
2010337
740487
1336896
1955758
663682
467464
928502
661
937261
1677269
2140982
1381951
134627
1930619
2399451
1409442
1325856
786823
550302
1563146
504214
1363202
2432317
581195
2364101
852541
479572
1538194
433229
1925494
105789
2065010
2339785
2011392
121550
671411
1154744
1208093
181431
1858439
332549
1278866
1237842
1993476
1205599
1700528
1688047
1918553
1698192
1929875
2368344
669167
1161131
839323
470017
1150036
2157176
837212
1136078
1144274
1531157
2131564
155159
1422751
696174
884555
1349280
624271
2032970
1811294
2340179
109277
1880485
970650
531038
1572663
1364481
660317
799214
2326569
1329584
2058043
1834432
2211213
138827
2329682
831518
1985169
1256039
1241610
622379
898391
808762
1522897
115531
976443
1789622
1135318
2001386
2325099
1568626
994047
1386116
170669
604932
2255897
85889
1020115
817246
1382726
250890
2023756
2476837
1862528
257052
122918
2137727
231578
845283
1719979
1475383
381104
515053
1493762
1840993
1527366
2138214
19758
810900
1327138
390808
1072963
1897028
2247393
1992993
886542
2151693
1382220
405316
2399434
1074392
604428
1118662
593527
2434039
775040
211852
1513240
2198773
1311499
645383
170224
1811009
570964
1071106
1215367
2239084
2088310
222728
2487991
694071
1771742
2116028
1227100
1333095
1299766
192308
1702371
57289
792309
1092852
2265220
1565361
764084
2249117
2367708
1896103
497747
138091
1041387
276829
2051768
357828
1245996
749560
2109809
1865294
1122016
1422679
2152919
877200
1284521
2401916
1569440
1041844
1767841
1130458
1230289
382174
1950944
1449905
1903507
1644216
2411984
1335180
26850
2405101
1529843
1615126
1891925
820517
1581807
2118742
721820
1315723
429519
474698
1498065
95859
1709622
1105112
1446798
2154296
1983898
1710751
183111
1558974
2012806
1367426
1802706
523629
1317114
1466653
746734
1886171
666341
322513
305460
94236
1023780
1264495
1874689
1433275
2051878
1713183
2086786
1778157
2479364
781029
1343735
1995488
2271975
551586
2469520
390608
472796
1807477
1745028
191241
388022
184118
931412
1330341
2347726
1608853
895427
1651924
2294093
1523504
1484761
849870
1893593
1746508
1132280
2211680
1450966
2404192
1187773
613364
1511412
179236
1284269
282298
2247851
585883
846329
489534
2106108
1000549
391443
1864115
2483242
2425498
2238516
1026902
2339952
946574
265641
1615480
194814
2082182
1842660
1681013
2283935
1041257
1868054
2276613
804631
1666297
1628883
468266
802296
300252
1747157
2475848
773815
1917199
1836708
237416
933925
2474339
1107528
917047
589475
522267
35568
1347519
1315549
937987
1174520
658127
655981
2338352
1307091
2317462
1525790
68735
425652
2418026
1524430
2005303
2001877
1856090
444772
654541
555146
1899039
613927
1140809
1253451
673424
1164061
847051
1393450
329075
1139582
2338015
1759015
303647
730411
676807
2073496
1184139
474141
878656
2022386
1451374
219663
885127
1352067
561603
2350461
2142629
1323214
1210055
9611
454423
318792
2116823
2253329
2335629
1599266
1400633
2465038
247231
2495437
865564
2429970
911617
873061
2145303
422425
875034
520153
1460730
1522597
2448448
2415781
637731
2239867
1359566
351086
1909485
729446
606370
1045377
420934
582096
1294140
1792673
887350
846213
1165855
419403
1999795
781727
1953364
1233655
664788
1458243
1161534
2105143
2354922
342761
2463714
1930791
1383470
689684
1223799
1693611
1577366
919580
1913254
2253856
2108034
1431230
1199722
1279201
244419
2394544
138785
742962
1664367
907385
2248070
1411346
1338274
1427405
1557747
1222179
932302
1303672
892377
227689
623127
886963
2417530
1993784
654482
518247
2419894
961476
1800128
1508757
2031748
1798643
170798
783851
1365050
807446
2055708
61651
409504
1647032
1558454
533421
1516838
2347595
1816155
191591
953209
2266991
2058061
2080625
681527
1754133
880030
843703
2059065
660788
466507
966391
606699
647865
644438
610173
2062224
2100102
1362268
593739
636348
556575
1764825
1279514
1006298
877157
1372859
692045
1494583
840917
2425986
1614581
1060659
1896857
2421043
2457244
615440
354419
757964
2203507
1062180
153567
1948987
448354
1963829
608514
1778393
2112178
1511346
1989227
2453686
2434380
74438
180524
1871012
776651
1079224
947855
1155889
1367202
561899
1207815
567398
1445194
2160125
247793
608018
544604
1231974
1581931
1578183
2101523
539731
438481
1169595
650266
1464023
1161818
1528068
2487910
2199661
1557948
1786902
1908081
1318663
231230
317777
803193
1666048
1761808
1826189
2441216
2186812
882154
738019
1244590
940019
2369919
2385976
1870683
141938
1728301
378407
1882896
522747
642006
1976767
162474
448965
2365746
2319533
247825
294744
685931
1280479
2129776
672069
2122114
26296
759681
2147726
1169908
1900267
1014260
692696
1481228
2262291
259600
601472
1372156
618889
311471
901754
1622585
2228193
1461252
1235215
1653728
1478078
1833950
1306154
449395
1451588
2401378
2019320
1477401
1117439
878182
284069
1850256
2368170
1176359
1648387
873827
2382183
1659003
968855
1207101
532087
714791
2161660
897293
1900626
491928
134908
811469
1781269
681055
402144
307206
1552563
2149627
2401438
1913576
1411056
1721573
1030176
1877143
1140643
538573
1477812
1683641
60257
355056
569992
362736
1622689
1153818
493849
1561084
2108753
1751423
472777
760368
1186532
2150167
366759
828861
2183000
1319863
2428910
932519
1140079
171053
1530948
1933032
247729
429224
2067584
277824
2499876
2037603
911675
1624022
1654288
1735405
630969
1916781
1027533
210998
2314508
936548
1049697
1511297
1998560
20309
261949
70690
1575340
679699
995413
483267
2139026
415949
1909633
973406
1296652
1589559
1057051
2396147
1805979
1546722
1248865
1862429
1028169
1374940
1824092
904965
784921
2487845
699091
2233548
616017
950437
426995
320035
2293229
17385
2286616
799245
909823
1016583
396881
2116305
587203
159510
1771482
1395547
2180734
1411485
1166053
249467
168935
1187872
202219
1295088
2079904
1010599
1086194
169273
126072
2104313
2368201
1054138
486472
1806356
1397743
885838
1216270
712756
834078
1350096
1508669
1303997
569256
2229269
1907900
418484
1029081
1174750
1313078
2288531
2211142
643514
1781014
423239
227149
681879
2149467
1143546
1534460
658653
2134354
975003
580879
861953
451372
83717
977530
1124606
44467
640950
2060338
1799991
1996028
938372
365631
92734
156291
341138
300115
2205062
1345071
299050
113277
373656
2314706
1460550
1427586
309961
1456768
585916
330187
1066396
1862319
335226
1687108
305000
1881869
219301
312442
1305096
2342108
1403911
2184721
491044
602251
1145014
1437018
2225009
1651492
1951817
1411393
2083447
1066633
1615922
1692919
1956118
2176355
955759
2341965
1229527
1842793
2275397
2124677
2273766
940499
405667
2340853
2494311
1664764
2320953
2267065
137935
2489478
2333042
1502732
791840
1428007
111217
1197574
1217304
1422270
1147640
17077
1504354
1735209
663806
165620
1000493
2363374
460913
1762618
765816
353892
999189
973679
1860734
2020434
1268151
1814116
1949933
851891
889411
1749293
1345083
1299154
218913
1894756
1723824
236743
1179419
1609341
2038180
749682
1209374
2452204
1583976
1829771
2288893
665773
326635
16965
2414867
1392987
1625816
923800
2415758
136286
476407
1801862
929374
1092919
530876
2491461
1741994
1739429
1250144
1408972
2040321
656221
714715
691803
491562
2459335
1152347
190064
539805
1058769
1335296
1713545
2000986
57599
1960050
2468682
823265
1689452
2271410
2249277
1711432
1973059
2372654
427981
394052
334170
1843878
379328
187205
1662897
968135
1155795
2434739
1183585
419325
118429
680082
2109956
1186308
847737
1812185
36212
559523
1594584
582780
1725775
436891
1641217
628711
2102498
1855519
2212593
1582671
1506743
533633
1866777
179329
1359440
1031655
1475189
111244
1181729
1336160
871072
1873040
642589
1379461
83404
1987351
523266
2388935
1223450
1857007
364071
1771052
2186146
1134135
1053223
1517853
1471747
1573503
2031298
2064541
525707
2076946
373510
1732146
575338
139121
2179249
2084080
610559
592449
2042586
1948071
39724
1073493
1251019
825140
1558516
2238067
352983
432077
1810988
598346
2418782
2072476
767154
2487973
1665526
375186
1742379
1873115
1737109
1031002
2296194
1894713
2051288
1497111
872622
1845602
805834
2157488
2055663
344968
2061904
941821
2379119
1845542
2487824
1480797
485519
821057
2212985
1143144
1763937
1981381
1532846
1600355
1871140
2128597
352912
1575226
1983491
1657479
2431216
1615204
224090
691618
837891
2148701
2328891
2049434
152529
2335400
921512
2130493
1700041
882333
2467190
181874
402794
96043
1761885
240632
467812
494701
1715962
982601
2377123
2371215
1601492
738777
939224
1238163
1147095
1851450
2112167
214094
1059783
846235
1361890
2199373
2251619
2455460
795321
880617
1170998
1439310
692322
2142666
1915667
2270022
1433891
1109799
465174
1042184
789499
2127777
874308
613855
201742
2441549
1028462
499668
578105
245331
789442
235302
1914362
1031330
1078089
770249
1073221
1821660
1255326
232174
732328
612858
1941067
2282565
2316967
2025831
2420725
631033
268879
1742077
1344643
1581523
825652
2219732
630514
90696
1574990
2393358
1891265
614143
2065813
176971
765804
1026978
1957691
2425605
496560
1668100
2112077
2098813
1830084
55375
1464674
1175594
1463955
2291937
498996
2366800
1704696
1102508
47032
1578800
693386
896970
2068605
714419
1600745
1048036
477047
1697760
1485393
943818
1043743
347135
1154500
1384659
1764893
2038503
1156918
399526
1512042
1540315
1324359
2412331
1657391
2132894
1044591
946697
1854217
1916225
700425
693819
454476
125699
393667
606346
728550
1091483
1032834
158413
1095683
2363167
434167
1943547
1811913
1019655
1882284
517174
2143345
123142
1076266
740834
2014494
2439437
1510258
1577726
340925
2155798
2235410
255160
1903945
673172
941974
1871052
2368413
1900005
1517885
1815247
2474537
7515
1834907
1858379
1445689
327371
54458
1694021
1796751
599150
603638
1457236
1884833
189400
2078246
1417013
1541343
2400717
730017
1445275
854236
121677
565235
1232753
2232696
167415
708805
118283
827420
499825
2492349
1450088
2036877
179287
1804184
1176116
1597839
1849425
1365273
384583
1934856
1647085
839169
877261
1816926
1128943
789237
443928
1673121
1101564
1023136
2396365
211896
2299356
1660633
2297306
1525402
2490471
1447492
233344
792944
2378591
795734
216289
1975427
437224
2357783
569453
2348950
1264012
1976803
2444386
1390898
1022358
2290847
1676009
1273861
675190
905240
1501726
2037093
794492
13001
33224
1438528
839227
1363738
759398
1016877
2284266
610935
2008243
1165166
7554
2372361
2110933
2150599
455706
2220900
1628113
2175282
1023008
280975
2153400
914068
204167
1093078
1573071
703649
1040504
1309512
1821317
1210591
407289
1460059
485061
1677805
1487044
799329
1418473
1526918
1847833
1811355
1610387
2401664
585176
2015105
648979
1315028
769216
126075
2036324
1561085
1271387
894262
369812
239084
375998
2071593
1954039
2297557
1004796
87454
2315188
371788
322363
424463
792481
1744487
1194910
2466427
1815813
1573090
677866
581958
1636566
99446
1642706
1412803
2295827
1189588
1841198
1076789
13468
13121
2148565
963640
550635
2401803
779418
2265197
1116547
2456547
1048446
1362687
871215
1471263
1910889
399694
1215966
2347096
1878449
975954
525029
659791
256314
2022057
2388497
2403854
514627
1132057
487365
1228824
1094442
593818
684086
1260153
459520
866516
2175689
906467
726113
2138481
2061367
339906
1916131
901942
210701
1495943
1678875
340610
1548112
2173331
2094866
679948
1807267
766576
1368846
1996002
1468684
621216
888600
1936827
1317336
2333016
1949909
1519241
1438610
1174851
283078
996173
1743777
2410179
964495
846722
1960609
991930
2460806
157482
76616
510368
1138526
867141
845499
805626
240653
1186075
595038
766838
302586
1669704
423449
159319
929143
332581
2052773
1336006
391849
448309
1311334
885889
1540847
2402116
385655
1482782
2319251
1660098
2332708
851061
1278483
850303
467953
1152211
613227
1173470
2481944
79835
93608
1729121
2305301
311463
938318
1258838
80099
1111995
1708716
186264
428370
786129
2278018
1231531
1362591
1980241
641741
1647592
558665
1877023
1255158
1571746
383607
1120996
1959152
1976861
98550
1820878
2421821
343279
2414776
2388076
1156773
2356783
21884
2216705
2151963
374118
1143232
636827
2263781
658993
1268533
476813
512650
1646513
276279
2324378
2106590
1234076
1035859
165230
237263
2365757
841742
2181774
989892
2315449
1191375
380299
1546477
3894
629195
1968956
1292306
1394483
98402
1789258
131645
2301463
2208236
9496
1279685
1903198
1612479
2192068
1108947
1389897
498113
1018488
1697028
1324905
1776000
2362791
516516
216977
2219305
1779935
182196
1920002
1237291
33940
1817517
169798
697072
1464780
1368444
643117
796306
1836080
43950
619155
1594098
1232775
1993716
2039276
1066930
360747
986070
1112182
549743
674307
2331532
440029
472142
295928
1313523
293310
369660
1888599
914695
1647857
2341553
1100983
2203131
1416694
1244719
1121935
735087
1352841
1050660
1264725
1614218
1767384
1393723
1785817
81282
76000
1302563
751510
91514
128502
1106999
1780905
1369068
439369
1006722
1150707
1550718
214087
1002613
1318311
119196
754970
2274293
2486761
2293626
336629
60033
494778
42919
993993
65950
58202
2224395
1392251
2327266
2024894
1436558
1164261
952008
1899020
1519120
1864784
581023
1826122
953028
921139
1547473
976863
1566532
1129526
618926
58506
2489943
115900
49184
426223
1969109
1921591
495476
2440973
848599
2284036
2372589
1365970
583889
1022958
911105
140238
1699954
1955696
633123
876975
989756
740482
92976
2369303
2116270
133452
159316
1317737
1117993
29745
522863
1785832
1098213
2275873
657620
1660396
378589
1486032
278293
1281403
2307665
2483580
1606206
316280
2217706
1483639
347783
1073768
133720
1475984
323714
571756
1473081
359567
844854
366617
2068723
16198
1382300
1133696
997698
1455584
529025
8370
1209280
1705103
2329409
1179256
856229
2353980
2233589
2057267
455627
493740
453112
1533250
1289072
2295890
146729
1667489
603595
1759563
1896428
2335272
2328869
1738432
160139
1308726
2417330
1114167
852802
591243
958351
1668614
546222
327014
431177
2353806
818352
2047877
1994426
34480
788544
2347895
536037
542060
2027229
1706766
1782760
208709
2186151
528105
209839
93865
1166547
463543
1553493
1180523
1068102
2490648
1902864
1478027
685258
2116902
2016276
164560
1128419
1609422
1688156
1792281
790018
1979656
2141025
2425829
1475872
1884832
720430
197669
77835
878195
1913709
1766899
1213000
267597
454479
1291157
1303101
1207448
1689872
376050
1897930
631436
1466497
2456068
2109558
1290087
519141
1654982
485523
1464214
413296
5631
900974
2315450
2061925
1967218
1227345
705137
2241427
1647460
443452
2368935
1822092
986889
147332
1152356
961048
2403235
1721479
2260541
1494263
1821768
35679
760722
1113299
1765957
1059413
637745
223924
1563339
1571997
2318671
1462057
1323930
1368976
670508
785881
2136367
32128
72442
1417634
726514
9336
1811321
743193
1362813
2478211
1022032
670861
896143
2449657
1373546
1467375
1767192
2491630
89194
2292787
766225
36574
737322
1462920
527075
2367605
404594
1875744
604716
1234562
1680376
1403794
583156
1062160
576296
14099
2471587
978583
757152
1528832
30520
274076
1540072
109017
2235937
1454316
1270152
672485
2389647
683436
2197480
1990623
2118507
2124207
1204205
456105
1874780
1642912
240071
1979104
1612442
2196424
564740
586836
2082471
1201477
71525
995917
241195
1104648
499057
1168759
1208637
2491310
1989750
2433002
1796726
1550832
411147
1525314
1386726
1248184
2428720
430612
389665
1038407
266503
2142589
908968
2183646
1554843
556422
892495
1581352
477316
47975
697856
1332355
1651555
1844389
971049
622200
1625282
304837
1778823
1919271
1849212
421552
1045160
664105
1188124
2125941
1140208
281336
320953
2225753
487205
1495517
478156
242903
588768
1862670
953737
337158
1640399
1294557
1012451
1740119
1568473
136640
370710
1804377
2099205
1068327
2486235
966667
703246
1588843
1790718
1736780
125531
325303
1669038
2144516
26361
43111
1150565
1633516
1835034
1375965
1590098
1041884
147428
1831457
2359702
206343
1491521
2372260
382551
1429010
2476042
1832791
1502764
147085
1928421
136826
589944
824005
1876129
2290947
47681
189718
949769
2468036
1490431
1962210
1889251
1913454
1062576
2253400
2499409
1668375
526021
1060881
2471155
339246
292555
1872101
2217684
2249290
648607
1175976
2461568
106544
795402
1881408
2055186
484749
313221
1466167
2313882
810360
1687968
2093365
2171871
1977190
358038
1856408
1131288
1787438
2000694
2016501
723476
299391
850136
1164641
1325913
758173
1610496
1395143
1813958
1928420
432329
574170
1422549
67611
2196750
1685653
791345
2188709
2205814
195505
1524117
2166153
2205394
162870
136433
2342551
1105808
1719678
488430
1698103
1906073
2270675
52199
1063869
1251980
2338215
1108768
1406249
404756
183973
1944361
1413536
2172366
2084106
152224
277707
1169780
133737
2362045
599337
944626
2363267
2194353
5942
2071332
1060164
2182325
1462138
2345043
2086810
2155974
1148526
170105
1523824
1810688
2317666
480034
955135
1937600
65890
1474648
2216288
412009
1292217
1965566
2022699
131131
2108864
1628666
2140529
1717922
1045272
1567053
1843694
262871
1236869
1631664
1823061
1325173
784407
2269513
1555509
813394
920939
1545376
2495422
1493712
1185312
2175863
450083
657445
833470
1354654
1352131
2325232
2261319
1927724
2229373
173155
527015
1075180
438922
530495
509631
452776
887407
714336
2230094
238028
1280634
607900
2112056
2164383
55238
130671
1406485
955871
2455684
1076328
145005
626601
1521035
923002
875620
1875440
412354
2143523
1914095
854311
275952
386755
71954
949747
2095531
266409
529299
732822
1771429
900969
1104142
2141510
1594739
1592931
1526609
732286
1061690
1865660
581466
1166883
2344130
1697956
422711
2251909
2075679
1775001
219216
1543880
2016318
2214158
1864698
1466462
525546
88188
1583873
1656972
2118771
2289965
2365526
750982
286179
1223148
2429997
2250166
773411
1862603
550775
1623462
2289266
825109
2082844
1851794
1471242
723521
2194606
323101
783306
92663
2476504
1612759
531847
689182
1814794
1663694
299456
433745
454225
673969
790547
1134507
2210748
173138
1751887
160587
2300781
575463
1791546
1543666
1569198
1628684
1650385
1160009
2179984
1549961
104755
1142502
1226952
1890215
1369634
1048784
87373
2498536
826800
1570977
127558
1520033
674183
542185
412584
1245505
1727379
1300494
171354
1954092
2056301
34234
426069
901794
1184188
2069544
243504
687819
980292
988381
504097
192838
245549
618423
776213
400650
5039
681278
1853486
2087987
898139
694500
1404608
1921961
2144226
1738756
1817518
1971555
12102
705188
2149918
628378
1214858
1829327
1984716
1207831
1033835
2405494
139705
583014
2210669
1599458
1258486
1443344
370239
828987
897754
1497073
2099888
742544
1219009
1361421
121754
1581862
2308521
408060
2117070
534078
754767
1129814
1873889
2352718
2177313
893728
427613
990435
1825303
1123233
802720
1871526
1179264
89203
313783
2024888
1943971
2247892
1304308
2393759
1456555
2336368
641359
433173
1096310
1012994
999872
1795302
1048575
738254
299485
462556
31181
1184605
2244126
1922993
295293
516693
1541233
1881854
1318663
1465913
1459205
996641
2235032
104468
1072308
546497
2153816
134883
2296795
1325857
2273487
1990872
736528
280407
2304611
390944
1868703
357644
820531
467191
1801034
727354
737757
1866682
1810663
1249974
1976485
1101439
1653276
1148733
2174278
2118186
2498188
1784911
354601
1286393
1315650
2363683
1214752
1671076
1600462
84631
834544
1714389
194568
2405159
536129
2022504
735692
1105540
1714397
290942
1825261
96820
1071799
1512678
780498
1645602
107522
1928936
1816232
2083925
2448404
1747493
2197036
830542
1071466
1832241
1267255
1042409
1224167
917585
1253026
450043
792326
688423
2268538
1921803
380684
2431061
1240453
2423404
204117
1364963
1587979
1857046
858691
550337
113233
1780239
2269750
2216687
2350558
2377971
549777
928533
1587841
708466
651027
936898
154188
1798292
2205747
1879361
2192559
1571839
2191994
1793009
1720712
521950
1306850
849594
192244
564560
1096472
62644
2147741
1838447
2024320
446271
440234
497253
423690
408859
664556
2061699
819846
757100
1521944
960970
2082398
2360980
1951540
1425330
123025
55346
2115041
802598
284382
1624750
401218
713090
1311216
1088192
23134
2141049
1592648
1946263
846542
1367979
1449483
1415680
2416446
2045430
1122231
1174697
178713
1624761
2034480
1785717
1298420
2218963
2459127
2455504
2284067
318897
429792
887123
2452234
2032636
1255092
992032
408093
149503
545831
2462786
1710320
1327789
902790
1999963
82070
1825413
1823282
1573273
1682577
1519965
1362670
946706
1754288
1557396
1726361
1163719
1968523
1621023
1248076
1948576
1104934
600777
1032916
2484730
1008204
634451
2498923
2194421
2246430
411182
861055
2430714
591276
2241959
1382715
2198158
2022154
9572
2425749
448442
1330808
2195030
1728260
1066724
2325483
2244012
1503678
12200
288342
119880
9286
1607227
2387980
1191019
1783373
1117116
2397125
156818
1908140
2392844
699994
2299897
478432
817228
1566435
655002
460792
497344
1266353
418355
2294969
1057886
645302
2086188
2308460
1931783
835977
1608083
2192065
634349
234391
2115388
2442538
730723
2156843
1926115
2095627
1362459
1562254
1580678
2471129
1485800
1130742
255002
747999
1532108
480600
493436
1382102
2103536
1073926
1757658
154614
3661
1475072
586046
2478031
782924
2411380
1810867
465946
1087062
31815
678056
1614899
459084
1877719
603810
1777128
746883
603046
120501
568803
1485694
2266652
1535373
1358781
753162
201552
1518688
771183
2283025
882539
637778
2118292
1573013
851091
1636985
1252610
2262298
2948
2253183
1196215
399975
2012241
843727
1998299
2267702
851953
2440939
434881
1837931
259698
2086934
222765
1360663
1900419
1132309
1645946
1269328
1006452
716895
42254
2148621
1621570
1658649
2281977
1952455
2304401
1883353
326308
1107274
1079366
1678403
1466670
988275
565254
2042359
1664993
2080398
1634537
1642630
1134245
1788381
2476691
2140358
1505220
940399
724495
1244213
2444669
685954
1920080
1314473
1735365
1051610
2348818
1456597
672729
560459
1703710
1591855
1264349
100141
1845878
965586
1223084
1173728
1566979
1755830
1999197
968495
191456
1993225
32097
601690
811438
2103718
511427
2355804
843345
1899655
2385249
2086215
1973504
1790373
1386110
676459
2100864
2193970
56486
946349
721543
1900200
2285826
2161038
916152
1082216
1221066
2266947
2385304
2385682
314415
419598
856842
2456636
2283876
79356
956180
1671274
1732385
546570
864171
879897
1067087
993182
487310
2418248
1464477
967090
404204
1389577
52472
378844
2423701
983616
1738561
1029253
734053
1794749
742130
2259921
2021234
381408
931792
479003
1983388
973840
2392929
1311023
42766
1941004
1366179
1003518
1410567
527073
2120477
913192
1304797
195050
247625
1337007
1907832
351695
564435
136957
1263799
514886
204465
875970
1726513
2428405
2214617
417422
1597145
1223916
583153
1225041
1582030
16452
1442378
2277823
804508
1426380
1507655
101782
2385639
842094
1055055
1560279
1485439
1697439
1673972
1241031
1217292
1622144
1802576
776202
1101889
647389
220243
880829
2459893
1832909
959753
31547
1064161
459708
472310
1489819
2451812
343204
1166212
2360571
1187788
1934740
1774682
2118678
311302
1424627
425746
127620
1357671
952906
19336
980074
1637747
1430854
1359657
2442281
2473721
2321908
1306275
124197
1904058
2440094
875627
84215
1916758
909240
1850801
1954818
2183716
1217824
988320
2324759
1792468
350846
511490
1639280
2291754
317831
1177682
352001
1076719
14074
189463
2370556
560668
1511522
2065296
2348006
20258
202793
876363
1759587
2221907
2364964
675870
1207929
2107609
177778
2361747
1892656
920825
2256694
2292203
785197
868317
125127
12692
1484192
204718
1130799
510292
2068377
988373
489010
2475962
1595614
1229671
2446519
1858886
1974843
1710778
159564
19914
2067268
1142467
2280051
2334748
474085
655992
1445276
419260
2075971
1254386
2108500
1928715
2260398
1741380
11905
1344006
856018
83585
787992
1301866
376687
1887812
1584760
1335794
815864
316263
362442
107810
1808638
653111
2397162
1835206
1817928
1409525
2276083
300040
272447
2490744
1517538
1277317
1696730
1119022
229270
1108840
1410764
264693
2269490
416413
2006113
118437
160048
307235
2252288
751249
1812714
833578
2195880
2133561
1446311
226336
1665815
1872156
1983089
13105
2435832
2250140
1492133
1501425
966064
2399372
1868069
163090
1383634
729198
746110
370392
341219
1412642
2315810
692877
1897407
149581
1986239
211223
2267832
1389624
2101220
2230533
791480
496910
1246732
2181002
844251
2067170
485339
2238419
1470398
2119186
1227759
55289
1068824
707436
946125
1385203
641385
1714998
2479923
1148818
343706
132963
534383
2437179
1268136
941043
2060635
497435
399692
2393011
2423849
1778700
1886589
45580
1135585
693492
1067389
109353
2363448
2426183
1289056
699023
2465122
2193924
557678
2052470
599460
2321117
490223
604217
1872648
1044915
1486196
718383
2266359
915059
192166
653189
2172105
572993
1594630
1697908
1543563
1802812
2223421
1528400
614893
1783591
1078475
2065945
2415297
2304948
1970346
2425065
101314
97130
1026912
378693
1843983
580154
2323093
1049946
2329125
87509
2182287
1861675
2475514
1545597
60521
2132851
358511
11204
1370312
283585
2295175
514975
2203626
2385062
2100582
682252
2485960
1789916
908752
76257
1185459
984476
268219
1335173
242083
1739040
2499096
340709
1744974
153336
1081000
158231
1991501
2177330
308645
326791
1238543
138808
2428294
1145509
1797621
756908
191786
1005546
486146
2456260
1191755
498747
2237260
1435382
1311664
1912082
205623
165490
747731
354229
688571
2273619
993566
1571660
1767266
1006831
1517187
875490
1266408
1609365
332502
1876738
1546836
1146367
781422
1432781
1941650
2433777
989202
386878
1809436
1583940
2259867
1956198
460661
2294303
1478949
455554
1786707
1654987
1797793
2375577
200474
2483226
284694
918642
1688044
1041175
837019
809121
459579
775749
344195
1439042
375081
112047
2328412
289220
676010
542550
1886530
1267791
1994663
1845153
1749289
585597
817287
974623
556335
2256577
1811132
1321920
2362211
1082457
2204948
1387563
2097890
1780579
900210
461671
530102
308519
1321673
1393174
347499
2106225
1368732
1596120
1312318
2038285
956416
864127
1505470
1840038
257888
1452276
815444
1300164
683579
1460718
961479
1938016
1725251
531440
603801
230314
1632287
247042
2222010
863231
375564
1738427
2253094
1776868
1360426
2116918
1484954
454567
1372764
2264512
2387047
457306
511212
1014676
1206999
1200519
1571026
96539
757415
124344
566796
1467674
671932
746475
2082850
1761358
2293766
998357
1885946
823972
581786
1778445
2062645
270133
1578919
978496
2287295
1932639
2337833
507705
512853
1892653
1407120
1560896
1651984
2429781
1291071
2278938
364486
2230125
1573013
1768215
203711
2377077
141717
2364159
472372
336199
39809
1357051
2003308
2483408
1376403
1248559
1063589
1576214
1841
228620
1815940
1058018
935469
514560
366322
2219651
2315041
31040
642313
1210515
362735
2152166
1326245
2127620
1932209
1394047
929017
960972
37776
1888112
899172
78323
2212347
441810
326290
696448
1244991
561675
2070423
2369301
1404912
1888539
648122
890670
1089746
1269543
1824044
1914653
2109673
2358632
2300295
837066
2116347
966253
1037333
804156
1068690
211678
2273151
928762
1053381
1076694
1493361
1420514
438930
2398338
923654
101190
1937471
751637
984192
969710
19097
774766
134421
1090426
1409341
2113631
1143482
126590
1346226
2013592
68705
1900383
524038
1672267
2252041
1679011
120764
1133518
1487952
167469
1535458
572401
1585877
1436697
103615
346209
366565
320881
2309460
2317802
1406435
1787831
1912671
2136350
12700
1989085
1992195
1472380
668213
1309777
598800
1648799
1433266
2066294
1653083
1497670
343117
920338
2246584
311192
150941
1843847
302653
937603
1528483
1987706
36208
2197490
250397
2396402
747252
1604352
1563865
559617
83644
2021721
621190
2423409
536761
1005286
1495882
2006954
2432729
435556
993641
209332
1573737
1268245
289092
1176093
1386425
115862
2377295
1986887
2474214
131923
155604
935385
852308
1189442
1201419
2194754
2353690
1196865
1725129
215324
624477
1101718
2365485
189914
1199153
828042
567569
34939
1273169
1607786
1165857
274024
1920356
1215370
125004
1648641
1791308
693982
2098348
1388529
2020159
382956
2193248
2180185
2246942
170991
1284145
836041
2377489
1580085
553652
2365922
808250
2047460
1045209
602235
2259714
652469
1546218
449327
68882
115977
2416418
818410
1153170
44485
746490
1596889
1281414
1332176
505727
1318621
2110154
2452414
1577237
1331641
1909327
427614
804577
1146512
1992053
644530
2192841
2437084
2167721
850065
2216022
906535
2369416
1201526
271209
1470482
42283
1179786
761109
2056875
946543
1928341
518226
2305498
295905
2217196
1865478
1498737
1133348
1669032
1822400
670534
2198001
137819
1283920
203581
1232142
1616849
1900457
1340043
1075269
431820
1092316
518292
619677
680922
2262971
227573
352515
374862
1525732
2036723
1573470
1588463
314735
1202032
329782
497733
1507255
459993
751474
726350
914095
1550688
1503597
1896764
740091
336874
2086463
2058472
779111
437363
1843879
2471859
311079
1734302
1241853
2196424
2098580
1815064
1001493
2205790
1157444
1174493
562238
2097633
1315546
2488362
2471378
1690381
1040477
1994680
576779
2104744
1727490
96748
1939656
1533514
2306119
1477448
1430788
1554381
2499843
1170161
1390918
2222837
875422
1724459
2452941
2256219
407919
1518358
2357630
1061305
2418933
388738
1922742
1433819
2290935
2036578
1958054
2075316
1633277
1776280
1439060
2175838
2182723
369263
223727
481289
1393793
507784
1946211
1065795
577896
712736
1616156
2307065
1048781
2018749
1648587
1609676
181777
1145922
829638
1081999
2226917
1602363
2138096
2016733
2377544
2094121
793412
1120484
416999
2441368
904738
610355
1876916
1976985
941310
970877
952358
529636
2258471
1169331
323084
1641526
333801
453589
519303
2387945
628881
974096
2411818
1333886
416710
2015751
1571862
383951
2291190
1562895
1411212
2061682
256641
1371434
1001327
411717
2368239
1996086
1251095
1626982
852581
222977
731993
2472800
159998
2473445
2124188
1517308
1474439
1915163
1525750
974921
847022
1756899
1247063
352896
1628913
1378297
2426167
2483262
355309
762555
1883131
579123
1964173
28505
768894
1440043
1107547
965157
1814096
2326218
1438846
878101
981372
1771440
582843
655879
2464688
164222
2409959
994301
534055
757087
2338120
109011
2315199
715617
2062938
2474110
301699
379099
2393020
737481
1867696
1546837
838364
2278247
1861081
771440
1838188
1812598
656182
775846
1021047
2434742
1711519
1031399
1649575
2115464
755233
1018792
341522
5921
2056679
1337104
1445784
1782704
359151
632543
1139104
2336202
192574
1096316
1094651
2356762
1479777
671517
1705895
716601
950468
752986
2353189
1574870
1952975
906539
2489689
2063749
1575493
2285408
1433156
1913234
1793965
2126807
1865501
297540
1817727
2295636
2221335
2483950
321885
864812
1724408
258257
453000
559480
2318841
1712693
1190829
1674354
1122486
1421550
660175
2261293
1205809
2457546
1488949
186872
1866105
1702171
1310391
744240
1781518
1590779
750208
347661
1414838
1298622
994802
1613083
2237153
1085314
965987
706068
2055645
2050112
2106494
1888597
1388845
829613
894513
1330780
2122929
390797
1974574
951177
2448868
1622337
2236084
289836
107926
835703
325327
2402765
279233
742711
2402829
1808125
422370
954373
1562032
2226579
1902248
59484
883871
1780092
502558
1712319
1909446
1041499
2147858
2116279
1725264
221068
1839713
1052895
1812221
1617092
751430
1774327
135206
1059597
837701
1528404
1574400
1253515
1303201
1916362
2094878
2236380
11906
2318918
2010263
2149320
1256699
2095030
2462167
853329
645536
1532373
2124958
1025597
456169
1989105
211890
1093120
547963
1376062
894403
1998671
1373374
432454
661203
699814
2091474
53287
1494301
1691984
162680
993021
2391338
1471237
2491766
2241644
2402071
330060
1711933
2446331
450846
1865458
1629514
2475919
276517
2012309
95238
2267705
1251612
179754
1720747
595849
418411
494512
1987238
2032695
1417714
1887022
2478363
1283066
1022233
2444608
245901
649248
733059
1299719
576757
1611374
224246
2163095
1736808
2321253
1948711
958928
741756
1676714
2499884
206798
1714257
79057
54439
1580843
483868
1030187
2102341
2032427
882457
1408440
1553528
1224589
659716
229550
333701
450045
982455
2383719
2413744
181640
371549
2444289
1113934
302080
2009072
1156080
1540831
953236
288308
1943836
1206849
1317265
249607
1660948
1580623
2220749
1640067
513795
139369
1321399
1658041
861064
1718679
35569
1331039
928296
178883
586498
974890
2258372
614729
106800
470918
831547
2180861
1064579
2171656
1984193
1963899
2463591
1100534
1476313
1102587
817886
2004572
2024865
87853
2025832
2262016
639990
1014616
1714817
1649809
1989612
1813457
38501
1715616
2290995
1383812
2267516
858672
1896012
2191918
1515851
2494074
939360
1636921
1926822
2385566
2304559
508401
1742196
1459883
1514757
517214
463645
234490
2118536
1014325
23597
1646850
961035
2264390
397087
83000
839291
2402735
193325
521764
564991
2279038
1477286
1005186
495197
1140536
1913370
727938
2282305
402203
1293320
940646
2106907
1300559
1513869
90602
893347
1547438
833932
1708592
1950356
1568672
1661935
636042
1228953
27435
236069
333840
466216
1952106
2175019
1498263
1671918
2092604
2462489
1027612
1770078
378655
1865790
2482494
15637
2029703
1356596
1820009
2302675
507975
1929010
1675367
1220350
1080728
1436446
408947
1907988
1170404
1989619
512983
795748
1113102
1377494
1307384
2437632
1239243
1934428
2309128
1032382
1701732
1617612
1859970
1547138
1767963
129879
566666
494167
1836318
1736750
1135789
1236154
42809
1995626
383814
2108694
1885523
184680
1191232
1521591
1506720
1707869
1246568
886927
2172732
993591
2344618
1044827
616209
1317957
528973
151879
352907
2234090
107157
2050253
1745481
693694
2292011
2059467
634123
1488302
1055007
2274972
1418568
1449002
621843
1618668
381449
864910
2371559
546065
2307441
898553
1811025
1220190
437200
2256340
2037337
1222147
2362219
2093300
1797663
2136357
272531
2375283
1669582
766012
1196563
2143497
1673000
1059404
1222829
1733779
1647876
1917421
2072706
793579
929084
2416307
1329441
2440247
411462
1383571
266027
894954
673801
1236356
515196
1843016
1795407
1713770
680117
27028
2123320
42669
1122559
1446516
2364087
1990465
666059
2188609
286559
1036080
660284
1694305
2225302
906272
548671
1598510
211879
720812
2405234
1981440
1703129
1423724
658661
1653783
1773031
1715141
2248021
823736
2048365
188370
379392
2002671
986201
1525120
1009477
1480702
1218805
232514
763571
1079088
628539
2311504
1522924
338731
1787601
1076258
695527
954734
1183874
2047646
2305363
1013704
1722266
2028796
1990266
1352529
396593
2165471
1064774
675046
1220283
2142803
475953
111654
27853
1054980
1176348
1672364
2369642
1199407
1955366
1886332
708183
83395
1667318
554809
1749210
1404671
1987561
2051001
2411403
1085912
2456498
1360292
296924
1088436
2383194
1039229
1169577
2031637
81480
542892
141621
2009061
2225351
872427
132819
1113032
183213
1862190
1215521
1206543
2037706
807042
1077132
177610
1364443
185793
494558
94329
927734
2012226
436635
581096
1553840
1242766
1774581
367861
1553306
863749
1785373
1321878
1435850
1068413
72163
424977
1108237
1406222
1141864
849301
1442784
1695220
2056587
22201
315288
794708
1015952
662081
1449791
2132102
822838
1279216
1538292
1091354
656704
48773
586479
2129086
625024
1350676
1358400
245837
1235500
230524
2036568
1875282
2072820
1658752
2478116
710132
1391990
1333476
967252
933878
246560
418688
1768154
1905823
1369405
1026431
2239147
694662
1382168
2252307
1389928
320086
784047
1888994
2072306
1190168
887890
937338
1767521
359765
2348001
2141238
351178
806977
1296479
1916502
594905
2255217
861567
1215989
517830
89336
2321539
530087
2229047
850756
206454
1287972
361467
2206499
380057
1132292
2013843
1662379
1220396
1955530
2148310
2208595
1728806
1077184
874620
396683
2228539
1482090
416310
1441532
743
245669
2325304
591325
85453
445944
142356
203091
499625
20233
1747330
1723774
696323
2237030
17510
468598
2343193
1916939
1988394
1114268
721106
897031
1745037
1414020
1577540
622288
869588
504370
499628
351424
612096
890271
1689016
1422723
1239123
872926
81126
349535
2358531
2389011
1211372
1121113
79868
2422042
2421645
2069703
2179345
2200846
684258
2216614
1137626
1711826
2289503
2016071
2175993
2079471
725591
942741
989028
479153
23699
1571580
289506
1776533
821548
2239827
2218760
2173198
581691
1692366
887864
245698
1802147
151906
1410809
1280259
1906537
1262700
415821
370766
1629820
1235525
2000883
1174393
2161209
1618851
1468918
2226490
2144992
714735
430052
1734144
1743191
696747
2010105
21916
288003
1111524
406410
1670335
2367850
1066864
2360660
1315123
1728356
2428392
2080662
994636
1858760
854928
1460822
1880036
1213253
1812177
1106091
1526536
2068665
1128767
1829039
1297544
1693625
1047924
87009
2392257
424339
1095654
1695612
1868128
173709
1588021
2017668
1688758
296324
778686
434577
477860
1951692
2004190
1228203
68382
150340
2144792
634481
533877
2422671
1308755
1662147
782508
1718699
359034
116892
342047
196408
1115002
1602549
1838260
2339036
100933
1824878
1918361
442200
769962
625917
680331
339107
197823
68171
160575
2134817
978286
695125
1478792
1572977
1514199
2336308
1321229
1678060
919862
2102743
1547745
2309555
176296
2157562
457645
1485562
1452793
962971
2411645
941779
2480236
380960
1365407
1308778
1931492
2387993
814697
348475
202527
133920
2385010
1870213
1497401
2189904
1343749
1748236
553
2341550
2256326
987314
400267
1568002
986016
322732
170199
256078
1105050
1520908
1315486
102357
553276
824542
1914180
917500
2076463
2446097
154554
1480062
1213877
496190
1407797
1563234
1353197
347421
235234
1712396
1613526
1120686
1116415
2491181
1691100
748013
1980649
1484478
194664
271120
322148
2160
2206533
1282016
2499992
1879616
2065084
996747
2392344
1716426
1065733
173012
2314594
980803
475749
270395
977562
2329509
2142546
931667
1948907
578387
1952070
1369563
1648273
1159103
777861
1842291
516966
992521
1886740
300545
459120
1660848
472430
343365
241644
1231392
2361354
556500
696971
811246
1820905
724183
658205
736387
842206
1887532
2130015
2071108
1503761
881604
627019
2431853
1611183
2132180
1186255
2041873
2421969
673204
2335994
2384673
859250
2172118
1284668
1616981
2170550
1092562
883405
1053533
2277483
558108
1941038
2329950
1501778
2329823
2436412
438203
284877
2416164
129279
668058
564362
2042978
1241179
455680
1476519
160985
1485268
155054
1381137
718630
1524755
345200
1929550
2219037
599331
23670
498574
2261451
379194
1054046
1381425
1167660
2323852
1121017
559079
907126
214506
1012158
1991841
788828
805967
1849995
1208867
1631115
194340
1426924
570861
629103
1009687
165126
453351
1786103
2185765
789153
38599
2178864
507844
1772389
2424282
1155263
37429
1845294
306275
2079238
963129
872300
244959
302698
1100357
1051474
502612
2205700
78361
1411302
379376
1450421
868394
798936
983954
538270
1245202
1951500
1106414
1363962
896131
1341074
2029496
484813
558022
588581
33037
2170988
2214450
335290
1811624
2160195
378823
577206
2215128
769177
1791861
175237
1237052
692287
1768969
176104
1849666
652687
2437759
1689001
720748
2389140
210023
1931982
1632219
603599
561417
2329867
2081359
983653
892436
1612381
2454964
949746
406888
1186552
1287540
2399775
1007588
1939818
2202948
990150
2147898
238064
1075054
666409
567032
2379301
431803
1551624
897203
1392874
1233201
1280644
1107544
155826
706778
1891972
168833
620554
577774
899096
483320
513419
1475989
1846275
10324
1534154
121310
413901
105802
400560
117822
2104716
1304533
1101866
290739
1484954
317276
2298402
1851604
511030
910962
708555
1605388
220699
1845428
898360
426071
33190
1609947
1099320
2105238
1582275
2117649
1103978
1010995
1112078
503932
1777024
1660924
354381
2075818
920702
1815628
1051188
735356
2473094
375854
138824
1996565
199500
2413424
1312238
1195033
1210160
2462367
1414288
1768375
104893
1317684
1919720
2289704
423161
2494917
1305118
1173161
1885296
2311666
419987
613079
457170
793716
1158239
1853196
1493758
1018068
2144046
770858
1800459
1170723
1240036
1067338
523632
670574
1174746
1726771
40832
418130
1945682
1421344
743808
2405346
1727977
633184
1486990
2156506
174665
2011844
1024452
344267
2104325
1092730
407377
2075740
35435
1834499
438951
813352
2147459
1177656
1327927
544013
2257703
2327754
584697
1253525
519803
1040398
678785
870349
2442084
1906061
1261088
500343
1278799
2313409
1886351
2403178
726882
601269
2032136
1166448
524916
1515616
530467
1882115
262034
1757490
2262325
2220741
407377
1196336
516033
1707960
1577618
808239
1860887
139996
1914213
414365
2019378
1417515
830959
548538
365156
1082846
32882
140801
2079920
1377368
533783
671621
834317
652068
771078
1173987
2228109
1165216
2450180
1590064
1572069
2063978
1059140
1943471
2111685
1624799
1812472
1662913
1589670
1594158
2391385
1070204
1995862
2351273
1120359
2333603
2290188
153727
1940620
7401
297191
669164
115095
1549304
2336428
2305526
943225
1502017
192492
197289
1443312
1860831
32963
34131
2337258
28898
1683821
1810771
747084
1198095
1349193
535422
973043
47096
492596
2273706
2363793
1689998
2322773
2002988
2250845
2239375
1160053
129318
1513264
773692
264785
1234449
1397902
1232552
533580
1456660
537187
1522208
444663
1088302
683845
1165193
2458358
2132623
1266216
501420
457407
2035096
979507
569502
283214
1879337
1989453
2293456
1105132
575221
1953797
995288
415144
291777
2469771
2401846
858130
1588982
684613
345320
1622043
295686
27514
645317
1579317
599304
603932
1330749
478558
940361
2296355
1616587
2019670
1422603
1856398
468313
842343
540605
1092062
1382933
1739016
2301225
1602054
882276
1685063
213846
1130266
52370
2305132
1546061
2459352
2026439
1535289
989511
249428
281442
1610162
2152538
64055
967246
1992022
1048578
769922
136935
1635640
905660
1010971
1763119
2181646
1582533
749565
1796605
2011879
133064
2303666
1536329
1813980
2341885
1582465
1334391
278739
1947002
1013903
777543
1841467
1392809
578773
2128347
1551038
200765
725717
810484
2066028
1379638
1997412
1267751
549855
1223470
897617
434659
1646216
1054407
1209985
935682
1806211
1109311
2305662
900848
403065
1198798
200033
203605
2103865
921922
2164305
1174
926015
619374
985636
2157030
2155471
1388834
670157
251012
688779
1829282
388065
1071440
363347
2290661
1824032
489433
624865
384023
1876774
1436156
1007819
1829817
569422
2388232
1779005
703462
11175
1208581
2421325
1802621
1910151
2108373
1916896
1786534
1197274
1909979
557213
548006
1483006
1080967
1258840
2081178
971832
1174262
175325
780688
1976699
629356
1472697
1333972
2022797
1745027
654583
2476925
348710
501540
398176
1419113
1796371
93579
2241643
1701072
895720
575872
1227221
819043
334867
607683
1749561
2471527
2252145
1099779
1953691
351922
2349164
1154800
1340981
84634
2439470
1220019
2078862
1771945
1072212
1088149
599708
707261
2447266
605805
1350366
1836794
1974062
737356
1826064
428373
253819
1794123
1711863
1544448
299435
952936
569123
854397
585843
2304857
1540789
1400062
957006
314058
2076119
2438902
1425039
340765
1045193
2385685
659304
1414365
342920
1761979
1214090
760669
1807630
250279
2291044
7441
1635230
1562049
1352908
2331348
724615
2182255
1341174
2351386
1387516
2286324
2210817
19559
741706
1398815
620787
2110538
605450
299524
190311
1358711
106753
1563447
1206143
2252119
1144089
973676
518174
1115054
436773
2202336
735363
574283
1757849
2132817
316440
1722230
2042258
1700470
166459
2211784
1065879
76838
621691
953816
2347379
318649
549347
1909843
1543567
866095
1272715
592570
765764
1040938
2230644
1475229
1256230
1931872
793273
2268626
1295474
1332550
2460774
1687218
781780
387708
1837320
2355272
1528836
672374
585114
1294060
2168928
786068
2013582
2177444
1636927
1961216
1895977
1244687
471940
1385283
1350534
556821
68771
1571795
1700159
1371856
2352824
1139834
392902
268917
2082048
154059
494486
2379291
758469
2178002
2360240
1821779
1488862
442024
1255101
983276
2081960
2140880
474529
2433076
1410299
402306
827660
1556956
1400306
1492841
1164235
2208698
1250019
588693
2392011
154275
2033250
1031648
37835
1103311
221817
546995
581328
1779557
860502
596117
2280474
1185702
2216284
685177
1818886
1168613
1101929
1287027
168348
450076
1592326
926777
281179
1525088
1585465
1031434
469092
796780
1819357
2089814
1302319
877206
384019
1526054
1618204
1794497
1913598
1105169
25034
2481561
167313
1196182
1029623
1021005
1875785
1157515
625361
880649
2212299
1908040
1464786
2323156
215925
2287878
213290
546316
1151186
1561864
1280306
1472315
1097936
1061202
873939
1388619
2040115
1746324
1745971
1197747
1307567
2227339
1585918
883588
1134062
1484646
1945340
1388359
1398570
458074
563734
927556
1768955
2123564
133865
409414
666961
936126
921373
1412520
1630506
2361654
242391
62063
917007
214657
1154903
1628184
1374334
441066
298759
913303
44071
2112855
1938639
1651145
2285037
1900247
1360129
993103
1103503
2334759
487182
1639654
1889299
1583312
2078655
614531
840063
681760
1019891
364549
1017835
613323
72355
60519
638279
1397926
2189761
2300216
1394758
323036
484860
992181
2275946
234654
1426022
1131338
1545430
764807
2287877
2099428
1032306
1121221
1850021
41609
705465
946267
208544
931295
2334458
1987882
586280
2060459
1939147
1818451
1096381
2431701
732071
539310
1742465
1085485
304095
825960
73049
825045
404554
169232
2027960
1437159
1181834
2357309
293743
536620
1334635
2145600
1536179
1979570
1921666
1563157
605878
2119000
1080677
2004396
1851497
2368377
758099
2368287
49009
637061
697254
1134972
2415597
290712
2416951
1003999
2154105
1361509
1069652
265348
164442
1875868
767084
1951289
1042026
790849
802657
1825604
512798
1617599
233009
1763219
1461165
1850620
2294232
2192858
2212833
1320354
2422246
689752
1410450
1486932
1548569
1534619
844082
1283033
372427
1839112
1929624
2345773
1545015
1899979
1726298
1934481
315780
1621589
1399524
27402
606443
1655154
513466
1007134
345629
656781
1778240
1500133
813778
2256415
1832463
399090
1184864
702239
713688
915360
1741402
2171025
728679
1977369
2234450
1799148
716025
1239128
1862780
1946049
1162292
303014
1624557
997847
2179208
1455040
363100
1675616
2107461
868383
952527
2353724
1926876
731597
1761252
197339
416921
910719
2334858
340582
960947
1065361
92909
2114911
781474
314670
2260143
799953
29088
225919
462805
168377
241114
519990
850729
666840
1991608
82169
267392
1470053
181316
991511
765436
1354493
732661
1111542
1312991
1631022
627230
1882795
1207797
1229033
2017167
481175
1225482
354697
1568272
1626632
1882702
357399
150590
364525
1169223
431148
914072
778655
2315902
1287309
2328571
1675074
45865
521688
2220985
226417
364958
1437602
730429
2338537
1880056
1808649
2361867
2102125
1796785
889285
69480
1654090
1591585
1701698
328101
2067388
2001672
82283
1902420
1259626
1016289
234751
1983693
1649451
2428850
623001
1473749
2384120
2437455
438100
1427717
970520
1677971
2025896
2223583
775637
1215796
704059
1565175
1953465
379834
1989937
1739455
1401461
916185
2077183
2217651
790474
825366
25844
1858197
1336033
1503958
249696
1785377
2291039
1260886
1465194
163586
2105593
1845369
1253889
526980
2281227
2023763
870342
2498607
412032
2102202
1967455
2057286
479737
36200
1548465
163560
2176595
2455141
2305700
1290772
9021
230155
603293
910967
1311544
1585385
131542
2281345
2039248
180000
1516929
1075107
1111372
1068201
1677828
2466383
2331176
45531
2078784
21655
1212861
1615756
225459
2294459
2437805
1565792
871374
1983103
1022679
1895561
2451954
1285466
1365537
2290177
1867992
295509
1716933
2192562
450433
2294611
1303228
64854
664774
616687
1025770
937277
1810434
798048
1299647
2000801
372678
1090758
2286947
1693000
2350661
1676588
2110920
2196934
1043279
1828426
2470039
1617988
803594
968856
1413375
1634570
409219
646044
1800482
884134
331692
717029
643635
597925
92225
2005421
1324153
777403
2371143
1468230
2109124
835310
125017
1929547
362234
1690447
2435770
2183536
1083402
104827
770586
1727469
972132
1359643
889054
334354
2374750
2049978
497645
1005358
791694
479562
2398666
1546183
1098582
1176559
946258
1269370
1587429
134881
86156
2477370
1527899
737951
1889558
1518132
932038
2012279
778163
501496
2306501
813406
278872
2257213
1004470
2418017
1322754
2377776
2254949
1433059
1422652
1904437
2457726
2018100
334564
381645
1863804
1373297
599586
142179
1355201
1213743
1290743
1513150
1030041
1073096
410755
467995
202143
227543
711582
1101501
2182758
842436
272384
1316627
1868823
1744637
231520
315859
1592866
1264265
280230
531991
166716
1715947
863321
1435125
137455
2232669
1694285
886163
2042453
1524388
698471
2220514
1136453
263889
1292724
2006102
752318
1342231
1114754
1854758
1843725
34163
45419
249035
2208793
1972067
1319850
365119
2294070
281791
1061628
302630
325886
118287
1200269
1260172
928788
94924
2392228
443346
1501326
2379613
1071946
820169
2420855
43081
2260003
372965
1557649
206501
1066304
714620
2423173
1016081
2213258
541170
958896
2129600
969609
440625
1119617
1543557
1268760
1807502
804621
971868
802539
1088001
31978
1165033
1815835
2331641
2311083
265698
196974
1089181
1339092
1005068
849201
321042
1091564
1346178
731647
2053549
715340
1524910
260378
1733908
1992222
2234875
1644255
1929838
1732164
1427601
1969585
1478997
1140679
1969132
586917
1260653
2256577
722621
1097218
2429967
435755
1438322
1095267
1483497
710770
969694
1766350
1114757
2347940
1296026
277772
821972
1391795
1856901
298934
506651
614843
2112204
520078
1165990
477231
875009
766878
174833
167534
837166
1351084
2429368
1563632
1549362
2196886
1760293
2097384
965063
1040461
1277717
1156032
8238
1004349
1824911
665340
208312
2047801
29541
845787
1867424
2280418
1077810
1558272
799452
2231692
718936
2180961
1196423
1791672
1027579
80571
1140135
2208256
1551342
2369679
597730
1153515
1001204
63111
1981382
895987
1466038
1859508
471515
1647440
2219887
2426333
1986168
1530017
2213163
870646
1845576
239895
361240
810294
919240
776771
1799797
2427958
1083221
1184639
904355
767613
1014938
955575
1734565
2299801
1696084
568816
2234766
796789
795929
2224805
356726
344854
558827
1550679
1445103
638460
747538
278220
1688650
759281
1215660
2273301
1412494
1085827
534679
197532
2261763
1166786
653448
1450989
1250220
1016048
1064937
96970
752114
2204387
700741
1456691
1432999
1248979
1207798
1052406
8281
2024287
397829
1509869
956426
228299
696782
2469118
2425086
1982370
1640501
1005220
1184792
2159153
893440
1999781
1154738
784924
966660
1576517
2100711
612220
2061421
1910744
2218169
2384953
378637
329040
1914719
2199421
789700
2127813
118215
1570419
2225400
70548
1351169
1212564
543670
782895
77353
2397424
1928252
1273885
1033666
2283327
2160892
617777
1094425
652824
2151875
675691
1653550
1221200
274021
1964655
1454704
2311087
1689953
1431956
309145
770198
223383
1148841
2423457
981914
152908
1990883
947654
1994387
65610
713854
2163296
1549173
1943489
1534914
1748976
2343211
1478160
519940
880487
837986
361708
1409925
557683
26561
59496
346922
1416281
955501
224019
1182601
1585188
1292458
2378560
1795227
2424683
399615
361369
92817
538988
1028247
256623
1881710
2451492
281634
1562801
2121506
519067
1863534
1225513
1854411
326355
2181389
1080325
1390154
2077773
354933
2137930
73680
1124540
4674
780159
276352
1876088
1982165
1809023
808196
1124402
331523
210150
689836
2235817
254428
780031
1292183
2151562
203927
1840371
2401444
620974
1944849
826179
11500
160132
959280
257871
159738
1078242
609893
2372275
1010369
2195455
1767813
1262481
139970
1760619
2255820
664161
1817365
1228935
2368222
361947
2176938
1316353
316477
447394
736125
167713
2061469
1252244
2298084
31265
329947
681958
1043499
1420595
956631
1699336
13733
717909
219149
716017
557669
1292430
46252
168720
197668
52298
2283588
1558642
2219666
1409436
1628488
494284
291414
270623
1265696
1803094
2274122
50962
916669
555528
1454732
1359434
1170074
973374
874724
1327713
172418
2298418
1619590
577869
163177
1905011
1666104
2260577
2352548
123777
1029288
2350077
1123594
1642355
1678032
737296
1968874
228929
196471
452241
1223857
1012046
2448173
248436
1550867
1063928
493801
742331
2371719
1273297
1711390
1205561
561850
1325043
783760
419330
1455697
1160690
576861
1620318
1117767
1856460
44018
2455353
575255
1873278
176372
1373395
1413751
2353290
195444
397821
1867590
416691
2192043
722547
1549681
249770
1631071
2236465
2080651
228756
618949
1543502
1096121
665336
2061
1360039
307489
1645022
1802833
580402
1090413
314021
725180
751141
705608
1364147
676086
1431955
520840
1837422
302317
1782092
415903
417745
722526
675345
1691953
224185
168419
2184773
2282675
2096193
2271673
1736214
811298
2004071
1057844
696430
425386
243520
800508
641837
1933673
196146
529199
934856
28604
21989
1079550
163960
985516
1009359
1639495
1568952
902765
349383
2022177
488736
1226056
1659912
2113964
1651191
1783644
1018536
1686912
1401690
441254
2188658
1096946
590576
747302
837439
1490809
1403122
251436
1965557
2019169
60080
129180
1233340
1119735
2445607
2085659
2472321
65694
2259488
641923
2119518
338433
954585
931888
614495
1983127
208469
877656
1200839
342101
2006523
1038343
2348449
1660061
1685853
308811
90712
2423711
1391167
920697
1409763
1649457
1563380
1181624
462844
629376
669306
1048577
1653122
2307547
908221
510781
2086645
2350357
486101
2046364
417491
554601
273656
1536687
2151920
1560700
275741
744911
825934
1554564
2111623
1329606
1176750
601050
2031807
1741033
2317664
189476
553513
124692
419732
100517
2325244
2070686
927029
2385382
1072793
678416
770484
602997
1001557
1762907
716004
1103099
290291
905251
2135389
605362
373527
1081581
1239280
1014888
1624228
1610105
619949
659236
1603322
886233
2473912
513569
2006845
1773150
1304011
94909
1681461
2268302
35913
181801
1058286
854094
2495367
119793
2201704
1154553
218290
1517276
571844
132992
1804588
1785248
2085896
2032717
1933735
2219096
900691
1170638
1826951
247804
1511873
1612855
63567
727774
1306148
1810233
1664358
2293824
2140238
1842683
867745
2207487
703137
1808372
1160340
262039
653123
557358
311802
2210004
2489781
2098688
1366600
2339030
2093129
221174
549194
352062
1544131
2265119
397544
778941
42489
413580
908577
401783
1875132
365957
1106256
2299961
1762224
1426711
1243408
2021906
808432
1566724
826635
1724078
335938
58543
1076151
1331269
10557
741502
889802
1280072
351112
445008
2101951
1799210
2209691
103842
1029039
1989017
1496617
91593
2095092
314351
619988
893371
2351319
1941537
1446653
1381093
2099428
226575
1441428
1036210
1380999
1748087
2064659
1456979
802723
1113998
166768
695622
2447943
1346863
1043266
2021053
862537
909440
1550105
1400401
1221739
1409412
1912500
1186303
1949222
282965
1181314
1441477
392184
595973
520423
804907
1904520
159215
1385523
1618805
1548736
2323795
1815625
556744
1249323
107435
1245541
937290
2204787
2363879
418553
250844
2073123
307825
2300783
1223449
781859
421032
2344671
13713
2345054
399393
1067415
1971151
684012
282288
992375
947326
203817
2185719
1277985
1879919
952829
1536197
1566009
558406
34760
2286484
2318449
427643
1544389
1608010
1796296
1225162
1195528
280221
414658
475339
1831126
1280678
2349054
1208363
1482961
2214217
1964384
1380348
1544910
2484268
1271554
2219100
1704147
86483
454780
361862
444397
450361
1621242
1453918
550335
1844338
567733
520175
347129
637006
281385
44878
257262
1145233
2110008
2397525
226212
1496272
420750
2021570
1765547
1144472
2343703
1208851
2324379
763231
368077
18270
49581
2319359
1929643
745522
585468
660483
2429529
1998218
299336
1381195
277315
2483150
1340950
1577101
444707
1163016
1280267
1076573
1552839
148465
1626313
311101
753451
2307362
1569307
2408478
5122
2392459
476426
1954424
435330
419311
631621
359718
1395710
1802186
727496
1078011
493411
2418050
961300
1251861
1131896
1179812
228048
2039999
1428121
2135707
2023812
1407932
1319610
1736931
694688
563462
1873781
246386
2473031
2210001
866384
1295571
1910081
1843843
2013538
1808548
568422
1570922
126986
245127
1349260
2019641
2281989
1995351
1137743
1592022
1232426
1583541
704159
538272
1388487
1030772
1666256
2010595
1008776
1823220
364550
1343557
1908712
1287214
960108
589094
714633
1567703
249956
1612444
491107
1580108
700557
2434992
586621
109085
891882
1543113
659956
382230
990665
2376681
1525894
1785116
1691349
230462
2143042
2132027
1712075
938733
319703
2343618
2217311
2287718
1691901
2234276
1245119
708148
335522
2137163
1041
525749
1881687
598758
476677
601387
155400
607671
2281997
473268
1990062
254665
959469
1637588
1878525
1022983
2293734
597562
407483
1501021
1454786
31585
2147176
1396407
61214
422983
1156486
324740
1805991
1761633
2432223
791314
2266506
776690
2164546
2306067
331093
1384835
166349
1737540
474980
234569
2341951
2255120
1281734
2044627
667565
1218325
1973339
12342
1469940
1389262
17774
1965849
830904
1101200
2486616
935186
235217
1197522
2476132
789240
978898
2288128
309544
844566
1208856
296933
515436
91921
923987
277673
576981
75601
1710403
1014576
589441
1700660
2090237
1059736
511009
643393
1166458
1280221
1277798
1354556
1103012
1586649
