5
3 2 50
11 178394 159886 56481 30866 294 30866 35 294 109551 1 130907
5 1 159886 35 1 135829
4 1 130907 56481 1
4 56481
2 159886
5 56481
4 294
1 109551
4 135829
3 135829
1 56481
3 159886
1 178394
4 30866
5 178394
2 35
5 1
4 135829
3 1
3 109551
1 159886
5 130907
2 30866
1 130907
1 135829
5 159886
3 294
4 35
1 1
3 130907
5 294
2 130907
2 109551
5 30866
5 135829
3 56481
4 159886
1 294
5 109551
3 35
4 178394
1 30866
2 294
1 294
2 135829
5 35
2 56481
4 130907
4 1
1 35
2 1
4 109551
3 30866
2 3 55
10 168432 75310 169136 89380 62550 143318 176749 32813 1 32297
10 168432 75310 176749 153855 32297 32813 143318 169136 62550 89380
5 62550
4 143318
2 143318
2 176749
4 1
5 169136
1 89380
2 62550
3 176749
5 32813
2 32813
3 89380
4 32297
4 153855
5 168432
3 32813
2 75310
3 143318
3 169136
1 143318
1 168432
1 168432
3 32297
1 169136
5 1
2 23106
5 143318
1 176749
4 168432
1 32813
3 153855
1 32297
5 176749
4 176749
2 153855
2 32297
4 32813
4 89380
2 1
1 62550
5 89380
4 32297
3 1
3 75310
5 32297
5 75310
1 75310
3 62550
1 1
2 168432
4 169136
4 62550
1 153855
2 169136
2 89380
3 2 65
2 58389 164396
14 22702 152414 1 101540 74735 86259 14838 28599 113878 14838 164396 1 86259 125385
4 113878 1 7919 7919
2 86259
1 152414
1 74735
2 28599
2 58389
5 113878
4 74735
2 164396
4 1
5 14838
5 1
3 125385
2 7919
5 74735
1 28599
5 152414
3 14838
4 152414
5 22702
1 14838
4 7919
1 58389
1 164396
3 152414
5 86259
2 22702
2 14838
4 101540
2 101540
2 152414
1 86259
4 28599
4 86259
4 22702
1 1
3 7919
3 86259
2 7919
3 164396
3 74735
4 14838
5 58389
4 164396
2 74735
2 113878
4 125385
5 125385
3 22702
4 58389
2 1
1 113878
5 164396
3 113878
4 113878
3 101540
1 125385
3 28599
2 79614
5 7919
1 86259
1 22702
3 1
5 101540
1 101540
2 125385
4 6 50
12 1 45047 106065 1 1 1 129299 106065 106065 51480 106065 87442
3 1 63742 129299
2 49409 138065
2 138065 179105
1 87442
3 106065
2 106065
4 45047
1 179105
1 45047
5 63742
3 45047
2 1
4 1
4 51480
5 179105
4 179105
1 138065
2 63742
1 106065
2 138065
1 51480
4 106065
4 87442
3 51480
1 45047
3 138065
2 179105
5 87442
5 138065
5 129299
1 49409
4 63742
1 1
5 106065
3 49409
4 49409
3 87442
5 1
3 129299
3 63742
3 179105
2 45047
3 1
4 87442
4 138065
1 63742
2 129299
2 51480
5 51480
5 45047
4 129299
2 49409
1 129299
3 7 50
13 142198 1 104932 104932 180253 1 1 142198 54950 1 95146 1 8516
4 180569 48299 95146 54950
3 1 180253 100223
5 8516
2 180253
1 180253
2 8516
4 180569
4 1
5 48299
1 100223
1 54950
2 104932
4 142198
3 54950
4 8516
1 142198
1 1
3 104932
3 1
4 48299
1 95146
2 1
2 142198
1 8516
4 54950
1 48299
4 95146
2 54950
5 100223
3 180569
5 95146
5 104932
5 8516
2 180569
3 100223
5 180569
4 104932
2 100223
4 180253
1 104932
3 180253
4 100223
4 48299
5 54950
2 48299
3 95146
5 180253
5 142198
5 1
2 95146
3 142198
3 8516
