5
4 2 50
3 53576 33876 137031
3 172544 160530 1
3 191632 1 23882
11 191810 1 191810 1 160530 23882 53576 1 62632 160530 1
2 23882
5 23882
5 160530
2 160530
4 137031
1 62632
5 53576
3 160530
4 33876
2 53576
1 62632
1 23882
3 1
5 1
3 33876
2 1
1 33876
1 160530
3 191632
1 172544
4 1
5 62632
1 53576
4 160530
4 62632
5 172544
2 191632
1 1
4 172544
5 33876
4 191632
5 191632
2 137031
4 53576
3 172544
3 53576
2 62632
1 191632
4 23882
2 191810
4 191810
3 137031
1 191810
3 191810
3 23882
4 191810
2 33876
5 137031
1 137031
5 191810
3 3 45
3 25250 25250 169287
4 105806 93754 37250 169287
13 1 25250 1 1 136563 47728 41891 93754 37250 93754 1 1 93754
4 105806
3 1
1 1
5 37250
5 169287
2 37250
1 25250
1 105806
3 47728
2 47728
5 25250
2 93754
1 136563
4 37250
1 41891
2 1
5 105806
5 10604
1 47728
5 136563
4 1
4 47728
1 169287
4 25250
4 41891
3 136563
3 37250
1 93754
2 105806
3 169287
5 93754
2 169287
2 136563
5 1
4 169287
5 41891
3 25250
4 93754
2 25250
1 37250
3 41891
1 47728
3 93754
2 41891
4 1
2 4 20
10 136002 1 1 168777 168777 148290 148290 136002 148290 148290
10 136002 136002 168777 136002 148290 148290 1 168777 148290 148290
4 1
4 136002
5 1
4 148290
5 136002
1 1
1 148290
3 1
5 148290
2 1
2 168777
3 168777
3 136002
1 168777
5 149333
4 168777
2 136002
3 148290
1 136002
5 168777
3 2 40
5 109448 1 1 102668 128107
4 1 102668 21563 1
11 1 1 1 1 189159 1 1 168592 29247 168592 1
2 189159
1 128107
1 1
4 1
2 21563
5 109448
4 168592
5 128107
3 128107
4 29247
3 29247
5 168592
3 189159
1 189159
3 1
5 29247
4 109448
5 1
1 109448
3 21563
2 168592
1 128107
2 1
5 21563
3 168592
4 128107
5 189159
2 109448
1 168592
4 102668
4 189159
1 29247
3 109448
4 21563
2 29247
1 102668
1 21563
5 102668
1 1
3 102668
4 2 65
2 199432 151931
13 33937 129576 74053 1 128841 33937 192266 1 1 61154 161808 130212 74098
2 1 192266
3 199432 51138 199432
4 192266
3 192266
3 74098
5 199432
4 130212
1 128841
3 128841
1 61154
1 130212
3 129576
3 61154
2 74053
2 74098
5 151931
1 33937
3 51138
5 33937
4 199432
4 33937
3 151931
4 129576
1 74053
5 161808
2 161808
4 128841
1 51138
5 129576
3 199432
4 51138
5 74053
3 192266
1 199432
3 161808
2 51138
3 33937
2 199432
2 151931
2 129576
2 128841
2 74098
4 151931
2 192266
1 74098
1 161808
5 74098
2 130212
5 51138
3 130212
1 1
4 74098
5 128841
5 192266
1 192266
2 61154
5 130212
1 129576
1 151931
2 79614
2 1
5 1
4 161808
4 74053
4 61154
3 1
5 61154
