5
277 4 1000
5 149604 92685 31068 17674 131425
7 42812 87833 15579 118942 33721 111150 151718
3 53649 125490 38334
5 146813 161609 51666 31877 50229
3 110255 153617 114587
4 194698 141595 151380 6678
941 126429 189640 96987 73088 166093 34690 69738 55303 41936 37433 161609 90072 2176 86016 1 161609 92944 15404 174983 63754 94765 98612 1 1 111003 70265 118659 171633 46423 41335 129546 1 66155 133658 66155 66155 192969 142451 157647 121763 1 67562 1 135728 141176 142028 195223 1 128387 1 196161 1 31894 66744 36431 6664 53649 20462 111441 61500 179518 23769 133045 57137 1 189640 164251 161609 4765 1 82520 133930 32110 75934 154952 46601 129419 1 1 127592 74259 110154 85868 45745 130074 1 195296 176570 60449 181431 1 182993 1 36777 180525 27343 96102 64114 49473 72316 38267 92579 79963 70265 66155 62189 29321 91459 147946 135661 196967 161609 28435 68494 185634 33605 77677 166247 161609 25394 116330 181039 34794 71804 40215 468 161609 1186 173901 28292 169748 91814 1 181134 1 26270 142160 73737 1 55170 1 41343 80345 6678 90992 142129 86470 161609 139183 84148 68563 1 66155 15404 155191 122257 51714 46146 61500 6708 26270 12346 141882 115185 167166 129146 1 61194 182163 1 170748 62103 196781 124470 1 196967 161609 155286 102550 28035 161609 194402 91716 1 176825 41343 10454 181558 33605 1 118654 1 52134 63754 84992 40893 194321 1 60442 180416 29766 1 135971 1 158698 166935 134599 1 46611 161609 125573 1 109899 3707 161609 176949 4765 31894 1 194856 192828 147436 1 195223 88351 82649 98688 1 1 1 106561 178949 1 137104 161609 4698 45684 198912 60442 114947 87355 161609 152459 190505 57057 192743 1 2835 1 65572 80430 161609 160233 1 69303 79326 128500 59213 184473 91661 161609 107178 162882 80110 1 107996 114992 33320 1 107996 59213 161609 1 162882 12871 125454 1 1 17674 66798 32110 105338 1 140161 90072 178949 84751 53254 51959 57375 66155 142573 186639 66155 111210 15565 72550 1 174430 57735 47958 1 83343 1624 89033 118942 91664 197848 166569 160233 1 196061 40716 65029 119480 139576 91023 122236 1 179518 83821 46205 56190 97809 1 166539 6321 1 32689 40083 1 179780 186973 77299 118205 127629 1 34152 152984 53333 134844 12844 161609 97609 26343 26958 198912 91087 9002 149472 84215 142129 86093 10278 129455 138409 129146 72221 123880 31149 103994 92685 79326 1186 171505 174696 84751 98500 1 1 117598 140912 138077 1 144398 1 160985 85485 62029 180639 128468 114812 181134 161609 1 98612 62901 41519 6058 57603 1 164582 117594 180525 63754 1 185174 120917 1 11205 1 27845 50229 132685 1 106328 5059 192828 65900 1 36431 90465 88351 1 74259 186364 18171 1 132471 3172 184460 95523 65201 114401 121763 134844 1 176116 161609 177280 161609 34794 76977 119645 4765 133877 53566 167714 161609 1 148462 92601 189298 40722 22190 1 90072 161609 40716 188203 95523 72947 1 102550 106362 190199 1 1 100218 29766 32034 1 15565 192743 183670 152052 196161 118851 29321 28662 135969 185562 71935 40722 197093 1624 18963 1 92546 87276 1 79606 88765 140945 90761 126429 46994 1 7870 96987 52517 977 106362 142304 1 65182 63947 1 1 22572 1 97809 170674 85763 174983 107178 1 25040 3172 66155 22190 81259 173420 70282 68563 1 133692 141059 161609 1 161609 159860 96102 61500 134804 76105 192828 153783 161609 181634 95608 15437 198912 66155 66155 161609 144753 133025 193249 159181 1 169214 37390 1666 4978 196408 184828 1 147436 172179 120788 192969 32970 189640 1 34690 60253 20010 68494 194169 1 40843 62516 51308 152900 28761 83045 161609 5235 197446 66155 31894 142354 133045 161609 161609 66155 122236 113026 194169 90536 40215 25394 40357 144290 181281 2158 1048 48349 162871 1 143194 29766 178184 149604 86013 82649 79326 159975 185562 86087 50921 1 28761 161933 121303 1 1 89033 78984 86093 66924 104077 124632 161609 1 133658 1 120788 28435 87355 189447 172490 140669 18677 13348 172081 1 66155 124125 1 161609 66155 99065 35322 17134 172490 68181 139576 12293 1 175132 103994 1 63599 161284 1 138732 96421 66155 2176 68860 134455 1 111441 38985 21958 122018 166935 1 1 123880 194556 55544 1 137552 162871 38334 42812 145527 124938 50571 30670 41519 160788 139177 77677 178946 94765 150633 66155 1 161609 169524 51556 22945 161609 117912 135971 161609 1 93973 174467 33929 97609 73462 98960 6321 192920 1 66155 178946 152459 91661 1 185436 1 141797 161609 66155 181545 56195 26003 47958 26425 1 1 161609 95237 66744 74287 148603 98189 73227 153617 178205 1 160233 152330 68494 176825 78684 161609 90992 1 174248 2408 124227 86016 1 151427 98995 148198 32028 76105 70873 87462 180416 55654 58379 14502 23221 137104 129431 62029 193397 66155 182610 148462 40439 106328 3998 80170 12274 72332 192920 34034 84761 20462 142818 63038 66155 133658 83315 180639 128500 103145 167727 68382 98500 161609 1 120919 161500 66798 139363 160387 66155 58635 11320 13348 59269 74349 3692 1 175132 1 198232 54068 110154 8610 47410 161609 66155 26343 161609 51714 110286 134599 129455 22985 117594 83315 1 66155 1 186639 12871 161609 182993 104077 124470 57375 133025 161609 50328 21634 1 1 43381 54683 161609 196967 77617 6678 155191 125454 32917 1 38872 182698 167148 66155 18335 179056 1 70118 66155 178310 110174 77441 1 851 196061 119690 36687 40722 72947 40656 1 45964 40357 96791 39739 95608 1 127592 161609 1 148718 62029 50921 105041 156631 184460 140668 161609 12307 125048 134455 161609 124938 11604 78926 80199 111003 11338 40843 68382 92672 1 174696 81230 1 1 124159 182698 141882 178371 95908 144502 119552 65230 114812 127592 133077 14502 161609 1 81641 69967 159975 1 183670 21575 80199 161609 161609 16133 31068 1 1624 181558 86352 96292 158018 161609 161609 169577 15257 110710 161609 131141 5432 66155 181672 174983 144513 97573 1 46146
3 119364 77617 54683
3 77677 167615 41519
2 161609 14880
2 41481 8001
6 142160 161609 96526 66155 181090 167872
3 186754 94002 32028
2 66155 139177
6 120917 146080 45745 2158 10375 166569
2 98995 91716
4 15404 120919 66155 146813
5 6321 140117 98528 144290 41606
3 42812 46425 66197
2 100218 185641
3 79113 59213 66155
3 46682 176021 178310
5 161609 6708 74287 2327 128387
4 97609 161609 54289 39739
5 161641 131548 80831 66155 161609
4 174430 6573 167166 123139
2 180639 111210
7 88198 182433 184473 192743 147288 75575 64160
5 100218 33320 130074 142251 94765
2 101144 3692
2 26353 135623
2 167148 153617
4 44580 134243 163604 41606
4 4729 130207 66155 152459
2 66007 41606
2 112852 29153
3 66155 35322 150377
6 142160 128500 66155 50421 73699 136424
5 80170 71374 3692 186527 7066
4 42732 41850 185174 129419
6 50229 116993 66744 144290 144513 143231
6 26337 5436 75112 26270 99065 114445
4 75188 114445 148718 66197
2 96791 66155
3 148880 195913 181090
2 128939 142129
4 135728 59896 131162 134669
4 53333 43866 65187 67948
7 66155 2734 7870 43240 108764 161609 161609
7 2751 90761 75657 139255 144513 142678 143231
3 66155 71935 165103
5 186973 64160 80708 169166 56195
3 96421 140294 21575
6 75575 92546 54185 26353 133692 145834
4 95251 142678 118659 111925
2 22212 29254
2 161609 138955
2 92944 163692
6 21958 6711 112277 161609 196781 47958
2 65492 76204
4 30025 128630 197848 152900
7 161609 60466 51556 118205 169707 46611 113744
3 195913 163763 168545
3 154952 154952 90096
5 85868 148198 134243 181545 134308
3 172081 164331 126187
2 43343 134844
3 92468 132471 150633
5 90992 130155 138732 105884 157188
4 195888 51029 153400 42201
3 33826 182433 176021
4 85763 101818 69303 72221
4 105777 91664 14434 161609
2 161609 21374
6 178455 161609 152330 125490 134308 132685
3 161609 72947 17674
6 144502 11185 106561 134308 163763 193397
3 83315 131152 114132
3 1666 125490 37694
3 117598 101818 93973
3 151427 16477 3172
4 121303 151380 2327 121763
2 110593 63057
2 90096 19951
6 190199 70265 86087 130388 26003 174110
4 61194 66155 84713 131400
3 32994 12346 66155
3 65029 187708 134804
4 67562 98500 86087 111150
2 66155 118654
2 45684 82649
4 26337 31368 25271 106362
3 91664 66197 161938
5 124894 196408 66155 49621 39163
5 2751 37117 55262 66411 56195
5 9062 79606 53566 9062 33778
4 119480 32580 37035 40616
6 91814 114132 2751 97294 169577 27343
3 141797 189447 130155
3 161609 108603 130649
4 28292 161609 137552 66155
2 85485 161609
4 174248 198391 116330 10375
2 114992 84148
3 127901 72332 36431
4 128630 33194 10454 161609
2 197093 156631
2 93106 72550
3 111925 181740 75934
2 60449 94682
2 16133 68860
4 147391 113744 110255 180416
4 108603 184828 162413 122236
4 196644 161609 190654 36687
3 116710 167727 59269
3 140581 161609 43240
3 29726 193644 91661
5 160985 113038 126338 194173 111925
7 152052 27343 11575 22985 75188 194856 31877
3 181039 11338 2879
2 38442 106328
4 139161 22014 161609 180473
2 99060 75188
3 33194 193397 180801
2 15579 106331
2 138567 1048
6 170742 146080 124227 38879 26353 143026
2 142003 6573
3 66155 176825 17827
6 161609 87324 134722 37093 168462 149472
2 105777 103889
2 138409 16236
4 65187 167166 65572 179780
3 20010 38267 66092
4 46146 65900 103045 33605
4 2835 124470 161609 161609
2 79399 91087
6 8852 122018 151718 75657 192920 165103
4 65182 57603 128376 106794
4 152407 28034 40656 196161
2 152541 142028
3 98901 3732 181431
5 59356 181281 176570 117594 106331
2 119690 2734
2 50571 129270
5 181463 144783 84761 140669 136268
3 153944 6664 46682
4 45133 128376 161609 10454
5 56190 80110 73227 5436 95908
2 181134 143231
3 106794 161609 161609
2 132516 33929
6 35322 144753 82698 90803 168655 186510
8 165776 27845 139161 117598 167227 105830 181740 170742
2 80199 157096
5 89033 66155 87462 123880 157188
6 185641 174706 161500 4729 176615 117912
4 31695 63599 143026 90465
3 5432 123030 132550
5 169267 13217 114445 124938 39163
2 62228 36325
3 120172 99729 29497
6 173901 134243 130155 195888 32776 110644
4 172998 72221 38634 66155
6 72316 181741 190505 66155 173420 142451
2 197428 68265
2 2327 161609
5 44580 184828 128542 140668 161609
3 66155 24678 188571
4 133077 15157 142434 155286
6 46438 142678 161609 185436 184075 36367
4 143194 172179 42225 148462
4 161609 127212 114587 168222
2 194173 12016
6 131152 5432 68382 123225 37093 71804
2 161609 15306
4 5235 31932 128387 66155
2 140206 45133
4 158698 7038 197446 198232
3 68649 84761 119480
2 139363 185634
3 188571 48275 132471
3 70297 20462 195100
4 140912 70103 104077 96292
5 66155 118831 158066 60466 158698
3 82698 105338 198391
4 12871 80110 59896 161284
5 77441 110710 171505 84215 161609
4 169214 11575 6900 110593
2 97925 66155
2 87355 42732
3 196061 177664 51029
4 37390 29153 28292 130757
2 177093 185641
2 65492 73906
4 92468 161609 182610 2835
2 10278 73227
5 49473 125420 63038 16133 172490
4 135728 196142 84751 4698
6 161609 130649 86016 45356 190654 159805
2 99589 59356
4 7066 165776 2296 179953
2 186013 26425
4 69425 1186 80430 83934
7 110286 105884 178371 51029 143207 163692 96526
2 151602 99729
7 27282 18149 16303 114396 153141 38879 97353
6 167148 15257 147059 99822 468 79963
6 11338 58379 38879 140117 140581 12307
4 77751 142003 59356 41233
2 23221 181545
5 142019 69967 85485 160538 123668
2 54168 129211
2 8852 40215
3 80997 65847 16236
2 96421 92579
2 66155 98901
3 129738 116335 46205
3 2516 26003 174706
3 185634 103218 168462
2 66155 109263
4 32917 188571 51959 133077
2 63038 190620
3 33721 52517 161641
3 48108 149591 102550
2 45851 69967
3 17984 161609 160654
3 65900 19849 144398
3 161609 29153 19140
3 165617 164496 137104
4 18149 111210 32970 155286
3 52638 977 80831
4 186364 161609 63262 28034
4 108603 18171 45964 178371
5 27845 176152 2879 181463 173420
3 31317 149591 77441
5 135800 46438 75657 149282 141545
5 138955 36004 125048 187080 152330
2 102380 189148
3 124412 125519 89344
3 148917 147830 468
2 142028 33124
5 161609 138260 79771 165603 28342
2 977 79771
2 192660 129455
3 126429 118851 174696
5 80708 114812 192235 22572 2257
4 30025 149591 161609 166569
4 92468 103889 142304 194556
6 176949 75934 1666 107996 33833 44917
2 100346 185436
2 161609 53650
7 179780 144398 50341 99060 7870 21958 161609
3 63262 128376 86352
4 47173 2176 169214 98960
2 105777 58871
4 151602 195100 133025 161609
5 161641 102380 196781 18963 142019
6 178310 15201 86630 165776 74287 34034
5 125519 80345 38634 94002 173026
4 38442 121806 127212 161609
2 49435 79963
2 38855 181741
5 120803 41481 29497 86093 47173
7 170742 195888 87833 7179 174248 18963 170748
6 40656 18335 70529 32776 161609 179056
2 134455 161609
4 124632 163692 29321 46154
3 66155 161609 31368
2 130388 65182
4 181741 97294 70529 49435
3 103994 146080 155625
5 110286 148259 66155 17984 113744
6 22985 62228 129146 32028 106331 66155
2 55762 179953
2 46425 65230
4 36004 34389 2986 3671
6 186973
7 155286
1 72221
4 60442
7 104077
1 133077
3 173901
6 41850
2 56195
9 60466
10 94682
4 146813
1 141595
3 11205
5 45851
3 141595
7 194556
7 131152
6 69738
3 132516
3 38334
8 114947
9 132516
6 5436
4 38442
6 65492
2 120917
4 27282
3 95608
1 144753
6 146080
7 56195
10 73699
9 68563
2 100218
3 196061
6 48108
5 140669
4 107996
1 120172
5 83821
6 128387
9 109263
4 166935
8 151602
9 91814
3 6711
10 81259
2 182698
2 140912
9 140945
2 181545
1 54168
8 182433
5 1624
5 45964
5 27282
6 70529
2 26343
2 60466
2 38442
7 91814
5 119552
10 24678
5 47410
1 132550
7 129419
2 42812
5 174430
2 130388
8 57735
5 153141
1 18335
3 77441
7 169166
8 46146
9 33778
6 137104
2 131425
7 147946
2 167872
3 28342
5 93973
10 163604
1 194402
1 134669
2 151427
6 120172
3 97809
1 41481
9 68494
9 29254
4 47173
5 121763
4 79963
3 126338
4 86013
10 124412
9 116335
10 159805
2 70529
2 135969
8 33826
9 185641
6 169577
7 162413
8 46423
3 120788
3 140581
1 2751
8 144753
8 166539
3 170674
7 25040
7 2176
4 142160
7 30670
4 165776
8 179056
5 164331
1 173420
4 65182
9 101818
2 70103
8 42812
6 157647
2 195100
5 48349
3 150633
10 97353
9 33721
10 173026
3 72550
1 89344
9 129546
4 14880
9 40083
6 158066
1 19951
5 47958
4 157188
7 57375
2 157188
6 38442
8 103994
1 11185
9 100218
3 114992
2 128630
7 44580
6 120803
2 153783
1 90536
6 135971
3 90536
5 136424
5 36367
4 131162
6 105777
3 86013
2 81641
7 151380
9 153400
9 113744
2 121806
6 143207
3 10278
5 178184
10 185436
10 176570
9 21575
10 187708
2 116993
3 153617
5 68382
3 197428
10 160654
9 2835
7 182993
10 75188
10 2516
7 150633
3 46994
1 158066
2 55544
9 121303
3 143231
5 23769
2 196967
1 63947
5 139161
4 12871
8 130155
5 176615
6 6321
10 46994
3 50421
2 66798
7 23221
1 105338
1 43343
5 127629
2 179518
2 142434
1 86470
1 28435
3 173026
6 34152
10 182163
5 9002
8 51308
8 148198
3 143026
9 1666
7 40843
4 127592
4 10375
2 123668
7 66155
6 118659
7 25394
2 16236
6 186510
6 11320
10 110154
9 50421
9 79113
5 186973
4 158066
9 118851
10 26337
4 41850
8 192828
4 45745
4 53649
2 37117
10 80345
4 152541
3 2176
3 40716
8 161933
8 128500
1 58635
1 192969
6 21374
4 100218
8 45133
1 110154
2 170674
6 59213
8 31894
6 23769
3 144753
4 129546
3 134669
2 184828
9 118205
5 66197
6 152407
6 33826
1 139363
7 114445
5 62516
5 18149
7 95251
1 196408
7 111441
1 181545
7 195296
7 84992
5 75188
8 50571
2 3707
5 53649
9 106331
6 12307
2 33721
8 123139
9 129738
5 128794
5 160233
4 95908
10 187080
6 95251
1 96987
1 68181
2 105777
2 75934
7 132471
3 74259
4 9062
5 3707
8 177093
9 111003
4 148603
6 77617
2 177280
10 33778
2 70297
6 98960
1 33605
8 13217
1 133930
8 2734
5 15565
3 189640
1 117598
8 80345
7 86087
8 17984
10 40893
1 147288
3 29766
2 15157
2 18677
9 139183
8 195223
10 196781
1 178455
3 139183
9 196644
10 9002
3 166539
8 192743
10 116710
4 140669
8 79963
7 98901
9 70873
8 74349
1 197093
9 30025
6 86016
8 54068
5 67948
7 70103
7 129546
1 184828
6 162413
5 91661
3 103145
4 197848
3 75934
5 81641
2 148603
2 181672
8 68181
7 110286
2 66007
4 166539
9 138260
2 168655
1 155625
4 135971
5 26337
9 29497
6 167227
7 108603
3 98528
2 26270
3 167227
2 23769
4 93106
2 194556
4 152330
9 82698
5 30025
8 15306
10 81641
4 33778
3 140945
6 91716
7 119690
8 90761
3 138409
9 50328
7 147288
10 153400
8 66092
9 140206
7 31877
10 143194
6 89344
3 41233
10 84992
9 84148
4 103145
5 144502
9 15565
3 107996
8 194698
5 90465
10 86087
5 124632
9 120803
1 168462
1 77617
3 33194
6 43866
3 138260
8 23769
1 126338
2 67948
5 43381
5 190199
9 105777
10 193644
9 14880
7 185174
5 19140
1 190505
7 158018
1 148198
5 38872
1 27845
9 53254
2 55303
3 53650
9 36777
10 161938
5 63038
5 189298
7 47410
2 26353
10 57375
3 86016
8 171505
5 179953
8 16303
4 116335
8 73462
1 130207
4 159181
8 6058
2 92468
6 114587
7 136268
10 142678
9 22212
10 148259
7 59213
4 129270
5 182433
10 11575
9 181545
8 92546
7 38267
4 2408
5 129738
4 90992
5 36777
4 28435
5 38442
4 114396
4 38872
1 32994
1 36777
3 66798
3 129455
1 47410
1 37117
9 86013
2 53333
4 126187
2 52134
1 172490
2 48275
5 56190
3 153944
2 15437
3 13217
2 63599
3 182433
6 93106
10 163692
5 195888
9 5235
1 186510
4 41936
8 31149
5 90761
6 111003
10 170742
8 152541
6 75112
5 46425
6 11604
7 127592
8 75657
1 21634
7 132516
8 16133
7 164251
3 90096
4 120803
3 19140
4 20010
5 97353
2 11205
2 194321
3 66197
5 88765
4 109263
8 166935
10 38872
3 33124
7 166093
4 68649
5 25271
7 16477
3 169748
7 169524
6 140206
8 124938
9 32110
2 51714
6 135728
3 70282
10 108764
1 101144
5 25040
2 181281
1 59896
9 186527
5 2516
2 174110
2 77617
2 60253
9 163604
3 55303
6 53333
5 12274
5 46438
4 159805
10 70265
3 169267
4 141176
2 22190
3 198912
5 61194
5 96421
8 30025
7 96421
1 180416
7 142304
8 7038
5 144783
7 172998
1 142028
7 63754
6 133877
3 155286
2 108764
9 124125
2 39739
4 194698
8 64114
6 6711
6 72316
9 80708
8 91664
3 31368
7 13217
10 104077
2 141797
6 22212
5 176152
4 128939
2 70282
6 184473
8 50328
4 10454
7 179056
9 118942
3 41481
8 182610
2 110174
3 141882
10 80997
6 161938
9 128387
4 90465
7 128387
4 148917
3 61194
1 129211
7 19951
3 31695
3 18335
1 136268
3 48275
1 55544
6 80831
6 31877
1 65230
1 177093
1 186013
3 16303
5 138077
8 33124
5 97809
2 105041
2 8001
7 67948
1 11575
6 141882
2 65029
10 131141
4 125519
9 6664
1 122236
3 144783
10 147830
7 86013
5 66798
2 95251
9 98612
2 79771
9 6321
9 74349
2 110710
3 65847
9 97353
5 145527
10 18149
9 48108
2 1624
7 159860
3 50921
3 169707
10 192660
5 14434
10 113038
9 167714
1 73088
10 91716
1 141059
1 98960
1 151380
3 84713
3 169214
7 186510
8 74259
5 46682
7 68563
7 33833
1 66924
10 118205
5 167727
2 192828
1 135800
8 16236
10 98528
7 15565
9 176021
5 88351
2 178455
4 190199
4 109899
10 82649
7 46146
9 76977
7 65847
6 82520
3 123225
5 121303
4 140945
3 77751
8 39739
1 118654
4 192920
10 192828
3 38267
8 23221
2 53254
7 159181
8 18677
8 140581
6 31894
1 187708
2 114992
4 152407
2 83343
10 57603
7 142451
2 103218
4 83315
6 31068
3 110710
1 84992
10 33194
3 40843
10 194321
8 114396
3 63057
10 73088
5 16477
8 120172
9 126429
7 105884
2 176949
6 112277
2 183670
6 127901
5 134804
8 1666
1 153944
3 27282
8 105041
2 40083
6 13217
2 41343
6 33929
7 16303
6 8001
3 170742
3 45851
2 90096
8 152330
6 153783
6 124938
1 142251
8 142019
1 140117
7 98528
3 2408
2 195223
5 68265
8 1
5 130388
5 32970
7 128939
5 11604
5 153944
1 103145
9 180525
4 38985
6 18171
7 48275
7 57137
6 851
3 172081
5 169166
10 31695
7 69738
3 118205
6 148718
7 60442
9 119364
3 89033
3 178205
7 140117
3 23769
7 134243
6 186527
2 15579
9 142434
1 31877
8 34389
6 135969
7 196142
3 80997
3 166247
6 169748
7 167227
9 169214
4 173901
2 63754
10 144398
8 182698
8 160538
8 96791
2 40357
3 42225
7 151602
5 57137
9 128630
6 158018
10 50328
7 185634
4 30025
8 185641
2 187708
3 190620
3 39739
4 31068
9 33124
4 58871
7 192660
5 121806
1 154952
10 156631
8 167148
10 61500
3 130207
7 53333
2 118851
2 127592
3 91661
7 33721
4 3707
8 135728
2 105338
9 174706
6 92579
9 40843
2 46611
6 16133
9 103889
4 32994
9 45356
4 167727
4 125420
7 181741
9 54185
8 155286
5 46611
3 135800
6 178310
10 194856
1 82698
10 41343
1 25394
2 100346
8 15201
1 176570
6 192660
2 181463
7 138409
7 181558
7 197093
8 90465
1 51714
3 85868
7 130207
7 198391
1 80831
6 182993
4 40083
1 42812
2 40616
10 120788
8 134243
7 113744
9 22945
7 80430
10 143207
7 41606
5 148259
1 135623
4 174110
4 196644
1 29497
2 51308
6 59896
9 6573
7 186364
3 21575
1 139177
6 44580
9 123880
5 54683
10 123139
7 66411
2 73906
1 162882
1 125420
7 48108
6 186639
6 133077
3 130074
10 53254
4 57375
1 128542
1 140669
1 182433
1 46425
9 96791
6 119364
10 196142
5 91664
7 41936
3 147059
3 183670
7 117598
7 132550
3 51556
3 139576
1 74349
5 77441
5 167148
1 181039
5 33929
2 129211
8 178184
8 178205
2 134308
9 182433
2 62901
3 186639
4 32110
5 118659
3 196142
7 85868
4 143207
2 195888
4 97925
2 124227
1 152541
5 47173
5 73088
6 51556
2 63057
5 57603
1 41606
4 55654
2 139576
8 110255
10 26003
10 132516
3 92944
9 62901
1 152052
6 148917
10 158066
3 198232
4 59356
1 2327
4 103889
5 105830
4 170748
4 171633
2 186754
3 22212
4 4729
5 138409
3 47410
2 57057
3 26425
5 125490
6 41233
9 71374
2 6058
10 83045
1 43240
8 14502
2 20010
7 181672
1 142354
5 167615
4 70529
8 2986
5 119690
7 63599
1 67948
2 97294
4 189640
10 130074
8 164331
1 123668
6 15157
6 197428
7 99729
4 97809
9 120917
7 96526
8 851
5 72316
4 103218
9 192969
7 152407
3 5436
5 120917
9 82649
7 62189
9 106362
7 103994
1 126429
5 101818
1 6664
3 5235
4 105338
8 69738
9 54068
1 143026
9 194698
4 124894
9 128939
9 110593
10 195223
9 65847
7 55170
8 89033
9 29497
8 144398
8 50229
2 118831
2 28035
3 25040
3 34690
11 4 1000
102 39985 144377 64289 11077 142503 114926 85922 185131 120542 28696 1 17049 24576 58060 152892 37813 59318 26336 167008 104344 1 108705 1 152583 138739 157199 93153 111104 194215 101055 191946 195408 9479 196541 1 160577 5568 44343 2529 30869 148213 194842 41560 158811 135379 49594 125329 133430 1 171904 2529 178169 150482 180649 18308 78700 177456 110674 30001 19788 171764 14740 129652 87634 191929 166194 94822 31680 157091 24227 198730 62218 19030 150987 139284 196204 71787 107994 1 85391 1 53520 18518 181694 93919 129061 183069 14023 94515 1 169977 145324 359 52556 1 90176 1 195292 113085 19030 8636 135333
111 145332 184591 1 91810 168877 171100 1 1 165215 104915 1 1 53990 99462 171182 122641 1 12359 1 144393 1 50588 27237 66848 149158 2506 44763 20679 64161 1 160304 137163 197048 17148 1 2381 75528 171100 58291 102740 90653 143800 19883 95994 159466 1414 108356 172038 176935 1 14926 163515 102001 1 1 45733 45609 167008 189298 148653 71787 170639 51948 1 60083 5179 137378 1 26373 1 165656 157095 47931 95597 89394 142133 1 94871 138211 1 108137 51062 49818 151739 95525 31680 172846 33811 26693 99600 182864 51062 32747 51062 1 43317 35793 1 148662 74494 152094 73931 1 56697 55529 1 182972 9141 78067 198273 33946
111 167405 24107 115569 1 172302 149158 130264 191366 168764 13469 191119 1 136653 192200 86091 93165 1 156315 170639 116795 199979 185329 143111 140098 78036 50713 78075 37410 143257 1 189424 59783 28225 1335 108535 29433 89173 140850 71122 168426 195292 1 13118 164130 76543 85464 197364 80956 57096 7479 1 154564 110379 43702 170639 36404 191929 187069 133442 107077 158265 99462 64810 111604 21231 145390 70130 148174 43946 177677 67800 27768 1 136645 36844 16616 187812 143111 128154 1 28348 106113 1 16149 91870 1422 1 150482 14926 71847 122514 19708 10342 11277 1 146660 168649 87459 178312 75557 1 43439 43317 88331 74298 90861 34361 96083 151001 151001 145220
814 107077 171009 150987 50191 45352 123685 172376 117278 197252 81898 161619 1 108797 1 16507 136063 126247 176935 18518 149158 141268 160998 148261 194215 99319 1 3081 56259 110782 1 183627 187317 79237 31124 197080 63137 1 139894 175402 157095 58739 59335 1 176318 103586 104915 152583 104424 89397 182720 182317 1 55076 155204 1 67394 1 186589 129326 1 21136 1 117041 184824 45308 1 131218 32888 93930 84138 49818 57648 134545 134424 14907 122421 108797 78801 72088 68621 1 40516 30965 75741 60270 77055 116433 23551 30965 59335 2798 111485 1 2478 1 25926 117278 116245 178600 14907 139137 68268 151641 44177 122421 1 51948 178054 1 138595 131371 114721 137378 149554 4898 78878 141914 184686 161719 50086 107994 184485 71627 87400 59895 77813 178048 1 58138 1 1 1 158452 58312 144365 38040 113085 18100 29804 50086 50588 149568 150339 1 25926 132092 172476 43702 187317 75834 132180 81898 43563 181284 149318 24286 160168 27059 54787 124092 1 175402 144365 1 1 13139 102514 129706 151590 1 185131 85464 183627 110962 27877 180226 64029 25752 1 168228 50973 82115 145332 1 885 81898 1 10425 88383 187069 186926 11077 173295 88233 117402 1 47685 3366 33703 152972 149873 141914 1 119844 59318 91810 53474 1 50588 55336 1 5179 30869 95719 10776 1 152162 178504 1 166896 69042 45331 94535 1 107276 6542 57444 90653 70176 23331 19788 57366 185858 40710 136739 19030 166674 94822 145210 191366 145936 75859 1 19883 44343 60640 136653 1 106967 126002 161538 147163 196541 158382 146660 113533 42590 1 1 176951 87634 135035 168961 60579 54976 24227 170402 10969 197550 78795 8235 191974 144632 75741 8636 1 197160 1 60270 196292 45733 2381 71393 78069 197364 197252 168228 103782 113733 86834 131371 1 1 4154 1 40080 155260 8303 1 189369 187368 1 189424 94515 102514 95719 73923 198469 1 199844 1 161969 152162 59457 33096 100900 37813 131371 77619 199979 95525 156498 172038 59783 1 159466 35639 101224 130260 175418 152892 68268 133518 3081 108804 37473 184454 24576 16011 1 1 57914 155401 25323 180641 1 1 69167 27059 1 69673 1 178054 90398 111208 166674 52123 72748 1 9479 168174 1 197961 12780 64029 165656 157051 37308 1 170785 98200 141938 31532 24890 15006 151010 122986 16670 64677 41744 4421 139541 16900 885 88233 1 173558 9625 104125 113733 108784 110379 100987 162902 95994 57028 178504 2375 113733 50086 1 144435 151797 148653 93962 133520 19708 123730 1260 78878 1 102931 125096 9204 183627 14639 48043 1 82001 158452 127762 30884 168014 37712 192636 32985 175007 95490 55546 31124 967 1 68280 137875 1 191946 1 1 57566 154564 158864 52344 178312 107276 184824 167635 76700 110095 86168 165704 70641 151641 166896 1 133900 146706 180626 143800 56031 155840 57444 199742 68280 1 166194 76543 100429 525 197160 98868 184485 168764 59895 106446 42083 178312 1 20679 184591 6182 90208 114307 158811 1 162634 83276 182972 1 111485 15006 167398 142848 1 168228 52556 1 44335 129061 18526 129652 155401 189424 1 143800 1 64962 54174 15417 51653 1 93930 1 120656 86699 109457 117944 141914 43845 187602 175904 3321 7728 180641 195433 149628 6936 190838 1 121608 28490 135035 1 103144 132152 114307 39004 54561 11385 194842 75476 1 165704 96083 93962 75741 66761 44564 1 1 1 48253 156102 91064 36858 108705 146660 139802 92369 125204 158202 148755 2857 168174 37092 184686 1 1 114583 188692 43946 11277 109078 88317 1 142848 1 158382 132011 110962 126002 185858 56031 127465 26551 1 127220 1 13341 132823 167635 76700 172476 184454 78067 141471 74905 1 94871 1 43439 64289 140960 176935 111104 82099 1 134750 76712 1 28696 60 92369 78069 195408 29433 69230 1 16042 17049 194562 144287 167008 72454 1422 109391 175905 118253 86168 1 131505 94822 86220 90208 133287 191946 17148 171182 100238 21136 176174 188742 86091 75824 178504 82115 148213 158864 19685 161619 1 143854 30001 132092 87459 168261 1 66848 168131 84061 57251 57366 41560 196310 1 1 11621 138739 9141 18918 1 187308 141900 1 163515 187699 121719 15417 80269 1 27302 39358 197364 166194 168961 133473 94535 99263 171402 11895 188742 151641 56259 602 180626 85196 1 110479 128791 72555 26336 1 144690 150104 10507 148174 75557 1 102148 134991 1 123347 126739 23551 10969 1 6182 165215 61482 9204 182720 13118 128302 149185 112095 126739 166617 98512 35397 1 1 1 9454 129061 69230 158202 134424 12164 43563 174544 35793 64407 1 52556 1 1 19542 1 111485 142712 71393 122472 82001 25030 40710 187308 170785 122472 161619 165884 1 96798 44177 43946 119983 145936 95467 49015 1 125096 1 168261 82099 33270 177491 121557 48432 15912 107439 187368 124492 122602 64029 170264 172422 9625 1 12322 110782 1 128154 116433 108804 103782 193089 1 44564 70009 89173 118253 118251 33946 119948 131988 103215 104560 67434 20724 26 59457 130178 18100 150339 19637 116795
124 23023 75904 112095 36334 1 161969 150992 160998 9304 41941 95359 165215 1 1 3051 54174 170598 10342 1 96064 2375 1 55429 167464 139541 30239 106967 9270 68250 2352 133518 108410 195408 149894 1 95490 101850 35359 177491 35793 90208 83138 1 25752 74920 133900 104560 59911 5568 186483 33811 148261 89394 77619 170402 54787 89173 19580 43702 181277 88222 23023 73981 45111 84816 1 199189 27571 68621 182864 1 1 130260 33270 141676 127301 100258 134121 53115 37712 1 150339 165396 133430 112147 1 158265 185562 145559 150104 43845 86220 103793 191119 53474 187132 186608 8636 93719 80269 2478 85218 142133 104915 141471 37308 198730 82075 1 95597 1 116795 66761 84754 36844 52080 64764 108500 104560 185562 1 88210 34055 135333
121 152162 4362 186926 198540 90861 145390 176174 16900 107287 66587 184454 37712 148389 85464 1 1 9304 148755 40080 71989 74298 133842 24576 1422 123546 148755 144435 1 40516 149656 1 83257 196292 148017 163301 38635 43831 56031 1 140850 133842 191974 122971 1 51653 68280 78878 169977 1 145210 66836 168261 170785 2352 135226 70131 131682 52080 71393 8115 78801 168764 147897 5179 23711 198871 24890 27302 111764 1 55336 127762 1 88317 153213 19708 149975 53424 33496 54976 1 10507 10507 75834 59895 1 102931 156498 1 170264 172302 1 103215 30869 127762 1 118089 107678 110962 32733 56259 191462 1785 78036 144632 1 42590 10969 28696 33270 197080 85218 1 145390 9454 28410 110095 130264 139894 112821 160577
110 153522 26620 180641 168877 53474 65031 186589 55076 26620 184485 67394 126002 54261 195433 109078 109391 145210 1 6936 188325 1 33501 122893 157186 164130 19542 27299 139894 75834 89394 73931 154564 3051 57914 19637 4431 103779 2478 1 165787 96987 26 27571 72088 55529 74494 48937 112631 15006 162634 44343 40710 1 163384 1012 1 94989 184686 180626 144393 114721 66180 5922 1 176318 45331 1 35763 6182 83138 194921 193089 11895 1 171617 113533 118089 1 177677 178186 64810 16055 117402 71394 127611 152892 5568 140850 16394 102740 48432 1 86699 37473 187602 3081 119817 66761 90176 137878 131218 198273 104424 9625 95467 4362 54174 166896 71874 47685
110 184824 102059 1 117402 149536 191446 2506 16042 144365 121719 126247 45352 1 115092 1 157051 121423 32888 1 145332 27237 1 1 122641 161341 170906 139284 1 199844 103779 107276 93165 96083 122602 172422 106967 69636 25030 160304 88317 1 173930 43439 57096 183069 1 73923 119931 602 19883 55547 11774 6539 90892 1 37956 1 1 16943 110674 137356 54787 53725 151739 144287 14620 157199 197822 55336 96394 1 99600 50699 183929 19637 156670 61319 172302 189369 131218 157199 136063 34055 64677 359 1 7479 64764 18526 1 89757 164130 57887 1 144377 6539 1 6936 144624 141471 1 71874 68250 196830 178048 129706 60046 1 139794 152583
133 19831 1 143854 2529 59335 1 111764 18100 113533 76543 43317 75824 125329 195718 62218 1 2857 84061 175402 83052 149894 57028 175418 111604 147163 135226 195928 94871 1 172476 77055 25204 84061 8235 175486 176951 102740 82075 122524 33096 175007 163301 144287 134545 114926 26 176019 33946 187069 141268 87200 58739 85924 1 31234 87459 42083 1 150987 36858 139137 197252 188325 1 149554 4898 78801 9888 118251 19685 108797 147163 37410 16149 1 180649 13139 19580 199742 198469 80956 103586 31234 78067 1 141778 156670 166286 45609 151001 1084 60046 7728 103779 11774 85391 91810 167464 136739 33501 191974 133900 189298 12798 148653 151492 142503 187317 45858 38258 199979 188742 1 40516 43096 136691 25204 24107 4154 169977 6708 172038 94989 18526 2857 31532 4815 16670 35359 62218 57096 182864 139802
141 3321 76712 133520 4154 27571 60083 84216 71514 101997 195292 9204 53115 60083 7728 58291 72555 86168 144377 48432 60270 26953 36404 133287 95525 108137 87634 7360 32985 118214 16394 72088 194921 27363 36404 146706 165884 123685 139137 140960 7745 191446 69042 159116 26953 93919 1 167398 38006 154334 63390 16943 127286 9479 149983 157095 17049 55547 150992 116433 5922 82099 63390 83257 1 49015 111477 146795 194842 30965 32733 156425 71122 68250 118214 64962 51549 157934 64161 131516 1 133842 199844 133287 111208 103793 172846 165787 34055 135226 187132 153779 164134 138739 59318 72748 143111 135379 1561 54976 196541 34361 154334 13349 127465 171904 39358 145220 186926 96394 13469 197160 4898 71515 138595 6539 128154 43692 108784 125096 33501 8115 145936 57366 148174 1 68049 195718 103586 78700 1 44177 33496 136653 143854 149983 1 55429 195928 1414 23373 1
123 158382 1 142133 1084 53424 85922 1 42083 1414 1 19542 184591 138405 158154 64962 64289 32888 16670 1 144435 164791 16042 9888 148389 145559 145220 61482 88233 84411 186483 1 158150 27768 62201 187953 122602 13349 146939 121758 96987 100954 187602 155819 33811 1 1 54134 39004 102148 118089 58060 67394 13349 44742 107994 60397 133518 92604 161264 149536 16011 161719 23711 17148 1 163332 70200 69042 145226 161341 1 52080 123685 149514 133442 1 1 10425 1 1 1 94989 25752 48253 198871 143257 78036 145324 186483 123546 14740 86834 1 44571 111764 66619 82013 1 1 1 71989 141900 64677 153522 1 114583 1 102514 132152 95994 121157 166680 176019 114926 176174 178600 108356 137163 138211 46804 158874 1 13469
5 43692
6 93153
10 84816
1 151739
2 114926
1 176174
4 60
9 190682
1 191929
4 165396
10 17148
1 123730
1 140098
4 121758
2 175007
2 157091
3 183929
1 139802
9 165704
1 133473
1 75557
1 89394
7 165704
9 111604
6 967
5 55546
3 11774
9 33096
10 171904
1 27363
9 176951
9 182317
1 58291
4 142133
6 184591
1 33946
8 54174
7 174544
10 2529
2 121758
1 71393
5 35793
2 101055
2 115569
7 15912
7 12164
9 43946
5 45111
3 66587
4 164791
4 107994
9 195433
1 151590
6 172476
1 16507
7 7360
2 19685
6 32985
1 9270
1 23711
1 134545
6 142503
1 1260
2 186608
9 43317
10 149318
7 82099
8 102740
2 96394
2 53725
10 66619
6 145559
8 152972
5 136063
1 55547
5 53424
10 18918
3 23331
7 32733
2 141471
3 168131
1 967
1 158874
5 160168
1 160168
2 131516
1 174544
3 16900
10 16670
8 141471
4 73981
1 14023
3 1414
1 149983
8 151641
4 39985
1 148261
1 123546
3 108804
3 181284
8 134121
1 19788
10 50699
9 136739
2 197822
1 93165
1 159116
4 12164
2 187953
6 133518
5 62201
3 149873
3 43845
10 141778
7 43845
3 136739
1 70641
7 168174
1 78036
3 66180
3 125329
7 178054
1 34361
1 66180
9 52344
4 199979
4 83138
4 197048
9 168014
6 112147
6 68250
9 132180
2 111104
1 175007
8 137878
5 44742
1 143111
9 30884
3 98512
1 111485
1 157095
5 53725
5 19831
2 111485
4 20724
1 101997
1 25323
3 115569
8 44571
10 57914
2 117944
2 60579
7 108535
1 139541
1 122602
6 197160
1 127611
1 63137
3 161719
4 127762
8 151590
7 163384
6 16900
4 150987
1 186926
6 177456
1 37410
7 39985
8 12164
9 73923
2 60397
1 82013
1 45352
9 145226
5 75528
5 86834
2 171009
2 132180
10 99462
4 110674
7 156670
1 191366
9 107276
1 187812
3 141900
7 119948
8 175904
4 146939
3 8115
1 76700
9 160168
5 131505
9 181284
10 80956
8 50588
7 133900
1 151641
3 102514
10 111477
10 15912
9 29433
4 4154
6 185858
1 11077
1 43845
8 110095
5 145936
3 160168
7 108804
10 77619
8 38006
5 114926
9 5568
1 157091
1 168014
2 75476
7 60640
7 19831
3 141471
1 156425
10 139284
9 27302
3 148213
6 41941
9 73981
5 19708
10 5179
1 127301
1 21231
3 35397
10 185329
2 35359
1 197822
5 135333
5 149536
1 122971
1 180226
3 110479
1 43563
1 199979
6 134121
8 112095
2 43831
3 137378
4 113085
10 135035
3 134545
9 151001
2 185858
6 171402
2 75824
1 152892
2 157186
6 114307
2 3366
1 23331
7 55547
3 121423
5 78878
2 144435
7 36844
8 127286
5 35397
1 158202
9 89394
1 168764
8 101055
2 91810
2 83138
1 175905
1 165215
2 143854
1 75904
4 24286
2 149318
6 66619
7 49594
1 129652
7 58060
1 161969
6 47931
4 27299
1 119948
7 87634
1 77813
9 32747
5 166680
2 60083
1 14639
6 113533
1 78075
3 60
1 88222
6 146660
9 185131
1 158811
7 149536
2 54787
1 75824
1 11895
6 166617
10 196541
10 150482
1 112095
1 108500
9 12164
4 153213
7 188692
6 181284
8 118214
1 71514
9 82001
1 149185
7 14740
7 70130
10 45308
1 163301
1 148389
1 19831
2 181284
5 114307
6 27299
3 9270
1 144632
4 32985
1 122472
5 28490
2 103144
4 174544
4 41560
1 31124
2 18518
2 96064
4 11774
8 192636
8 119983
3 54261
5 133287
2 73981
7 127286
1 194921
10 12359
2 152972
1 10342
1 141938
10 84754
10 122971
2 38040
9 99600
6 171009
1 57028
1 108356
2 62201
7 133442
10 171009
4 124492
1 23551
5 102514
2 174544
9 13139
3 145936
3 66848
9 171402
2 24286
6 99600
6 57566
7 89173
1 187132
9 134121
6 63390
8 83257
6 174544
5 71394
7 96798
7 26620
7 130264
7 197080
1 78795
1 155260
1 187953
1 134121
5 359
10 171402
1 66587
3 166617
1 54976
4 166617
10 107077
3 33703
6 134545
1 39985
2 84411
8 171402
1 37813
7 24107
5 174544
1 1785
1 17148
1 192636
1 111104
6 25323
1 41941
9 149873
8 25204
1 14740
6 129706
5 29804
7 35793
10 35397
6 141914
1 93919
6 13469
6 35397
9 171100
4 79237
2 109457
1 49594
9 3366
9 141900
8 30965
10 74298
9 104560
2 112147
1 64161
2 59318
6 177491
4 115569
10 191446
1 172038
1 180641
10 150339
1 193089
4 150482
10 135379
1 177456
1 122524
1 43692
9 23711
6 149656
8 45111
1 168961
1 176019
3 38006
3 117278
5 129652
1 112821
1 37092
3 53725
5 74298
3 72454
5 73981
7 191462
1 41560
1 67434
8 104915
2 66587
2 69673
9 149656
1 27571
3 39358
8 126002
3 24890
1 165884
8 195928
4 171402
6 11621
10 19831
1 7360
6 24107
1 94535
5 23023
5 34361
7 43563
7 115569
5 9141
1 23023
1 153779
6 39985
1 185858
1 108784
1 155819
8 147897
2 70641
9 35397
1 145936
8 149318
3 88317
9 134424
4 184824
3 45308
1 139284
2 166617
9 151590
1 7745
9 139541
8 39985
4 10969
6 84216
10 84411
4 44742
2 30001
2 182317
6 45111
6 104560
1 84138
1 70131
5 52123
1 143257
1 135226
9 41744
9 188742
10 67800
1 85922
6 23711
1 155840
4 50191
2 14639
1 12780
7 106446
5 134121
1 196541
3 4898
10 86220
10 167008
4 116795
6 25926
3 88222
1 110095
2 1084
6 148174
2 188742
1 142712
1 2381
2 93919
3 45733
2 53990
2 12322
4 89757
3 124492
7 182317
6 172038
10 127611
1 90208
2 28696
2 165704
5 84816
10 122893
1 19685
6 183627
8 101997
2 74298
1 131988
5 70176
1 85196
7 73981
5 85218
4 3321
9 156102
3 172476
8 40516
7 170639
1 122986
1 149894
4 33946
8 86091
2 75904
5 103586
4 194215
10 136739
2 16394
6 176951
10 35793
6 110095
5 39985
3 126739
1 44763
10 4421
10 124492
2 42083
9 75904
1 75859
1 196204
1 31680
1 16011
10 39985
1 71515
7 171182
1 99319
6 124492
6 114583
10 72088
2 18526
2 94515
4 70176
6 161538
1 2506
3 36844
3 43831
1 73981
7 166674
1 131516
9 133287
1 147897
1 4431
9 197048
2 68049
9 23023
5 60397
6 115569
7 193089
5 189424
5 33703
9 156498
9 99263
1 171764
10 109457
9 24286
3 149318
7 126739
1 148653
4 136645
3 6182
2 192636
10 72454
7 66848
10 150992
10 104344
8 152583
1 54561
1 168228
10 73981
3 76543
5 48937
1 8636
9 19831
2 54261
4 165704
1 117944
5 197080
5 98512
10 43692
3 143854
10 174544
7 28225
7 65031
9 177677
8 158150
2 140098
2 56697
10 3081
3 177491
1 103793
10 16149
10 148017
1 71787
1 43439
10 24107
8 145390
4 170598
3 161619
5 55429
4 37473
2 26693
1 107287
4 81898
2 89394
2 1422
5 8636
6 12164
1 190838
1 198469
10 8115
6 117041
1 112147
10 186483
8 130264
3 24107
10 46804
1 54787
9 27768
1 82115
6 196310
6 122524
1 96394
10 12164
1 115569
7 111104
1 153522
3 2478
1 6708
7 34361
2 44571
2 149628
1 128302
2 86834
1 53725
1 92604
10 121608
7 117278
7 45331
6 36404
1 183069
5 84061
2 149873
1 16394
3 70200
7 165656
8 178504
5 602
9 141268
8 8235
1 134424
8 43317
7 59457
1 64407
1 71394
2 193089
3 163384
9 28410
5 99263
1 35397
1 69636
8 33703
1 178600
1 24890
5 12164
2 24890
1 40710
2 133442
7 145936
10 166617
8 99462
4 188325
3 165704
6 127762
5 149873
7 122524
10 168649
9 123546
8 35397
1 8235
8 38040
7 197961
8 113533
1 149568
1 151001
1 2798
1 41744
2 45111
9 166617
2 178048
2 161619
1 84411
1 48043
1 121557
10 98512
3 107276
1 175418
1 51549
5 18100
1 124492
1 32747
1 74298
5 104125
1 14620
7 35397
10 181284
4 35793
1 33096
1 52123
6 84061
1 4815
1 86220
5 27571
9 24107
5 7745
8 191974
1 198540
1 102740
2 64962
9 102931
8 71122
8 152892
8 171100
2 37473
4 108535
5 168877
6 157186
4 128154
2 122986
4 98512
8 123685
8 109457
1 53115
9 60397
1 53474
4 149873
9 174544
7 98512
7 144377
5 45308
1 197252
9 196541
2 33270
1 147163
5 123730
5 77055
10 168261
3 184591
1 181277
5 45352
1 157934
1 171402
6 33096
7 13118
4 66848
1 158154
9 147897
4 144365
10 12798
2 36334
1 27877
8 149873
1 37712
1 20724
2 106446
1 80269
6 150339
8 98512
7 103215
4 120542
2 124492
2 171402
1 178048
2 128154
10 152162
1 194215
4 16149
7 56031
1 12798
1 167635
1 188742
3 136645
1 148017
8 85922
1 124092
7 68049
1 114926
10 122421
3 108797
4 6542
8 95490
10 75904
3 8303
10 32888
1 59911
3 8235
10 64289
6 160168
10 160168
7 3081
1 166674
8 187317
10 78075
1 198730
10 60640
6 93165
1 86834
9 167405
9 115569
1 57366
5 175418
8 16042
6 94515
9 155819
5 152972
1 121758
6 44571
8 88233
1 148174
1 197080
6 189369
2 50713
1 186483
1 10776
5 36404
3 110095
1 191119
10 60579
3 158382
4 198730
5 62218
1 113733
4 195928
1 195408
3 18518
1 185329
9 4421
1 166680
2 14926
5 4898
6 75904
1 50713
1 125204
1 70176
1 18526
6 84816
9 187699
7 84816
8 14639
1 111604
3 175905
10 34361
5 75904
6 124092
1 7728
10 165884
10 70641
8 2857
7 158154
9 165215
1 163384
1 149975
4 165215
1 8115
7 35359
9 103793
8 93153
2 99263
2 170264
3 39985
1 75528
1 144690
10 134121
5 144287
5 132823
3 12164
10 28410
4 117402
5 178048
1 27299
8 115569
8 118089
7 199742
1 101055
8 181284
1 3321
8 82099
2 76712
10 198871
1 85924
7 145210
8 60270
1 149628
8 185562
1 127465
4 35397
3 115092
6 98512
6 99263
5 181284
8 68250
2 52123
8 73981
9 197822
5 102059
7 166617
2 12164
4 36844
1 184485
8 19831
2 195928
10 85924
8 37092
1 30884
1 182864
5 144365
1 73931
1 118214
8 53474
4 143111
9 69042
6 149873
8 158202
2 170402
4 132180
4 181284
10 84216
2 168961
8 193089
6 142712
3 19831
8 168649
1 168649
2 127465
1 135379
6 57251
3 53115
7 149873
9 1422
2 5 320
1000 17578 29513 41242 3795 107661 157567 179376 3795 113628 38497 62736 14508 143149 17452 173083 136913 126036 153983 24134 62736 65408 131532 150487 24134 150487 62736 107661 115842 115842 157567 115842 100963 150487 126036 29513 150487 24134 113628 131532 29513 187038 110253 41242 81742 17452 62736 110253 3795 111665 51455 131532 110253 173083 51455 24134 110253 126036 115842 17578 3795 14508 17452 65408 105719 38497 41242 3795 115842 38497 62736 65408 51455 38497 115842 136913 100963 24134 131532 41242 187038 126036 113628 173083 24134 187038 113628 3795 126036 100963 131532 100963 65408 113628 110253 81742 29513 105719 187038 111665 115842 179376 187038 105719 136913 51455 153983 150487 173083 62736 150487 65408 115842 51455 3795 38497 110253 107661 185012 187038 111665 110253 110253 29513 24134 193863 126036 14508 17452 17452 51455 51455 107661 100963 111665 29513 3795 38497 187038 187038 38497 41242 29513 157567 193863 136913 14508 113628 150487 150487 136913 81742 185012 150487 143149 17578 173083 187038 62736 17578 143149 113628 179376 150487 193863 29513 187038 62736 153983 187038 187038 17452 115842 157567 110253 105719 38497 193863 14508 14508 193863 157567 113628 136913 105719 136913 62736 157567 17452 187038 29513 17452 100963 153983 143149 179376 193863 51455 126036 193863 17578 29513 110253 111665 187038 14508 105719 150487 131532 110253 100963 24134 17452 41242 111665 136913 38497 143149 107661 38497 65408 41242 51455 41242 110253 185012 24134 111665 41242 62736 136913 185012 173083 81742 187038 143149 24134 153983 111665 115842 100963 187038 187038 173083 157567 187038 38497 29513 111665 38497 51455 14508 38497 111665 41242 179376 24134 111665 65408 153983 38497 179376 131532 126036 65408 100963 3795 17452 150487 3795 179376 185012 187038 62736 115842 107661 105719 17452 3795 126036 29513 38497 51455 14508 187038 29513 157567 65408 157567 136913 100963 17578 62736 3795 107661 150487 150487 14508 131532 153983 193863 113628 38497 29513 105719 38497 100963 111665 51455 115842 185012 150487 136913 17578 41242 113628 157567 143149 105719 193863 185012 38497 150487 17452 100963 14508 150487 3795 153983 150487 131532 81742 111665 113628 111665 24134 62736 131532 143149 107661 173083 150487 62736 38497 185012 126036 29513 136913 3795 14508 179376 126036 62736 157567 126036 107661 24134 81742 14508 29513 105719 3795 65408 126036 126036 143149 65408 38497 62736 157567 185012 153983 51455 126036 107661 29513 150487 143149 29513 14508 185012 185012 65408 185012 115842 107661 131532 14508 17578 62736 62736 17452 179376 65408 136913 51455 113628 187038 107661 100963 126036 131532 107661 29513 105719 113628 62736 29513 143149 14508 3795 38497 157567 14508 100963 51455 14508 41242 111665 187038 150487 157567 136913 41242 187038 185012 110253 38497 105719 113628 81742 17452 173083 126036 38497 179376 107661 113628 17578 113628 131532 187038 143149 179376 107661 24134 62736 105719 126036 107661 14508 3795 187038 115842 193863 107661 107661 179376 41242 105719 110253 81742 143149 113628 126036 179376 107661 17578 51455 110253 185012 153983 193863 81742 193863 187038 62736 81742 29513 193863 136913 17452 157567 107661 107661 187038 136913 105719 62736 14508 110253 111665 110253 3795 51455 157567 179376 29513 107661 38497 38497 111665 179376 157567 143149 113628 17452 62736 193863 100963 17452 17452 107661 153983 14508 185012 157567 51455 17452 136913 51455 111665 17578 24134 41242 14508 38497 51455 105719 65408 187038 153983 38497 131532 14508 81742 17452 62736 81742 185012 105719 17452 187038 153983 107661 187038 29513 193863 62736 14508 107661 115842 187038 110253 62736 38497 29513 157567 24134 193863 17452 107661 51455 110253 179376 65408 153983 65408 41242 62736 107661 136913 17578 24134 143149 3795 111665 126036 143149 179376 179376 65408 24134 143149 115842 17452 126036 157567 131532 29513 41242 187038 17578 115842 126036 51455 17578 153983 173083 187038 185012 187038 51455 29513 136913 41242 126036 179376 150487 193863 17578 38497 29513 41242 29513 150487 136913 185012 193863 111665 153983 105719 81742 153983 105719 136913 153983 153983 81742 113628 17578 179376 113628 173083 111665 38497 24134 153983 157567 110253 157567 17452 153983 14508 131532 185012 65408 24134 193863 157567 29513 157567 143149 115842 150487 14508 113628 51455 193863 153983 173083 157567 81742 143149 185012 113628 51455 107661 51455 113628 17452 187038 81742 150487 131532 65408 111665 14508 173083 193863 38497 150487 17578 111665 136913 105719 17452 193863 29513 111665 107661 81742 131532 38497 65408 41242 187038 143149 29513 111665 111665 126036 65408 105719 193863 17452 62736 17578 17452 111665 179376 173083 150487 17452 173083 81742 17578 29513 136913 157567 173083 110253 3795 131532 17452 136913 62736 193863 136913 187038 65408 105719 38497 113628 185012 17452 38497 100963 143149 193863 193863 173083 115842 157567 62736 24134 115842 113628 131532 65408 17578 62736 185012 17452 38497 111665 179376 29513 143149 38497 179376 113628 110253 143149 3795 29513 3795 131532 81742 131532 24134 143149 65408 100963 185012 41242 41242 173083 173083 38497 157567 113628 38497 187038 65408 3795 157567 17578 81742 193863 3795 100963 81742 157567 38497 62736 51455 157567 113628 41242 157567 150487 41242 24134 115842 153983 187038 105719 51455 187038 173083 150487 193863 115842 157567 179376 65408 17452 100963 111665 29513 3795 41242 173083 105719 110253 14508 136913 65408 131532 157567 111665 193863 65408 193863 157567 179376 1 24134 157567 179376 113628 126036 65408 179376 41242 185012 3795 62736 136913 153983 51455 29513 173083 173083 17578 143149 17578 107661 173083 100963 65408 17452 143149 157567 81742 17578 38497 126036 157567 65408 62736 100963 110253 113628 115842 62736 41242 62736 62736 153983 24134 153983 17452 143149 14508 111665 14508 193863 126036 110253 193863 24134 17578 115842 14508 111665 110253 41242 41242 81742 143149 187038 131532 41242 187038 17578 17452 153983 157567 51455 126036 143149 17578 17578 29513 105719 150487 110253 136913 110253 136913 131532 157567 126036 14508 187038 150487 51455 17578 187038 187038 115842 24134 136913 3795 17452 157567 29513 41242 111665 65408 14508 115842 3795 115842 107661 3795 150487 113628 41242 187038 65408 115842 29513 136913 62736 3795 136913 3795 113628 113628 111665 17578 62736 113628 110253 3795 185012 29513 113628 193863 185012 157567 81742 41242 187038 41242 62736 62736 51455 107661 153983 126036 65408 62736 105719 136913 115842 51455 150487 38497 153983 193863 14508 51455 187038 3795 143149 38497 179376
1000 17578 62736 157567 1 107661 3795 41242 179376 3795 173083 113628 14508 17452 126036 143149 38497 62736 1 150487 153983 24134 1 136913 100963 150487 62736 107661 24134 115842 157567 1 115842 150487 126036 150487 1 24134 81742 110253 41242 131532 187038 29513 113628 62736 111665 3795 17452 131532 110253 110253 115842 126036 110253 24134 51455 14508 51455 1 1 17578 105719 115842 65408 38497 38497 17452 41242 65408 62736 3795 51455 38497 115842 100963 187038 126036 131532 24134 136913 113628 113628 41242 24134 126036 173083 65408 100963 3795 187038 110253 131532 187038 113628 29513 111665 105719 1 100963 179376 105719 187038 115842 136913 62736 51455 150487 115842 150487 153983 65408 173083 51455 111665 187038 3795 107661 38497 1 110253 24134 110253 126036 1 193863 29513 1 1 17452 1 51455 1 1 100963 111665 29513 38497 1 1 187038 1 41242 187038 113628 193863 1 150487 136913 150487 81742 173083 143149 1 185012 136913 62736 17578 150487 187038 113628 179376 193863 62736 1 157567 1 143149 187038 29513 187038 153983 187038 38497 17452 193863 1 193863 14508 113628 105719 14508 157567 136913 100963 1 17452 105719 157567 187038 136913 17452 143149 153983 179376 193863 193863 51455 29513 105719 14508 187038 126036 17578 29513 1 150487 110253 110253 41242 131532 1 17452 24134 38497 38497 1 111665 107661 1 1 136913 143149 41242 24134 51455 1 1 185012 41242 62736 185012 153983 187038 173083 24134 81742 100963 111665 1 111665 1 115842 29513 1 187038 111665 1 38497 51455 157567 41242 38497 65408 14508 38497 38497 126036 24134 153983 179376 100963 179376 111665 3795 150487 131532 3795 107661 17452 179376 115842 185012 65408 187038 62736 105719 38497 17452 1 126036 3795 157567 14508 51455 157567 1 17578 29513 131532 3795 187038 14508 136913 62736 100963 150487 107661 150487 153983 1 38497 105719 193863 150487 29513 38497 1 51455 115842 185012 1 105719 111665 1 1 136913 41242 157567 1 1 38497 17452 193863 150487 150487 3795 1 131532 111665 153983 113628 81742 150487 24134 111665 131532 150487 143149 107661 38497 62736 62736 185012 29513 126036 173083 3795 14508 107661 179376 136913 62736 157567 1 81742 105719 29513 65408 126036 143149 126036 126036 157567 14508 3795 126036 38497 62736 65408 185012 29513 126036 51455 153983 150487 65408 107661 143149 14508 107661 185012 185012 29513 1 14508 1 17578 62736 136913 100963 1 17452 1 1 179376 113628 131532 107661 51455 126036 187038 107661 62736 1 143149 29513 29513 1 157567 14508 1 14508 38497 14508 51455 100963 41242 150487 111665 185012 1 1 41242 187038 110253 1 105719 38497 113628 38497 113628 179376 17452 173083 81742 113628 179376 17578 143149 126036 24134 187038 131532 107661 105719 62736 107661 1 107661 14508 3795 115842 187038 1 107661 107661 1 193863 179376 110253 51455 126036 17578 143149 81742 153983 113628 107661 185012 179376 193863 193863 187038 110253 81742 29513 81742 62736 136913 17452 1 193863 157567 105719 110253 136913 107661 62736 14508 111665 29513 51455 3795 187038 107661 179376 1 110253 111665 157567 38497 157567 1 1 113628 38497 185012 17452 1 153983 62736 17452 17452 100963 51455 107661 157567 14508 38497 41242 17578 136913 51455 24134 1 38497 14508 105719 14508 1 62736 111665 65408 81742 131532 153983 153983 107661 81742 17452 105719 17452 187038 185012 14508 193863 1 62736 187038 107661 115842 29513 110253 187038 193863 51455 62736 110253 107661 179376 38497 24134 65408 157567 65408 153983 17452 62736 24134 107661 3795 136913 1 17578 143149 41242 126036 143149 65408 24134 179376 115842 179376 29513 126036 126036 17452 157567 143149 131532 187038 41242 51455 115842 17578 1 153983 51455 173083 185012 187038 187038 136913 29513 41242 29513 179376 126036 193863 150487 38497 1 105719 1 111665 1 17578 17578 193863 153983 1 1 153983 185012 105719 136913 153983 153983 81742 179376 1 24134 113628 113628 38497 111665 153983 17452 157567 1 1 14508 110253 29513 185012 65408 24134 193863 157567 131532 115842 143149 51455 153983 173083 143149 157567 113628 14508 150487 157567 1 107661 81742 113628 1 185012 113628 150487 51455 51455 81742 187038 65408 1 131532 14508 1 193863 17578 150487 1 17452 136913 193863 107661 29513 105719 41242 1 111665 111665 187038 65408 131532 38497 143149 111665 65408 111665 126036 29513 62736 111665 17578 193863 17452 105719 29513 179376 81742 173083 150487 157567 173083 17452 1 110253 3795 17578 1 173083 131532 113628 136913 136913 62736 17452 17452 38497 193863 105719 65408 157567 143149 1 185012 100963 115842 1 1 115842 173083 131532 17452 62736 1 24134 193863 65408 185012 111665 62736 17578 38497 179376 143149 113628 29513 81742 1 1 3795 1 131532 65408 29513 110253 1 143149 24134 1 41242 185012 3795 1 113628 38497 41242 1 173083 1 65408 157567 17578 157567 3795 157567 3795 81742 1 1 115842 38497 62736 157567 100963 41242 51455 150487 41242 24134 113628 81742 187038 187038 1 105719 51455 153983 150487 193863 115842 1 65408 179376 157567 111665 17452 173083 3795 110253 41242 105719 29513 1 136913 193863 131532 193863 14508 111665 179376 65408 187038 157567 113628 24134 65408 179376 65408 179376 3795 126036 62736 136913 157567 185012 41242 153983 173083 29513 51455 1 1 17578 107661 143149 173083 38497 17578 173083 100963 17452 81742 143149 157567 65408 157567 100963 1 126036 110253 113628 41242 62736 62736 62736 1 153983 24134 143149 17452 193863 126036 111665 153983 193863 14508 111665 14508 110253 1 14508 1 110253 17578 24134 131532 143149 41242 187038 81742 1 187038 153983 1 126036 17578 150487 51455 157567 17452 17578 105719 110253 29513 136913 143149 131532 126036 1 187038 110253 1 17452 51455 157567 24134 1 150487 17578 1 136913 3795 29513 1 115842 41242 157567 14508 1 1 115842 115842 3795 3795 113628 150487 41242 62736 136913 62736 115842 1 65408 29513 1 1 113628 17578 3795 113628 29513 1 113628 110253 1 1 113628 62736 187038 1 62736 81742 157567 185012 1 107661 153983 51455 41242 126036 105719 62736 150487 3795 1 51455 187038 14508 65408 1 136913 51455 38497 179376 143149 38497 1
8 14508
9 185012
3 100963
7 185012
8 136913
10 100963
4 100963
10 115842
5 62736
10 150487
1 14508
5 17578
3 150487
9 193863
3 126036
4 185012
2 113628
9 41242
10 38497
9 136913
1 62736
7 110253
3 136913
5 126036
8 24134
2 81742
6 185012
8 41242
2 1
2 131532
2 185012
2 115842
4 187038
1 51455
5 41242
10 187038
8 179376
6 131532
7 143149
4 111665
5 17452
3 131532
9 138514
1 187038
1 150487
6 150487
9 14508
2 14508
6 38497
5 51455
3 193863
1 1
5 14508
4 115842
5 29513
10 3795
7 17452
10 131532
3 111665
3 51455
6 143149
1 131532
7 136913
6 29513
1 136913
7 153983
4 131532
4 38497
1 126036
3 29513
4 3795
10 157567
1 110253
2 41242
3 105719
10 1
7 100963
5 110253
3 173083
3 81742
10 126036
8 157567
7 38497
7 24134
6 41242
4 107661
3 113628
8 3795
6 65408
6 100963
3 179376
7 126036
2 3795
10 110253
3 14508
8 113628
8 1
4 17452
7 105719
4 143149
5 115842
8 115842
1 157567
4 113628
4 157567
8 150487
8 17578
1 29513
5 150487
6 173083
3 187038
9 105719
8 51455
6 153983
6 62736
1 173083
6 51455
9 24134
6 111665
10 107661
9 51455
5 131532
1 179376
6 14508
4 110253
6 105719
4 17578
5 157567
9 107661
3 1
7 157567
3 143149
4 173083
7 51455
2 65408
5 24134
5 38497
4 136913
8 153983
3 153983
2 100963
4 29513
7 62736
9 100963
6 24134
9 110253
7 111665
8 100963
9 131532
8 81742
5 81742
9 126036
7 173083
10 29513
10 105719
10 14508
9 157567
1 185012
8 105719
3 17452
2 193863
9 179376
8 38497
8 17452
9 81742
6 1
1 41242
2 126036
5 65408
3 41242
7 131532
7 14508
9 17452
4 62736
6 136913
1 113628
2 136913
4 179376
1 111665
8 131532
2 179376
8 110253
6 126036
3 65408
3 185012
8 185012
4 150487
3 115842
6 115842
4 41242
7 193863
1 143149
1 193863
8 126036
5 173083
2 157567
1 107661
5 100963
2 143149
2 38497
6 3795
5 193863
8 173083
2 24134
1 24134
6 113628
7 107661
2 62736
9 1
5 143149
1 153983
10 153983
6 187038
1 115842
6 110253
6 157567
3 62736
9 3795
7 81742
3 17578
8 65408
2 111665
2 29513
2 110253
2 17452
6 193863
9 173083
7 150487
8 187038
5 107661
9 65408
9 153983
2 187038
7 187038
10 185012
9 62736
10 65408
4 153983
3 110253
2 153983
10 17578
9 113628
9 115842
9 111665
7 17578
9 38497
10 113628
1 17578
1 65408
1 81742
4 126036
5 111665
4 65408
10 143149
2 17578
5 1
1 17452
5 105719
1 100963
9 187038
5 136913
7 113628
3 3795
2 51455
9 143149
10 173083
7 115842
5 185012
6 179376
6 17578
10 111665
5 187038
3 38497
6 81742
7 65408
2 173083
7 41242
9 150487
10 62736
8 111665
10 41242
4 193863
4 81742
8 107661
4 51455
10 51455
9 29513
10 17452
1 3795
4 24134
7 1
10 193863
10 81742
8 193863
2 105719
3 24134
9 17578
5 3795
4 1
3 157567
8 143149
1 105719
4 105719
3 107661
10 136913
2 107661
8 62736
4 29513
1 38497
2 150487
6 107661
4 14508
6 17452
5 179376
7 3795
7 179376
5 113628
7 29513
10 179376
8 29513
11 5 1000
122 63270 92647 86789 133814 93778 149859 84893 193823 54973 25610 179467 34668 72887 167839 150624 30940 90061 61363 118042 193076 135408 71252 97130 35569 52051 97932 27092 121815 150409 181184 30874 25083 69725 86791 25083 12139 32606 36787 130333 192423 139568 148655 131687 58961 6562 16365 86949 104742 171611 75161 91237 162317 106588 30488 90998 112084 180794 16200 107672 75161 192383 34973 32174 195433 7121 160469 61485 32473 34897 136136 36693 100964 88891 121698 37589 162893 167377 69725 169710 58842 10991 64608 64159 199412 60545 175878 147489 104868 7044 26834 166429 173004 91227 60303 57321 83120 135564 149667 124582 159073 173636 26425 160700 142781 30488 71033 193753 128604 150663 5985 122754 32606 129581 27566 115888 19575 177704 58468 106819 94853 60505 182604
132 116604 195055 180715 85265 193026 33729 180749 32803 192374 172883 2277 186997 45967 9676 102718 44114 3976 32399 156086 144827 45311 199900 46364 37681 33390 144827 44163 88011 81746 194305 62633 21043 27625 84236 193712 62628 122754 10159 106819 92333 95173 76335 2372 142194 82665 27566 26425 113984 48443 193406 62817 120615 149908 38983 72913 170820 31944 354 144429 72013 197149 59104 101056 86789 15141 74186 128340 68468 18272 97655 29002 1887 174390 153478 43721 85857 18097 69725 188632 38164 24921 100500 75382 123816 132333 110461 68438 177781 137733 170324 186166 43463 14008 116144 97795 80378 587 35281 186166 125503 167123 43817 192423 45907 48723 60505 60321 14888 167582 179051 199489 7022 158442 71033 180639 26527 191034 157929 48723 29778 43025 139480 156616 11047 180625 96178 53093 129005 24798 22177 88548 179221
859 25610 186997 191034 166320 1 171123 47844 97655 20288 82925 57988 176875 132440 23621 160099 70556 193406 143215 30874 124582 164633 1 149040 66740 191034 1 156334 88548 123108 194956 1 145958 1 184016 191869 183880 199889 184826 168990 35364 1 48443 21995 134032 16176 172883 132041 147663 1 1 47580 75382 24247 87115 75590 190550 14888 92285 15493 199900 14807 177880 70744 23263 150745 127608 47455 9832 82261 83399 88548 127091 181834 136905 2802 171628 53485 186166 155770 106730 159402 1 165838 61769 166691 1 1 13722 98437 162028 87877 1 34668 45317 51679 131408 24798 9676 86791 149925 1 65404 41561 76742 52807 68637 134961 43463 109608 64641 10750 96627 60545 119770 1 157929 195433 152448 154903 92285 36669 59104 180794 169121 2544 83120 76926 45707 36772 177781 25462 1 1 46364 36682 188845 85857 163547 117462 130791 118233 1 79769 45301 49947 32606 137733 91237 185109 160700 1 170452 127889 20288 58938 35281 21164 43463 78124 125248 142781 22241 606 118444 139924 164874 194051 51834 193106 152448 29054 44010 61715 139190 186748 118644 150409 72913 48037 92667 1 173008 1 198536 16532 20974 27886 1 186214 15616 11341 170102 178304 196583 141999 1 12139 31944 1 118410 177016 10643 86897 169710 66740 97515 44013 169098 198715 156903 75161 124928 65202 39716 149331 24247 1 46719 122574 6562 1 33229 134716 1 75590 60321 192374 137985 8563 160072 156147 54949 944 28260 141900 112084 94202 53485 1 1 118444 64641 101301 49274 156930 144361 123108 92647 112868 168233 13722 1 140692 162024 98364 177818 119484 5103 2544 62633 42661 47455 168217 197982 96627 106730 142991 27471 78295 96728 158442 24798 82743 164874 354 108447 82925 35364 195055 172513 59104 124928 34897 149859 182250 189633 14008 161440 163677 1 122275 1 100851 122424 102718 152671 154903 34897 94853 85074 87877 171611 13802 93778 139924 76985 140781 180895 154860 125773 21232 182503 93112 198846 142213 172973 43056 71033 1 23626 49947 18987 7022 2081 84613 192742 18097 42509 137210 49109 23626 33215 33296 96919 82665 1 14856 123764 62505 1 7044 134710 1 1 144361 137315 177510 1 97071 44114 133814 1 192742 52197 39052 173341 1 193406 188632 193306 68796 27471 67634 149908 71252 192742 101056 147663 176669 51323 59584 81298 96288 7278 1 1 1 116144 38164 154636 68866 151013 198091 171619 193306 93778 152671 171628 127860 119303 137928 83120 1 55706 151081 108447 34906 142213 167672 1 1 21802 132333 187488 44959 98437 79640 17326 27886 103446 148522 33647 52655 173636 52051 84456 183303 195055 171699 1 1 46976 11047 118444 1 125030 161964 134956 70556 198846 16200 166237 1 150624 130250 9141 107452 180625 1 71658 39926 65126 98872 180703 154860 150624 1 134906 87877 161074 72887 21645 149970 1887 92100 189633 38198 174035 63101 80923 172973 1 1 136905 1 188845 130683 88752 160469 3783 11153 1 96526 97666 147780 134956 97515 106819 1 65202 153698 155711 1 75086 149785 178505 19608 2802 121775 197610 158398 154201 127874 124728 88891 193306 158120 119303 1 196034 153135 179221 80355 81858 149785 1 169121 193420 118233 180703 102781 169895 9141 36669 121698 62712 1 171263 46976 197547 149908 4027 134329 180615 161858 136397 143499 1 97071 169895 45707 14888 54106 29704 90568 37406 91761 1 166429 134961 95639 81746 1 135564 29778 1 128828 1 1 2372 22551 1 40869 1 165741 154201 45824 1905 74465 147489 606 175416 1 158098 193753 73088 455 74414 153478 1 9832 55706 1 1 36879 1 198715 144914 26398 1 5854 169420 8134 1 26834 155361 36787 192129 140528 58938 26834 44959 52152 63093 197149 21043 193267 118490 142194 49274 11355 1 97865 50015 133668 1 16532 23261 39716 160478 197149 184826 116832 123635 97655 74465 1 124421 103963 1 52152 186009 86897 192129 92395 54106 86904 116604 157929 183303 163490 118767 171611 153478 156903 38164 1 119010 64608 108755 156903 37228 27471 188845 128604 62972 55469 134956 175972 36595 46334 33296 1 96075 157950 80688 1 118722 1 29778 76009 86816 103446 150745 170324 25083 189633 157813 166011 1 107209 58939 173008 78147 11341 138566 189410 80355 144516 171594 100615 1 45907 179221 62918 102855 1 76335 1 4027 132449 20832 139190 62633 196778 587 1 47272 48394 44013 58961 177016 1 92630 190669 37681 133668 59576 1 80941 147489 61769 69683 16365 193537 60321 67456 159514 176344 26527 187387 1 37985 153071 106588 189351 167123 64963 1 8134 84364 103446 62628 57781 64159 156930 36153 125605 142292 182409 146607 148613 139784 2036 172413 2277 121957 43817 1 148352 1 7845 21232 127091 51380 75669 147593 84040 180615 127860 133694 1 174035 187181 58842 9676 1 162024 97638 168217 160448 18272 164633 110605 195106 89031 148522 56917 19851 12413 108755 193545 19360 65411 78147 195439 102129 115733 146771 1 1 164874 128604 127091 75902 158098 193236 180703 1 169903 138566 184441 193579 147593 165741 1 39366 133449 12182 1 27092 20738 167780 82743 177818 1 87061 5470 176898 121954 168233 1 19360 194051 1 69220 97013 86897 1 62458 188082 124728 51093 147924 190550 3466 96288 167582 82925 155485 144361 1 27566 177016 56960 170820 1 60064 35364 76335 101834 78895 16200 84600 18966 5854 1 98437 44772
104 73480 198846 96919 97874 154903 39486 84582 68637 133699 194051 146607 44959 163590 107959 112797 161074 90932 69481 18987 150745 101317 149970 88711 132440 44163 118042 134710 159402 79099 194305 10619 45103 19977 176898 138139 12413 102781 92815 43025 18269 176875 95173 119010 190541 91761 90061 185809 17326 97438 17326 16021 153195 198910 49947 13722 65404 104868 128828 121957 177818 131687 79868 180794 134571 944 65126 15094 176875 102198 193545 158120 115888 58637 92647 166011 105632 108755 163677 6125 183303 70556 143221 51093 82298 101834 45707 136136 82157 92667 59634 198715 180268 51323 160072 92815 29813 94561 196034 60545 10643 8563 84666 107452 62972
99 51788 97130 55469 56917 43025 153698 169420 21232 167353 125605 73567 188635 29336 944 39239 109957 131408 158398 2544 177808 75568 72887 24538 56809 89665 33296 109 80941 135718 138272 12413 138568 33229 39052 43817 15616 189897 61363 193106 61363 193178 170452 137210 65202 198091 19977 188635 169364 188082 59576 166319 29810 97979 11047 85072 186997 7540 48443 2036 188082 160469 28260 82261 193267 124215 170452 189351 107672 127874 69220 122424 161338 78295 92285 14807 82517 102258 145158 62799 1 21995 33229 97932 174970 61044 51323 15094 138814 132041 88752 20832 58938 8714 170831 40758 139784 139480 87569 148655
107 16923 117597 5470 35094 14011 53732 73088 170089 159631 196583 143128 60303 171699 37765 161440 4551 88277 107209 72913 56295 74465 170089 21802 31694 62458 93112 25765 13802 101301 170116 24974 166867 24921 21995 3783 195117 147593 51679 50015 106585 15616 165741 106023 149936 193579 35449 167839 12400 110461 23261 136469 148352 136397 149936 136905 69220 46719 64641 165730 29002 128909 189897 160099 56917 29810 169364 134961 16176 66273 166237 106730 162317 39366 58961 29336 89665 7972 25587 36595 172883 73147 131408 151013 166699 13599 190541 197201 14807 56259 159295 62712 23621 82157 30940 165149 141900 24921 72488 119484 70690 79772 102855 12182 21650 188084 163677 84236
97 27636 140296 116032 47650 16654 109942 7845 97638 5470 165723 56295 116730 10991 39716 62505 187387 1576 120448 24538 142991 64237 78866 13449 5713 58637 162575 162893 163363 177510 121698 88711 102129 72488 91761 156955 51788 118233 102855 20974 16176 71927 47650 142194 143215 88711 28593 7313 48394 88636 159631 89467 455 139784 57321 62817 33215 119625 42793 177808 182503 2323 197982 28260 198470 54973 1905 129005 45103 51380 21650 104868 66273 51789 93384 101834 86904 192059 62649 180268 19815 168233 122984 36693 42260 130250 31694 69481 180639 75902 85189 24235 118722 78219 197982 169313 134716 93968
123 78895 180639 131063 52655 191869 52051 19575 58939 102129 189897 88011 177808 187488 90947 193420 18943 76164 46719 10991 167582 165378 45907 190550 128909 170147 75324 184826 102258 68637 45317 62558 195106 194164 109 178304 10251 167377 23261 38888 18790 176595 195433 193753 42793 182757 26398 177199 143215 100964 20832 182409 23626 47565 78866 84582 80941 25556 47844 117462 12487 39366 168990 132041 155770 186009 172133 121735 24142 145158 107959 62649 163547 8714 38888 160072 193712 13802 62628 124421 68866 29470 21043 46107 51045 112797 57321 192383 162028 124928 176201 124421 6562 144827 76742 149879 121735 159514 174390 60958 189410 62189 19815 161440 78124 192423 24718 26398 82743 64237 150409 45317 52197 148352 7975 37681 179051 10643 137928 100819 26229 76742 86308 109
117 7313 88891 116534 193236 80378 191869 62875 2036 52153 46364 92917 21164 169121 51093 75902 52807 57988 149331 142292 89665 75568 60505 170566 29704 138272 148655 149879 129805 121735 92243 193106 47565 165112 97865 25610 2372 14618 36879 75669 129805 157708 7044 96178 82261 176529 26527 174970 114753 25462 21802 179496 199489 78895 4027 19644 101317 133493 92630 116604 115888 18097 133493 160448 82517 44230 75324 139480 170102 143245 146771 40869 138139 193076 11081 4740 153698 105539 182604 12487 36787 110605 51789 124582 86949 34906 68468 33729 134716 53485 145158 40869 69481 12182 80355 31944 71658 102781 112868 59634 29704 109608 139639 45301 54984 160478 97250 148613 196034 50025 166320 157813 136469 27092 172133 99156 8563 22194
110 182250 118722 22177 11153 122754 148609 16976 137040 145060 97666 160700 67780 76009 80923 165112 162024 175878 76926 125248 116962 100885 182604 29813 137315 84456 135408 115733 120448 606 47272 176669 133493 94202 59634 19851 196583 176669 152448 178505 12400 16654 35449 198910 162893 97438 1905 161964 121954 112797 7278 8714 158442 136136 177880 163490 62799 75382 127889 165730 62558 87677 142781 100964 149925 25462 16923 130791 37406 55469 2802 45967 2323 63101 167672 103963 107672 93442 197547 194305 36153 46334 162317 65467 189351 138814 141999 51679 33215 52655 85072 171619 38198 170831 120448 198470 118908 84582 61637 149331 94561 50015 82250 134710 23263 82665 24718 1887 193579 44772 18790
130 84364 83777 61637 102718 7540 100885 85189 167377 109942 149970 85189 116032 70140 9150 24538 7845 54973 133449 190670 92599 165030 182757 86791 180625 174390 151013 61637 100615 137315 97438 35094 56295 19360 18737 149879 62189 47650 181834 58842 78219 171699 96919 106588 11153 174035 68713 86949 51135 115999 145060 157064 132333 44013 116832 179467 158717 88752 79640 170116 39486 96627 119010 161964 165378 176529 62712 42509 155770 29054 36669 137928 48723 33390 170820 97666 45824 107209 75086 19575 170748 133668 185109 84893 68866 138234 182250 193537 156930 138814 73088 165030 98872 112084 47272 65126 143245 587 48037 47565 122424 117597 122984 45967 78147 118042 73480 172234 65404 163490 137733 156086 132449 33390 62953 154201 16021 149925 126676 186009 86816 23263 143128 43721 173636 119770 136397 192129 158098 165378 199489
4 145158
1 92917
2 124728
2 172973
2 173008
1 188632
2 63270
2 184826
8 171123
3 121954
9 118644
1 16200
1 10619
6 92815
10 146607
1 153478
4 75590
3 51834
1 61485
1 60505
7 33390
3 79868
2 103446
10 9832
1 10750
10 43817
1 66273
10 21043
10 57781
9 155770
1 65467
1 149331
1 24974
6 71927
7 198470
2 70744
10 93778
2 140692
2 34668
10 119010
7 166237
2 49274
3 36153
3 16976
3 116534
2 56917
4 39239
2 23261
5 155770
2 83399
1 3466
1 167839
4 65202
1 106023
1 175416
1 58637
3 15141
5 37589
5 107959
6 106585
5 79099
9 138814
9 144516
1 176344
1 25587
10 10619
1 150409
1 167672
9 64608
4 147593
2 78124
4 80378
9 22551
9 182250
7 197149
1 124215
1 124928
10 147924
5 180615
3 28593
1 128340
1 177808
1 166237
2 171628
2 85265
2 195055
8 123764
2 103963
8 51045
1 32473
9 72013
1 79640
1 80923
6 193579
8 109942
5 125773
5 153135
9 128909
2 63101
10 32399
9 92395
1 24538
10 110605
5 142991
1 55469
5 122424
5 167377
1 180268
6 33729
3 193545
1 193076
3 140296
1 197982
4 74414
1 48037
1 37765
3 29810
1 62817
1 99156
10 192374
6 23261
3 100851
2 176669
2 108755
7 106588
10 180715
5 27636
5 45907
1 62953
2 172513
1 188635
1 3783
8 60505
2 170566
5 122984
4 137040
8 14807
1 182503
1 62875
2 9150
6 109942
10 183880
1 78895
8 156930
2 56960
9 63270
1 34897
8 36153
6 16532
8 122574
7 123108
9 165730
7 19608
2 39052
8 156616
2 102781
4 33647
2 92243
2 141999
9 22194
1 50025
2 125773
10 21645
1 39486
2 51788
7 167672
2 88277
9 159514
2 98437
1 18269
1 75161
1 18737
1 51789
3 74186
4 31694
2 172413
1 35569
10 94202
8 59104
2 59104
7 138272
4 10643
2 9676
1 163547
4 92647
6 125773
5 118722
1 27471
9 587
1 73567
6 62458
2 101301
10 154636
2 65404
10 38198
3 13449
10 73088
1 137928
2 120448
9 3976
6 167353
5 50025
1 131408
1 139784
3 192383
1 122424
2 190669
8 130791
3 86789
9 190669
2 37589
2 16923
1 169098
10 134571
1 157813
2 18269
1 159073
5 147489
6 27566
3 152448
10 82925
2 127091
1 182409
8 40869
9 164874
2 140296
2 156086
1 126676
6 189410
1 107959
8 153135
1 21043
1 141900
7 50015
4 80941
9 133449
2 130250
2 117462
2 96288
2 34973
1 25765
1 190541
4 73088
6 17326
2 100964
2 161440
1 192059
4 42509
8 165378
2 17326
1 118490
4 138272
2 194051
1 139568
5 109942
9 125773
1 93384
1 17326
1 90998
1 45103
5 34973
1 59576
2 88011
3 20974
8 27636
10 192129
10 87115
6 15094
2 19815
2 142213
9 90932
1 34906
1 7121
7 27636
8 67634
9 180625
2 165149
1 51323
7 54106
1 78219
2 55469
10 42661
1 106819
2 37681
1 147663
2 11355
1 135408
9 52153
1 115733
4 63270
8 188635
2 160448
1 135718
3 7121
1 36595
9 18790
1 189897
1 119303
1 19360
6 193753
5 84582
2 189633
1 124582
1 6125
2 139639
2 68713
4 37765
2 155361
1 123635
1 194305
2 20288
1 119484
1 176201
3 12487
1 92395
8 20288
1 25556
3 106819
2 156147
10 171594
1 82517
6 139784
1 150745
1 56295
8 1576
1 102258
1 163490
9 103963
2 22551
4 171619
1 72913
2 61715
1 62712
2 133668
6 194956
1 148609
3 175878
8 88011
1 141999
7 59576
5 101301
7 19575
5 19815
1 54973
8 133493
1 16021
1 166320
2 148522
1 183303
1 2036
9 140296
4 48443
8 180749
5 180895
1 72013
1 171699
1 15094
1 18097
1 68713
6 13802
10 157813
2 57321
2 131408
1 62799
1 82157
2 170452
1 163590
10 18269
2 91237
1 155770
1 22177
9 2323
4 193178
8 65411
2 187181
6 90061
10 194956
1 109
2 86897
2 24235
4 100851
3 57781
2 37228
2 71252
2 18737
2 35569
1 58468
1 70744
3 60505
3 149936
1 87569
1 186997
10 135718
3 125773
10 159073
7 26527
2 118908
9 75382
1 175972
9 115888
3 107452
6 193823
1 100819
1 92100
1 53485
9 62505
5 78295
4 62817
6 43056
1 36669
1 52051
2 76985
1 198470
9 196778
6 18966
10 14011
8 138566
10 71033
1 181184
1 79868
7 87569
7 20832
5 51045
1 62189
7 139190
1 96178
1 29336
3 122984
2 4551
1 57988
2 93384
1 143221
2 100615
8 57781
2 167123
2 160469
4 147489
9 176898
5 138234
4 177016
6 160072
5 62918
5 89467
7 135408
7 126676
4 58938
1 33647
2 57781
7 23621
1 39716
1 172234
3 199889
1 168233
1 83777
4 10619
1 9832
2 146607
7 61363
1 27636
2 138566
2 169710
6 16654
2 7313
4 170147
2 32174
9 135564
9 64641
3 83777
7 62458
2 39716
2 188845
1 143499
2 149859
6 145060
8 106588
8 171628
4 11081
1 195117
9 161074
6 118722
9 157813
5 156903
6 74465
7 89467
2 64963
2 50015
1 84600
2 122574
1 606
5 190670
7 84666
1 31694
1 118233
10 88548
7 7540
1 149970
10 135564
1 90932
1 38983
8 198091
10 137733
2 37765
1 51788
2 68796
6 53485
6 179221
4 118644
2 1905
7 11355
5 149667
1 198846
10 197547
9 193236
2 36595
1 169364
7 96288
6 143128
3 38164
2 24247
1 159514
1 159295
2 154636
5 22241
1 167582
2 193236
5 5103
1 12413
1 125248
8 175972
2 94561
7 18966
10 140296
6 154636
2 119625
6 149859
4 2544
2 84364
1 119770
2 67456
8 35569
1 179467
5 118644
1 10251
4 62458
2 36693
2 162575
6 60303
1 24921
2 44772
1 154860
1 25083
10 115999
6 53732
4 12139
1 19851
1 127874
1 587
8 29336
10 159295
3 116032
7 193579
2 118767
1 171594
1 67456
9 32399
5 157813
10 163677
5 32606
4 24538
1 74414
2 7022
5 132440
1 193545
2 16976
9 88636
1 74186
5 56960
2 86791
3 50025
10 1905
7 62972
1 36772
9 14008
9 192129
1 127608
1 27625
1 62649
2 156334
5 1576
7 176529
1 63093
2 76335
2 182503
5 10159
3 148352
3 19360
1 186166
4 199889
1 52655
8 181184
1 84456
1 102781
2 80688
2 944
1 42260
1 89665
10 157064
1 26425
9 52152
10 96288
7 156334
1 125605
1 139639
9 112868
7 165149
1 193267
2 47580
9 197610
5 34906
9 98437
2 88548
1 85265
9 89031
2 193545
1 107672
1 136469
5 19575
5 75382
10 129805
1 48723
2 156616
2 45103
1 97130
4 179221
4 148655
8 97071
9 11153
3 126676
6 27092
9 49109
1 81858
1 16654
9 182250
1 75568
1 44013
6 175416
4 186748
5 106730
2 16200
2 18943
6 27636
4 7022
1 165723
1 18966
6 192059
5 124421
2 123635
7 161440
2 192129
9 38164
2 155711
1 54106
9 10159
10 139568
3 158717
2 59584
3 183880
1 97795
1 109942
1 163363
2 198470
3 71927
1 30488
6 58939
2 197610
2 193306
1 60545
5 121735
2 149040
8 109
2 85074
1 56917
1 106730
1 57781
2 177510
6 124582
1 9150
3 455
1 161440
10 130333
2 61637
1 185109
3 53485
7 121735
1 129805
9 137985
5 164874
1 101056
6 67456
4 162028
2 14008
2 162893
2 3466
5 34897
2 87115
1 180895
1 121957
3 183303
1 124421
1 93968
1 171611
6 143245
1 34973
1 169710
7 79769
1 146607
10 70690
2 182757
1 149667
2 65202
7 177818
4 137733
9 155361
2 137985
1 148613
3 14618
3 149970
1 92599
1 64963
5 75568
1 192383
2 47455
1 137210
3 186748
9 37681
6 16200
8 195433
1 176875
2 105632
10 72013
1 195055
2 142991
4 3783
5 191869
1 145158
3 96288
6 131687
3 21232
9 26527
6 19815
10 51045
1 82298
10 66740
3 55706
8 134032
2 13449
7 36682
2 175972
4 71927
2 163547
2 175416
7 51135
3 73567
1 129581
7 48394
5 156930
3 97638
2 34906
7 69220
5 47650
8 175878
5 127874
4 18737
1 122754
2 95639
5 44163
3 166319
10 136905
10 60303
7 7121
10 169420
2 172133
1 169313
1 161338
7 21043
3 184441
2 193712
6 162024
4 166319
2 167672
1 22241
1 79099
2 192374
6 95639
2 98364
3 169903
1 73147
5 110461
2 149925
3 102198
6 127091
1 24142
2 168217
5 83777
2 35364
1 44230
2 164874
2 13449
6 82665
2 186166
4 193236
1 13599
1 91761
7 119770
8 189410
1 95173
2 81298
7 137210
1 88277
1 194164
4 135564
1 167377
2 45301
10 62458
9 100819
7 18943
10 92815
2 74414
1 185809
4 7845
1 94853
9 148352
1 179496
1 86791
10 75161
2 10750
1 35449
7 75382
1 24718
1 11153
9 100885
1 104742
2 170324
7 42509
9 128604
1 140528
3 145958
7 67780
8 84666
4 188845
5 86789
9 65202
10 58842
2 44010
2 8134
1 136397
1 89031
1 42509
10 48394
1 100964
1 29810
1 134571
3 60958
2 153195
6 137210
1 63270
7 166699
2 158120
2 72887
1 10991
1 40758
2 159295
7 10991
8 16923
1 82261
3 5470
2 171699
2 96728
3 138234
1 64608
1 18272
2 192742
7 92333
8 62972
5 87677
3 29470
10 27566
5 193106
2 37406
9 147924
7 197547
5 10643
2 118644
5 173004
6 82298
10 97655
2 70690
8 103446
1 156930
3 82261
3 98437
5 136397
7 190541
2 18272
1 96627
10 118644
1 110605
2 84040
8 115733
1 134329
10 83399
3 140528
7 11081
2 147663
7 180895
1 88011
8 71252
4 4551
1 160700
4 11355
1 136136
3 10750
2 21164
3 89031
2 153698
5 96178
1 177199
8 158717
5 54949
1 115999
1 170324
6 26425
1 82250
6 51323
4 127860
1 86949
1 158717
2 194956
5 26527
7 90947
5 119770
2 116032
1 71252
2 133814
10 15493
7 84582
1 173004
2 108447
1 182250
9 42661
7 134716
6 44114
2 81858
2 36772
7 192423
1 162575
2 161858
1 121815
3 194956
7 90568
1 142991
1 166867
7 88011
2 143499
5 14011
2 97874
1 24798
5 149859
7 199489
1 69481
9 18943
2 199889
3 197982
1 160099
1 118644
1 65411
3 169313
8 110605
10 117597
2 178304
3 177510
2 154903
1 120615
2 196778
1 45907
5 134710
7 180703
10 126676
4 108447
5 69481
4 13449
5 68438
1 97250
7 25462
1 86789
10 93384
6 84456
2 106585
1 107209
1 195106
267 5 1000
4 71322 20044 12566 160828
5 65025 36349 198511 145123 106017
3 124318 182382 37616
2 52011 158116
3 36236 147374 1
3 117723 129634 19378
2 1 105470
2 1 1
3 198967 1 68042
3 10731 162403 131853
3 4053 66925 1
2 1 83260
3 16506 158459 161774
2 193053 125401
6 96936 115426 1 1 195824 50005
3 5760 158325 144793
4 158373 31968 72410 1
9 56115 36251 73690 136399 104161 32232 73283 53507 95759
2 1 154851
3 114871 194767 172720
4 179693 1 1 1
3 89677 42420 162471
4 16506 91873 155013 161774
2 1 192845
4 1 81228 108649 103864
5 167347 108420 180979 78860 123307
5 124122 87934 99368 47210 48801
4 120538 123307 1 177123
2 140746 141938
2 11574 55329
2 1 194995
3 192767 140037 101497
4 146268 174402 41543 136025
3 43534 105470 160724
3 298 150459 47659
6 115426 15423 192845 130788 19332 138906
3 198446 159926 12237
2 1 110761
3 1 112438 169248
4 14726 104849 32649 154413
2 1 131076
5 171748 35339 132193 142197 83125
3 1 136399 1
3 1 80772 89196
5 19249 180571 94727 54526 142162
3 1 12055 150304
2 67187 54335
4 197635 67187 4172 169717
5 188633 180832 157727 121872 165163
5 159991 34260 132818 104161 161714
2 92399 1
4 198396 107395 23214 105423
4 118007 179693 24435 1
2 172582 61792
3 123494 1 130134
3 61843 1 1
5 174206 101625 183787 140599 153171
2 158459 104512
2 101401 195554
2 134407 1
3 42935 117027 7443
2 132818 1
7 166373 3372 6894 125579 115945 151011 31858
3 196683 97753 109999
3 165798 198711 183178
4 172360 123321 141774 29895
2 1 117555
4 116383 1 1 141957
2 61792 138648
3 41068 74399 93118
6 1 3551 22280 123548 196986 92794
4 87053 123494 118769 67901
4 64567 1 64600 10006
2 1 1
2 1 67269
5 51522 160065 150064 178945 106017
4 110839 184052 162488 1
2 52979 1
2 1 1
2 1 21250
5 24435 23128 57968 132337 67254
4 192767 47659 192767 47048
1000 28995 1 48801 1698 126963 156269 57740 76475 165163 169960 163768 10080 92794 168405 173981 197369 56439 1 107887 193792 4212 20824 123307 1 173567 153781 1 1 67365 198967 10006 1 124122 19325 42651 45757 110606 72913 6829 154549 157136 150064 50443 33201 192180 186169 1 4212 4172 52661 113382 28060 72410 19332 104189 93770 1 36236 5625 1 35339 124536 23128 1418 1 1 174875 41068 120811 51625 81163 79757 141774 183684 138648 1 151261 1 177286 1 96837 166445 166196 33063 186169 1383 166766 1 127216 155956 41756 183983 1 89705 126963 50283 146712 1 182184 1 192089 32929 28995 76475 196244 85298 140599 150801 169173 142479 174216 1 196725 1 88193 33361 100351 145441 83847 53023 49021 56407 141963 75105 110594 160828 174939 4601 68043 121835 1 167218 6829 1 59583 106019 181969 105686 1 47873 12007 14132 144279 1 5582 76100 170229 99368 1 36634 191954 143050 140392 85428 136417 83670 51462 163479 14894 164592 18229 181562 150736 10406 85963 10731 1568 153675 191866 132718 44831 147226 33057 14132 9238 1 82514 174216 1 5760 71744 130942 197803 1 182637 36416 132712 197247 120546 192584 1 1 73532 101497 172459 58543 176042 151104 47873 92584 1 1 26851 1 157839 27425 26851 72601 104849 1 96737 138577 182382 169173 166096 1 123767 168074 1 74644 168405 12055 148461 126963 5760 1 157798 79757 85273 147229 52645 80772 86721 60776 61930 18308 116104 20824 166196 116733 139519 1 49874 141957 132174 59583 29451 115391 180571 156846 51462 1 183983 26036 30355 30355 164030 110761 81391 43346 188334 1 83125 172088 17567 1 178945 152847 194767 43652 110839 67603 152641 98268 1 68043 155031 156846 81391 85963 65016 162133 122589 135800 21822 81270 199631 5582 77090 42651 74803 38553 54774 21408 20824 197628 181832 1 161714 20044 31192 52645 166572 134407 29451 106019 181729 70091 79125 67365 87825 139605 147206 132337 17426 83670 139605 76122 152671 177286 12042 154549 182488 251 132337 1 130942 1 191624 66374 173213 22948 127776 131547 160065 156820 60776 57195 80772 174206 7926 1 176992 184887 182382 1 141957 196877 159991 20805 1 156269 127713 175053 103826 57740 35497 34708 128397 33057 34197 33057 67807 102323 120546 100384 13711 93770 79757 26582 177505 72473 38043 73532 15513 178365 154549 130788 132174 12007 72030 1 16411 59415 1 107374 192429 156157 34009 163365 191784 149241 73525 1 188482 144469 21822 21242 183185 159253 21250 19368 33201 1 4710 116104 140862 62132 144279 1 124536 150801 33762 87858 50005 166766 10990 109999 139605 154413 45369 1 129019 1 79330 184999 28060 74634 10439 129019 150317 58633 153224 59183 146268 15513 50840 107845 1 109999 1 147226 198511 85625 35168 104633 130375 1 155512 32608 141418 59183 175602 11351 11733 135522 4339 131661 1 188831 166096 194995 120027 4339 185346 157630 134226 1 159991 1 129868 1 102937 33762 36236 53848 45822 168743 154090 13716 32415 1 19916 23128 157839 187286 66887 91234 160724 187991 56302 7926 127776 29194 26841 1 23658 141774 103054 29335 151499 131661 1 87825 100708 180832 1 52011 165798 9238 1 120538 181562 11733 141398 74666 98170 61792 17567 175462 122554 1 153644 38043 120027 143930 1 13468 147156 125246 1 26036 97680 121565 60703 122093 92399 48801 50443 1 169932 64022 165686 142817 1 36251 158717 1 95010 131547 106446 1 19368 90922 122003 3704 173374 181554 106227 87864 142479 73760 170229 58824 1 21991 152641 12055 13716 125346 27217 76538 99826 67122 1 116733 1 195554 98170 176743 69811 196244 98705 139407 91234 176743 34623 41543 42935 1 1 95010 84609 97680 1 121773 100307 144051 42968 173981 88193 140859 81920 78718 197369 159665 121835 34108 104451 81920 58824 1 1 151261 166196 10406 100810 144336 65514 88028 151011 26582 118007 88284 148442 194995 36593 157136 8230 1 7779 29917 74634 13711 56737 123868 1 102172 65904 1 2494 142197 169009 35134 103675 1 47494 192089 164907 1 15513 191980 91861 1 181438 1 164701 197635 122365 165943 36792 122753 135652 155851 185513 41513 135360 132862 54774 169717 1 158755 152847 135360 24099 251 132174 178716 199631 1 1 52917 36593 223 199297 48306 104451 1 116967 57968 1 1 1 195554 122365 27217 12186 34197 57178 53655 121872 25118 29194 194350 141398 43534 148549 1 1 164315 103886 164030 2494 91807 187122 192049 152302 59902 38553 36416 9510 103846 151104 1 79190 97826 51462 118266 38529 151104 101625 122122 1 168783 61557 1 173096 49021 146712 669 48313 140512 130375 1 57618 102000 1 64953 77473 67254 1 50571 180832 123321 108420 175462 99423 1 54428 57970 144793 42259 153171 101625 184715 62477 11574 61557 115270 1 196331 109463 189573 42420 1 29451 14091 158116 64953 141124 20477 122122 111178 103675 14091 63346 107197 1 113382 105131 102323 187150 177305 183178 40220 82514 77473 105925 99368 24099 1 100509 98705 120811 1 43534 177902 78672 138648 163768 161939 4053 1 74634 13565 94608 74330 100806 100792 12042 80408 1 1 10439 157798 152089 27311 78860 103296 157757 122093 170559 38026 87864 150736 6894 98092 91861 38159 196331 68417 1 1 163552 188148 1 1 123868 12007 32929 27425 57618 182488 31010 153121 161315 104189 1 7185 1 47711 1 191980 28190 51522 51122 58454 145441 73283 79190 46274 138800 61256 103675 174075 107374 1 27311 196683 22948 190763 73411 62132 104512 150801 119389 35977 160369 172088 23153 81228 136248 10167 73690 156348 56737 181301 136399 156157 190758 38930 1 37101 178471 156590 173567 49874 1 42935 15423 1 15310 154413 7185 14613 93118 93554 112947 118180 144051 150105 68775 143050 81701 196505 50571 1 198396 12155 100810 74330 195824 181969 45369 73760 39044 1 181438 10167 103886 188700 52979 95010 1 174191 35977 32649 194350 169009 22960 122840 1 22960 58454 1 18229 26851 162959 1 197661 190763 132193 74803 58543 188831 35889 68417 138577 157727 167218 52047 98325 35134 29917 99826 160791 223 176116 1 110606 163755 73525 95576 21991 164030 135522 1 174939 94608 62059 88708 141124 181805 162133 1 144436 142823 191390 33976 113643
3 115634 109230 73283
3 113450 47711 88193
2 19113 56737
2 153675 78364
4 135604 90922 93489 108563
4 166572 50974 144883 1
5 95759 83847 130381 1 140037
6 53507 191980 1 1 168783 92142
4 1 96129 107131 174075
2 150105 16634
5 142655 1 118185 57970 123767
6 1 78860 124854 42968 1 176042
2 180979 159926
6 168074 22168 115945 51076 63745 147374
4 126286 10123 7443 145440
2 103846 1
3 10123 61256 181729
2 178716 1
4 103918 40220 177305 1
5 64022 151499 194350 183787 37281
2 22168 151916
5 104633 45369 141963 32568 1
4 163365 144883 136248 67260
2 79063 51094
4 1 87053 94727 1
2 1 19368
6 167264 192845 3450 104451 197369 69286
4 172088 28962 173981 4713
2 178123 85273
6 135104 1 70838 36151 2026 69811
2 1 100351
4 1 1 181554 123582
2 1 1
3 140037 149730 62395
3 159926 102038 56302
3 130381 74813 1
3 45757 112316 1
3 167706 144051 170849
5 131547 146712 1 117027 184857
3 151916 136417 56115
3 172459 96061 157757
5 108320 131853 81391 101345 79063
4 1 34009 94038 16506
3 8258 131577 20513
2 161708 145123
3 38928 36151 198446
6 94608 107197 12186 150163 162257 198396
5 5582 108165 92362 28962 127713
7 31010 70211 29917 93489 116550 141523 26036
2 1 161524
2 59183 83979
4 134565 149016 72713 173213
2 198321 42304
2 130375 1
2 169932 132862
5 92794 135592 112216 23153 140392
5 7873 16741 11351 89196 150304
4 47048 160614 175602 31968
2 1 40220
7 56302 44825 168234 1 103918 101401 65355
3 1 104161 51431
6 10990 102172 1 102038 13514 107197
4 69959 141963 185972 1
4 105686 67260 129634 28190
6 162775 64600 197247 177613 44103 1568
4 177059 44268 1 74803
6 61930 1 79485 1 1 28189
2 1 187122
2 1 1
2 93770 188603
3 1 160273 106154
2 122284 41068
2 19432 1
4 116550 165943 160273 95212
4 183185 160806 135592 1
6 17426 4057 103493 1 135592 144883
2 53007 24652
3 44825 4212 1
4 79485 138281 52047 8230
4 1 38928 22032 60281
3 13716 12237 192584
4 135604 155031 140599 103864
3 48807 1 178468
3 184052 193665 37276
6 100810 117723 8230 188633 116381 168783
5 140392 153781 160065 72601 21829
4 102430 120027 61557 158325
2 72913 193603
2 1 59467
2 1 188633
2 99466 97514
3 87053 152671 101497
3 108498 1586 15631
2 168743 75105
3 23658 11007 158459
6 198711 27782 65025 150990 14632 72913
3 1 1 130788
3 1 49610 198321
5 100792 180571 69894 36349 105686
3 144793 169116 110594
2 41513 153554
5 123550 14894 91807 112216 175276
2 167218 1
5 133348 64022 29335 30306 50273
3 73786 136025 169717
3 1 166572 80943
4 196877 141523 153554 169116
5 1 181832 78718 100509 114750
6 198176 155013 1 158325 134056 98268
3 11145 16741 143427
6 153644 1418 185763 102323 9238 44825
3 115634 161126 145440
3 121565 173567 1
2 159665 93501
2 54774 67174
2 1 153035
5 33976 57740 155851 47210 1
4 26582 102937 188148 91402
2 10439 37276
6 12237 1 72713 1 41756 28693
2 57178 164907
5 52011 187286 124264 112987 164592
3 34108 20477 28060
4 135742 24435 197247 1
4 188148 192566 1 1
2 123767 168234
2 47711 174369
4 1 178468 62395 1
4 11758 55755 48313 137421
3 142655 36251 103296
7 159253 123550 124264 163643 178123 75105 161939
4 32114 108563 191866 71059
4 183205 40004 113382 7926
3 131644 184857 17502
3 98092 1 192566
2 198897 1
3 122840 165702 97983
3 132818 49845 11574
4 137939 54335 181729 19916
2 22032 100509
5 145440 150517 130381 169173 127836
5 172720 67254 107395 180075 16634
2 1 134226
4 100806 72473 1 24652
4 1 140859 27782 36792
4 22280 192584 150064 151499
6 1 36634 9381 144436 138577 131661
6 17567 83847 173213 153781 63201 169932
4 57632 169960 171216 72713
4 158989 142197 52917 14632
2 1 1
5 25085 1 172459 133348 79485
5 165163 86721 177596 36151 21249
5 160273 90922 98575 91578 1
3 8258 166766 185763
6 170185 34260 223 83260 136417 146459
2 58543 44831
3 7002 106019 8258
2 1 107665
3 146282 150459 1
6 79125 298 4057 177613 1 157798
2 38553 141418
2 1 1
6 33976 122554 88028 3551 125246 150517
3 1 80408 66732
5 10080 196331 156590 1 52645
2 1 87858
5 32415 123868 99466 144336 172070
3 139519 158789 1
5 146282 66925 123494 198176 67260
3 161012 71196 121565
7 10406 27782 174570 20243 135604 1 122554
3 182184 5121 1
6 122122 67365 1 1 131577 16741
4 1 181562 130857 1
3 49021 162133 165686
3 62059 57882 22168
2 187991 100806
2 165686 58236
3 1 51431 161595
5 177059 31725 103846 1 193652
4 88028 169336 174216 40667
4 118185 186169 166373 88708
3 1 1 77738
1 172720
4 132337
1 151011
4 167706
9 170185
10 148461
6 9510
3 108320
7 141418
10 44831
4 58633
4 57632
8 10080
6 53848
4 76100
1 123307
7 68042
8 137939
1 135652
8 153121
7 177505
5 136399
5 161708
2 112438
1 192049
4 37281
9 126963
10 108320
7 72713
4 33201
2 192845
2 122284
1 160806
4 198446
9 83847
10 68775
3 160724
1 63346
2 1383
5 41543
10 91402
10 1586
8 123321
5 192049
1 171748
8 122093
6 132174
1 177596
1 175462
2 58633
3 48807
3 19249
9 7873
2 196505
5 152089
2 177505
7 167706
1 116383
4 85298
8 99368
5 143050
9 141418
1 22280
10 193053
8 41543
5 113450
1 187991
10 48801
5 138800
1 85963
1 85428
1 165702
6 140037
4 161012
4 169960
10 83847
9 136025
8 122753
5 158989
3 166196
2 85298
1 45369
10 188831
6 55329
9 153121
7 96936
4 192566
8 173981
5 15631
1 161315
3 139407
4 159253
1 140512
7 72913
8 118180
1 81701
5 124318
10 7443
7 20824
7 134407
4 18229
7 55755
10 89677
5 108649
2 119389
1 154549
10 150317
7 184857
5 188148
2 140862
10 178468
1 74330
1 70091
8 25085
9 198511
10 32649
4 183684
8 107374
4 88284
4 67901
10 196877
7 83847
1 102430
10 70211
5 40667
10 21242
1 91807
8 114871
6 136248
2 20477
4 35168
9 48807
6 4713
3 178716
4 166572
1 138577
1 62395
4 14726
8 162959
6 35977
3 147206
4 183787
4 84609
4 100806
1 135522
1 20243
9 147374
6 78364
3 130134
5 157798
8 144883
3 147229
7 78718
6 173213
4 103846
7 96837
5 164907
1 11145
8 76538
8 81920
7 73786
2 44268
7 108649
8 148549
2 98092
2 50974
1 141523
7 146268
2 45822
1 178123
4 141938
7 13468
4 187991
10 167706
5 125346
8 191624
8 68775
7 107845
1 11007
5 156269
2 11574
6 172582
3 31010
6 199297
1 131661
4 169248
1 61843
1 175602
1 4710
1 112947
2 170185
4 16634
2 107374
5 24652
7 161126
4 160614
9 139605
6 134565
2 151499
5 169336
10 53007
7 150105
3 31968
7 14726
7 62132
6 93501
9 199631
4 131577
1 11758
9 102172
4 31725
6 63346
8 172360
10 4339
5 116383
9 183185
7 51625
8 69959
9 151011
6 170849
6 85273
7 193053
1 36349
10 147374
1 174570
7 27782
3 150459
2 134226
3 98092
10 5625
5 194767
8 110761
5 99368
8 167264
10 187991
1 52917
8 157757
6 54335
8 128397
8 154549
5 32114
1 42304
4 4172
7 183787
1 80408
9 11145
1 182488
9 31725
10 171216
9 162133
3 152089
2 19378
10 69959
1 183205
5 109463
2 160614
3 100806
2 191866
1 44831
1 82514
5 8258
1 32568
3 188633
6 150064
1 112987
1 71196
1 137421
7 150163
3 15631
9 66887
3 11145
10 161708
5 19113
4 122365
5 95759
8 135360
9 58633
1 51094
5 124264
1 85298
7 10731
1 155013
2 116383
1 164315
8 96936
8 107845
10 122284
2 147206
1 10990
3 170229
3 169173
1 196505
1 193053
1 28962
10 155031
2 198176
10 251
7 74644
6 61843
6 68775
10 89196
6 103826
5 168743
10 103918
1 149241
4 177059
1 5121
9 10123
4 79125
1 103846
5 47048
8 81701
2 15513
8 50840
9 164907
10 23658
1 19113
8 130375
4 115426
10 92362
10 143930
1 172360
9 51431
6 181554
4 195554
3 180571
1 77738
8 61792
9 158755
4 180979
1 105423
3 105925
5 122589
9 1
3 167218
2 135652
6 251
5 59415
8 178945
10 10123
7 174191
3 51122
5 161714
2 19249
5 150105
7 78364
2 41543
6 163552
5 112947
1 23153
2 14894
5 67254
4 115391
4 177305
10 135742
2 51094
1 97514
6 136025
2 125579
10 125401
5 177505
5 198446
6 70211
2 183684
1 62477
2 33057
3 158989
8 49610
9 166445
9 61792
3 112947
4 11758
8 102172
9 102430
9 3704
3 162488
10 96936
10 142655
8 136025
9 161012
5 169009
1 51076
10 67122
5 167264
2 156820
8 12007
9 160806
1 27425
5 19432
6 123321
6 146268
5 193665
9 177902
8 31010
8 146459
2 38928
7 157630
7 95759
1 17502
4 67603
2 3372
1 123550
7 125401
1 132862
4 51122
1 73786
8 36634
7 122554
8 193603
1 125401
1 31858
4 41543
3 31192
2 67901
1 65025
4 73411
4 49845
6 167706
2 17426
4 198897
6 121835
7 116381
5 163643
5 60703
1 192767
2 140859
2 153224
1 16506
5 167706
3 142197
5 174402
1 40004
10 150105
6 85298
6 146282
3 119389
6 68417
6 58633
7 104849
9 103675
2 32114
7 89196
6 194995
10 72030
7 136025
9 73786
7 137939
3 4057
7 123494
5 118007
5 187122
1 65016
1 161126
8 178716
3 7926
2 100708
4 136248
10 61843
3 59415
10 183983
10 146282
1 32649
4 174875
1 81920
2 110761
8 158989
1 191866
2 81163
1 8258
8 96737
7 162775
4 131644
1 132718
5 48807
5 166766
4 96129
2 156846
10 198967
8 49874
6 143050
4 196244
9 10439
1 12237
4 150459
6 125346
9 19432
4 45822
1 54526
6 135104
8 120538
1 160724
9 160369
8 9510
9 121872
2 142655
1 188148
8 4212
3 10123
6 181805
1 125346
5 26841
8 196877
4 183185
1 92584
4 53007
8 78364
8 174939
2 58824
10 146268
5 161939
8 167347
9 167706
2 177059
4 58236
2 135522
4 153224
8 163755
4 176743
7 100384
4 104633
2 132718
10 67807
9 61843
2 166196
5 2494
3 185346
3 53848
1 153224
5 141418
3 160614
9 72473
5 177059
10 141938
4 108563
5 161595
7 92399
2 153675
1 112216
7 158373
10 44103
10 54335
2 198897
8 44103
8 70211
2 183983
7 108320
9 92399
1 199631
5 178716
2 66925
3 49845
1 117723
2 105131
1 58633
3 65514
5 107845
6 167347
4 47659
5 74666
2 147229
3 44831
3 104849
8 154090
8 149016
1 153171
6 108320
9 26841
8 34623
9 29194
10 98325
5 34197
1 131577
7 124318
1 138281
8 71322
3 97680
9 107845
6 178123
7 140746
5 135742
2 69286
7 129019
7 3372
4 96936
1 167347
9 91873
1 134565
1 54774
1 20513
9 125579
1 32114
10 8258
8 55755
2 197628
7 59902
8 156157
9 67807
2 143050
7 174216
2 153781
9 32568
7 47048
6 178716
4 54774
8 170559
10 156157
5 81163
5 125401
6 52979
4 40004
7 38928
2 145441
10 49021
2 141124
9 138648
4 16741
1 35497
1 158717
4 122003
1 53007
10 120811
5 69811
7 146282
6 152847
7 73525
4 120546
7 114871
10 117723
1 29335
8 28962
5 160614
5 105925
7 169932
9 71059
9 44825
8 169116
9 93554
1 109230
8 161315
4 13565
5 146268
1 21829
3 171216
6 96129
8 67603
9 135800
9 127216
2 109463
2 97514
8 100351
2 223
9 159253
2 89705
10 139519
10 11758
5 97514
2 13716
6 196505
2 140512
3 72713
8 198967
9 149016
5 73786
2 49610
7 167218
3 181438
1 183178
5 162257
5 83979
4 101345
2 103493
8 108498
8 19113
6 81163
10 100307
2 104633
3 73411
6 122284
2 98170
1 37281
7 10123
6 30355
2 16741
7 135652
10 81701
2 100806
8 5760
1 153554
1 121872
2 171216
5 152641
4 5121
5 100792
6 10406
7 85963
5 52917
8 65514
2 40004
1 50273
9 69286
6 43652
7 67122
4 113450
8 160791
6 1383
10 64567
2 56115
8 58633
2 132174
1 17426
8 13716
2 73786
9 177505
10 137939
1 132818
2 36416
2 178123
5 167347
9 116381
9 197628
2 151011
3 9510
1 94038
7 79330
2 93770
5 4601
4 118180
4 178468
6 92362
2 181805
1 70211
1 115270
2 110839
4 124318
1 112316
10 122554
1 79190
6 38529
1 173374
2 85625
1 162133
1 187122
6 168743
10 124536
7 155956
9 139519
5 135652
6 6829
2 79757
6 122003
3 34623
2 122753
10 20243
1 61256
6 62059
7 72410
5 192767
5 37101
3 107197
2 32929
1 194767
10 140746
1 188831
2 49845
2 172360
6 109999
7 51094
5 38928
3 25085
6 192584
7 10406
10 61930
1 108165
6 106017
2 94727
1 38930
5 108320
10 44268
8 135742
7 160065
5 16741
6 122365
6 14613
2 144336
6 34623
7 56737
1 84609
1 174402
3 157757
1 104633
2 56407
1 104512
9 25085
4 70091
7 81701
1 251
8 153171
5 196505
10 162959
10 108649
9 23153
5 43652
8 146712
7 69959
10 8230
8 10123
10 12237
8 38529
8 144336
9 172360
1 21249
8 35168
1 100384
2 31968
7 57632
5 192180
8 48807
4 136025
1 26851
9 198897
8 127836
2 184857
8 183185
1 177505
6 98575
10 118180
3 38553
3 167706
7 74399
1 67901
4 134565
1 160065
6 130788
9 98170
1 42968
5 5121
9 22168
3 185972
5 197628
5 181554
2 159926
9 83979
2 50443
10 124318
3 46274
8 122003
3 78860
4 170185
10 152302
5 59902
4 41513
5 102323
3 7443
1 38026
9 7002
2 121835
2 179693
3 168743
5 7002
3 20805
3 24435
6 32114
10 125246
1 4339
2 35339
1 81163
2 1586
9 8230
5 123494
9 4601
1 95212
3 38159
4 197247
8 161126
2 59902
9 88193
7 198321
4 57882
7 172360
3 174939
8 32415
6 22168
1 25085
10 168074
3 4053
9 151499
2 137939
4 32649
1 32232
10 158789
4 21822
4 50443
1 158989
6 15631
7 73411
1 198396
6 164907
1 103675
1 151499
2 135800
1 103296
6 81920
1 71322
9 160828
4 67122
3 100384
1 19332
10 107131
2 70091
8 66374
1 71744
6 28189
9 83125
9 92584
3 141938
1 172070
9 154851
3 145123
6 150801
4 36236
10 92399
3 59467
10 188633
6 73786
7 115634
5 149016
2 61256
2 104189
6 64567
4 4601
9 178468
1 58236
2 148442
1 115634
10 73411
3 73532
2 84609
1 183684
6 67603
5 100810
10 81920
9 104189
9 81163
4 132193
6 88708
5 71196
9 164701
10 123550
6 14894
5 19249
5 155013
1 124264
3 156348
5 57968
2 54335
3 99368
4 74813
1 181729
3 67122
8 5121
10 7185
9 63346
4 171748
5 168783
2 109463
8 182184
3 68775
6 25085
1 132193
6 140746
3 116383
6 74634
6 107131
9 122284
7 42651
9 154549
7 124264
3 137421
6 73525
9 68775
10 195824
10 19249
1 37616
4 40220
3 131076
1 196244
7 35134
10 168783
6 169116
5 45757
3 124318
3 60703
3 7002
6 11145
1 59583
2 134565
4 59583
6 150105
3 86721
10 91873
