50 100
1 2 784
2 3 311
2 4 781
1 5 499
5 6 511
2 7 355
4 8 534
8 9 418
4 10 806
6 11 710
5 12 382
9 13 144
2 14 774
8 15 674
3 16 827
10 17 440
8 18 357
6 19 183
9 20 930
1 21 600
10 22 727
2 23 496
11 24 263
2 25 932
9 26 799
2 27 115
2 28 402
3 29 777
29 30 653
5 31 160
7 32 910
28 33 698
8 34 665
12 35 342
4 36 509
9 37 38
24 38 501
1 39 873
16 40 406
5 41 83
9 42 248
33 43 651
19 44 834
5 45 567
15 46 200
45 47 981
10 48 813
47 49 423
49 50 404
31 37
41 17
8 22
19 11
35 37
1 49
18 41
22 37
10 41
32 23
4 4
48 35
31 36
30 50
27 29
41 39
42 24
42 46
37 28
41 42
50 7
38 49
21 43
49 50
29 29
19 37
29 10
27 40
16 9
12 38
42 38
28 1
27 45
17 46
9 6
23 3
47 35
39 5
50 49
7 13
16 28
50 37
18 44
27 35
29 11
49 36
28 48
33 41
37 28
16 30
18 50
45 10
24 22
31 15
48 2
18 46
26 42
36 6
8 28
50 30
38 19
28 21
1 42
16 41
25 45
48 36
25 26
33 47
34 1
8 49
34 8
42 48
29 40
40 40
41 7
34 15
33 29
1 45
34 14
12 35
22 25
9 5
11 16
50 18
16 24
29 19
9 10
27 20
49 9
33 42
7 5
6 15
43 17
2 9
45 10
26 37
27 3
39 36
18 15
44 17
