1 10
18 100 3 153941535
9 1 746312760
16 3 74688284
3 3 666371097
12 3 721006256
11 3 293522471
8 2 38978415
14 3 70833042
5 1 219897187
8 3 170306311
13 1 685688046
4 1 684721812
14 3 599285285
5 1 306161948
9 1 783899594
16 2 492167062
9 3 219656394
4 3 803005931
1 1 494143639
7 2 711617615
6 2 381422022
6 3 592536960
1 1 187701131
8 2 112433630
3 2 2179508
12 1 114272170
18 2 645923908
11 1 557368610
18 2 628905169
7 1 4990907
11 1 837646208
16 2 249990272
15 1 310211200
9 3 587298379
9 3 770795621
4 2 646759714
7 3 159839590
12 1 199511828
4 3 639368985
8 1 209193524
18 3 672192461
16 3 375938165
6 3 458552232
13 1 274216103
16 2 774203747
5 3 696559762
7 1 580834691
13 2 121357713
4 3 14385433
13 2 204333872
10 2 735535869
17 2 153870409
6 3 85515431
8 3 303387963
11 1 812970190
15 2 219297613
16 3 311799205
17 2 548372962
8 3 172482963
13 1 674891997
8 2 568206033
11 2 792019927
5 3 842706250
18 1 166465087
11 3 493990574
10 1 700656626
11 3 655554776
16 3 156488571
7 2 269148770
13 1 832494605
10 3 145233445
10 2 587344159
3 2 123499829
10 3 301484680
16 1 272990332
8 3 619362683
6 1 517188630
7 1 480908740
8 2 741087821
18 2 167655395
12 3 844698903
11 3 788064169
14 1 160337517
18 3 672168050
17 2 92849038
9 1 508684578
5 3 28537523
18 2 223977923
13 1 135234676
16 1 219039134
6 1 607839964
7 1 209027641
13 2 162245832
11 1 657407632
17 2 39416998
5 1 730080918
16 2 298088363
18 3 119656174
9 2 389508149
4 3 812477669
14 2 357685060
18 100 18 26086768
12 12 34630382
17 7 23146715
16 12 24681769
17 14 15996410
18 15 12335839
14 7 37435960
8 4 4150734
17 13 23312861
15 12 39337067
12 8 33393743
16 11 8630475
11 8 3080543
14 14 21796370
13 12 14479146
16 2 39536223
10 9 12827898
17 17 577527
16 6 23308008
18 15 34869322
15 12 37765943
18 16 39436538
16 6 17928823
13 12 9642366
4 1 25438095
18 17 22583106
16 10 8787903
10 6 7026615
17 17 20523494
18 6 13195479
6 3 15498606
18 18 7938760
13 3 36689473
15 11 34036550
18 7 23200667
15 10 16858087
8 4 19447533
15 6 22156046
16 16 5859863
16 8 31167357
17 16 1523805
16 10 17943427
9 4 34712351
18 18 6238212
12 11 845244
5 2 22011940
13 12 5156925
15 8 15828067
18 10 39776299
18 11 21650771
18 18 4329169
16 12 3480264
18 17 41201298
18 17 30237713
4 4 24175674
18 6 38947392
18 8 8897828
14 9 9588389
13 5 23438018
16 14 34870339
18 18 19416166
13 9 20600753
17 16 7065427
10 10 15686697
16 16 37545481
13 11 27505713
17 12 8844455
15 11 19146570
14 11 7180530
8 5 19193267
15 14 31648812
18 18 674247
18 17 21179308
4 4 1656604
16 14 22044279
18 17 20972295
11 5 41365453
14 10 16228451
6 2 31090551
15 9 25934302
8 3 716442
17 10 28348222
4 1 5638967
9 8 20398158
10 5 17717831
12 7 32838626
18 17 12081349
17 6 27200587
4 3 32720433
18 14 217092
8 5 37267598
6 2 39009
8 2 28462067
5 1 3050395
16 14 11171641
16 15 6041592
18 13 15380693
4 3 11841702
18 13 39325959
11 11 38470063
16 9 12180554
18 100 12 4407116
10 9 18809675
16 11 53506292
5 2 7995552
16 3 52764280
13 5 44157288
18 4 1181774
13 11 33900039
15 11 31852768
12 1 20098372
5 5 3553256
6 2 60754776
12 5 23427021
9 5 16769532
16 4 2731067
10 7 29897964
17 12 17415590
3 3 27899845
11 11 50465362
17 12 5590562
18 4 31105095
8 6 31682025
15 6 47489383
16 12 34179590
16 5 8892776
10 1 24471454
18 2 41402252
16 6 40298255
12 3 61071299
16 3 37961565
9 2 48218067
11 9 19736899
7 1 61843821
14 3 60790709
11 11 43426065
4 4 13058717
5 5 37164440
9 8 5547406
12 11 56046217
13 9 62095528
13 8 25017469
18 12 28090709
11 4 48553982
17 12 11692159
18 12 39091823
11 3 7471368
17 8 27052048
17 7 48895398
13 12 7832338
13 3 795598
16 11 196502
14 10 13092683
14 5 6059810
13 11 57908935
7 3 39729213
8 2 16679504
11 5 23769569
8 6 592135
14 2 4778474
12 8 27042758
11 5 18016624
3 3 6411883
14 12 60775260
9 5 52393810
10 1 16313098
17 9 26930816
9 5 40258195
18 2 60991589
17 5 60713432
13 7 6280120
9 1 37750652
15 11 58448330
17 7 6269929
10 3 13809618
16 12 42312081
10 10 17852612
13 6 53695668
8 5 31987195
14 10 43155377
18 7 37229876
17 7 53966691
9 7 43275763
18 3 55416390
9 3 33093669
16 4 61229461
12 12 26861016
8 6 51088773
18 12 42433727
12 11 30326322
15 7 55039120
9 7 2698545
12 10 56201149
7 2 3795772
18 12 57369994
16 3 19862860
9 5 20784368
10 3 18127948
15 12 58584761
10 5 27024624
4 3 3118159
16 3 54592803
18 100 6 30976522
11 3 43745909
6 1 20452113
11 1 45213412
5 5 118858654
5 3 93481298
13 6 27951823
15 2 31057979
16 1 123926960
14 2 58820080
4 2 119698815
3 2 144992634
11 3 50218950
17 2 48457273
15 6 80844279
17 1 142194855
18 4 12061763
18 3 62855464
3 1 148305352
13 4 85845733
14 5 128458257
6 3 130780453
9 4 24298774
17 5 158556919
9 6 57668064
13 3 104691705
8 4 132063476
13 3 103933132
12 6 41732192
2 1 75513174
9 2 90690389
13 1 103339957
6 2 71704711
5 3 75420679
17 4 132158990
13 2 17307620
11 6 126879176
9 4 123296134
5 4 36532374
7 2 85428079
11 6 2262564
18 3 153578994
9 2 94918042
4 3 116748884
8 4 135272931
8 1 63340415
13 4 13825933
4 3 64610232
14 1 83984697
8 6 16839123
9 6 10134117
11 3 6321492
16 5 39094463
11 3 123672186
10 2 110472156
6 6 62078295
16 1 101240500
16 2 32059093
10 5 122057647
15 1 89885004
15 5 147672696
17 6 56438769
16 2 72715746
5 2 74956264
12 6 15939798
13 6 40783561
14 5 14046717
2 2 135135027
15 6 42527591
15 3 93526057
16 5 17226765
10 6 137452905
8 1 28030153
9 6 145965523
16 5 42873312
10 5 47188843
8 1 96238943
16 5 83413085
12 1 88237188
14 5 66233081
6 5 86992970
17 2 8154450
5 5 81615444
10 4 92481713
9 3 121181047
10 2 85939344
2 1 21077038
10 6 41950684
6 2 144557330
11 3 120436201
7 6 147209130
12 2 12661094
16 4 48852559
17 1 104605571
13 1 65236524
3 3 3233705
2 2 79250073
7 2 147898865
5 4 100095587
12 1 78197578
7 4 65636336
18 100 7 48301665
5 4 36140627
8 7 47646582
7 5 44114719
13 7 10520819
12 1 25892440
12 3 31208139
11 7 17258978
10 6 52496739
12 5 20775845
6 4 40910010
6 1 15235076
7 4 34203608
5 1 1125505
18 4 15722289
7 6 24532181
18 3 5403948
15 2 38946506
12 3 14166821
2 2 44773214
5 5 39478199
9 1 28672488
9 3 23672197
18 4 44389789
10 4 49991110
14 6 1481376
14 4 50656139
17 7 46515880
10 1 47421471
17 2 9389363
7 1 20701542
6 5 7495205
18 7 46844458
12 7 41906508
9 7 12668401
18 7 11170624
12 1 7418405
16 3 28324280
12 3 1448959
11 6 52092231
10 4 17263595
4 3 49204292
13 4 5798831
18 2 18885998
8 1 4453594
16 2 21197041
16 3 37115759
4 4 12242889
8 2 48643819
10 5 26462065
9 4 9956952
5 3 29169187
7 7 40796811
17 6 8181933
18 7 3779176
7 3 16194548
5 2 5607899
17 3 22814843
14 6 24594947
9 3 26635119
1 1 21376526
4 3 8629141
13 2 2874743
17 6 18782059
10 7 38518627
6 6 48556405
4 2 974534
7 4 15107099
8 3 14607580
17 4 17525160
7 4 408623
10 1 516433
4 3 19163513
10 2 15736527
5 5 49487691
17 1 30129930
9 4 24865201
15 5 44693852
10 6 43682972
10 4 50396698
16 5 41097278
13 1 25866117
15 3 8508268
3 2 17736921
3 1 4837828
8 7 2480098
10 3 51184337
3 2 50127901
18 5 23380683
4 1 18304801
13 7 24175694
14 7 51076936
14 6 9580893
11 6 46463276
18 5 11508486
9 3 14317382
8 2 42446449
17 5 30531545
5 5 39157091
17 2 22802458
18 2 4686646
18 100 10 8026397
10 8 52999231
15 9 50915975
2 1 35174643
4 1 6776760
6 5 94720483
16 4 104271932
13 5 64695314
14 6 64531677
18 3 55518838
12 9 12117576
14 10 80177513
7 4 81807020
13 10 94879350
17 9 16489995
18 10 110550830
6 3 121026243
12 9 77605200
14 3 10010848
11 7 73130967
11 6 33518136
2 1 110308562
15 9 112270751
8 8 95823206
12 4 45589300
10 2 86833859
18 1 30446835
7 7 117091385
10 5 40518891
5 3 7574056
2 1 94390023
11 1 72853485
6 1 79294850
15 6 36474355
8 8 118903536
11 10 127892665
15 7 21351604
16 4 43810076
15 5 17169095
12 7 7302540
17 8 50400438
13 1 75220189
9 9 75117003
3 3 23303024
6 6 77894329
13 6 10992218
18 3 92551444
12 9 78229234
13 2 40050835
17 9 69080745
15 1 107414255
15 9 116963204
17 4 87584870
4 4 24981813
14 6 109522045
6 6 89060980
12 6 106488093
12 8 94575183
8 1 111894398
8 6 61029506
12 1 106200931
7 3 6631967
11 4 91493388
12 8 72167744
7 5 8704540
13 7 92741480
12 4 115929133
17 5 9456279
14 7 112086286
6 3 93016456
10 8 78428270
16 8 94480039
9 3 4099749
10 10 37425148
7 2 10985394
6 5 108009450
15 2 104566169
12 3 109923180
15 6 117223081
7 5 72243774
13 6 107252327
14 5 66064543
17 10 98598481
15 10 118434456
15 9 21010910
4 2 3590695
16 4 43961672
7 6 995715
18 9 126779640
10 7 60052580
12 6 53358885
7 5 73018539
18 1 77994900
13 5 62038324
11 6 120629901
5 5 86086643
18 6 129509794
2 1 79624667
2 1 25228945
17 5 80044898
16 10 29838998
18 100 15 6091535
14 14 6264827
12 11 5178477
17 6 36828276
9 8 14336902
7 1 36409982
17 15 9577740
15 3 6585326
17 12 28187894
8 5 14918034
10 5 28656350
16 4 16003260
17 10 4397139
16 13 22493406
17 5 29041601
14 11 31461139
16 5 25903126
10 4 38017517
6 3 2477765
13 3 6034240
16 15 25042545
13 6 11334953
8 2 6302182
13 13 12699327
16 12 26599866
11 8 28767418
18 9 7658617
14 13 23663193
16 8 34011670
10 5 34973834
15 9 27091688
15 11 3305293
15 13 7352926
2 2 5967112
12 4 37307612
12 7 27022284
14 5 10311218
17 13 12218038
18 14 23478531
17 12 1960398
15 13 6032302
16 11 2452039
15 7 26355731
16 4 7357363
11 4 2617154
15 14 32525598
2 2 25494463
18 13 16377358
14 6 32723575
17 11 1810931
18 15 15199579
14 13 9093742
18 14 3281459
14 1 35372113
9 1 33769535
18 10 36190385
12 9 11342506
9 1 36640624
18 11 18581389
16 15 33189636
18 12 2871352
11 11 19796234
14 13 27092285
18 12 24620098
14 14 22642620
12 6 15082263
13 7 9711248
17 14 21323932
6 3 11377488
16 8 19574666
18 13 30596973
9 3 2523268
12 11 25729911
16 15 10938985
9 2 8202880
6 5 27016682
13 6 34924598
15 10 15686678
18 9 10857903
9 5 36564923
16 12 22946923
15 14 11110030
15 15 30832090
6 5 1422684
2 1 20031385
9 3 27972071
9 2 18215829
15 4 27100167
17 15 7887596
18 13 14856920
18 12 30997588
18 11 7741587
17 11 29857761
17 14 18681217
3 2 7503729
17 10 34595861
10 9 19056210
13 12 10350241
18 14 30077451
10 10 10897498
12 2 27353146
18 100 17 27326372
10 5 294791268
17 5 190980680
15 15 124869902
6 2 36817084
16 16 496148381
16 16 96518439
9 5 436634001
10 9 355476841
17 13 332218394
7 2 66393044
17 13 473562650
14 11 132358936
16 11 439903886
18 13 25431734
16 16 210790228
3 3 265077315
15 13 97280345
1 1 159476354
6 2 526177322
17 17 153864084
16 12 105816235
18 13 230314642
11 11 421189005
8 2 482079187
12 5 124455594
13 6 7365338
17 4 180605727
17 16 326462205
7 3 219919953
16 9 411099311
17 4 422382947
15 15 206478895
16 15 89770563
18 16 59846316
8 1 197543232
12 10 9679723
7 7 293880352
17 13 348611868
13 10 55997314
9 3 161973643
16 15 226340288
12 2 76364545
17 2 415338586
18 13 348574546
14 2 101581047
16 3 347569890
18 15 53018662
14 8 405301922
17 4 228018169
18 16 501052672
16 13 152610248
16 16 381712782
10 9 81707509
17 17 18466120
18 17 329734632
13 8 100746314
18 14 36757588
17 13 191308964
15 15 272173050
17 6 36864242
13 10 119663555
17 16 301113993
18 15 329532801
13 4 70561144
16 14 407539240
7 6 81987475
13 3 261099357
7 6 87990453
18 17 10841304
17 9 58535500
17 11 13085528
4 2 77496410
17 14 474671123
10 8 367018273
12 6 335289024
18 12 410377329
7 1 248572622
8 5 348894063
17 9 200247096
14 6 159412327
18 17 403054355
9 5 314389695
15 15 221156511
16 16 282020100
14 9 481593502
18 5 391662104
17 3 399765032
15 5 59516277
13 13 170394580
16 6 330206090
15 13 44813713
3 3 1856136
18 3 301602287
11 10 218952396
12 12 143861878
16 11 155730183
17 8 455794974
11 2 152937478
12 12 248119773
13 10 117276980
18 100 7 60623720
14 6 63795816
18 6 98542457
12 6 202062014
7 7 1033216
18 6 197597329
7 6 156338987
12 7 52374359
4 1 91078598
12 2 130737816
10 1 100004580
10 7 144683820
3 3 139042442
4 3 176762268
14 4 211645364
13 4 28095105
17 1 112926807
17 3 54488220
5 3 43526967
7 7 27209354
3 1 145816810
4 1 185351830
16 2 216581901
17 5 51501117
6 6 144398782
8 7 68196013
7 5 87854202
12 7 60397878
13 4 78939896
16 5 178333125
18 2 140452977
12 5 165223202
16 4 98895250
11 7 232757556
14 2 148143215
8 5 5619347
7 6 56970954
5 5 144798482
8 5 19466751
9 2 109122032
10 5 37683981
16 5 98832960
8 3 99676406
7 4 84527840
18 5 55339535
14 4 43332266
3 3 36480039
2 2 11365654
11 2 55516240
2 1 39088322
9 5 190519026
11 6 29843608
14 6 120263511
9 4 154876828
9 7 123190483
8 7 35466194
14 5 171214609
14 4 109787963
15 1 37251789
6 1 49453350
15 6 25728536
13 3 133383481
13 2 44754505
18 6 231191143
13 6 74243214
4 1 36075461
7 1 12098707
17 3 110669553
12 2 53926945
17 3 109286674
7 4 214898602
8 1 42357230
12 7 233153287
7 3 176008395
6 1 193815167
4 1 54713299
11 1 35867666
10 6 157686863
8 7 95331760
9 4 116264907
15 7 51378923
16 6 188677509
12 5 74483307
10 7 148221269
11 2 87036117
5 4 94441731
3 3 89733795
18 4 136458835
10 1 94268998
10 2 52995973
5 5 175244067
14 6 129089173
6 6 214754370
7 5 18123645
4 1 37434996
7 1 15596209
8 7 16213173
6 1 182149426
7 7 17874510
7 3 165666186
18 1 19906839
18 100 1 406074229
7 1 33819894
3 1 63104291
17 1 103165645
2 1 106367135
4 1 106728171
7 1 56584926
14 1 39118690
14 1 92542812
4 1 178071066
5 1 442082
13 1 197352259
12 1 194430654
1 1 157313138
9 1 42402629
9 1 158660402
16 1 148427398
12 1 176123985
16 1 194257212
11 1 169496363
12 1 137358350
15 1 93760242
8 1 47161829
14 1 167064715
10 1 46499675
15 1 15982589
8 1 156970630
3 1 117711390
9 1 174897216
10 1 10960677
13 1 9581374
2 1 40972576
12 1 29221020
1 1 67915571
4 1 4304918
14 1 1277954
12 1 64854144
8 1 94743536
13 1 129448612
14 1 155911159
17 1 187471977
11 1 100980919
18 1 12135895
15 1 43325699
4 1 2440968
11 1 93535381
10 1 94681347
8 1 267298
10 1 190871102
3 1 69384729
17 1 176099704
4 1 117431907
9 1 163162723
7 1 179719029
3 1 143064725
12 1 79705941
4 1 19623884
16 1 2238391
2 1 125341560
11 1 34887908
13 1 161005395
14 1 20373065
3 1 105719423
3 1 145162572
17 1 95728869
18 1 103754876
5 1 14163482
9 1 191880253
5 1 123546330
13 1 182204681
13 1 108923781
18 1 139394029
9 1 81455015
16 1 126178912
11 1 20955179
15 1 181586071
12 1 21320251
2 1 43551938
10 1 76160613
13 1 69164913
13 1 26368924
18 1 58071749
2 1 193633430
15 1 199007604
12 1 141369360
8 1 28624646
14 1 15350853
10 1 7206000
13 1 12199496
3 1 112404533
17 1 192973982
9 1 84637003
18 1 73315104
15 1 107169120
4 1 6815854
12 1 80438683
6 1 38954913
6 1 197955731
7 1 25017543
12 1 155165725
5 1 185585247
