2 10
18 100 10 46289258
10 2 87268387
11 10 37007884
8 2 154428519
17 5 103294358
8 2 127194823
7 4 8082113
8 8 128080762
16 8 166686680
13 5 81437877
8 3 10896016
11 5 109400375
14 10 70733311
8 4 27275792
13 6 83479861
17 10 64376095
5 1 117716267
11 5 129644491
6 5 113367841
10 2 55409796
13 3 73398714
17 10 119257344
10 2 110745547
15 7 122464741
18 9 144523559
10 10 133961803
14 5 32850451
7 3 125118609
13 6 56296455
6 4 15360762
13 10 93764416
13 6 6401051
6 5 76877309
16 7 27267047
15 4 122716309
14 6 14064891
10 6 138417823
15 5 81338747
18 9 90369261
12 8 103869314
14 6 52423243
5 1 96706441
8 8 75422588
11 8 89701199
15 3 87450408
9 6 6880818
16 6 144165027
16 10 49745179
12 3 98567273
16 1 107579959
15 10 90866544
13 9 10474323
13 3 30593797
17 9 140130464
11 3 28807764
7 7 1426736
8 8 112581255
5 2 80907972
15 2 7835165
17 7 7967568
13 9 154028512
14 5 54422797
16 8 80434232
11 2 116983794
9 9 66663381
11 3 96044303
2 2 73679256
13 4 15075875
12 9 111564102
5 1 163372985
11 10 41401388
7 6 129574534
8 7 99178905
11 3 105111722
4 3 131412494
5 5 155272465
11 4 81925084
4 2 62429885
8 2 62447210
17 4 10209426
13 7 99588509
13 9 134394593
13 8 164103189
17 3 43822481
7 6 11040651
11 2 33091650
14 8 52021646
11 3 58533210
18 10 21041460
7 5 94910018
13 7 46685334
4 4 7694035
17 10 42420150
11 2 63843005
9 8 58479249
10 8 30803390
14 8 92837034
11 8 157232218
14 10 34897576
4 1 51108219
15 10 157829167
18 100 12 9585634
14 8 49031934
15 8 38999815
16 9 34698033
14 11 40563980
8 2 39124283
8 7 17753950
8 4 27025236
17 6 29833211
18 9 15002505
17 12 23987351
14 8 38334670
15 3 14375831
15 9 3887771
7 4 17042403
16 7 39303181
11 11 16538518
18 1 40650295
11 7 13375996
13 10 31918505
15 7 27152469
10 9 5800444
11 7 1060242
7 3 10327591
8 2 1210896
15 10 22400777
15 6 35466996
7 6 9736198
9 9 34561497
5 3 20943162
5 3 34746181
15 7 36994405
10 8 35216987
12 12 26737953
5 4 46083081
7 4 46857360
13 12 33277578
5 3 7107227
10 10 24720781
7 5 15136488
18 12 41190750
11 9 16210746
14 10 32546350
6 6 38587432
2 2 29676166
18 8 40250584
7 5 5358016
13 1 13802708
9 2 14746165
2 1 18339726
9 9 47333605
17 7 5248385
4 4 31211098
12 9 2964846
11 1 9149380
15 10 43214387
12 9 16547943
16 10 42992320
17 7 13380544
10 10 27766569
17 1 43480831
13 5 38440400
18 2 25898084
18 6 18627346
18 7 38106086
18 4 3999896
8 8 47271706
6 6 1625625
12 10 47635270
12 3 38097855
4 3 17899611
11 1 50547032
15 12 40066293
16 5 37974770
13 6 40069954
18 7 2104787
16 11 20322472
15 10 30362174
13 7 509865
11 2 21714350
18 10 9569953
16 4 10514721
12 8 46456052
12 11 24059437
10 3 384328
11 1 36924932
14 4 15113523
17 12 3198737
16 9 26851513
5 1 12150928
12 10 42525228
12 9 29617722
16 10 10408105
10 7 3893699
15 7 23225566
8 5 41063747
17 8 42071874
12 10 46814998
8 6 11486911
12 8 33482077
10 1 11351102
18 100 2 75222441
9 1 46181950
1 1 46752186
14 1 58160718
13 1 34360651
2 1 27237958
5 1 33281295
13 1 19793806
1 1 22857143
3 2 8980955
6 1 44403329
16 2 21992950
2 1 22586843
17 2 20003421
12 2 70228024
3 1 17891004
9 2 12506542
5 1 32782448
6 1 14752522
1 1 56226562
8 1 14996462
9 1 59724684
3 1 49861160
8 2 51334573
15 1 6178223
15 1 17885723
1 1 14067746
16 2 13514665
9 1 28880797
4 1 53444600
11 1 34991763
10 2 46222939
2 1 4151228
11 2 75923427
15 2 20324854
13 1 56948250
4 1 71814977
13 1 25359256
5 1 31579720
2 2 63082713
11 1 18306732
8 2 55572523
10 2 16684998
4 2 49496268
5 2 48310184
17 2 63869091
17 1 44495233
2 1 67241620
4 2 32918246
12 1 47723925
15 2 47419957
5 2 18841897
14 1 33028636
9 2 24672140
18 2 65935073
13 2 80461962
13 1 74127823
14 2 73698172
13 2 42849043
4 1 76447164
18 2 55067851
8 1 34475908
3 1 36409390
15 2 60318827
8 1 48925364
7 2 74538020
5 2 79593025
3 1 53079979
18 2 59209600
14 1 72640164
2 2 77140213
12 2 77870774
3 1 59090182
6 2 47305583
13 1 1247965
3 2 30217608
3 1 15917685
11 1 39580203
6 1 70729603
11 1 7980219
3 1 49621966
16 2 47958575
7 1 32208092
5 2 1995744
12 2 32089379
3 2 44703957
10 1 56742591
12 2 59775038
6 2 55148913
8 2 42783186
13 1 44836232
8 2 53624455
1 1 39950830
7 2 54359837
6 1 70653713
6 1 18109449
13 2 24864632
15 2 59765406
16 1 37498909
7 2 77713027
13 1 16322255
18 100 1 223329921
12 1 16416017
15 1 15073705
11 1 52315463
9 1 22378009
17 1 676842
11 1 53166796
11 1 32020576
8 1 21812097
6 1 51368438
1 1 28297647
7 1 23939396
13 1 20992435
8 1 52469732
13 1 13156657
12 1 11851687
17 1 33410850
9 1 45178968
5 1 22640569
8 1 55575894
11 1 43977558
8 1 45618932
12 1 39381356
4 1 50836262
11 1 37528934
7 1 31674000
3 1 46735342
7 1 385810
16 1 27692767
14 1 7535843
15 1 2464252
18 1 21465144
17 1 33971747
6 1 24649021
4 1 54569610
2 1 31497141
8 1 23408517
16 1 45372342
4 1 51671008
13 1 9978078
10 1 35197275
1 1 47492581
6 1 48103335
2 1 23940845
5 1 56325815
4 1 49032072
9 1 33080073
18 1 25497160
15 1 52569869
5 1 48342124
7 1 21622076
16 1 18018618
11 1 5314145
9 1 4198302
1 1 9414484
8 1 8211466
9 1 5099008
14 1 15303885
2 1 19381195
16 1 28305755
13 1 9293372
9 1 712730
11 1 19063301
9 1 8032663
17 1 4643536
15 1 47876628
12 1 22610371
18 1 44110437
17 1 12734391
2 1 34377287
15 1 41677612
12 1 14515344
5 1 29758262
1 1 45333872
1 1 50298626
3 1 44988058
15 1 37343531
13 1 570371
12 1 5798108
4 1 29294134
12 1 40293716
15 1 6163966
5 1 3320164
14 1 29873669
5 1 11589689
4 1 43705985
12 1 3420114
8 1 16952334
2 1 35168984
3 1 21754302
12 1 49308982
18 1 39439359
15 1 21078034
11 1 46040979
12 1 56115341
13 1 12483703
1 1 10605254
9 1 42742440
1 1 33595518
3 1 21692200
11 1 10255461
18 100 14 24901707
9 2 344838123
17 8 271930271
10 7 247048994
13 4 335084530
17 12 212425742
9 9 163172249
16 12 276041842
16 13 420614703
13 10 428294667
18 14 95275496
17 14 370784219
9 6 51292764
15 4 110206188
14 8 241498134
8 6 246027962
14 8 88234315
17 8 446499670
15 6 445143064
14 13 60012241
15 13 310776203
8 6 22297587
4 4 156437738
9 9 435906726
16 7 429345619
8 6 91215376
16 11 215879028
15 11 164004247
18 6 140192155
16 12 169911815
11 8 384535178
16 11 360994659
18 7 286470018
14 13 449822400
9 1 16447877
10 10 145035786
14 12 413750759
12 10 288657477
16 7 411603486
12 5 230157418
10 9 199352529
6 2 76226852
12 9 55032595
10 2 184339254
18 9 44188807
17 13 234908179
18 11 246250642
9 4 117122027
11 9 123141630
10 5 12328135
16 13 125584050
17 14 214716013
11 9 264024284
12 11 304930199
4 2 285641361
14 9 67125725
15 13 247727870
18 11 191864806
11 6 306372011
18 4 406510274
16 11 122178936
14 13 240069424
18 11 440849028
5 2 342166638
14 13 30323219
16 10 46946687
18 6 39114626
14 8 413257099
4 2 52280899
16 9 406879874
16 8 122716949
12 10 453550356
3 2 421742390
14 14 141385443
11 5 382816013
17 12 190857178
15 11 63171533
15 12 15055727
3 2 255398707
15 14 434922114
10 7 57212827
6 5 194977801
11 5 10501453
4 1 150218751
12 6 85884274
12 12 325206173
11 10 254029833
10 6 420788009
15 2 398531785
15 7 50336052
15 8 184429966
14 10 69770262
17 8 339453522
12 6 98829551
5 3 38006015
17 7 12819517
17 9 203136757
16 13 159189616
16 11 206494433
14 8 127474407
12 6 2409155
18 100 14 28478259
16 14 17008192
16 11 16492225
9 7 20832056
13 13 23921803
13 5 3513071
18 4 5505258
12 7 2776153
13 13 18047682
16 8 1407769
15 3 9141623
12 2 21171071
12 8 28888935
18 14 28351471
12 7 10426881
14 2 20536100
16 4 33785403
15 14 23220628
14 8 23266036
9 4 879141
15 11 6234518
12 11 33010608
17 2 14116721
9 3 24725523
7 5 20916915
13 1 22937804
16 8 27006698
18 14 20476292
6 6 6999406
13 8 12904891
6 5 7856426
10 6 25781938
15 14 8452204
7 2 1839213
14 14 31718685
6 2 31556937
4 1 1812977
16 5 26400475
6 1 32782642
17 7 34804315
11 10 24948825
13 7 27769905
18 11 2770414
8 4 15074542
14 11 8646945
18 13 31707053
1 1 9436585
17 3 29691786
4 3 223757
10 1 34500195
14 14 6784897
14 13 33638894
6 1 19414819
16 14 28718938
15 3 7441605
15 10 35786617
12 10 32662924
5 4 6760718
14 3 1912217
6 4 29065251
15 6 16286328
11 11 5797406
9 7 28335143
15 11 29757492
18 6 23671944
9 2 25066413
13 11 35508650
18 3 32395306
14 6 11438932
13 5 12940387
17 14 16777922
13 13 21791317
5 4 29497076
9 4 22177596
16 1 28910677
10 2 13465804
18 3 25643977
17 5 31559429
17 6 18529979
7 6 22125144
16 7 35166148
5 5 12910580
5 3 5696783
12 2 13924134
17 11 20561228
14 3 19434751
16 13 4927762
5 5 23188743
5 5 14291866
15 10 24424626
14 12 32479801
18 13 25404801
15 4 15331902
13 12 25530076
14 14 25427245
17 14 1595070
14 11 2503658
9 6 3071808
11 4 4172456
10 10 31124682
13 3 29509683
18 100 11 9311935
14 6 48718523
18 2 67849157
17 9 23872364
11 5 37062042
15 1 5180054
16 8 10412896
17 3 58330877
3 3 73495925
2 2 20384011
7 3 25064451
7 3 56682263
7 6 36056081
12 1 40218868
14 9 32142763
12 10 39985226
9 2 2530122
9 8 66580473
14 7 72208598
18 10 2519214
14 11 6024202
13 5 9619179
5 4 66869647
15 3 27024218
14 10 26040906
16 7 55079350
16 10 26008392
18 11 571437
13 4 21870299
17 8 19866222
12 5 48606729
10 10 8189425
12 7 38548209
10 10 44979468
11 7 51729453
14 4 18863640
12 7 11168933
6 3 59588042
10 2 68138361
12 2 42934543
16 7 7762871
8 7 24032433
8 1 55503433
8 8 39791834
10 7 70798457
10 7 25318484
7 7 24980290
8 6 6457554
10 1 7302730
18 5 5920985
8 6 62107832
10 9 25516945
16 3 70244037
7 5 24772044
10 10 5519919
14 10 13967349
18 11 25992139
13 9 66226834
16 7 34798028
18 11 57537097
12 9 68124739
3 1 720409
12 2 56230455
18 9 8638749
15 4 67966070
18 2 56029091
15 9 11070773
9 5 14069613
12 6 56996316
10 4 44734299
13 5 49399933
10 10 36639831
15 7 36474599
18 5 11117806
17 4 25445317
10 9 43499137
12 5 53447085
10 10 28635704
16 7 14817430
16 7 20247771
14 8 29647586
15 6 46232662
18 1 21417105
9 4 64633253
12 6 38299145
17 4 60067161
14 9 16132915
10 3 43408696
6 6 194443
16 11 4295754
5 1 15763705
5 3 8470205
17 7 36007894
10 5 21134213
18 11 62843711
18 3 21773355
10 10 33486591
11 7 33038174
10 3 39499688
15 11 8287038
17 11 1259485
18 100 2 13287242
11 2 36322222
16 2 26346838
13 1 29269457
1 1 41888084
5 1 20929752
7 2 12854869
8 1 17097795
7 1 22932563
10 1 15827631
5 2 304814
3 1 38402782
3 1 20860317
17 2 36922614
17 2 47262513
2 1 26442557
1 1 39934551
9 2 14124154
13 2 32386453
7 1 8649158
7 2 7958232
12 2 40166500
13 2 22740925
10 2 39829286
7 1 9070503
10 1 23941938
4 2 14292968
15 1 18167116
16 2 42791802
1 1 39543044
16 2 14518350
14 1 41326858
17 1 24853462
2 2 26450521
11 2 18607248
4 1 47182482
12 2 27972515
8 2 23178810
3 2 6324071
6 1 2720821
6 2 18405535
2 2 255164
9 1 48509769
10 2 342484
7 1 212425
9 2 2900520
14 1 42520969
12 1 36006401
2 1 33775525
17 1 27895460
14 1 16895054
1 1 41019397
16 1 28755316
2 2 34192858
3 1 7654185
10 2 18347937
3 2 45178955
2 1 31763142
7 1 42328594
3 2 42631287
4 1 43316066
16 1 30485130
3 1 30183666
8 1 42362881
8 2 6835733
17 1 10510219
18 1 22793295
16 2 17396286
9 2 40346772
18 1 23747587
13 2 40148853
3 1 38095098
16 2 10878356
3 2 10321175
8 2 42342626
18 2 46894517
15 1 41278854
2 1 19783265
18 1 40497103
14 1 28589209
9 1 25633253
5 2 44578958
7 2 39297684
9 2 39661038
16 2 11959666
4 2 23142231
2 2 16181419
4 2 46799824
13 1 32261401
10 1 46659105
11 1 7720729
6 1 40598846
7 1 18033332
7 1 41194230
6 2 43481354
9 2 44984194
7 1 47309045
9 2 40638676
18 2 22427732
16 1 4620806
11 2 42016926
18 100 6 5230944
4 1 4879621
14 2 13437075
13 4 10423347
6 5 17277582
18 3 10455780
7 6 13037029
15 2 10552836
14 3 3608230
15 3 652303
18 3 17508520
14 4 10535562
14 2 11907759
6 2 6506340
7 4 12636104
17 6 7773172
18 5 11526591
12 1 13481157
9 3 18401958
10 2 12217844
16 6 5272636
18 5 18375014
1 1 11835384
16 6 2025058
18 5 9576354
12 6 2057828
9 1 15940147
15 6 9000826
12 2 14130137
11 2 3244058
7 1 673692
11 6 9152265
9 5 5463524
15 2 13590250
11 3 9555742
8 3 12429143
18 4 8542097
3 3 16971843
17 2 13712821
16 2 9603075
3 2 5480965
12 2 5035711
15 6 4831079
6 6 8397448
9 6 1993083
7 4 9280712
8 3 8685016
4 2 5826960
8 3 8171930
17 4 10994833
4 2 2195884
13 1 15277421
13 6 7365961
8 5 4700500
13 6 15674061
6 3 11299971
3 2 12330494
5 1 9276759
14 2 16287219
10 1 14208577
5 1 6109744
18 5 649821
9 4 2397214
17 6 18819514
3 1 10632307
7 5 5333505
10 6 13179381
9 5 1561904
17 2 12563678
4 4 6173712
17 5 3549844
11 3 14168160
3 3 16958864
2 2 1153989
9 5 6744241
14 1 8779655
18 5 4423566
10 4 17657338
18 2 6621372
10 6 2183297
18 3 2089541
18 1 2185366
15 2 9127284
15 6 444975
14 6 13644783
6 5 12981039
18 3 16013329
13 5 14855872
14 5 11021928
15 2 5550888
5 5 17537587
2 1 10184061
6 1 17584479
10 5 10377658
8 2 9494776
17 5 2198783
7 4 8667801
17 4 7156172
8 3 9601364
18 4 12189634
4 3 4744131
18 100 3 106692760
7 3 3019808
3 2 4014532
13 2 2422750
5 3 1159760
14 1 862666
10 3 4177976
14 1 1023426
7 3 2371941
7 3 1096980
12 3 2492092
9 3 4425555
14 3 1386368
2 2 637890
7 3 541598
5 3 2208969
10 1 3287269
10 2 4307517
3 3 4135875
5 3 1132182
17 2 3437111
9 1 1568163
8 3 3803573
12 3 4413567
12 1 2641354
18 3 3465304
17 2 3961522
16 1 975571
9 1 3747437
12 3 2958221
7 3 3288604
6 2 2870853
8 2 787585
18 3 1243297
6 2 3105375
12 2 1875740
13 3 740840
5 1 1207966
16 3 2995842
6 3 2211446
12 2 561729
1 1 3994673
13 1 3833671
4 2 805288
4 2 1214032
6 3 1619207
3 1 1138592
5 1 4127617
2 1 1640935
16 2 1260618
9 1 3121132
7 3 2252819
2 2 100010
12 2 113617
9 3 2732315
3 1 624191
4 1 2700005
14 1 1301732
2 2 3514302
12 3 4031857
11 1 2255485
4 1 4010374
16 3 2643188
4 2 874816
8 1 3828967
18 1 887266
13 3 3917858
9 1 2655386
16 3 1772063
11 1 3277921
12 3 3572619
14 3 1044817
9 1 3619671
11 3 840940
10 3 1683650
4 1 3813682
11 2 1225823
10 1 1580349
9 1 2645725
7 2 2694827
14 3 3794376
5 1 1960778
13 3 1789856
9 1 1683797
12 3 2298940
7 1 2512292
10 2 524955
12 3 1160323
2 1 246491
13 1 3921803
17 3 1121836
4 3 4291375
7 3 2834367
4 1 2850691
16 3 4443377
10 3 3339533
2 1 3949286
8 1 1295023
18 3 23598
11 3 2290956
15 3 3509048
