1 1 1 60
995536785
995536785
1 1
1 995536785
1 172427661
0 0
1 0
1 299514137
1 1
1 832778023
1 832778023
1 1
1 41352599
1 974599732
0 1
1 251232729
0 1
1 995536785
1 1
1 995536785
1 995536785
1 1
1 722324623
1 722324623
1 1
1 740218345
1 740218345
0 1
1 529597655
1 1
1 358807964
1 317126301
1 1
1 3018497
1 995536785
0 1
1 911994709
1 0
1 278454204
0 1
1 914776342
1 1
1 16145048
1 16145048
1 1
1 949371964
1 906145299
1 1
1 764617234
1 764617234
1 1
1 492122948
1 995536785
1 1
1 995536785
1 193061313
1 1
1 995536785
1 995536785
1 1
1 995536785
1 112620975
0 1
1 965990090
1 1
1 671924654
1 671924654
1 1
1 995536785
1 905098265
1 0
1 995536785
1 1
1 763101381
1 995536785
1 1
1 504307404
1 461916349
1 0
1 660141794
0 1
1 924745803
1 0
1 276071565
1 1
1 686749653
1 995536785
1 0
1 995536785
1 1
1 995536785
1 995536785
1 1
1 288516730
1 288516730
1 0
1 74825799
1 1
1 135037824
1 135037824
1 1
1 876542051
1 876542051
0 1
1 995536785
1 1
1 995536785
1 995536785
1 0
1 955786925
1 1
1 995536785
1 172687142
1 0
1 694301284
0 0
0 1
1 995536785
1 0
1 322529129
1 1
1 491569779
1 583891559
1 1
1 995536785
1 995536785
1 1
1 446348522
1 118393465
1 1
1 995536785
1 261884369
1 1
1 30723630
1 30723630
1 1
1 838074841
1 482279440
1 1
1 995536785
1 993785380
1 1
1 781755340
1 30864265
1 1
1 407804850
1 995536785
0 0
1 1
1 302912195
1 995536785
1 1
1 490397283
1 490397283
1 1
1 995536785
1 874789621
