4 6 6 60
531505182 334828185 119038840 552424716 288740284 418076992
155572220 480374254 182688298 41988291 398859260 316483675
6 6
6 889480951
2 669581404
3 911861789
1 781456505
5 799712943
4 637715569
4 775114224
3 614011364
6 650365229
5 830836578
2 807273210
1 646880737
6 6
5 229306896
3 242725579
2 223826632
1 239206056
6 236612904
4 219606040
1 229930304
2 235441255
5 227933044
6 227069824
3 219098499
4 229887791
6 6
3 617496812
6 598015427
2 522819444
1 538147525
5 589196196
4 570621479
6 548002967
5 605388804
1 382013543
2 559504204
4 366886248
3 388720065
6 6
2 951895777
6 549788930
1 990965178
4 775239770
3 843538164
5 623518713
3 54695922
5 534139363
2 18567415
6 549788930
1 15737366
4 298794657
6 6
1 578853186
6 511029715
3 419227433
2 686471958
4 816408876
5 393518388
5 497186596
4 359885309
1 462503393
3 637726689
6 415149033
2 519430532
6 6
3 608976159
4 281149851
6 433438892
1 364301122
5 588696226
2 108276077
1 185567731
3 414179284
2 51171465
6 292675649
4 6266016
5 542715411
6 6
6 727455840
1 848073922
4 725509132
3 861146445
5 725850477
2 715037790
6 721188585
1 783818155
5 828759676
4 695687944
2 795603625
3 646045026
6 6
3 697928346
1 696137815
4 525254040
6 670746298
5 465136738
2 399547902
3 428999167
1 424721711
5 684119270
6 652954136
4 398020337
2 426291863
6 6
4 540634485
5 512782538
3 116295684
6 468186810
1 122443527
2 173982692
5 308587521
4 909512492
2 238186993
1 869113497
3 121674518
6 570018292
6 6
1 240648774
3 220753770
6 223524551
5 296567293
2 380133013
4 368006214
6 305062508
4 281620801
2 274153287
3 437688307
1 289535230
5 292557991
6 6
2 801786745
6 389162983
5 112901050
1 880661262
4 896947335
3 110205669
5 362310018
4 384550359
1 579748159
6 351638330
2 883663550
3 53247155
6 6
5 503387961
4 207668472
3 506549483
6 370592768
2 460033671
1 432376320
4 309545982
6 501287621
3 520929291
1 480066016
2 369443909
5 400947024
6 6
6 852419890
4 908191138
1 859867191
3 845273635
5 863760641
2 874452864
2 852958841
3 908425083
1 903479406
6 902122844
4 851656026
5 871291500
6 6
5 375473854
3 577279257
6 377050166
2 395713107
1 535700957
4 374265554
6 344185598
4 262322857
5 524379899
3 564615545
2 471227753
1 282427296
6 6
1 551556163
3 544808137
5 573732976
6 561304006
2 565253330
4 530122347
3 543739214
6 580441979
2 545987819
1 569389649
4 606222270
5 546877839
6 6
2 73915231
5 68650741
3 757806124
1 67004385
4 70257952
6 67004385
3 564363142
2 668289134
1 757806125
5 704001120
6 757806125
4 67004386
6 6
3 471508447
6 620116383
4 515619546
5 668771797
2 718380338
1 544873228
2 546735738
5 701699507
1 615753288
4 603758000
6 652125021
3 732189473
6 6
5 629054414
1 846587641
3 621004712
2 864319882
4 879865369
6 781665199
2 744689000
4 578074200
1 761384533
5 710112190
3 848311531
6 647317927
6 6
3 122739806
2 58427681
5 895268399
4 167263390
1 23010376
6 901173140
4 347207266
1 201704461
6 623593442
2 213436098
3 327585444
5 375627356
6 6
4 982690955
6 938995794
1 905748129
3 736411933
5 816726498
2 738000947
5 906134261
4 734050524
3 804208945
6 868325593
1 760843047
2 782983152
6 6
2 708176362
3 555699277
4 743300622
1 732529610
5 695528481
6 696266921
3 650113533
4 529750674
1 715568654
5 698727882
6 695307317
2 716581124
6 6
4 827350305
1 589697840
6 765671834
3 382313547
5 568245194
2 285292210
3 249956895
1 388711484
5 711855649
4 149042330
6 596373248
2 392623534
6 6
2 512573597
6 516210095
3 553084791
5 707946792
4 172347506
1 499722630
3 727433492
1 532551448
5 628164163
4 238854570
6 604894177
2 410666128
6 6
3 512680339
2 753525037
4 183966722
5 556881600
6 514187733
1 425437227
2 646647843
1 711867031
3 368274297
5 473026590
6 716942341
4 778277591
6 6
5 525379636
1 457961372
6 459052124
2 458911507
3 304482925
4 516833248
2 351674948
3 550685688
4 402030076
6 517973796
1 490856331
5 536895747
6 6
6 856224741
4 837918893
5 972317622
2 921994294
1 911597117
3 725302659
2 916397184
1 930191411
4 977072830
6 902401285
5 806767570
3 797274223
6 6
4 465172906
3 468087224
6 529729738
2 568241593
5 530108850
1 537255847
5 477571330
1 558347659
6 532158192
2 572601738
4 578718894
3 523268429
6 6
4 672273896
3 992613363
6 789116245
1 849337465
5 989084421
2 948833174
6 934718806
5 773024191
3 731369887
2 799631802
1 966049287
4 993076398
6 6
5 271737135
6 634442876
2 344687511
3 660277950
1 486085342
4 232173782
3 535562042
5 377571607
4 17988394
1 116520853
2 351551685
6 255959564
6 6
4 461906205
5 523280137
6 565744068
3 630070692
2 542746043
1 577685892
5 607230168
1 523618683
6 430549793
2 595405900
4 620448704
3 386438319
6 6
1 708027006
5 824533163
4 689557519
6 807904630
2 727116015
3 681442836
4 682922228
2 695472355
1 739745596
6 838396389
3 842051274
5 812196553
6 6
4 625491236
3 620543959
5 673522508
6 650794908
1 767414657
2 771357650
3 852992947
2 749416283
1 777960113
4 623697164
6 766378059
5 649497135
6 6
6 39651826
2 887236337
1 954848612
5 462810888
4 490675720
3 809547558
1 397331629
3 633250687
4 718509307
5 798911257
6 940070117
2 400218481
6 6
3 291490131
4 316538817
6 304838759
1 297042865
5 284593770
2 293341672
4 270717180
1 280706179
3 284438834
2 301411769
5 300620498
6 287832517
6 6
6 372037759
5 529806033
1 499437312
2 633367310
4 686454168
3 209301736
2 558371182
3 414583803
5 521084634
6 580440406
1 518361493
4 703987458
6 6
1 266023972
2 229604772
6 302603993
3 326959140
5 236066524
4 237784424
4 187120615
6 116686100
1 237462294
3 91504109
2 260119594
5 320779280
6 6
1 239964093
4 187516220
6 192236383
3 186336384
5 192331190
2 520054315
3 611333458
6 309366454
5 187835112
1 464028224
4 493317996
2 351248646
6 6
1 325692556
6 326695119
2 336260001
5 339183079
3 320043732
4 338444852
5 338455960
4 326417408
6 350638542
3 352006446
2 328397670
1 335817416
6 6
4 795458350
2 648715108
5 383658232
3 354774720
6 595197294
1 590128536
3 343444708
4 733927038
6 453678938
5 579882352
2 642890769
1 561641403
6 6
1 207771626
4 157054260
6 212329705
3 219734953
2 519969399
5 493252513
2 204467743
4 298338426
1 517769627
3 524381933
6 306831376
5 169326050
6 6
5 583395105
2 582277696
3 517953685
4 305896174
1 341413598
6 420994752
2 411830287
5 394181772
1 532319548
3 339801440
4 604090234
6 489048821
6 6
2 243732663
3 628999439
1 266933624
6 474997592
4 194418603
5 338584930
3 313857975
5 433797525
2 172730906
1 258472484
4 157683277
6 218345345
6 6
4 297326336
5 943887547
1 704375438
2 561966615
6 583045878
3 912160054
4 806465351
5 431457224
2 470281415
1 808672987
3 946341560
6 886305934
6 6
1 594687135
2 729706255
4 369398846
5 662142219
6 494607381
3 537573162
4 998167229
6 801688488
3 520412818
2 787673862
5 376660814
1 712941355
6 6
3 959562440
1 664717193
4 486543589
5 493294523
6 952741005
2 561804406
4 475718270
5 927465339
6 889891026
2 477888376
3 777437495
1 583004451
6 6
5 751677505
4 223966055
2 788346148
1 733859638
3 836403457
6 411090936
6 762507253
1 835273425
4 836896207
2 794889002
5 389349403
3 805173483
6 6
4 200436810
5 328144685
2 383991214
6 235526950
1 313865158
3 420731124
3 246641400
6 431574865
1 411733098
2 260191788
5 226949916
4 435201665
6 6
3 416688781
1 465281418
4 637356280
6 526830357
2 651811512
5 576330878
4 620400578
2 638282099
5 533160096
6 562201217
1 648308890
3 655049213
6 6
6 796750058
5 66573628
3 135646897
1 412654607
2 310452853
4 900878369
4 60540769
6 98186363
5 813423928
3 722495562
1 245627533
2 749751462
6 6
5 887759603
4 826320761
3 838085594
2 900739583
6 876125358
1 858727499
6 902379350
5 837213012
4 936765241
3 829319622
2 913729844
1 869589938
6 6
2 692347689
6 681931801
5 738294646
3 639396130
4 699847620
1 682395577
2 649075782
1 710492588
5 715916143
6 759544768
3 764312683
4 666411728
6 6
2 940351858
1 935661512
4 942519937
3 909238668
5 941054328
6 932916491
3 945212504
2 912454127
1 940702921
4 937139243
6 940941691
5 940462632
6 6
5 268602437
6 290495479
3 402958496
1 268270419
2 163505057
4 231747692
1 201014060
2 372700497
4 342944555
5 385024854
3 113306453
6 177667951
6 6
5 70570430
4 103139716
2 293966680
6 45393336
1 391992083
3 153937417
5 732047206
1 391992083
3 648430318
6 812968324
2 565883107
4 691922772
6 6
4 655208748
3 290405609
1 357722888
5 299419977
6 541229275
2 567717061
6 610993174
5 408989836
4 681782189
3 298976254
2 404264247
1 653782076
6 6
2 801410813
6 688660419
4 428585963
3 511266438
1 751413746
5 766630818
2 530126929
3 893052066
1 778223554
5 868758124
6 707533554
4 630073978
6 6
1 205288818
5 206681496
3 214105857
4 184531643
2 188469125
6 186101735
5 190853868
1 210586786
3 215188025
2 204120464
4 195483568
6 199179126
6 6
2 938682070
3 710147788
5 817683230
1 144915617
4 71996790
6 341244261
3 953358990
6 610026271
5 161667980
1 448917300
2 114615591
4 998084107
6 6
3 464867338
2 479812967
1 475592014
4 468739637
5 481960296
6 473588851
6 474496153
1 475649060
4 468779933
3 486897995
2 472581240
5 482064301
6 6
6 283560566
1 131219092
2 106465925
4 300249814
5 144981843
3 137681297
6 268201452
4 100208880
5 296017158
1 113727953
3 259178084
2 263862768
