2 2 2 60
90497280 986706494
71120752 23352688
2 2
1 402952107
2 527874617
1 71120752
2 71120752
2 2
1 55658373
2 55658373
2 724300305
1 868323130
2 2
2 71120752
1 675272281
2 71120752
1 741322861
2 2
1 460906530
2 220637190
1 90497280
2 433165683
2 2
1 245551626
2 71120752
2 23352688
1 270455511
2 2
1 926085474
2 862229574
2 926085474
1 926085474
2 2
2 364955917
1 364955917
1 986706494
2 90497280
2 2
1 870305757
2 90497280
2 90497280
1 972824300
2 1
1 71120752
2 90497280
1 520043486
2 2
1 986706494
2 938125091
2 90497280
1 23352688
2 2
2 71120752
1 986706494
1 683478678
2 143978472
2 2
1 95189826
2 71120752
1 23352688
2 95189826
2 2
2 752139555
1 531165337
1 90497280
2 90497280
2 2
2 23352688
1 991045673
2 71120752
1 71120752
2 1
2 90497280
1 71120752
2 961516442
2 2
2 986706494
1 986706494
1 23352688
2 986706494
2 2
1 103082922
2 103082922
1 103082922
2 103082922
2 2
1 700935208
2 23352688
2 23352688
1 23352688
2 2
2 986706494
1 23352688
2 23352688
1 90497280
2 2
1 986706494
2 90497280
2 71120752
1 986706494
2 2
2 292133117
1 292133117
1 41885067
2 292133117
1 2
1 23352688
2 986706494
1 986706494
1 2
1 986706494
1 75881958
2 499577252
2 2
1 378834969
2 23352688
1 498054887
2 90497280
2 2
2 440546942
1 948894599
1 100528351
2 23352688
2 2
1 332710035
2 71120752
1 71120752
2 90497280
2 2
1 10321073
2 71120752
2 10321073
1 90497280
2 1
1 71120752
2 90497280
2 577596712
2 2
2 48417676
1 71120752
1 823751988
2 23352688
2 2
2 23352688
1 690654538
1 690654538
2 23352688
2 2
2 545304484
1 991132571
1 545304484
2 991132571
2 2
1 432088044
2 23352688
2 23352688
1 825831708
2 2
2 918784486
1 71120752
2 71120752
1 918784486
2 2
1 71120752
2 227874570
2 561278157
1 90497280
2 2
2 90497280
1 90497280
2 986706494
1 90497280
2 2
2 690668012
1 986706494
1 690668012
2 27623075
2 2
1 986706494
2 816120354
1 986706494
2 71120752
2 2
1 71120752
2 70185843
2 71120752
1 355727505
2 2
1 389136588
2 986706494
2 389136588
1 90497280
2 2
2 23352688
1 29468607
1 30293786
2 328188242
2 2
1 829493580
2 480495860
2 238654272
1 90497280
2 2
1 716517975
2 294323146
1 71120752
2 90497280
2 2
1 33354738
2 986706494
1 986706494
2 71120752
1 2
2 109731187
2 891026873
1 986706494
2 2
2 471579284
1 968796752
2 986706494
1 471579284
2 2
2 23352688
1 839075172
1 839075172
2 90497280
2 2
1 921486173
2 162481090
1 986706494
2 758485730
2 2
1 862993461
2 71120752
1 430950435
2 277671022
2 2
2 23352688
1 592108734
2 12471253
1 986706494
2 2
1 986706494
2 90497280
2 805640644
1 298422420
2 2
1 499505884
2 90497280
2 653794568
1 23352688
1 2
1 673021030
1 673021030
2 90497280
2 2
1 23352688
2 598787309
1 986706494
2 90497280
2 2
2 751242973
1 307936303
2 986706494
1 307936303
2 2
1 553087601
2 986706494
1 763639092
2 71120752
2 2
1 986706494
2 23352688
1 23352688
2 194512167
2 2
1 533537825
2 415418498
1 533537825
2 23352688
2 2
2 23352688
1 986706494
2 387422991
1 387422991
0 1
1 857894991
2 2
1 995376508
2 975049571
2 560477193
1 995376508
