3 6 6 60
671825227 639041017 623003000 717819866 605018791 674888714
593161683 673132293 569911791 615791455 706760398 596809437
6 6
1 369818014
3 688667048
6 267476495
5 504264352
4 257695813
2 400063676
2 382855101
4 261892607
5 465596351
6 523416175
1 465357802
3 724470506
6 6
1 239035977
5 264741523
2 262490020
3 237692794
6 240414942
4 253931585
3 262639927
6 257571161
5 238236681
1 253995495
2 238883438
4 265141425
6 6
2 803550436
6 470200275
1 590073759
3 389636067
5 829668178
4 505997556
1 799910912
2 407734865
5 658807588
6 707566071
4 843357985
3 569619262
6 6
6 438177929
3 794285556
1 733784383
2 395044346
4 69086814
5 974589592
3 986226053
2 480904769
1 759390642
6 797981120
4 307060209
5 586862666
6 6
5 345097487
6 484119118
1 429542344
4 500560217
2 473552665
3 315639026
6 378192147
5 483018280
3 454493140
4 314732727
2 408502491
1 317642762
6 6
6 523940237
1 520635743
4 476732049
3 525413475
5 532465001
2 533537414
2 529737376
4 571619743
3 516723720
6 564158464
5 481208562
1 555387214
6 6
4 232601734
2 439543069
3 812124840
6 657193341
1 562382741
5 365502057
6 339320175
2 492415095
5 698987100
3 212210259
4 98879826
1 476254287
6 6
5 951865620
4 975279671
1 956683281
6 947606634
3 941156598
2 969814110
2 963893489
6 953897994
1 977204734
3 944379870
4 986452127
5 941765262
6 6
4 362902829
5 560361351
1 531260881
6 412713603
2 408884209
3 609114281
2 591946362
4 497953687
6 409407620
3 261656675
5 548725113
1 363094053
6 6
3 147219228
2 473251578
5 629550488
4 144544919
1 175218187
6 314640857
3 174969569
2 565653680
6 572406214
1 406299115
4 777823402
5 415394360
6 6
6 736298444
4 680541193
2 883832988
1 742742293
5 814868345
3 913671811
5 792535418
6 853508425
3 922239441
1 799812538
2 798180497
4 690887142
6 6
6 890469815
4 930272929
2 562114747
1 686050337
5 592380232
3 993799331
1 678835693
3 346662175
5 816746358
6 793786619
2 786176064
4 898435721
6 6
4 202427859
2 104510192
3 248906418
1 177944008
6 169771229
5 138434293
1 135617833
6 166204440
4 71500794
3 178083957
2 93932108
5 181653869
6 6
1 590874344
6 665627313
2 564919997
4 515453513
3 770796609
5 622179171
3 748215731
4 493234337
5 767481893
6 497053792
1 502659580
2 570368180
6 6
5 705270932
2 693568460
6 675419317
4 611264512
3 731056083
1 701060450
3 713133403
5 678420899
6 619062927
4 522051297
2 700645753
1 680183101
6 6
4 811328171
2 337710867
5 363576867
6 543888122
3 723970459
1 404644275
3 480909902
1 317850788
4 256498743
2 411908189
5 539662882
6 529870655
6 6
3 592127536
6 525045186
2 423965587
5 538360654
1 520250598
4 306093213
5 369390538
3 403312563
6 525953227
4 604374405
1 560872982
2 541972843
6 6
4 265409554
2 473510825
3 448277280
5 490112836
6 455482268
1 326732109
4 541099459
1 510472704
5 459401667
6 460243348
2 486702363
3 320691427
6 6
6 388475318
1 428325316
2 273307153
5 411057691
4 336791855
3 454616133
6 342979535
5 391794771
1 426704780
2 269322924
3 431900643
4 235715613
6 6
5 693697122
2 623103216
4 878403327
3 786974346
6 793389088
1 791585662
3 622360276
2 752677046
1 732657996
5 643288773
6 755752009
4 852107955
6 6
2 695155860
5 509118394
3 693543235
6 601895966
1 699136504
4 764870523
3 734135817
1 655347310
6 563064000
4 501363800
5 600159513
2 664054105
6 6
5 511109720
6 517955524
3 211219508
2 522700086
4 800593838
1 533449016
6 501386235
4 54475429
1 87411141
5 520789315
3 708563003
2 102545943
6 6
1 74126374
3 494506388
6 971283156
2 289207966
4 663239624
5 670220494
2 139346604
1 126684488
5 810006895
6 989692492
4 570789966
3 422853741
6 6
4 641572827
3 582524071
1 433898820
6 782669797
5 670735019
2 455412644
1 938190808
6 276652681
2 931523549
5 347303479
4 598299351
3 915935891
6 6
1 299609408
2 152365269
6 249423364
3 142708844
4 307913772
5 169155518
5 218193166
1 248063094
3 114509094
4 269512548
2 302410005
6 200130182
6 6
5 443108800
4 58189203
6 291664668
1 326631646
2 246234006
3 482701681
1 386246262
3 498341633
6 303832325
5 274657726
2 148098936
4 255859414
6 6
3 784509915
5 855977786
4 758512623
1 818473174
6 828540485
2 826845359
2 784836639
5 828605037
3 807752462
4 908166742
1 876923367
6 829082448
6 6
6 359739255
5 315360974
3 369355706
4 354188593
1 347737260
2 346234998
1 346510452
6 318204142
3 319133642
4 305572244
2 347597310
5 335769852
6 6
5 920915642
3 937561994
4 999917026
1 998317574
2 919429111
6 986959243
1 948173378
4 875711482
3 999089304
6 946261955
5 999679466
2 976791206
6 6
5 784560889
2 917438262
1 848868252
3 276394355
4 605071068
6 523006972
6 737273672
1 902935812
2 852279622
5 538951452
4 303357828
3 921480515
6 6
1 426827434
5 415123141
2 412433591
6 443225270
4 517624964
3 376754990
1 405543450
5 391153581
6 433445961
3 355817269
4 511690497
2 415522497
6 6
2 298348470
5 282068933
4 209587829
3 179322471
1 284680642
6 237325466
5 272325565
2 286708459
6 329250319
3 337773384
1 287855584
4 195791587
6 6
2 81215932
1 91757336
6 91757336
4 10057330
3 75978700
5 83939859
3 33468419
4 91757335
6 10057329
2 29055574
1 10057329
5 13093955
6 6
1 301929799
6 300324096
4 292904076
2 301165860
5 299475601
3 303252409
5 298244542
2 303052902
3 292291775
4 299696807
6 296915668
1 300182034
6 6
4 672640667
1 762381315
3 839932406
6 724774341
5 534514769
2 490682330
6 579603139
5 686513144
2 549033622
4 486694574
3 483107752
1 517851754
6 6
2 504456392
3 399141377
6 418013650
4 513786371
5 441180351
1 425988581
2 502194454
4 541136674
5 422591717
1 463467195
6 512394749
3 415813262
6 6
6 428902684
2 608755496
1 544691194
4 743712383
3 266356479
5 886515656
6 885858497
3 888468108
1 720761739
2 418560578
5 771973144
4 559905991
6 6
4 292099473
5 160030561
1 204983986
6 231394259
2 157398063
3 67740722
5 291505002
2 198462645
6 103500637
3 34052467
4 87230492
1 198311908
6 6
2 410776000
1 476675109
4 495469683
3 382894970
6 359546162
5 245675644
5 407829540
4 224053645
1 448867114
6 265901165
2 481344251
3 453817247
6 6
4 281587334
6 336226151
5 415732071
2 439254611
3 418449072
1 290991825
4 438148618
1 426845226
3 441524974
2 286431965
5 326357751
6 389778406
6 6
4 290827013
2 437109038
6 214757486
1 331243949
3 76847611
5 617913802
1 552828143
3 645196936
2 260295786
5 112985990
6 496989600
4 312614732
6 6
3 566921521
5 578734249
6 551186047
2 630895062
1 627702955
4 491692403
5 575793989
2 591533935
3 576876338
1 634105316
4 675316566
6 578337876
6 6
3 249655607
5 274489269
4 308353334
2 302078464
1 261383241
6 285684231
4 313954719
5 277845942
3 287724736
1 261879315
2 261518571
6 303671107
6 6
2 339549343
4 289676860
3 214424735
1 321693683
6 264881980
5 298124933
1 355837320
6 389471668
4 222340270
2 294270358
3 421975814
5 290780680
6 6
2 702748529
5 473128452
6 473530659
4 761611602
1 635012127
3 517123767
5 603432422
3 553586678
4 298242879
2 675477965
1 519294256
6 472824432
6 6
3 781239122
1 730782837
4 713053690
5 815589884
2 775914255
6 722846613
3 750900894
6 866165905
2 761107551
4 876114777
5 721274397
1 767996396
6 6
4 488692849
1 446319036
5 706796985
6 691086233
3 274154038
2 527245560
2 516261373
6 713585444
1 782921621
5 640250471
3 368903382
4 836855200
6 6
1 637560145
5 613562322
4 644786461
3 595188778
6 631941861
2 607270275
6 623744887
2 609025125
5 599423782
3 588655675
1 607097368
4 637421550
6 6
6 261645521
3 254805829
2 889506977
5 422099716
1 406956425
4 519381618
3 940572714
4 470239005
2 356059383
1 907714976
6 447884402
5 444753434
6 6
5 604657980
3 9473051
2 448541653
4 397054595
1 441504126
6 170985109
2 78113462
1 460886944
5 409317716
4 477520442
6 603779483
3 606173944
6 6
3 881815904
6 642583888
1 831321233
5 488812105
2 454499414
4 451698213
5 547621242
1 464713913
3 432385146
2 774272144
4 440533904
6 529061114
6 6
5 495199907
4 405577866
6 825619185
3 373533135
1 81645372
2 354824386
6 825619185
3 955631680
4 897557550
2 955913656
1 968120771
5 861100945
6 6
2 338219036
6 344701991
5 419230646
3 290878305
1 301650324
4 272953823
5 476531664
1 582042652
4 323566394
2 290840345
6 345685840
3 628416416
6 6
5 712596354
4 665266064
2 717946395
1 694362532
3 679994944
6 687200788
6 704180859
2 713189412
3 687009790
4 725541492
5 683957245
1 707854773
6 6
1 419336705
3 486172243
2 455577534
4 650028181
5 905628174
6 954557504
2 385473442
5 185750406
1 419336705
3 354680807
6 177847345
4 195216644
6 6
6 563703911
1 569613700
3 609951403
5 594198334
4 502273772
2 573114711
1 586479605
5 639165596
2 567501960
6 585596423
3 686617064
4 539804121
6 6
1 145217937
6 132852827
4 309660628
2 300328786
5 186545133
3 2610694
1 189653560
4 13256442
6 275582013
3 337327088
5 235938813
2 71485048
6 6
3 106303847
6 573489907
1 787048728
4 929121238
5 517217684
2 693672549
3 3136870
6 99860118
4 861188783
1 105135348
5 572139693
2 862213484
6 6
3 201060894
4 405687921
1 373061733
2 461478141
6 376274719
5 766794270
1 581392971
5 578820795
6 675941519
4 477483619
2 284840385
3 805127366
6 6
2 224462019
3 217055119
6 230420546
1 229632886
4 233218318
5 221626620
4 219327509
3 216796359
2 232241485
6 220964652
5 232037481
1 228290212
