100 100 1000
473 520 1823 216 865 736 717 3277 272 595 990 615 873 335 783 142 815 669 5853 222 5116 4530 827 847 723 146 8 299 302 8665 437 595 488 889 43 34 636 167 52 64 4957 549 789 792 532 569 899 42 573 893 1490 8826 90 6989 783 216 486 973 520 686 43 536 262 341 942 609 1162 72 6237 326 357 191 312 104 23 173 573 965 33 1642 721 182 970 915 22 721 678 709 688 543 7226 741 344 775 354 699 601 970 699 26
477 527 1857 217 881 746 718 3316 275 600 1008 617 888 337 796 142 825 672 5931 226 5141 4619 837 858 724 147 8 304 302 8813 444 607 496 897 43 34 647 168 52 64 5025 560 796 803 532 576 907 42 578 896 1523 8859 90 7089 788 216 491 984 521 696 43 539 267 342 948 613 1168 72 6250 330 364 192 314 104 23 175 573 981 33 1670 730 185 980 933 22 729 690 713 698 544 7314 743 344 777 356 709 601 970 708 26
477 527 1880 220 899 751 732 3345 277 608 1014 628 902 342 808 142 836 681 5996 226 5189 4645 840 863 728 149 8 305 305 8919 449 612 497 913 43 34 660 170 52 64 5043 568 808 804 538 585 915 42 582 908 1523 9057 91 7176 792 218 495 1001 523 701 43 544 267 344 954 617 1176 72 6339 330 367 192 320 104 23 176 585 983 33 1689 736 185 993 936 22 736 692 715 706 547 7417 757 346 782 361 724 603 972 713 26
477 531 1897 221 913 763 747 3376 277 611 1029 632 905 342 811 142 844 685 6106 228 5221 4694 847 878 737 151 8 311 310 9074 458 615 507 918 43 34 673 172 52 64 5074 576 823 816 545 587 916 42 582 909 1554 9175 91 7336 792 218 504 1016 530 715 43 545 269 350 973 620 1195 72 6474 331 372 195 321 105 23 179 595 993 33 1715 741 188 1013 939 22 747 705 729 709 548 7420 768 350 794 367 726 610 978 713 26
486 540 1933 221 916 779 753 3450 277 622 1044 632 905 344 821 142 851 685 6197 230 5326 4791 860 895 746 153 8 313 311 9184 461 628 516 927 43 34 685 173 52 64 5158 587 827 832 546 587 935 42 592 927 1560 9350 92 7421 805 221 504 1017 530 729 43 545 271 350 992 632 1221 72 6550 331 375 198 327 105 23 179 600 1014 33 1728 741 190 1016 959 22 757 709 743 712 551 7471 774 352 809 370 726 617 996 725 26
493 544 1956 221 930 781 768 3491 278 629 1066 632 906 344 838 142 867 689 6204 232 5371 4842 864 910 755 155 8 316 315 9226 462 628 524 934 43 34 685 174 52 64 5183 597 830 849 554 596 947 42 600 935 1563 9484 92 7447 805 224 508 1022 530 732 43 549 271 354 994 641 1227 72 6697 337 378 199 331 106 23 179 612 1034 33 1764 754 190 1026 960 22 769 721 747 718 554 7480 778 359 812 370 734 620 998 725 26
499 544 1981 223 932 788 782 3525 279 634 1069 636 923 345 841 144 872 693 6283 236 5477 4902 879 910 762 156 8 322 320 9310 465 633 531 935 43 34 687 174 52 64 5183 598 846 862 561 603 951 42 603 949 1583 9663 93 7595 814 228 514 1042 537 745 43 553 275 356 1011 645 1243 72 6723 341 380 199 331 106 23 182 619 1048 33 1786 767 193 1029 965 22 784 735 760 732 554 7553 783 359 821 376 735 630 1015 735 26
499 555 1992 226 940 797 782 3543 281 643 1071 636 942 347 853 145 872 702 6396 238 5527 4956 897 918 767 156 8 324 324 9433 470 635 537 948 43 34 687 175 52 64 5201 599 864 869 565 615 967 42 610 953 1597 9874 93 7679 815 228 522 1060 548 752 43 562 278 360 1018 651 1250 72 6815 346 385 201 334 107 23 185 623 1063 33 1810 775 196 1047 969 22 790 749 770 747 563 7658 785 364 832 382 736 637 1037 742 26
509 564 2031 229 953 807 788 3577 285 650 1078 647 958 349 859 145 876 710 6419 241 5588 4968 898 934 770 158 8 325 326 9643 478 645 541 967 43 34 689 176 52 64 5299 608 869 871 576 618 976 42 613 959 1597 9959 93 7798 827 229 533 1070 557 761 43 569 283 366 1023 657 1277 72 6967 348 389 204 334 108 23 185 635 1074 33 1832 790 198 1047 973 22 804 765 777 750 566 7682 796 369 847 385 743 642 1054 751 26
516 572 2037 231 960 811 800 3585 289 654 1088 659 964 354 869 146 886 712 6440 245 5613 5040 898 944 778 158 8 329 326 9715 486 645 547 971 43 34 700 179 52 64 5354 613 883 882 580 624 979 42 620 969 1606 9984 93 7933 845 231 542 1070 561 775 43 571 283 367 1045 657 1304 72 6996 353 391 204 336 108 23 187 641 1094 33 1873 803 200 1054 979 22 808 768 779 758 569 7756 808 370 849 391 744 647 1068 756 26
524 578 2045 235 974 820 817 3625 293 659 1104 667 979 354 881 146 886 722 6485 248 5724 5136 901 952 790 160 8 333 327 9765 496 645 550 980 43 34 712 180 52 64 5471 613 893 896 582 637 984 42 629 971 1632 10000 94 8079 845 231 543 1074 561 779 43 576 283 368 1068 657 1313 72 7139 353 398 205 338 109 23 189 646 1102 33 1880 814 202 1077 987 22 811 777 793 770 577 7837 810 377 855 398 758 651 1082 769 26
524 579 2051 239 988 827 820 3627 293 673 1111 678 980 355 898 146 901 732 6556 249 5836 5140 917 960 798 160 8 333 329 9917 504 656 557 995 43 34 712 182 52 64 5542 618 910 904 590 641 988 42 638 974 1645 10000 95 8239 851 233 547 1083 562 791 43 586 288 374 1073 657 1336 72 7192 360 406 205 338 109 23 191 649 1124 33 1901 824 203 1100 1005 22 827 782 793 778 580 7842 825 377 857 401 763 652 1088 774 26
528 582 2063 241 999 836 829 3675 297 677 1130 688 981 356 910 147 914 733 6652 249 5961 5191 936 977 809 161 8 333 331 9975 512 669 563 1013 43 34 717 182 52 64 5547 628 927 907 599 652 1003 42 646 977 1645 10000 95 8337 862 236 556 1097 567 808 43 590 290 381 1090 669 1350 72 7250 365 413 205 339 109 23 191 660 1139 33 1921 840 204 1107 1019 22 833 789 797 786 589 7882 833 378 863 407 765 655 1096 782 26
531 589 2079 245 1006 839 838 3700 300 678 1137 692 992 356 927 147 929 736 6772 251 6030 5288 943 984 813 163 8 336 331 10000 516 677 574 1031 43 34 720 185 52 64 5594 632 937 909 602 656 1023 42 653 985 1670 10000 96 8485 864 239 557 1114 570 825 43 593 293 383 1099 674 1373 72 7291 365 413 208 345 110 23 193 673 1140 33 1944 854 205 1129 1020 22 837 789 809 802 598 8036 837 384 876 410 777 661 1118 783 26
540 595 2090 248 1027 846 852 3735 305 682 1139 698 1007 363 937 149 941 741 6831 254 6106 5394 948 984 818 164 8 340 335 10000 521 680 576 1045 43 34 728 185 52 64 5653 643 953 909 604 667 1032 42 653 1005 1698 10000 96 8509 872 243 567 1129 574 831 43 601 298 388 1104 681 1392 72 7294 367 420 209 345 111 23 194 679 1155 33 1946 866 205 1135 1039 22 841 795 825 819 605 8040 837 386 895 417 790 661 1138 788 26
548 603 2105 251 1029 855 856 3738 307 688 1158 698 1013 369 952 149 955 755 6880 256 6244 5490 968 997 834 166 8 342 340 10000 525 686 576 1052 43 34 735 187 52 64 5664 653 958 924 606 670 1046 42 658 1018 1712 10000 96 8523 873 244 576 1131 581 848 43 608 298 389 1121 681 1402 72 7406 370 427 211 347 111 23 196 683 1171 33 1950 873 205 1158 1053 22 855 809 842 825 613 8069 838 387 899 420 806 670 1152 799 26
551 615 2105 253 1031 869 858 3759 307 698 1175 703 1022 376 965 150 968 762 7010 256 6279 5510 981 1018 849 168 8 347 342 10000 535 693 579 1072 43 34 739 188 52 64 5729 660 975 930 611 684 1049 42 667 1034 1720 10000 96 8621 881 248 582 1140 586 858 43 609 303 390 1124 692 1430 72 7462 374 435 211 353 112 23 196 695 1173 33 1959 877 205 1162 1056 22 869 820 854 838 619 8151 838 393 910 426 808 677 1172 804 26
561 627 2135 255 1046 886 858 3763 309 704 1200 705 1024 377 980 151 982 764 7152 257 6388 5568 997 1030 851 169 8 349 348 10000 540 695 591 1092 43 34 748 190 52 64 5841 665 993 941 623 698 1053 42 670 1048 1752 10000 96 8733 894 249 588 1147 597 871 43 621 304 397 1146 703 1436 72 7546 380 440 214 354 112 23 197 709 1174 33 2001 889 207 1172 1072 22 875 829 861 846 625 8235 856 398 918 427 819 691 1189 807 26
564 633 2139 259 1050 893 866 3848 313 715 1223 713 1025 383 1000 151 995 772 7158 257 6511 5648 1007 1036 855 171 8 352 353 10000 542 709 596 1104 43 34 752 190 52 64 5903 678 999 950 633 713 1069 42 684 1068 1789 10000 97 8906 901 252 594 1155 603 890 43 630 305 397 1163 710 1457 72 7610 381 448 217 354 112 23 198 714 1198 33 2030 903 208 1191 1079 22 878 841 867 858 630 8350 870 401 921 431 826 697 1196 815 26
573 645 2147 261 1058 904 875 3923 315 725 1223 725 1036 389 1003 151 995 780 7210 260 6562 5761 1024 1041 863 171 8 359 356 10000 550 720 608 1107 43 34 759 192 52 64 5953 689 1000 967 636 720 1081 42 693 1074 1812 10000 97 8931 907 256 597 1173 611 903 43 638 305 401 1185 724 1461 72 7726 386 456 218 356 112 23 198 717 1212 33 2058 916 208 1203 1084 22 883 852 885 874 638 8360 885 409 941 436 837 711 1198 826 26
579 648 2176 265 1063 920 893 3972 320 735 1240 732 1052 391 1004 153 1010 787 7353 260 6570 5881 1033 1047 876 173 8 366 360 10000 560 734 615 1131 43 34 767 194 52 64 6052 696 1020 982 638 721 1081 42 702 1075 1812 10000 98 9095 916 260 602 1184 624 903 43 649 306 409 1197 729 1490 72 7824 391 460 219 357 112 23 198 730 1218 33 2088 920 209 1203 1095 22 892 864 892 877 650 8460 902 415 959 441 845 726 1208 827 26
580 654 2220 270 1075 933 895 3996 322 741 1247 736 1075 393 1009 153 1014 797 7501 260 6710 5926 1051 1057 889 175 8 368 363 10000 569 746 623 1154 43 34 768 194 52 64 6074 701 1031 989 641 731 1095 42 703 1075 1812 10000 98 9121 916 261 603 1198 626 905 43 650 312 416 1208 743 1499 72 7890 398 461 222 359 113 23 199 734 1229 33 2106 929 212 1218 1107 22 902 877 902 890 658 8632 921 422 963 450 857 732 1214 827 26
587 660 2231 270 1093 943 898 4026 327 754 1265 741 1078 394 1010 153 1014 806 7552 260 6723 5988 1068 1061 907 176 8 374 368 10000 572 752 632 1155 43 34 779 195 52 64 6092 707 1034 1007 646 738 1118 42 710 1092 1824 10000 99 9145 936 262 610 1201 631 921 43 662 317 419 1218 743 1528 72 7960 402 464 223 366 113 23 199 748 1240 33 2144 938 213 1243 1131 22 908 894 909 893 658 8700 923 430 964 457 873 745 1236 829 26
589 663 2278 274 1112 950 914 4037 332 770 1273 749 1095 395 1015 155 1027 821 7641 263 6767 6098 1071 1068 908 179 8 375 372 10000 581 762 637 1173 43 34 795 195 52 64 6202 708 1052 1009 659 751 1123 42 713 1103 1842 10000 99 9164 938 265 619 1201 633 939 43 672 322 420 1241 748 1534 72 8022 407 469 227 372 113 23 200 748 1266 33 2165 952 214 1262 1148 22 924 911 928 905 659 8852 925 430 984 460 891 752 1240 846 26
590 669 2312 274 1120 956 914 4063 335 772 1281 758 1102 397 1037 157 1047 836 7692 263 6811 6197 1074 1075 908 182 8 379 378 10000 591 772 642 1177 43 34 806 196 52 64 6316 720 1058 1009 670 764 1126 42 719 1109 1879 10000 99 9206 942 266 619 1212 639 958 43 673 328 421 1258 756 1539 72 8188 411 470 231 372 114 23 200 757 1276 33 2210 963 215 1269 1154 22 935 919 942 916 673 8908 940 431 984 460 892 763 1247 862 26
602 681 2333 276 1130 966 925 4115 336 779 1297 761 1124 400 1043 157 1064 841 7853 263 6843 6247 1095 1089 913 182 8 382 381 10000 602 782 647 1189 43 34 810 197 52 64 6454 722 1063 1016 671 774 1149 42 725 1119 1906 10000 100 9243 944 271 625 1234 651 972 43 685 330 428 1284 756 1542 72 8364 411 473 232 375 115 23 200 768 1289 33 2250 968 217 1271 1161 22 938 928 942 926 681 8963 942 439 987 467 900 779 1259 879 26
611 683 2354 279 1145 986 933 4147 342 795 1310 761 1138 403 1053 158 1064 858 7927 264 6864 6283 1113 1109 929 182 8 388 383 10000 610 795 650 1190 43 34 817 200 52 64 6588 724 1075 1026 680 782 1173 42 739 1133 1942 10000 100 9450 944 276 628 1251 656 990 43 690 334 431 1300 764 1548 72 8518 413 477 236 376 116 23 203 770 1295 33 2300 988 217 1277 1175 22 949 930 948 945 688 9087 954 445 1001 472 902 788 1264 888 26
615 692 2371 282 1154 992 950 4220 344 800 1322 771 1160 408 1057 159 1087 873 8067 264 6992 6350 1123 1125 941 184 8 390 388 10000 623 802 663 1209 43 34 817 202 52 64 6711 739 1086 1027 689 792 1184 42 748 1140 1960 10000 101 9464 945 281 637 1257 668 1004 43 703 334 438 1317 780 1564 72 8542 418 485 237 382 117 23 206 783 1298 33 2314 1005 220 134 1186 22 968 941 958 950 689 9217 958 447 1014 481 916 794 1284 892 26
626 703 2374 284 1162 1009 962 4278 349 808 1322 776 1182 410 1077 160 1088 889 8223 266 7070 6353 1145 1145 947 184 8 391 388 10000 630 819 667 1221 43 34 827 202 52 64 6771 753 1092 1027 697 796 1206 42 762 1146 1988 10000 101 9556 965 286 650 1278 672 1022 43 710 337 447 1330 781 1591 72 8598 419 486 239 388 118 23 207 791 1309 33 2329 1026 223 134 1195 22 981 953 958 965 689 9236 975 449 1016 485 919 807 1285 899 26
637 713 2386 287 1174 1020 967 4286 355 822 1341 790 1200 414 1084 160 1097 899 8361 267 7177 6379 1151 1165 949 186 8 396 394 10000 630 835 670 1225 43 34 827 203 52 64 6810 766 1110 1035 712 809 1210 42 774 1157 2009 10000 101 9731 985 288 659 1301 672 1043 43 724 339 450 1335 781 1619 72 8755 422 490 240 393 119 23 207 798 1309 33 2376 1026 225 135 1221 22 995 953 960 971 689 9427 992 451 1028 485 921 819 1296 914 26
648 724 2389 287 1179 1023 983 4309 357 822 1349 803 1204 419 1097 160 1104 917 8395 178 7293 6467 1155 1183 964 187 8 399 398 10000 631 851 672 1238 43 34 841 205 52 64 6838 781 1116 1040 714 821 1218 42 774 1163 2045 10000 102 9802 996 292 662 1308 672 1051 43 728 339 453 1336 795 1626 72 8898 422 494 241 396 120 23 209 799 1321 33 2410 1035 229 137 1236 22 1002 972 980 987 703 9585 995 451 1035 487 930 831 1299 916 26
648 735 2396 291 1182 1039 1003 4334 359 831 1377 804 1216 423 1106 162 1121 928 8515 180 7325 6593 1156 1192 966 188 8 405 404 10000 637 862 680 1264 43 34 842 207 52 64 6937 795 1133 1045 723 830 1219 42 777 1170 2048 10000 103 9926 1007 295 671 1321 684 1073 43 742 342 459 1336 804 1640 72 9006 427 500 243 402 121 23 209 815 1327 33 2410 1040 232 138 1262 22 1013 987 990 988 703 9659 1011 451 1046 489 950 832 1313 921 26
648 743 2430 292 1201 1055 1014 4351 360 831 1388 805 1236 423 1114 163 1145 947 8626 182 7418 6743 1161 1195 970 188 8 406 406 10000 643 880 690 1270 43 34 859 208 52 64 6963 803 1144 1060 724 845 1233 42 791 1178 2078 10000 103 10000 1024 295 680 1333 687 1074 43 751 344 462 1346 809 1670 72 9096 435 506 247 407 121 23 210 816 1348 33 2428 1062 232 138 1263 22 1020 987 1002 993 715 9738 1013 454 1055 492 959 833 1338 921 26
651 743 2478 292 1206 1067 1014 4426 364 833 1391 812 1236 429 1126 163 1170 965 8790 183 7583 6795 1183 1215 986 189 8 411 411 10000 653 885 699 1274 43 34 860 208 52 64 6989 819 1162 1061 738 861 1238 42 806 1204 2110 10000 103 10000 1043 298 684 1341 694 1084 43 762 347 464 1347 823 1674 72 9256 443 512 247 412 122 23 213 822 1376 33 2453 1078 236 140 1284 22 1022 1005 1018 1005 726 9749 1025 461 1074 498 964 838 1367 929 26
661 752 2498 294 1211 1079 1024 4489 368 834 1391 822 1246 437 1139 163 1175 972 8901 185 7695 6903 1207 1231 995 191 8 419 411 10000 665 893 702 1285 43 34 870 210 52 64 6990 823 1170 1064 741 861 1264 42 807 1204 2145 10000 103 10000 1056 301 692 1370 707 1102 43 762 353 464 1347 829 1702 72 9335 448 514 248 419 123 23 215 822 1394 33 2458 1078 239 141 1304 22 1024 1023 1021 1011 738 9898 1040 467 1078 508 980 838 1388 943 26
671 757 2552 295 1214 1085 1041 4509 375 837 1400 827 1260 438 1158 165 1200 983 8927 186 7725 6949 1207 1243 999 193 8 420 418 10000 667 897 707 1301 43 34 882 212 52 64 7101 833 1170 1082 757 875 1291 42 810 1204 2151 10000 104 10000 1058 304 698 1386 712 1116 43 767 359 470 1364 843 1707 72 9374 456 516 250 425 124 23 217 832 1410 33 2510 1092 239 142 1317 22 1029 1035 1025 1025 741 9954 1060 468 1087 517 985 855 1410 952 26
674 761 2591 296 1232 1104 1056 4534 375 851 1422 835 1278 443 1168 166 1217 1003 9050 187 7742 7037 1221 1261 1009 193 8 428 425 10000 672 897 714 1315 43 34 897 214 52 64 7107 851 1188 1088 761 879 1300 42 827 1227 2188 10000 105 10000 1072 309 704 1416 727 1133 43 772 360 478 1380 849 1722 72 9541 463 525 251 427 124 23 218 850 1417 33 2531 1102 241 142 1336 22 1029 1055 1036 1031 742 10000 1069 468 1087 524 986 873 1434 971 26
680 770 2637 299 1253 1116 1065 4599 377 853 1423 842 1285 451 1168 168 1221 1018 9234 187 7897 7084 1237 1264 1009 194 8 432 425 10000 681 902 714 1328 43 34 901 216 52 64 7180 859 1195 1102 764 895 1305 42 833 1234 2234 10000 105 10000 1084 313 704 1421 731 1157 43 779 363 482 1397 849 1733 72 9666 464 534 252 428 124 23 218 856 1422 33 2541 1123 243 143 1353 22 1034 1066 1039 1051 747 10000 1085 477 1091 532 993 874 1451 977 26
681 780 2642 304 1268 1131 1084 4625 378 868 1434 860 1297 455 1179 169 1243 1038 9445 188 7984 7128 1246 1266 1029 196 8 435 427 10000 681 910 722 1329 43 34 907 219 52 64 7250 866 1207 1125 773 907 1311 42 834 1253 2268 10000 105 10000 1104 315 716 1449 739 1164 43 793 367 484 1409 850 1739 72 9698 468 540 254 432 125 23 219 874 1435 33 2578 1135 246 143 1371 22 1054 1080 1059 1067 757 10000 1106 486 1097 542 1011 879 1465 985 26
687 783 2651 304 1273 1147 1086 4634 379 872 1445 863 1310 459 1187 170 1243 1044 9457 191 8000 7228 1259 1294 1030 196 8 442 431 10000 689 927 736 1357 43 34 916 220 52 64 7383 869 1229 1149 784 924 1337 42 841 1263 2312 10000 106 10000 1121 315 718 1461 741 1173 43 798 374 490 1423 861 1742 72 9843 471 546 255 434 126 23 223 884 1438 33 2579 1156 246 144 1401 22 1061 1100 1063 1084 764 10000 1106 490 1100 542 1019 888 1475 994 26
695 798 2693 305 1274 1148 1109 4691 384 891 1466 870 1321 468 1212 170 1266 1050 9658 194 8151 7341 1261 1303 1050 198 8 451 437 10000 701 945 739 1372 43 34 918 223 52 64 7516 871 1255 1174 793 938 1362 42 855 1289 2337 10000 106 10000 1136 319 729 1481 750 1186 43 811 379 500 1428 875 1769 72 9991 480 552 256 442 127 23 226 897 1457 33 2616 1162 250 144 1427 22 1074 1114 1080 1086 771 10000 1116 496 1105 547 1036 894 1498 1006 26
701 800 2742 305 1275 1151 1126 4744 386 891 1498 888 1335 474 1225 171 1277 1058 9769 196 8218 7441 1276 1324 1056 201 8 457 440 10000 703 961 752 1386 43 34 938 223 52 64 7660 878 1276 1175 801 950 1383 42 862 1296 2366 10000 107 10000 1148 324 733 1499 757 1195 43 828 380 509 1434 891 1801 72 10000 480 557 260 445 127 23 229 903 1475 33 2642 1175 253 145 1456 22 1075 1129 1097 1094 779 10000 1129 501 1118 557 1037 908 1509 1011 26
714 810 2802 308 1279 1163 1138 4808 387 895 1521 895 1361 480 1226 171 1302 1070 9838 197 8229 7457 1287 1343 1071 202 8 460 446 10000 713 975 756 1396 43 34 952 223 52 64 7765 879 1278 1199 806 959 1393 42 869 1305 2376 10000 108 10000 1159 329 748 1529 765 1213 43 840 382 518 1444 894 1824 72 10000 483 568 260 451 128 23 233 909 1507 33 2696 1192 253 147 1473 22 1079 1133 1113 1104 788 10000 1134 511 1140 557 1050 914 1541 1020 26
722 815 2852 314 1295 1175 1157 4814 387 912 1522 895 1371 483 1239 172 1302 1090 9897 200 8273 7595 1298 1351 1082 205 8 468 454 10000 718 994 760 1417 43 34 959 224 52 64 7777 881 1306 1202 820 979 1407 42 881 1316 2394 10000 108 10000 1179 329 751 1545 768 1230 43 857 386 525 1447 908 1855 72 10000 490 580 261 459 129 23 235 924 1523 33 2716 1194 253 149 1476 22 1092 1143 1137 1121 804 10000 1142 518 1163 566 1062 921 1564 1039 26
733 820 2913 316 1320 1194 1157 4879 388 931 1542 906 1401 492 1256 174 1306 1105 10000 202 8322 7722 1298 1360 1101 208 8 468 458 10000 723 1001 760 1422 43 34 980 227 52 64 7860 889 1321 1221 832 983 1437 42 887 1323 2415 10000 108 10000 1182 334 761 1565 773 1233 43 875 393 525 1479 908 1861 72 10000 498 592 265 466 130 23 235 940 1537 33 2722 1220 254 151 1477 22 1099 1163 1137 1139 815 10000 1155 525 1186 575 1076 930 1583 1050 26
746 822 2913 319 1325 1219 1177 4923 389 950 1574 906 1401 501 1263 174 1326 1121 10000 204 8506 7744 1318 1377 1111 209 8 475 460 10000 734 1005 766 1448 43 34 990 231 52 64 7990 898 1322 1247 845 1000 1455 42 890 1323 2444 10000 108 10000 1192 334 776 1595 788 1238 43 877 394 526 1496 912 1900 72 10000 500 600 270 471 131 23 239 957 1541 33 2764 1238 258 153 1489 22 1123 1175 1154 1144 830 10000 1179 532 1188 585 1097 940 1617 1053 26
760 825 2947 325 1354 1229 1203 5021 392 958 1577 914 1412 504 1277 175 1327 1121 10000 204 8581 7764 1322 1388 1117 211 8 477 469 10000 735 1014 773 1477 43 34 994 234 52 64 7999 899 1325 1273 861 1005 1483 42 901 1337 2490 10000 109 10000 1200 340 791 1618 800 1258 43 881 401 528 1507 920 1940 72 10000 502 612 271 480 133 23 240 958 1556 33 2794 1256 260 154 1497 22 1126 1198 1154 1165 843 10000 1205 534 1189 588 1101 953 1617 1070 26
761 838 3006 329 1370 1231 1226 5070 393 960 1606 934 1443 507 1286 175 1350 1128 10000 205 8623 7904 1340 1390 1133 213 8 478 474 10000 736 1028 789 1487 43 34 1006 235 52 64 8162 900 1334 1284 873 1006 1509 42 913 1348 2527 10000 109 10000 1216 343 797 1649 810 1273 43 881 402 536 1518 929 1974 72 10000 509 623 271 483 135 23 240 978 1560 33 2853 1268 260 156 1509 22 1146 1208 1169 1166 850 10000 1219 538 1203 594 1112 973 1632 1082 26
765 852 3030 334 1396 1244 1248 5121 393 966 1617 947 1468 508 1311 175 1354 1144 10000 205 8770 8006 1361 1415 1152 213 8 486 483 10000 748 1041 799 1501 43 34 1027 239 52 64 8179 909 1359 1290 879 1012 1509 42 921 1363 2540 10000 110 10000 1242 347 799 1683 826 1292 43 884 409 543 1529 947 1996 72 10000 518 624 275 483 135 23 240 995 1567 33 2854 1289 262 157 1523 22 1151 1229 1174 1181 857 10000 1237 546 1225 594 1119 983 1638 1105 26
777 868 3053 340 1404 1258 1251 5139 395 975 1637 949 1479 518 1312 177 1369 1148 10000 205 8963 8106 1390 1430 1168 213 8 491 487 10000 756 1061 805 1515 43 34 1041 241 52 64 8240 909 1382 1302 887 1028 1540 42 925 1392 2592 10000 110 10000 1267 352 813 1713 841 1292 43 893 416 550 1552 962 2013 72 10000 528 626 276 487 135 23 242 1006 1580 33 2909 1300 267 158 1546 22 1175 1256 1194 1205 868 10000 1241 552 1225 600 1130 1004 1650 1123 26
781 871 3096 340 1421 1261 1257 5247 398 993 1669 950 1501 526 1336 180 1393 1151 10000 205 8989 8275 1420 1458 1168 216 8 498 496 10000 769 1076 811 1537 43 34 1044 243 52 64 8355 924 1386 1322 888 1044 1556 42 935 1409 2626 10000 110 10000 1283 358 817 1724 859 1316 43 904 418 559 1580 963 2049 72 10000 535 626 281 491 135 23 243 1007 1581 33 2964 1320 267 158 1562 22 1194 1282 1200 1212 871 10000 1268 559 1250 610 1132 1012 1662 1126 26
785 872 3099 346 1422 1287 1267 5294 400 998 1705 955 1518 526 1360 183 1424 1158 10000 206 9164 8410 1451 1463 1188 219 8 507 498 10000 769 1090 823 1558 43 34 1053 247 52 64 8494 925 1405 1346 895 1050 1573 42 942 1427 2651 10000 110 10000 1297 365 828 1728 859 1333 43 910 421 566 1605 982 2049 72 10000 542 629 282 499 135 23 244 1028 1606 33 2973 1342 270 158 1586 22 1218 1282 1224 1221 880 10000 1289 567 1270 611 1132 1013 1670 1134 26
791 884 3100 349 1451 1294 1292 5405 406 998 1714 974 1523 526 1367 186 1439 1160 10000 209 9312 8575 1479 1471 1196 221 8 514 500 10000 769 1113 837 1587 43 34 1053 247 52 64 8651 928 1434 1352 902 1058 1603 42 958 1444 2662 10000 110 10000 1325 369 830 1764 869 1342 43 919 423 567 1640 998 2064 72 10000 545 638 284 502 136 23 244 1047 1638 33 2974 1343 271 160 1599 22 1222 1291 1240 1230 897 10000 1295 576 1278 613 1155 1017 1681 1140 26
806 891 3124 353 1471 1314 1303 5453 411 1018 1747 984 1525 530 1375 186 1459 1174 10000 209 9353 8757 1498 1478 1209 223 8 515 502 10000 771 1131 843 1622 43 34 1071 247 52 64 8777 935 1450 1352 917 1080 1617 42 977 1464 2683 10000 111 10000 1350 375 845 1777 874 1357 43 938 427 579 1642 1000 2084 72 10000 546 646 287 510 137 23 245 1061 1661 33 3013 1369 272 161 1608 22 1231 1307 1264 1245 911 10000 1309 582 1290 626 1173 1017 1689 1156 26
817 896 3171 358 1495 1333 1313 5574 419 1035 1747 995 1535 540 1392 188 1491 1193 10000 212 9388 8879 1521 1479 1210 223 8 517 511 10000 774 1132 849 1630 43 34 1076 250 52 64 8882 945 1450 1365 919 1099 1649 42 981 1484 2740 10000 112 10000 1351 376 856 1815 884 1360 43 950 427 589 1663 1016 2094 72 10000 553 659 292 512 139 23 247 1084 1665 33 3061 1397 273 163 1634 22 1240 1331 1271 1272 928 10000 1338 583 1308 636 1195 1025 1726 1173 26
832 905 3194 362 1496 1339 1324 5602 427 1045 1784 1011 1545 540 1401 190 1515 1219 10000 215 9549 8891 1544 1493 1234 226 8 521 520 10000 781 1133 863 1643 43 34 1093 251 52 64 8959 951 1474 1395 921 1101 1680 42 982 1517 2751 10000 113 10000 1376 383 868 1845 884 1378 43 962 435 589 1700 1021 2098 72 10000 558 659 296 517 140 23 251 1100 1690 33 3113 1426 274 165 1648 22 1251 1335 1291 1296 936 10000 1338 595 1318 639 1221 1036 1743 1175 26
838 910 3264 362 1516 1341 1351 5723 434 1053 1817 1028 1561 549 1420 190 1531 1222 10000 217 9654 9047 1566 1518 1259 229 8 529 523 10000 783 1144 864 1662 43 34 1097 253 52 64 8993 971 1477 1398 941 1109 1709 42 988 1522 2781 10000 113 10000 1393 386 868 1863 894 1406 43 978 444 589 1722 1039 2111 72 10000 563 662 298 526 140 23 254 1124 1697 33 3134 1444 274 167 1669 22 1269 1343 1302 1311 951 10000 1346 604 1331 641 1222 1057 1761 1195 26
850 918 3295 368 1525 1342 1355 5747 440 1075 1836 1037 1579 549 1434 192 1557 1223 10000 219 9748 9208 1595 1524 1268 231 8 532 523 10000 789 1158 865 1669 43 34 1114 255 52 64 9120 976 1485 1411 960 1119 1719 42 998 1556 2790 10000 113 10000 1418 393 881 1899 905 1408 43 988 448 597 1722 1055 2125 72 10000 572 667 301 531 141 23 257 1125 1702 33 3189 1462 278 167 1670 22 1274 1357 1305 1337 962 10000 1367 613 1340 644 1231 1080 1784 1210 26
856 929 3310 375 1525 1358 1356 5866 449 1087 1851 1050 1587 553 1434 195 1573 1241 10000 219 9855 9418 1620 1551 1293 235 8 540 529 10000 792 1169 867 1703 43 34 1120 258 52 64 9195 987 1508 1417 971 1134 1756 42 1012 1564 2823 10000 113 10000 1423 399 881 1915 912 1428 43 1001 455 605 1722 1055 2128 72 10000 572 678 302 536 141 23 261 1132 1715 33 3233 1478 278 168 1684 22 1301 1360 292 1344 970 10000 1391 619 1356 654 1245 1081 1824 1213 26
869 949 3336 382 1537 1358 1377 5937 454 1103 1875 1069 1597 555 1456 196 1602 1264 10000 219 9882 9562 1624 1572 1309 238 8 543 536 10000 801 1188 867 1732 43 34 1124 258 52 64 9229 989 1530 1435 985 1137 1792 42 1015 1581 2842 10000 114 10000 1437 402 891 1917 921 1452 43 1022 461 617 1730 1055 2156 72 10000 575 692 307 546 143 23 266 1142 1715 33 3284 1483 281 169 1689 22 1303 1390 292 1354 987 10000 1417 622 1385 665 1265 1099 1862 1215 26
884 961 3369 382 1558 1388 1394 6054 462 1110 1915 1090 1628 558 1460 196 1622 1271 10000 219 9885 9665 1653 1599 1311 239 8 554 546 10000 806 1201 879 1744 43 34 1132 262 52 64 9243 1003 1553 1442 985 1151 1799 42 1021 1597 2903 10000 114 10000 1440 406 903 1945 934 1472 43 1038 466 617 1736 1063 2166 72 10000 578 700 307 547 145 23 269 1147 1726 33 3324 1491 281 169 1702 22 1328 1417 295 1379 987 10000 1445 632 1395 671 1292 1114 1901 1228 26
887 967 3379 387 1590 1392 1406 6147 466 1115 1926 1093 1642 561 1477 196 1644 1291 10000 222 9954 9727 1681 1627 1313 239 8 564 553 10000 812 1222 880 1753 43 34 1141 267 52 64 9346 1025 1583 1473 1004 1172 1809 42 1027 1618 2958 10000 114 10000 1450 411 917 1972 937 1492 43 1048 469 619 1758 1066 2211 72 10000 586 706 309 550 145 23 272 1167 1740 33 3336 1520 283 171 1722 22 1352 1437 297 1393 999 10000 1476 643 1403 685 1292 1114 1933 1252 26
893 976 3412 387 1591 1397 1433 6238 469 1134 1962 1106 1647 572 1503 199 1658 1310 10000 224 10000 9851 1688 1640 1336 243 8 565 561 10000 824 1223 892 1759 43 34 1156 271 52 64 9514 1035 1596 1492 1023 1182 1836 42 1043 1630 2983 10000 115 10000 1478 412 931 2014 957 1507 43 1061 472 619 1794 1067 2244 72 10000 594 717 313 560 145 23 273 1175 1754 33 3398 1547 284 173 1745 22 1355 1468 299 1413 1010 10000 1492 653 1412 689 1317 1119 1404 1276 26
897 979 3451 392 1617 1412 1447 6342 472 1138 1969 1116 1651 577 1517 199 1671 1310 10000 226 10000 9927 1708 1646 1359 246 8 575 564 10000 839 1238 911 1770 43 34 1176 276 52 64 9651 1051 1598 1506 1033 1195 1868 42 1064 1656 3019 10000 116 10000 1486 414 947 2055 972 1528 43 1081 478 628 1810 1087 2288 72 10000 600 717 318 564 146 23 275 1187 1785 33 3437 1566 289 174 1756 22 1358 1477 299 1430 1031 10000 1499 660 1427 692 1319 1129 1416 1282 26
900 988 3478 394 1622 1418 1476 6463 477 1146 1985 1121 1663 583 1518 200 1695 1334 10000 229 10000 10000 1717 1666 1377 250 8 576 565 10000 844 1265 923 1801 43 34 1193 281 52 64 9822 1051 1615 1521 1055 1220 1868 42 1078 1692 3087 10000 117 10000 1487 419 966 2075 992 1562 43 1095 483 629 1840 1096 2299 72 10000 602 727 324 570 148 23 279 1194 1802 33 3513 1566 292 174 1776 22 1381 1498 301 1458 1031 10000 1502 674 1450 693 1332 1137 1428 1302 26
901 1002 3491 394 1657 1435 1504 6548 486 1149 2010 1127 1696 588 1526 202 1721 1343 10000 232 10000 10000 1723 1671 1378 251 8 578 569 10000 856 1267 941 1828 43 34 1197 283 52 64 10000 1057 1646 1546 1075 1245 1891 42 1095 1721 3111 10000 117 10000 1519 425 966 2105 995 1592 43 1101 493 629 1859 1115 2321 72 10000 612 734 327 582 150 23 281 1214 1804 33 3517 1581 297 177 1780 22 1403 1499 302 1484 1040 10000 1508 688 1477 699 1357 1137 1435 1309 26
908 1022 3534 399 1687 1459 1515 6573 496 1153 2032 1144 1734 594 1539 202 1723 1367 10000 236 10000 10000 1745 1688 1390 255 8 585 573 10000 867 1272 959 1869 43 34 1214 284 52 64 10000 1065 1657 1554 1091 1251 1932 42 1098 1721 3161 10000 117 10000 1533 430 980 2127 997 1626 43 1121 495 639 1866 1135 2357 72 10000 617 740 331 582 152 23 284 1235 1831 33 3543 1599 297 179 1784 22 1431 1515 303 1507 1045 10000 1540 689 1498 701 1363 1149 1456 1329 26
919 1041 3569 401 1716 1461 1531 6578 505 1176 2039 1145 1745 606 1544 205 1754 1383 10000 240 10000 10000 1770 1700 1403 256 8 595 584 10000 884 1288 961 1886 43 34 1230 285 52 64 10000 1079 1663 1585 1105 1251 1932 42 1121 1721 3179 10000 118 10000 1534 430 994 2132 998 1637 43 1137 501 647 1874 1136 2395 72 10000 621 743 334 585 153 23 284 1239 1845 33 3623 1607 302 179 1820 22 1439 1537 304 1517 1062 10000 1574 698 1500 705 1367 1160 1464 1329 26
937 1053 3591 402 1718 1467 1532 6680 514 1195 2039 1159 1761 614 1567 206 1765 1411 10000 242 10000 10000 1807 1735 1429 258 8 601 589 10000 891 1302 973 1906 43 34 1232 288 52 64 10000 1080 1672 1615 1107 1268 1965 42 1133 1754 3185 10000 118 10000 1545 436 1012 2179 1002 1638 43 1145 501 657 1894 1160 2415 72 10000 631 743 339 595 153 23 285 1239 1868 33 3638 1620 307 180 1849 22 1455 1557 306 1541 1069 10000 1576 705 1517 716 1380 1169 1476 1357 26
952 1067 3647 409 1726 1468 1566 6721 520 1199 2047 1162 1781 627 1592 207 1781 1428 10000 246 10000 10000 1815 1758 1447 260 8 604 594 10000 909 1306 989 1912 43 34 1254 293 52 64 10000 1083 1685 1647 1109 1276 1972 42 1146 1784 3240 10000 119 10000 1562 436 1021 2221 1020 1663 43 1149 506 659 1930 1176 2422 72 10000 632 759 340 605 153 23 290 1239 1876 33 3639 1635 310 180 1877 22 1459 1573 309 1568 1076 10000 1584 716 1518 727 1381 1180 1508 1367 26
963 1069 3713 412 1755 1481 1583 6838 527 1221 2073 1165 1819 627 1606 207 1804 1429 10000 247 10000 10000 1846 1780 1464 263 8 607 597 10000 919 1335 1000 1917 43 34 1270 295 52 64 10000 1092 1701 1647 1115 1293 1980 42 1162 1813 3267 10000 119 10000 1563 439 1041 2224 1036 1673 43 1163 506 659 1968 1191 2429 72 10000 640 765 346 612 154 23 291 1243 1897 33 3692 1641 310 181 1894 22 1487 1595 315 1583 1076 10000 1615 718 1518 738 1400 1204 1512 1394 26
982 1091 3757 419 1786 1487 1612 6964 528 1231 2074 1167 1842 640 1611 210 1831 1459 10000 250 10000 10000 1847 1802 1476 265 8 608 604 10000 933 1352 1016 1921 43 34 1292 299 52 64 10000 1108 1721 1679 1138 1306 2022 42 1180 1853 3326 10000 119 10000 1578 443 1052 2242 1058 1687 43 1172 510 667 2006 1204 2475 72 10000 644 773 348 625 154 23 296 1258 1920 33 3756 1647 314 181 1912 22 1513 1628 317 1590 1097 10000 1646 724 1524 744 1428 1224 1544 1397 26
985 1108 3819 421 1819 1497 1618 7074 528 1250 2083 1178 1850 650 1619 212 1849 1474 10000 251 10000 10000 1884 1830 1506 269 8 617 610 10000 933 1362 1034 1950 43 34 1294 304 52 64 10000 1125 1756 1691 1143 1323 2058 42 1199 1860 3361 10000 119 10000 1599 450 1071 2288 1058 1699 43 1184 512 675 2036 1214 2498 72 10000 656 779 348 626 154 23 298 1284 1920 33 3825 1651 318 182 1928 22 1522 1637 318 1621 1121 7757 1651 728 1524 744 1434 1235 1545 1416 26
992 1123 3879 429 1850 1530 1640 7091 535 1254 2129 1204 1852 661 1625 215 1855 1484 10000 255 10000 10000 1903 1850 1536 272 8 618 611 10000 943 1381 1048 1985 43 34 1297 309 52 64 10000 1142 1790 1696 1158 1352 2071 42 1222 1890 3380 10000 119 10000 1624 458 1074 2331 1080 1699 43 1197 522 678 2072 1229 2539 72 10000 661 789 350 627 155 23 300 1307 1962 33 3888 1656 318 184 1935 22 1526 1666 324 1644 1124 7891 1655 742 1548 744 1464 1245 1565 1426 26
1010 1144 3916 437 1861 1550 1655 7233 537 1270 2156 1217 1873 661 1656 216 1883 1504 10000 256 10000 10000 1917 1879 1560 273 8 629 616 10000 957 1385 1058 1986 43 34 1304 309 52 64 10000 1158 1813 1720 1167 1359 2102 42 1232 1911 3427 10000 120 10000 1651 465 1084 2383 1092 1700 43 1202 528 678 2073 1232 2580 72 10000 664 802 357 634 155 23 303 1328 1967 33 3937 1669 323 184 1940 22 1555 1692 328 1654 1127 8012 1684 753 1575 751 1472 1250 1573 1430 26
1015 1159 3957 441 1865 1555 1685 7238 541 1284 2159 1238 1887 671 1688 218 1904 1505 10000 259 10000 10000 1953 1908 1567 276 8 634 622 10000 970 1411 1063 2013 43 34 1311 311 52 64 10000 1169 1820 1756 1178 1366 2105 42 1256 1927 3454 10000 120 10000 1658 471 1103 2384 1115 1733 43 1213 533 681 2102 1250 2621 72 10000 678 818 359 636 157 23 303 1347 2002 33 3973 1678 327 186 1969 22 1581 1726 331 1680 1136 8057 1686 759 1609 763 1492 1252 1605 1431 26
1018 1164 3957 446 1892 1583 1703 7364 549 1300 2197 1238 1915 684 1722 222 1925 1514 10000 262 10000 10000 1967 1941 1594 280 8 638 628 10000 974 1424 1080 2037 43 34 1316 312 52 64 10000 1184 1837 1782 1178 1375 2141 42 1262 1949 3482 10000 121 10000 1692 472 1104 2388 1116 1755 43 1231 534 691 2109 1266 2622 72 10000 680 822 366 644 157 23 306 1373 2031 33 3996 1705 332 186 1997 22 1611 1753 336 1695 1136 8212 1692 771 1620 765 1520 1267 1617 1435 26
1026 1170 4043 450 1910 1604 1719 7407 557 1312 2242 1249 1917 685 1739 224 1966 1516 10000 263 10000 10000 1977 1952 1610 280 8 642 641 10000 980 1424 1085 2054 43 34 1319 318 52 64 10000 1210 1869 1791 1192 1392 2179 42 1277 1992 3540 10000 121 10000 1697 478 1114 2407 1136 1784 43 1236 536 705 2130 1279 2635 72 10000 694 838 372 654 158 23 310 1373 2061 33 4023 1736 338 188 2035 22 1645 1791 336 1711 1146 8257 1697 775 1649 766 1539 1293 1651 1445 26
1026 1187 4068 454 1922 1629 1730 7493 565 1327 2263 1262 1917 691 1774 227 2009 1519 10000 268 10000 10000 2020 1962 1646 284 8 654 654 10000 995 1446 1086 2062 43 34 1324 324 52 64 10000 1221 1880 1795 1208 1394 2215 42 1277 1992 3609 10000 122 10000 1703 485 1131 2450 1160 1793 43 1259 542 717 2156 1297 2672 72 10000 695 845 376 666 158 23 315 1381 2085 33 4072 1774 338 190 2066 22 1657 1812 339 1715 1147 8425 1705 775 1674 768 1546 1302 1659 1458 26
1028 1201 4152 457 1941 1665 1740 7651 568 1327 2294 1262 1949 698 1793 227 2045 1551 10000 270 10000 10000 2054 2003 1650 284 8 666 654 10000 995 1452 1106 2106 43 34 1351 327 52 64 10000 1236 1888 1802 1214 1424 2231 42 1288 2036 3622 10000 122 10000 1716 487 1155 2458 1171 1798 43 1279 548 728 2190 1319 2684 72 10000 700 858 378 672 158 23 316 1405 2106 33 4130 1813 344 192 2086 22 1684 1841 341 1730 1170 8582 1735 775 1686 781 1561 1323 1662 1458 26
1039 1210 4177 461 1964 1694 1779 7690 568 1345 2340 1281 1983 713 1794 229 2050 1551 10000 270 10000 10000 2100 2007 1683 285 8 679 656 10000 1007 1468 1118 2129 43 34 1376 329 52 64 10000 1263 1917 1825 1220 1424 2280 42 1288 2069 3690 10000 122 10000 1746 488 1162 2472 1192 1827 43 1297 549 728 2233 1335 2733 72 10000 712 868 382 679 160 23 320 1420 2132 33 4159 1834 347 195 2120 22 1718 1875 347 1742 1195 8685 1770 786 1686 786 1595 1335 1691 1490 26
1041 1222 4244 469 1996 1724 1800 7752 569 1363 2379 1299 1999 722 1797 232 2059 1561 10000 275 10000 10000 2111 2008 1701 287 8 685 670 10000 1020 1472 1120 2129 43 34 1393 335 52 64 10000 1265 1937 1839 1220 1449 2327 42 1313 2074 3773 10000 123 10000 1758 488 1173 2520 1194 1852 43 1321 552 738 2257 1359 2789 72 10000 717 885 384 692 162 23 325 1422 2141 33 4243 1866 347 198 2146 22 1742 1909 349 1766 1208 8730 1783 786 1699 801 1611 1360 1699 1511 26
1047 1245 4311 476 2001 1756 1820 7810 578 1379 2412 1301 2025 737 1835 233 2070 1574 10000 278 10000 10000 2139 2023 1704 290 8 693 673 10000 1031 1492 1135 2139 43 34 1415 336 52 64 10000 1287 1946 1842 1232 1461 2352 42 1332 2116 3807 10000 123 10000 1763 492 1181 2560 1205 1892 43 1343 563 721 2288 1384 2842 72 10000 718 65 387 702 162 23 325 1423 2166 33 4245 1895 349 198 2188 22 1753 1948 352 1793 1226 8779 1793 803 1704 818 1620 1367 1704 1515 26
1053 1261 4335 481 2045 1791 1855 7905 585 1387 2422 1317 2064 743 1860 233 2112 1593 10000 280 10000 10000 2181 2024 1708 295 8 697 684 10000 1043 1505 1153 2153 43 34 1430 342 52 64 10000 1290 1950 1845 1237 1483 2360 42 1345 2119 3812 10000 124 10000 1797 498 1207 2587 1223 1906 43 1364 565 728 2296 1397 2893 72 10000 731 65 392 714 164 23 326 1445 2178 33 4330 1927 352 201 2190 22 1787 1950 355 1794 1243 8828 1817 810 1735 830 1623 1384 1736 1547 26
1056 1284 4359 481 2084 1829 1870 7946 587 1409 2472 1338 2096 759 1877 233 2159 1605 10000 283 10000 10000 2202 2037 1739 300 8 704 695 10000 1053 1529 1176 2167 43 34 1443 342 52 64 10000 1297 1956 1845 1261 1496 2411 42 1371 2157 3866 10000 124 10000 1837 503 1208 2644 1223 1933 43 1375 575 742 2329 1400 2944 72 10000 744 65 398 715 164 23 330 1464 2214 33 4426 1934 352 203 2206 22 1799 1959 355 1809 1248 8858 1821 811 1757 839 1642 1388 1765 1557 26
1056 1293 4408 488 2099 1870 1872 8114 597 1422 2509 1359 2098 768 1891 233 2165 1633 10000 287 10000 10000 2230 2049 1768 305 8 710 703 10000 1069 1550 1198 2186 43 34 1475 345 52 64 10000 1300 1994 1847 1276 1525 2454 42 1383 2172 3920 10000 124 10000 1876 509 1209 2680 1237 1941 43 1396 584 742 2348 1413 3000 72 10000 760 65 406 723 166 23 330 1494 2242 33 4437 1944 358 205 2225 22 1808 1965 358 1838 1258 9036 1845 825 1795 844 1655 1415 1775 1571 26
1069 1316 4448 497 2102 1893 1875 8283 602 1450 2551 1378 2102 771 1925 237 2197 1649 10000 292 10000 10000 2239 2075 1807 310 8 724 711 10000 1070 1569 1219 2208 43 34 1493 350 52 64 10000 1325 2016 1887 1277 1538 2459 42 1402 2183 3961 10000 125 10000 1882 519 1226 2731 1255 1975 43 1402 588 756 2356 1437 3048 72 10000 766 65 411 727 167 23 330 1513 2286 33 4538 1986 362 207 2270 22 1842 2000 359 1844 1259 9052 1854 828 1825 862 1670 1434 1804 1591 26
1077 1340 4502 503 2126 1913 1902 8468 608 1452 2567 1397 2118 784 1932 241 2198 1678 10000 297 10000 10000 2250 2106 1832 312 8 730 724 10000 1092 1576 1223 2231 43 34 1508 353 52 64 10000 1343 2043 1890 1296 1547 2489 42 1422 2192 4026 10000 125 10000 1906 519 1253 2790 1256 1982 43 1428 590 771 2388 1440 3091 72 10000 778 65 411 736 168 23 333 1527 2325 33 4613 2028 367 208 2295 22 1880 2016 360 1856 1273 9252 1882 832 1845 869 1687 1456 1829 1603 26
1081 1369 4603 504 2155 1913 1912 8542 614 1457 2594 1397 2154 800 1946 242 2207 1693 10000 299 10000 10000 2281 2140 1872 316 8 735 736 10000 1115 1594 1233 2269 43 34 1516 357 52 64 10000 1362 2053 1901 1322 1580 2527 42 1436 2234 4036 10000 125 10000 1947 520 1270 2805 1272 2018 43 1444 592 781 2428 1457 3096 72 10000 783 65 411 737 170 23 338 1552 2355 33 4698 2049 373 208 2299 22 1882 2053 362 1897 1294 9277 1908 837 1853 881 1707 1482 1829 1609 26
1094 1394 4705 513 2158 1932 1929 8680 620 1465 2611 1409 2183 813 1987 244 2208 1724 10000 303 10000 10000 2301 2181 1889 319 8 743 744 10000 1121 1597 1259 2309 43 34 1519 361 52 64 10000 1386 2072 1932 1344 1585 2567 42 1456 2234 4054 10000 126 10000 1961 522 1292 2866 1276 2055 43 1462 597 784 2475 1478 3096 72 10000 787 65 416 747 170 23 341 1580 2408 33 4758 2087 375 210 2332 22 1924 2098 364 1903 1296 9360 1926 841 1883 892 1710 1506 1870 1620 26
1108 1423 4740 514 2193 1933 1956 8769 633 1481 2640 1439 2218 814 2016 245 2230 1727 10000 307 10000 10000 2314 2216 1912 320 8 749 745 10000 1141 1608 1277 2360 43 34 1523 368 52 64 10000 1389 2094 1941 1354 1605 2567 42 1470 2261 4070 10000 126 10000 1989 530 1310 2920 1290 2093 43 1479 609 784 2488 1500 3109 72 10000 793 65 419 753 170 23 346 1586 2418 33 4828 2103 375 213 2364 22 1954 2116 364 1908 1304 9451 1934 854 1904 895 1711 1507 1877 1650 26
1115 1425 4829 515 2198 1935 1961 8786 636 1504 2697 1443 2265 820 2030 246 2280 1744 10000 312 10000 10000 2331 2235 1934 324 8 764 755 10000 1156 1641 1299 2399 43 34 1542 370 52 64 10000 1413 2135 1944 1368 1620 2591 42 1501 2302 4071 10000 126 10000 2031 540 1324 2976 1312 2099 43 1495 622 791 2526 1517 3179 72 10000 806 65 425 753 171 23 350 1606 2426 33 4849 2150 379 215 2410 22 1971 2121 368 1910 1067 9503 1934 864 1924 895 1716 1534 1917 1673 26
1135 1434 4862 517 2234 1949 1995 8874 639 1525 2735 1444 2270 836 2068 250 2305 1769 10000 313 10000 10000 2360 2281 1944 329 8 769 767 10000 1174 1670 1320 2426 43 34 1546 370 52 64 10000 1438 2180 1962 1380 1623 2638 42 1517 2340 4153 10000 127 10000 2054 550 1346 3000 1323 2126 43 1502 626 802 2577 1533 3187 72 10000 807 65 425 758 171 23 355 1640 2461 33 4915 2194 381 217 2445 22 1996 2143 369 1941 1078 9632 1975 872 1932 899 1751 1547 1939 1681 26
1136 1441 4885 520 2253 1963 2011 9055 641 1545 2772 1466 2287 842 2085 251 2330 1808 10000 315 10000 10000 2404 2299 1955 330 8 772 777 10000 1197 1697 1348 2459 43 34 1570 371 52 64 10000 1444 2214 1992 1410 1639 2660 42 1545 2366 4224 10000 128 10000 2060 558 1346 3063 1352 2170 43 1531 637 817 2634 1538 3208 72 10000 819 65 426 761 173 23 360 1647 2466 33 4941 2196 388 217 1854 22 2036 2175 371 1969 1089 9725 2004 884 1962 910 1769 1581 1981 1709 26
1157 1469 4914 530 2278 1971 2043 9167 647 1551 2826 1485 2293 853 2108 251 2375 1827 10000 317 10000 10000 2425 2345 1956 336 8 778 777 10000 1211 1699 1376 2487 43 34 1583 378 52 64 10000 1475 2243 2002 1417 1673 2698 42 1562 2409 4284 10000 128 10000 2088 562 1372 3100 1368 2206 43 1543 647 831 2651 1572 3235 72 10000 836 65 430 770 174 23 360 1651 2497 33 5037 2209 388 220 1859 22 2064 2192 373 1970 1106 9926 2007 894 1972 916 1790 1589 2008 1721 26
1159 1489 4988 533 2278 1979 2055 9352 652 1574 2850 1496 2308 856 2116 255 2384 1844 10000 323 10000 10000 2471 2373 1958 339 8 793 787 10000 1233 1721 1389 2507 43 34 1583 385 52 64 10000 1503 2248 2036 1421 1677 2748 42 1569 2427 4311 10000 128 10000 2094 569 1385 3157 1377 2247 43 1559 653 836 2659 1590 3240 72 10000 837 65 430 779 177 23 361 1661 2546 33 5120 2239 388 221 1859 22 2084 2228 375 1971 1123 10000 2049 894 1994 925 1809 1590 2021 1722 26
1172 1510 5009 538 2298 1983 2083 9456 654 1588 2902 1522 2325 862 2128 257 2436 1865 10000 323 10000 10000 2504 2409 1959 345 8 803 800 10000 1257 1725 1416 2512 43 34 1585 391 52 64 10000 1533 2256 2052 1448 1688 2801 42 1582 2438 4365 10000 128 10000 2126 580 1395 3217 1398 2293 43 1589 665 843 2699 1618 3306 72 10000 840 65 430 794 178 23 364 1698 2575 33 5177 2261 394 224 1900 22 2130 2245 382 2015 1135 10000 2051 897 2031 943 1839 1591 2043 1723 26
1186 1528 5119 539 2319 2022 2094 9604 666 1588 2945 1534 2354 872 2129 257 2463 1868 10000 329 10000 10000 2545 2412 1985 347 8 812 816 10000 1273 1730 1439 2566 43 34 1609 392 52 64 10000 1540 2261 2065 1476 1714 2833 42 1585 2483 4444 10000 128 10000 2132 584 1415 3275 1415 2316 43 1621 670 853 2735 1623 3308 72 10000 845 65 430 799 179 23 365 1709 2585 33 5245 2279 394 225 1917 18 2159 2271 383 2057 1143 10000 2062 911 2033 949 1861 1626 2068 1744 26
1191 1555 5199 545 2319 2048 2124 9653 676 1615 3008 1541 2374 883 2159 259 2505 1895 10000 330 10000 10000 2574 2421 2017 349 8 822 821 10000 1281 1756 1449 2588 43 34 1625 399 52 64 10000 1542 2312 2096 1484 1741 2884 42 1599 2504 4521 10000 129 10000 2150 586 1434 3347 1426 2342 43 1621 679 870 2758 1632 3356 72 10000 858 65 430 800 180 23 369 1712 2624 33 5311 2295 400 229 1933 18 2183 2321 388 2085 1167 10000 2090 920 2044 965 1870 1648 2080 1764 26
1206 1574 5241 548 2368 2070 2170 9696 685 1617 3053 1551 2391 900 2160 262 2541 1895 10000 332 10000 10000 2582 2426 2041 350 8 830 829 10000 1301 1769 1460 2615 43 34 1640 403 52 64 10000 1557 2326 2106 1492 1750 2886 42 1612 2512 4618 10000 130 10000 2166 591 1438 3417 1455 2366 43 1626 691 870 2802 1644 3406 72 10000 868 65 431 809 183 23 370 1748 2677 33 5430 2336 402 229 1972 18 2188 2362 392 2121 1169 10000 2093 937 2066 966 1904 1652 2108 1774 26