100 100 800
765 1802 94 1882 421 495 384 4428 327 7 767 446 798 8 592 206 666 633 3421 349 541 679 7779 371 8863 370 466 745 299 685 368 270 416 449 8663 387 529 9082 50 414 774 1049 420 362 8312 432 642 485 697 6281 723 289 361 735 23 8852 818 2164 701 745 141 154 492 6844 11 473 379 321 301 415 6328 206 844 315 453 332 306 465 630 4698 415 282 341 234 229 273 3967 291 348 615 388 29 783 191 746 328 253 371 6490 6949
766 1802 95 1885 423 497 384 4435 333 7 774 451 799 8 594 206 674 644 3495 354 549 687 7934 377 8952 375 469 758 299 698 372 275 417 453 8852 391 530 9277 50 422 788 1055 424 365 8399 437 653 491 706 6344 730 289 365 735 23 8978 820 2183 701 751 143 156 492 6867 11 477 3 327 304 419 6343 206 853 316 462 333 308 470 637 4798 417 284 343 238 230 278 3991 292 353 618 388 29 797 193 762 328 254 377 6523 6957
772 1803 95 1890 430 504 385 4510 338 7 778 451 809 8 601 209 675 647 3524 356 552 699 7977 378 8969 379 478 763 303 699 378 276 422 460 8965 394 536 9288 50 427 805 1063 428 370 8430 314 665 498 715 6463 742 294 366 741 23 9115 829 2215 715 757 143 156 498 6905 11 479 3 330 304 425 6413 207 862 321 470 338 312 471 648 4829 425 287 343 239 234 282 4055 296 359 627 389 29 811 196 764 334 255 384 6634 6999
782 1804 95 1912 438 510 388 4608 342 7 780 453 824 8 603 210 689 649 3601 358 559 706 8083 379 9083 381 484 768 305 710 378 276 426 461 9082 399 539 9462 50 428 808 1064 430 370 8586 317 666 501 728 6573 755 296 372 754 23 9318 846 2219 730 758 145 158 501 7042 11 486 3 331 309 431 6531 210 879 325 478 344 316 472 655 4832 431 288 349 240 238 285 4140 301 361 629 395 29 818 196 775 334 259 385 6754 7146
795 1831 95 1943 444 513 392 4659 344 7 788 457 832 8 606 9 697 662 3680 359 568 712 8200 382 9114 381 488 768 305 710 378 278 426 470 9207 406 548 9480 50 435 820 1075 437 376 8596 321 673 504 741 6624 763 297 372 758 23 9471 856 2264 742 768 147 160 502 7159 11 491 3 334 312 433 6569 212 894 329 484 350 318 476 655 4841 431 291 355 241 238 288 4149 306 361 640 402 29 821 198 785 336 263 391 6798 7163
810 1850 95 1967 449 516 397 4748 346 7 800 459 842 8 611 9 701 667 3748 365 579 713 8293 385 9249 385 498 779 309 718 379 279 434 476 9345 408 559 9553 50 437 827 1086 437 383 8713 327 687 507 753 6637 766 300 379 763 23 2782 865 2284 752 780 147 161 510 7242 11 496 3 336 313 437 6645 215 901 332 494 352 318 476 664 4886 438 293 356 244 241 289 4178 312 367 643 404 29 826 199 786 336 265 393 6827 7174
811 1850 96 2004 456 517 402 4749 351 7 812 460 849 1 611 9 712 675 3794 369 584 725 8471 385 9452 392 502 786 311 719 379 281 435 479 9381 412 560 9711 50 437 835 1104 444 389 8899 327 698 513 761 6659 769 300 386 774 23 2812 865 2286 760 787 147 162 511 7271 11 502 3 341 318 440 6749 215 915 334 498 352 318 484 671 4976 446 295 362 138 241 293 4187 317 370 652 408 29 838 201 795 336 266 401 6977 7230
817 1884 96 2025 456 522 404 4847 355 7 819 469 863 1 615 9 717 682 3807 371 585 725 8475 390 9638 395 505 800 312 731 386 283 435 489 9578 414 560 9805 50 445 849 1114 451 390 8901 332 711 516 772 6731 781 301 386 779 23 2848 412 2286 766 804 147 164 520 7365 11 510 3 346 319 448 6799 217 921 335 499 356 323 493 684 5066 453 296 367 139 241 295 4274 320 373 663 412 29 847 201 797 342 267 404 7005 7242
817 1916 96 2058 464 525 404 4933 360 7 820 471 864 1 627 9 728 689 3812 374 589 737 8540 391 9815 397 511 813 318 744 257 284 443 498 9624 415 564 9824 50 453 849 1118 455 394 8954 336 718 516 777 6755 781 303 393 783 23 2895 415 2331 782 810 147 166 520 7426 11 514 3 349 325 448 6928 218 934 338 507 357 327 499 687 5132 371 296 373 140 244 299 4349 320 380 672 416 29 855 203 798 343 268 405 7019 7336
823 1924 97 2059 465 536 404 5018 366 7 826 478 875 1 639 9 736 695 3829 380 599 752 8716 391 9819 397 516 824 318 746 261 284 450 502 9814 415 565 9848 50 456 864 1140 458 395 8981 337 732 521 781 6873 788 307 397 795 23 2931 423 2335 791 810 147 167 529 7538 11 517 3 177 330 455 6928 218 935 338 516 363 329 507 700 5178 376 300 374 140 248 303 4373 322 382 684 420 29 866 206 811 348 268 411 7178 7429
832 1943 98 2062 467 543 411 5029 366 7 830 480 878 1 644 9 748 698 3914 386 599 760 8756 392 9984 401 520 836 323 748 266 284 455 509 9890 423 572 10000 50 465 876 1146 462 399 9005 341 740 526 783 7007 805 313 397 809 23 2995 426 2366 808 814 148 167 533 7606 11 523 3 178 333 456 6995 218 935 344 520 369 330 514 705 5282 378 304 374 141 251 304 4472 326 387 696 421 29 872 208 819 352 272 412 7321 7578
836 1946 98 2072 474 547 412 5106 366 7 841 490 894 1 648 9 754 711 3974 389 602 762 8821 400 10000 407 523 854 325 756 268 286 459 511 10000 427 583 10000 31 466 895 1147 471 406 9017 345 742 183 791 7054 816 317 400 819 23 3002 428 2412 816 830 148 169 544 7718 11 524 3 178 335 464 7078 220 955 346 526 369 331 516 710 5377 382 308 374 142 252 304 4479 329 390 709 425 29 890 210 823 356 274 418 7421 7614
839 1968 98 2118 476 551 412 5197 371 7 842 497 913 1 656 9 754 712 4003 389 607 774 8931 400 10000 414 531 867 329 772 271 286 465 519 10000 428 591 10000 31 472 903 1153 472 409 9136 346 757 185 793 7191 820 319 403 825 23 3032 435 2454 817 844 148 169 35 7725 11 527 3 181 341 465 7149 222 969 347 534 369 333 522 720 5383 386 309 378 143 252 308 4578 334 396 718 430 29 908 210 832 362 278 421 7501 7668
841 1989 98 2126 484 559 420 5282 375 7 856 497 914 1 666 9 755 724 4030 393 611 782 9091 405 10000 417 533 880 332 779 273 290 472 520 10000 431 601 10000 31 479 907 1177 479 410 9188 346 761 187 793 7292 821 320 403 828 23 3039 437 2471 818 853 149 169 35 7772 11 528 3 184 343 468 7208 225 972 349 398 374 334 524 726 5436 391 314 380 145 256 308 4621 334 401 732 433 29 918 210 834 367 282 429 7596 7772
854 2012 99 2133 484 568 420 5376 379 7 873 505 917 1 679 9 758 737 4077 394 616 794 9100 407 10000 421 538 886 332 794 276 291 476 522 10000 437 606 10000 31 489 913 1190 479 410 9291 348 774 188 793 7381 827 323 405 843 23 3070 441 2507 829 867 150 169 35 7899 11 528 3 186 346 471 7291 228 986 349 401 375 340 526 741 5497 392 315 384 147 256 310 4636 335 407 736 433 29 920 210 850 367 282 430 7650 7814
861 2028 99 2147 494 571 420 5461 381 7 876 507 936 1 693 9 762 749 4129 399 616 799 9143 411 10000 421 544 897 338 798 276 293 483 532 10000 440 612 10000 31 490 917 1216 482 412 9399 354 782 191 807 7504 835 327 408 848 23 3091 447 2560 830 877 151 170 35 8051 11 529 3 186 348 478 7333 230 1006 355 406 378 343 537 754 5516 393 321 391 147 256 312 4649 337 408 745 434 29 939 211 863 370 283 438 7710 7946
865 2059 99 2170 499 579 422 5463 388 7 887 517 937 1 699 9 764 439 4217 402 626 803 9326 413 10000 426 544 901 339 814 276 297 489 539 10000 441 615 10000 31 491 875 1232 491 412 9428 360 790 192 821 7554 842 329 413 865 23 3104 453 2574 838 894 153 172 35 8117 11 530 3 189 350 482 7342 230 1023 358 414 378 345 539 769 5636 396 323 391 148 258 314 4681 340 412 745 442 29 958 214 881 375 288 439 7862 8048
873 2063 100 2198 503 579 427 5581 393 7 897 518 941 1 714 9 771 443 4239 407 630 806 9491 413 10000 426 552 913 339 825 277 300 499 550 10000 441 625 10000 31 492 886 1233 499 420 9533 360 802 195 829 7654 854 333 413 875 23 3138 458 2591 848 898 153 172 35 8223 11 536 3 189 357 492 7403 231 1043 362 416 384 350 546 780 5663 398 329 393 150 259 319 4761 343 418 756 443 29 971 215 892 375 292 441 8041 8188
886 2104 101 2223 503 581 434 5691 395 7 914 525 941 1 715 9 787 448 4280 411 479 823 9659 421 10000 270 558 924 340 839 277 305 506 557 10000 443 632 10000 31 498 896 1254 506 425 9566 360 815 195 846 7759 869 333 416 878 23 3151 459 2591 856 913 155 173 35 8299 11 539 3 189 360 495 7562 233 1045 366 421 391 353 549 781 5665 406 333 396 152 263 322 4808 347 421 763 452 29 978 218 895 378 293 442 8130 8361
888 2151 102 2223 512 589 436 5715 397 7 915 527 958 1 724 9 804 454 4370 416 483 825 9770 424 10000 274 563 924 344 843 278 306 513 565 10000 445 634 10000 31 505 896 1280 513 430 9568 360 827 195 858 7762 875 337 424 896 23 3151 468 2623 873 922 155 174 35 8441 11 550 3 192 366 503 7589 237 1064 372 426 396 357 558 784 5771 409 338 402 131 268 323 4884 352 421 779 458 29 985 221 902 381 297 444 8199 8480
899 2166 102 2245 521 600 436 5807 404 7 928 537 976 1 728 9 820 462 4445 420 483 831 9822 431 10000 279 565 943 350 844 282 312 521 570 10000 450 637 10000 31 507 909 1307 514 437 9684 365 845 196 858 7772 891 339 431 898 23 3183 470 2664 886 942 157 174 35 8579 11 553 3 192 370 509 7644 237 1080 375 434 397 363 562 795 5793 415 341 406 131 272 329 4891 355 429 787 460 29 1001 221 920 387 301 447 8289 8525
904 2181 103 2270 523 611 439 5884 411 7 946 542 980 1 733 9 828 465 4475 421 483 849 9894 433 10000 282 571 951 306 857 285 312 522 570 10000 459 646 10000 31 516 911 1332 524 443 9772 365 859 199 861 7811 905 341 433 910 23 3235 474 2719 900 946 159 176 35 8632 11 560 3 195 376 509 7791 237 1098 377 434 405 366 573 810 5841 419 344 406 132 275 335 4994 361 431 788 464 29 1018 224 930 394 306 448 8357 8684
911 274 104 2294 533 615 442 5944 415 7 949 549 989 1 735 9 834 465 4508 428 485 865 10000 433 10000 283 581 965 306 864 286 317 532 570 10000 465 653 10000 31 520 913 1354 534 447 9888 372 868 200 864 7958 908 342 433 916 23 3244 483 2758 906 966 160 179 35 8644 11 562 3 196 376 514 7934 237 1105 380 437 408 370 578 825 5940 422 345 408 132 277 339 5069 363 437 796 468 29 1019 224 948 400 307 449 8472 8858
928 279 105 2307 544 623 60 5953 421 7 955 559 992 1 740 9 847 473 4584 434 490 880 10000 438 10000 287 593 974 309 879 289 320 538 581 10000 469 665 10000 31 92 931 1356 535 455 10000 373 877 202 881 7979 915 348 441 928 23 3309 484 2769 921 130 160 180 35 8777 11 573 3 196 377 522 8080 241 1107 383 446 415 374 579 830 5970 422 345 416 133 281 344 5123 365 446 812 470 29 1019 228 967 408 307 457 8538 9033
946 282 105 2329 553 630 60 6028 427 7 959 570 1001 1 755 9 861 476 4607 442 500 894 10000 441 10000 288 596 989 311 895 293 321 541 584 10000 141 673 10000 31 93 934 1383 538 464 10000 379 878 203 896 8104 924 348 445 944 23 3331 488 2799 929 130 161 182 35 8814 11 574 3 197 382 533 8156 244 1129 386 453 416 380 585 838 6056 430 349 424 134 282 349 5221 371 446 814 474 29 1023 229 970 415 309 462 8685 9049
965 287 106 2342 559 639 60 6083 435 7 962 575 1019 1 768 9 861 478 4636 445 508 894 10000 448 10000 290 603 1005 313 903 294 325 551 585 10000 143 682 10000 31 94 934 1387 538 472 10000 383 879 203 913 8208 938 354 450 944 23 3365 495 2847 932 130 162 183 35 8983 11 575 3 197 388 536 8184 244 1148 387 455 421 382 592 848 6117 431 350 428 134 287 349 5303 371 449 818 479 29 1039 232 976 415 310 470 8745 9091
966 292 106 2381 564 640 60 6221 444 7 966 584 1039 1 769 9 875 480 4651 448 514 906 10000 3 10000 292 609 1011 315 906 296 331 555 591 10000 143 691 10000 31 95 950 1397 546 480 10000 386 885 203 918 8229 949 357 459 956 23 3432 498 2867 951 130 163 184 35 9182 11 585 3 197 395 544 8353 244 1165 392 458 427 387 593 850 6169 438 355 429 135 290 354 5423 378 453 831 488 29 1058 234 979 416 310 476 8776 9193
977 296 106 2420 569 651 60 6227 451 7 985 584 1048 1 784 9 888 481 4662 449 516 919 10000 3 10000 295 616 1026 320 908 299 332 558 598 10000 143 692 10000 31 95 958 1416 546 490 10000 388 888 203 918 8244 952 358 463 964 23 3439 506 2902 955 131 164 186 35 9242 11 590 3 200 403 555 8516 248 1188 398 467 431 393 597 863 6198 439 361 432 137 294 358 5488 378 455 835 497 29 1062 234 993 418 313 483 8959 9340
988 296 107 2420 579 660 60 6259 457 7 1002 584 1064 1 795 9 896 490 4707 452 519 928 10000 3 10000 296 622 1027 325 915 301 336 562 600 10000 145 705 10000 31 95 975 1426 549 492 10000 395 905 205 926 8266 966 359 469 964 23 3471 515 2920 959 131 166 187 35 9282 11 598 3 202 411 361 8648 252 1208 404 471 439 400 602 880 6256 439 364 436 137 298 177 5560 385 462 845 504 29 1067 235 1009 422 315 488 9047 9507
999 296 107 2423 590 663 60 6358 465 7 1021 596 1066 1 805 9 902 495 4729 460 523 933 10000 3 10000 299 630 1046 325 919 306 339 570 602 10000 146 714 10000 31 96 992 1437 555 496 10000 401 908 207 939 8434 982 361 474 981 23 3509 518 2985 962 132 167 187 35 9419 11 598 3 205 416 362 8755 253 1220 406 476 442 403 607 891 6302 447 367 444 139 301 179 5650 387 471 849 510 29 1080 239 1030 430 315 496 9163 9650
1004 296 107 2463 590 675 60 6468 471 7 1022 601 1074 1 820 9 906 345 4780 461 527 933 10000 3 10000 300 634 1052 329 936 306 341 575 606 10000 147 728 10000 31 96 995 1467 555 504 10000 401 915 209 954 8559 996 362 474 998 23 3570 522 3041 975 134 168 187 35 9442 11 598 3 207 419 365 8791 254 1229 407 484 446 404 619 897 6381 448 373 452 140 306 181 5763 394 477 859 513 29 1080 242 1038 435 317 505 9191 9847
1021 297 108 2474 602 679 60 6539 478 7 1028 613 1078 1 824 9 924 347 4818 466 528 947 10000 3 10000 305 644 1072 330 945 309 342 586 617 10000 147 731 10000 31 97 1015 1484 566 509 10000 404 929 211 963 8606 997 366 483 1009 23 3587 116 3043 978 135 169 189 35 9625 11 603 3 208 426 369 8885 256 1245 415 488 452 411 631 912 6412 454 375 461 141 310 182 5821 395 486 877 521 29 1095 246 1054 436 121 514 9312 9865
1026 297 108 2492 612 686 60 6615 486 7 1046 613 1086 1 832 9 935 352 4880 469 529 952 10000 3 10000 308 648 1084 334 957 314 343 597 617 10000 149 735 10000 31 98 1032 1511 576 511 10000 411 937 213 978 8660 1012 371 487 1015 23 3641 117 3070 988 136 169 191 35 9679 11 606 3 208 427 376 8992 259 1257 417 497 454 412 639 927 6549 460 382 463 142 315 185 5943 403 489 888 528 29 1111 247 1075 444 121 523 9362 9905
1030 297 108 2509 614 689 60 6645 494 7 1058 626 1108 1 849 9 939 359 4960 475 533 963 10000 2 10000 309 655 1097 336 977 317 345 598 617 10000 151 735 10000 31 99 1042 1536 587 521 10000 69 951 216 989 8661 1016 376 492 1019 23 3719 117 3138 999 136 170 194 35 9771 11 607 3 209 431 383 9076 263 1267 424 38 461 414 641 946 6550 462 384 466 143 317 188 6045 406 495 897 530 29 1119 250 1091 452 121 526 9444 9997
1031 298 109 2547 620 200 60 6701 504 7 1061 628 1120 1 861 9 947 359 5036 478 544 978 10000 2 10000 315 662 1105 338 984 322 346 605 622 10000 153 748 10000 31 99 1053 1555 594 526 10000 69 962 218 992 8701 1031 383 498 1033 23 3761 117 3163 1017 136 170 195 35 9969 11 607 3 210 433 383 9089 268 1278 432 1 461 416 652 948 6695 468 390 467 145 319 188 6182 406 501 908 536 29 1138 251 1107 457 121 534 9500 10000
1041 301 109 2595 628 203 60 6786 512 7 1080 639 1144 1 869 9 954 363 5119 482 546 986 10000 2 10000 318 667 1116 339 1004 325 352 607 629 10000 154 753 10000 31 100 1053 1567 595 528 10000 69 969 221 1013 8798 1035 384 500 1047 23 3782 118 3211 1029 138 172 196 35 10000 11 608 3 211 441 387 9178 268 1297 440 1 469 418 653 963 6813 477 397 474 145 319 189 6278 410 510 911 544 29 1143 255 1122 461 121 545 9533 10000
1043 305 110 2633 634 204 60 6922 514 7 1101 645 1169 1 880 9 960 367 5206 490 551 992 10000 2 10000 324 669 1137 339 1017 329 355 613 631 10000 156 758 10000 31 101 1054 1570 595 535 10000 69 975 221 1020 8824 1056 390 505 1054 23 3834 119 3244 1047 139 174 196 35 10000 11 618 3 213 449 394 9279 269 1320 440 1 478 425 665 984 6928 483 398 475 145 321 190 6387 410 519 923 551 29 1144 256 1144 467 121 553 9723 10000
1052 306 111 2692 640 207 60 6940 522 7 1125 657 1180 1 895 9 964 372 5298 500 558 1001 10000 2 10000 330 675 1157 339 1022 331 362 616 637 10000 158 774 10000 31 101 1077 1586 595 545 10000 69 978 221 1033 8961 1058 397 513 1070 23 3895 120 3253 1054 139 174 196 35 10000 11 621 3 214 453 396 9399 271 1340 441 1 479 49 679 984 1205 486 398 476 147 44 193 6415 410 528 935 556 29 1169 256 1149 471 122 555 9815 10000
1075 310 111 2731 643 203 60 6991 527 7 1133 660 1202 1 898 9 965 372 5388 504 559 1022 10000 2 10000 331 689 1173 342 1033 334 363 621 642 10000 160 784 10000 31 55 1080 1605 604 556 10000 69 982 225 1047 9071 1070 398 520 1092 23 3946 99 3253 1074 140 177 198 35 10000 11 631 3 214 462 396 9444 272 1359 441 1 480 49 693 995 1226 492 406 476 149 44 193 6547 410 536 948 564 29 1183 258 1152 471 123 566 9981 10000
1098 316 1 2756 656 206 60 7126 535 7 1156 674 1214 1 904 9 980 375 5452 508 563 1044 10000 2 10000 331 691 1181 344 1034 336 366 623 654 10000 161 793 10000 31 55 1082 1640 605 557 5083 69 997 225 1053 9170 1088 403 520 1092 23 4023 99 3268 1097 141 179 201 35 10000 11 634 3 217 462 397 9598 277 1373 444 1 485 49 695 1015 1248 492 414 482 151 44 193 6586 410 544 964 567 29 1204 260 1157 479 124 557 10000 10000
1120 321 1 2802 665 209 60 7241 539 7 1171 685 1214 1 912 9 982 381 5520 516 566 1066 10000 2 10000 337 702 1182 345 1050 339 371 625 668 10000 163 805 10000 31 55 1084 1672 607 560 5141 69 999 227 1058 9350 1101 411 526 1094 23 4070 100 3302 1102 142 179 201 35 10000 11 634 3 217 463 404 9711 282 1395 445 1 493 49 699 1035 1269 502 416 489 152 44 193 6591 416 551 981 570 29 1210 242 1163 484 124 567 10000 10000
1124 323 1 2856 673 212 60 7247 548 7 1180 688 1228 1 922 9 992 388 5534 526 574 1080 10000 2 10000 343 704 1195 349 1063 340 372 626 677 10000 164 812 10000 31 55 1092 1696 615 563 5143 69 1018 229 1075 9411 1111 416 535 1100 23 4133 101 3310 1106 142 181 202 35 10000 11 639 3 217 466 409 9729 284 1420 452 1 497 49 705 1037 1289 502 417 497 154 44 196 6711 421 561 998 581 29 1231 242 1184 489 124 579 10000 10000
1144 324 1 2907 681 212 60 7314 559 7 1202 702 1231 1 923 9 1004 395 5591 527 575 1087 10000 2 10000 346 714 1220 351 1084 341 379 639 678 10000 166 822 10000 31 55 1116 1721 622 569 5164 69 1031 232 1084 9552 1115 416 541 1124 23 4225 102 3380 1107 142 181 203 35 10000 11 643 3 220 470 412 9733 285 1444 458 1 500 49 718 1048 1314 512 423 501 155 44 196 6735 425 569 1013 585 29 1247 244 1202 492 125 585 10000 10000
1155 324 1 2941 695 214 60 7427 562 7 1214 712 1246 1 927 9 1015 397 5660 531 578 1094 10000 2 10000 351 714 1229 354 1107 343 381 641 681 10000 167 831 10000 31 55 1117 1758 622 570 5167 69 1033 232 105 9570 1115 417 542 1132 23 4259 102 3415 1123 143 182 152 35 10000 11 656 3 220 473 414 9848 288 1444 464 1 507 49 726 1052 1332 516 430 507 157 44 198 6830 430 572 1035 586 29 1261 247 1217 502 125 585 10000 10000
1159 327 1 2952 702 217 60 7486 573 7 1240 725 1268 1 928 9 1029 402 5743 535 424 1099 2918 2 10000 351 728 1230 358 1129 345 382 649 695 10000 167 838 10000 31 55 1125 1775 634 582 5178 69 1041 236 105 9654 1120 420 552 1135 23 4348 102 3483 1145 145 185 153 35 10000 11 657 3 220 475 419 10000 289 1444 468 1 517 49 738 1059 1342 523 434 515 158 44 199 6957 431 583 1050 597 29 1287 251 1219 511 125 586 10000 10000
1177 333 1 3005 703 220 60 7629 575 7 1246 731 1283 1 939 9 1039 407 5753 545 426 1103 2943 2 10000 352 730 1243 361 1134 350 389 656 704 10000 169 838 10000 31 55 1136 1785 640 589 5205 69 1042 239 105 9709 1129 425 552 1144 23 4349 103 3540 1147 147 185 153 35 10000 11 662 3 224 482 424 10000 294 1452 469 1 521 49 740 1063 1369 526 437 519 160 44 201 6986 435 584 1053 607 29 1309 253 1223 512 126 592 10000 10000
1182 336 1 3056 706 221 60 7631 586 7 1272 740 1310 1 957 9 1055 413 5761 551 428 1105 2948 2 10000 357 745 1265 367 1134 357 392 666 714 10000 170 842 10000 31 55 1141 1790 645 592 5279 69 1063 241 106 9897 1143 425 557 1153 23 4349 104 3561 1148 149 188 155 35 10000 11 666 3 224 486 427 10000 295 1452 478 1 523 49 756 1066 1385 536 445 520 162 44 204 7000 440 585 1075 607 29 1315 256 1234 516 126 592 10000 10000
1182 342 1 3104 719 224 60 7644 591 7 1300 741 1321 1 959 9 1066 416 5767 506 433 1114 2994 2 10000 359 754 1272 372 1142 357 399 674 716 10000 171 850 10000 31 55 1141 1812 645 602 5282 69 1077 243 107 10000 676 432 560 1158 23 4394 105 3620 1148 151 189 156 35 10000 11 678 3 224 495 431 10000 298 1453 480 1 533 49 769 1070 1386 539 453 522 163 44 204 7116 446 592 1086 619 29 1326 260 1256 522 126 593 10000 10000
1207 346 1 3129 731 226 60 7667 594 7 1309 756 1341 1 976 9 1080 423 5889 514 436 1137 3044 2 10000 360 765 153 375 1144 362 404 686 719 10000 171 855 10000 31 55 1159 1816 652 606 5325 69 1087 243 108 10000 688 436 568 1170 23 4475 105 3644 1152 153 189 158 35 10000 11 682 3 228 495 432 10000 299 1472 481 1 542 49 776 1085 1392 549 456 531 163 44 207 7141 452 259 1099 629 29 1343 264 558 522 126 595 10000 10000
1213 352 1 3140 732 230 60 4869 605 7 1335 763 1366 1 978 9 1102 426 5986 524 440 1144 3107 2 10000 366 775 155 375 1152 362 411 690 646 10000 172 857 10000 31 55 1176 1853 659 613 5420 69 1093 247 109 10000 701 439 575 1178 23 4502 105 3670 1162 155 189 158 35 10000 11 696 3 231 503 440 10000 303 1490 486 1 551 49 783 1089 1405 549 459 536 165 44 207 7244 456 259 1101 640 29 1368 264 568 531 126 596 10000 10000
1234 352 1 3182 746 232 60 4903 613 7 1348 763 1380 1 986 9 1110 431 6048 527 445 1152 3164 2 10000 370 783 155 377 1156 369 415 702 652 10000 174 863 10000 31 55 1181 1873 666 618 5495 69 1100 249 110 10000 714 440 584 1178 23 4558 106 3753 1183 157 189 159 35 10000 11 698 3 234 504 448 10000 304 1516 489 1 553 49 796 1111 1435 557 462 538 167 44 209 7382 458 262 1113 641 29 343 265 569 539 127 605 10000 10000
1238 356 1 3191 758 236 60 4954 616 7 1374 779 1405 1 999 9 1125 436 6127 527 452 1173 3229 2 10000 377 800 155 384 1169 372 419 717 665 10000 175 880 10000 31 55 1181 1881 672 624 3152 69 1102 250 110 10000 716 447 587 1199 23 4649 107 3822 1188 159 191 159 35 10000 11 708 3 234 514 454 10000 305 1535 499 1 562 49 805 1132 1456 560 466 547 169 44 210 7462 459 104 1128 649 29 344 269 578 545 128 615 10000 10000
1255 361 1 3204 759 240 60 5025 624 7 1386 784 1409 1 1011 9 1148 436 6248 536 460 1179 3262 2 10000 377 802 157 388 1189 376 420 723 667 10000 176 895 10000 31 55 1191 1886 682 634 3164 69 1102 251 110 10000 731 449 596 1202 23 4741 108 3856 1195 161 191 161 35 10000 11 719 3 238 523 460 10000 307 1557 500 1 565 49 806 1152 1456 560 471 556 170 44 212 7528 462 105 1152 655 29 344 274 585 548 129 622 10000 10000
1269 362 1 3237 763 243 60 5118 629 7 1413 789 1420 1 1019 9 1164 438 6302 546 460 1183 3273 2 10000 382 814 158 390 1215 379 423 738 674 10000 177 618 10000 31 55 1215 1910 692 637 3190 69 1107 254 111 10000 742 458 598 1212 23 4801 108 3932 1202 161 191 161 35 10000 11 719 3 238 525 465 10000 311 1578 510 1 572 49 816 1156 1459 568 474 556 170 44 214 7612 465 105 1177 664 29 345 277 586 555 130 631 10000 10000
1292 363 1 3240 769 245 60 5129 642 7 1434 796 1423 1 1028 9 1181 445 6425 555 468 1184 3292 2 10000 388 823 160 394 1221 385 426 746 686 10000 177 626 10000 31 55 1221 1947 703 639 3227 69 1124 257 112 10000 753 467 604 1216 23 4858 109 3973 1214 163 192 161 35 10000 11 730 3 238 536 470 10000 313 1579 513 1 580 49 816 1176 1475 576 474 564 170 44 131 7629 468 105 554 670 29 347 280 592 555 131 638 10000 10000
1293 365 1 3287 785 249 60 5183 648 7 1436 811 1449 1 1042 9 1192 453 6455 558 477 1186 3356 2 10000 389 836 161 400 1238 385 428 762 689 10000 180 627 10000 31 55 1231 1951 707 650 3277 69 1126 261 112 10000 763 471 611 1221 23 4880 110 4049 1228 163 192 163 35 10000 11 730 3 238 540 479 10000 315 1607 523 1 584 49 826 1199 1490 578 480 575 171 44 132 7631 470 105 555 683 29 348 282 595 560 133 649 10000 10000
1312 370 1 3328 800 250 60 5230 658 7 1437 823 1453 1 1044 9 1210 457 6472 564 486 1193 3429 2 10000 396 836 163 408 1249 392 434 769 691 10000 182 637 10000 31 55 1236 1986 718 652 3290 69 1148 264 113 10000 779 473 615 1247 23 4958 110 4129 1233 163 195 163 35 10000 11 740 3 241 549 487 10000 317 1627 524 1 584 49 838 1221 1491 590 488 576 171 44 133 7710 475 106 561 696 29 354 19 601 565 135 657 10000 10000
1328 370 1 3390 805 254 60 5274 663 7 1449 823 1085 1 1061 9 1040 459 6494 101 488 1207 3445 2 10000 400 844 165 408 1261 397 437 769 705 10000 185 637 10000 31 55 1261 2014 732 654 3324 69 1166 265 114 10000 779 477 619 1272 23 5062 111 4129 1251 163 196 164 35 10000 11 748 3 241 554 487 10000 320 1659 527 1 592 49 841 1227 1071 590 489 587 173 44 135 7843 484 107 565 706 29 355 19 610 574 137 663 10000 10000
1353 372 1 3392 806 254 60 5310 667 7 1460 829 1089 1 1061 9 1048 467 6614 102 489 1214 3512 2 10000 403 862 166 412 1289 400 442 773 719 10000 188 639 10000 31 55 1274 2057 732 663 3353 69 1174 267 115 10000 781 484 447 1294 23 5150 111 4155 1268 164 197 165 35 10000 11 749 3 245 560 495 10000 321 1673 535 1 595 49 842 1231 1086 599 494 597 175 44 135 7852 488 107 567 719 29 359 19 623 580 137 671 10000 10000
1375 374 1 3399 813 257 60 5318 669 7 1482 835 1113 1 1078 9 1051 467 6757 102 492 1236 3540 2 10000 411 878 167 419 1296 408 451 774 719 10000 191 639 10000 31 55 1288 2098 738 670 3407 69 1199 267 116 10000 796 493 456 1307 23 5226 111 4178 1283 166 199 166 35 10000 11 753 3 249 570 501 10000 323 1680 540 1 598 49 843 1250 1105 605 498 607 177 44 136 7867 494 107 573 720 29 364 19 633 589 137 683 10000 10000
1378 375 1 3414 817 260 60 5325 676 7 1515 844 1128 1 1090 9 1069 472 6789 103 498 1245 3591 2 10000 411 891 168 424 1308 413 456 783 721 10000 191 647 10000 31 55 1300 2111 748 670 3422 69 1207 268 116 10000 809 494 464 1323 23 5318 111 4220 1296 167 101 167 35 10000 11 760 3 251 570 511 10000 328 1688 542 1 606 49 857 1251 1128 614 504 613 178 44 137 8001 496 107 583 721 29 366 19 644 601 137 689 10000 10000
1399 378 1 3479 826 260 60 5402 681 7 1523 853 1150 1 1096 9 1084 473 6899 103 507 1251 3638 2 10000 418 907 169 424 1334 414 465 790 722 10000 194 660 10000 31 55 1307 2141 748 680 3466 69 1211 269 116 10000 813 494 464 1327 23 5430 112 4226 1297 168 102 167 35 10000 11 765 3 254 576 517 10000 328 1725 548 1 613 49 866 1262 1129 627 506 620 180 44 137 8074 505 107 585 733 29 368 19 652 609 138 695 10000 10000
1422 380 1 3501 829 261 60 5426 692 7 1550 858 1166 1 1115 9 1085 473 6966 103 515 1273 3695 2 10000 418 916 170 429 1344 422 469 803 735 10000 197 669 10000 31 55 1329 2165 763 683 3537 69 1213 273 117 10000 830 498 464 1329 23 5542 113 4254 1325 170 103 167 35 10000 11 773 3 258 586 517 10000 334 1747 556 1 622 49 877 1275 1150 629 506 627 181 44 138 8084 509 107 594 735 29 369 19 662 615 139 697 10000 10000
1424 383 1 3503 840 265 60 5540 697 7 1550 873 1170 1 1130 9 1091 476 7096 103 525 1284 3765 2 10000 422 918 171 430 1372 424 470 820 748 10000 198 680 10000 31 55 1333 2172 778 688 3560 69 1229 274 118 10000 846 499 469 1331 23 5598 114 4273 1335 171 104 169 35 10000 11 775 3 258 589 523 10000 338 1768 559 1 630 49 882 1277 1155 630 508 632 182 44 140 8097 513 107 596 746 29 376 19 663 622 139 709 10000 7812
1443 383 1 3567 857 268 60 5556 704 7 1551 891 1178 1 1132 9 1112 484 7155 104 526 1297 3830 2 10000 424 924 172 437 1377 425 477 826 759 10000 201 691 10000 31 55 1333 2185 778 688 3593 69 1254 279 118 10000 856 503 477 1356 23 5655 115 4344 1357 171 104 169 35 10000 11 778 3 259 599 523 10000 343 1768 566 1 635 49 899 1304 1177 630 515 632 183 44 142 8239 515 108 599 759 29 377 19 676 629 141 723 10000 7818
1474 387 1 3637 864 269 60 5639 707 7 1577 901 1179 1 1135 9 1133 484 7290 104 530 1309 3835 2 10000 427 927 174 444 1401 432 477 830 766 10000 203 700 10000 31 55 1338 2216 778 699 3657 69 1259 280 118 10000 863 506 480 1368 23 5772 115 4354 1384 172 104 169 35 10000 11 781 3 261 607 523 10000 345 1806 578 1 643 49 899 1311 1177 631 524 643 184 44 144 8365 517 109 611 770 29 384 19 677 629 142 735 10000 7986
1476 389 1 3665 869 269 60 5758 714 7 1600 907 1200 1 1154 9 1158 488 7298 105 541 1328 3905 2 10000 432 934 174 445 1426 434 477 831 766 10000 205 707 10000 31 55 1347 2217 782 714 3690 69 1270 283 118 10000 867 508 482 1371 23 5779 115 4444 1406 172 104 169 35 10000 11 791 3 262 612 533 10000 347 1839 585 1 649 49 905 1335 1193 634 525 651 187 44 146 8504 526 110 622 770 29 389 19 689 632 143 741 10000 8106
1502 395 1 3742 869 272 60 5792 729 7 1612 916 1221 1 1157 9 1182 498 7303 105 550 1340 3914 2 10000 440 952 175 302 1438 438 481 832 768 10000 207 710 10000 31 55 1357 2221 798 714 3760 69 1289 287 119 10000 875 511 489 1387 23 5882 115 4446 1435 172 105 170 35 6883 11 791 3 266 613 535 10000 352 1874 586 1 660 49 920 1349 1205 639 527 657 189 44 146 8504 534 110 633 786 29 391 19 698 641 143 743 10000 8244
1527 400 1 3747 884 273 60 5847 740 7 1643 926 1222 1 1180 9 1188 506 7318 106 550 1364 3949 2 10000 443 963 175 307 1443 441 482 841 774 10000 209 718 10000 31 55 1373 2268 803 717 3828 69 1313 291 119 10000 890 517 490 1416 23 5887 116 4461 1444 174 105 170 35 6949 11 795 3 268 614 541 10000 357 1906 587 1 667 49 926 1372 1208 640 537 665 192 44 148 8548 544 110 643 792 29 395 19 701 647 143 750 10000 8288
1536 401 1 3810 896 274 60 5978 749 7 1669 932 1227 1 1180 9 1192 509 7406 107 556 1373 4006 2 10000 452 983 177 309 1475 445 487 842 781 10000 212 723 10000 26 55 1382 2312 806 726 3834 69 1316 293 120 10000 891 518 492 1445 23 5939 117 4527 1460 174 106 172 35 7028 11 802 3 272 624 552 10000 357 1940 593 1 670 49 931 1384 1209 640 545 675 195 44 148 8577 551 111 651 798 29 398 19 705 653 144 758 10000 8384
1556 173 1 3823 912 275 60 5986 760 7 1694 951 1229 1 1196 9 1193 515 7453 107 556 1377 4010 2 10000 456 990 178 315 1495 446 494 844 786 10000 214 738 10000 26 55 1410 2346 809 731 3876 69 1340 298 121 10000 903 525 497 1453 23 6003 118 4560 1465 176 106 174 35 7051 11 815 3 277 633 558 10000 359 1963 594 1 675 49 939 1400 1216 651 552 687 196 44 149 8722 554 112 663 803 29 406 19 719 667 146 772 10000 8561
1579 173 1 3869 925 279 60 6118 765 7 1703 956 1242 1 1200 9 1208 524 7548 108 566 1398 4074 2 10000 461 999 178 318 1495 455 494 851 791 10000 216 751 10000 26 55 1425 2372 814 744 3916 69 1346 298 121 10000 912 533 500 1473 23 6063 119 4653 1474 178 106 175 35 7156 11 832 3 282 642 566 10000 364 1971 594 1 684 49 946 1426 1242 656 559 700 198 44 151 8785 559 112 674 810 29 411 19 729 679 147 784 10000 8659
1592 174 1 3931 931 284 60 6163 779 7 1710 970 1248 1 1201 9 1230 531 7711 109 572 1402 4088 2 10000 461 953 180 318 1521 459 499 853 792 10000 217 762 10000 26 55 1431 2403 819 746 3983 69 1369 301 84 10000 931 535 506 1474 23 6112 119 4655 1478 180 106 177 35 7272 11 832 3 282 648 569 10000 365 2001 603 1 693 49 946 1455 1243 659 569 712 32 19 153 8925 567 113 675 815 29 415 19 735 688 148 789 10000 8762
1594 176 1 3984 935 286 60 6271 784 7 1730 972 1273 1 1223 9 1243 532 7766 110 584 1403 4146 2 10000 465 973 183 318 1530 465 502 870 796 10000 219 773 10000 26 55 1439 2424 828 749 4039 69 1399 303 84 10000 757 542 506 1502 23 6163 120 4705 1479 182 107 178 35 7384 11 833 3 285 650 571 10000 51 2014 609 1 695 49 960 1483 1246 670 569 722 32 19 155 9005 570 113 687 830 29 418 19 741 700 148 804 10000 8908
1600 178 1 4013 945 291 60 6357 792 7 1757 972 1285 1 1249 9 1243 533 7863 111 584 1421 4233 2 10000 472 974 184 319 1551 468 509 882 801 10000 223 782 10000 26 55 1441 2428 832 757 4040 69 1428 308 84 10000 772 549 511 1531 23 6234 121 4705 1501 183 108 179 35 7547 11 85 3 290 658 571 10000 51 2045 612 1 707 49 964 1494 1261 683 572 734 32 19 156 9097 582 113 688 848 29 424 19 747 706 148 810 10000 8968
1614 181 1 4096 954 293 60 6424 793 7 1770 980 1290 1 1273 9 1258 539 7872 112 594 1423 4295 2 10000 478 995 185 322 1553 477 519 887 814 10000 224 796 10000 26 55 1459 2446 833 772 4066 69 1452 308 84 10000 773 549 518 1557 23 6351 121 4787 1516 184 108 180 35 7692 11 85 3 294 668 577 10000 51 2051 616 1 711 49 981 1509 1278 683 533 749 32 19 156 9135 583 113 695 855 29 424 19 761 709 150 810 10000 9093
1617 181 1 4096 957 296 60 6504 805 7 1787 997 1307 1 1296 9 1280 550 7894 113 595 1435 4361 2 10000 483 1016 185 322 1584 479 524 889 818 10000 227 810 10000 26 55 1491 2452 840 775 4134 69 1472 308 84 10000 778 551 518 1580 23 6378 121 4853 1518 186 109 182 35 7832 11 85 3 295 678 585 10000 51 2081 622 1 720 49 983 1511 1285 685 535 760 32 19 156 9259 591 114 697 867 29 432 19 767 712 151 815 10000 9241
1650 183 1 4107 965 296 60 6603 811 7 1790 1018 1315 1 1321 9 1304 553 7981 113 600 1440 4381 2 10000 491 1026 187 326 1599 488 532 908 829 10000 229 819 10000 26 55 1523 2452 848 783 4181 69 1476 313 84 10000 781 555 528 1606 23 6453 121 4924 1545 189 109 185 35 7953 11 85 3 295 682 590 10000 51 2087 623 1 731 49 1003 1532 1300 699 545 769 32 19 156 9456 603 115 709 885 29 440 19 772 719 151 828 10000 9327
1673 183 1 4193 967 301 60 6721 816 7 1824 1033 1321 1 1321 9 1316 563 8035 114 603 1466 3691 2 10000 491 1042 190 332 1630 497 539 916 838 10000 230 828 10000 26 55 1539 2501 863 789 4221 69 1482 317 84 10000 788 555 537 1610 23 6586 121 4959 1554 192 109 185 35 7986 11 85 3 300 684 598 10000 51 2106 625 1 743 49 1017 1548 1309 705 545 773 32 19 157 9619 609 116 720 904 29 449 19 784 727 152 828 10000 9455
1708 177 1 4270 985 306 60 6831 817 7 1862 1043 1342 1 1323 9 1326 569 8195 114 607 1488 3728 2 10000 494 1046 190 334 1657 507 546 919 848 10000 232 841 10000 26 55 1546 2549 871 806 4235 69 1498 320 84 10000 788 566 540 1625 23 6708 122 5064 1575 194 109 186 35 8159 11 85 3 300 689 606 10000 51 2129 636 1 751 49 1023 1562 1316 720 550 780 32 19 157 9658 622 116 722 923 29 458 19 786 727 154 837 10000 9502
1722 177 1 780 986 308 60 6836 829 7 1863 1055 1371 1 1338 9 1336 580 8293 114 610 1489 3750 2 10000 503 1068 192 339 1668 511 546 919 863 10000 234 843 10000 26 55 1579 2568 886 813 4314 69 1523 326 84 10000 789 575 548 1647 23 6759 122 5124 1589 196 110 188 35 8182 11 85 3 305 694 612 10000 51 2171 644 1 767 49 1023 626 1319 734 551 786 32 19 158 9727 625 116 722 938 29 461 19 802 742 156 840 10000 9609
1731 177 1 790 1000 309 60 6847 831 7 1867 1074 1375 1 1339 9 1343 587 8359 115 612 1514 3831 2 10000 511 1090 192 344 1693 520 554 923 869 10000 234 855 10000 26 55 1585 2601 892 824 4393 69 1531 327 84 10000 804 584 559 1665 23 6874 122 5186 1600 198 110 190 35 8229 11 85 3 305 698 622 10000 51 2219 651 1 772 49 1041 639 1345 749 560 795 32 19 160 9822 626 116 733 942 29 467 19 813 751 156 854 10000 9781
1747 177 1 793 1003 312 60 6975 844 5 1885 1077 1388 1 1341 9 1344 592 8532 116 621 1516 3907 2 10000 516 1106 192 349 1696 526 557 935 878 10000 234 862 10000 26 55 1597 2608 895 837 4428 69 1561 330 84 10000 807 589 560 1702 23 6877 122 5192 1622 200 111 190 35 8291 11 85 3 305 699 623 10000 51 2249 658 1 783 49 1041 649 1345 759 560 810 32 19 161 9954 633 116 745 945 29 467 19 828 759 156 860 10000 9781
1757 178 1 807 1010 318 60 7045 860 5 1899 1080 1388 1 1360 9 1371 594 8607 116 628 1549 3984 2 4754 520 1114 194 355 1715 530 562 955 895 10000 237 864 10000 26 55 1598 2655 898 843 4512 69 1585 334 84 10000 809 601 565 1711 23 6920 122 5244 1629 201 111 193 35 8403 11 85 3 309 703 626 10000 51 2298 661 1 795 49 1061 661 208 761 566 810 32 19 163 10000 636 117 757 960 29 472 19 846 761 158 871 10000 9869
1788 181 1 823 1026 320 60 7050 869 5 1934 1088 1392 1 1390 9 1393 258 8802 117 633 1583 4040 2 4830 528 1129 195 362 1722 532 573 973 897 10000 240 866 10000 26 55 1603 2690 906 859 4575 69 1599 337 84 10000 820 601 573 1721 23 7055 123 5338 1635 203 111 193 35 8527 11 85 3 313 712 634 10000 51 2309 673 1 812 49 1083 663 208 771 574 818 32 19 131 10000 639 117 761 961 29 478 19 864 770 158 871 10000 10000
1827 181 1 829 1036 320 60 7092 870 5 1939 1090 1419 1 1413 9 1410 259 8900 118 640 1601 4116 2 4866 529 1138 195 366 1741 535 578 988 900 10000 244 878 10000 26 55 1612 2748 923 874 4601 69 1628 341 84 10000 831 612 585 1734 23 7114 124 5416 1643 203 112 196 35 8548 11 85 3 318 715 643 10000 51 2311 679 1 813 49 1101 666 211 776 586 832 32 19 133 10000 651 118 774 979 29 478 19 880 786 158 885 10000 10000
1850 181 1 847 1044 320 60 7154 878 5 1972 1097 1433 1 1417 9 1433 260 9056 119 642 1635 4133 2 4941 540 1145 197 367 1770 543 583 989 909 10000 245 897 9139 26 55 1641 2781 925 883 4682 69 1648 343 84 10000 849 612 591 1743 23 7135 125 5431 1675 205 112 198 35 8632 11 85 3 321 718 653 10000 51 2339 684 1 827 49 1114 675 214 785 591 840 32 19 133 10000 664 119 781 979 29 481 19 888 794 160 892 10000 10000
1891 183 1 859 1050 324 60 7186 878 5 2011 1120 1437 1 1443 9 1459 263 9138 120 643 1650 4155 2 4983 551 1168 199 374 1770 550 590 1009 918 10000 248 914 9203 26 55 1651 2833 943 894 4784 69 1659 343 84 10000 865 625 596 1765 23 7260 126 5442 1703 208 112 200 35 8780 11 85 3 325 722 655 10000 51 2374 692 1 827 49 1136 684 217 795 593 844 32 19 135 10000 677 119 783 998 29 487 19 905 802 162 900 10000 10000
1928 185 1 875 1062 328 60 7262 889 5 2033 1142 1467 1 1463 9 1487 264 9170 121 654 1676 4167 2 5006 556 1191 199 376 1781 557 602 1023 927 10000 28 928 9400 26 55 1656 2852 958 900 4814 69 1662 345 84 10000 880 629 599 1768 23 7425 127 5544 1730 211 113 203 35 8932 11 85 3 327 722 662 10000 51 2414 270 1 843 49 1137 695 219 810 594 861 32 19 135 10000 686 120 787 1014 29 494 19 921 805 164 914 10000 10000
1965 186 1 892 1081 331 60 7389 891 5 2064 1142 1499 1 1471 9 1500 267 9188 122 656 1686 4179 2 5008 560 1216 201 377 1805 567 614 1045 930 10000 28 947 9426 26 55 1660 2909 968 903 4919 69 1674 349 84 10000 896 630 599 1787 23 7522 127 5593 1731 211 114 203 35 9065 11 85 3 332 730 671 10000 51 2422 273 1 849 49 1157 707 221 817 597 878 32 19 137 10000 689 121 800 626 29 504 19 932 820 164 920 10000 10000
2003 186 1 898 1082 334 60 7457 902 5 2069 1153 283 1 1484 9 1508 271 9237 122 656 1717 4188 2 5061 567 1234 201 378 1809 572 616 1054 931 10000 28 960 9504 26 55 1689 2930 970 919 5012 69 1711 353 84 10000 902 636 610 1817 23 7562 127 5631 1754 212 114 204 35 9108 11 49 3 334 730 673 10000 51 2461 276 1 855 49 1179 707 225 824 600 883 32 19 139 10000 700 122 813 630 29 508 19 944 831 166 931 10000 10000
2029 186 1 912 1095 335 60 7561 400 5 2099 218 284 1 1498 9 1529 276 9277 123 666 1742 4204 2 5075 572 1235 201 379 1844 572 629 1065 938 10000 28 981 9593 26 55 1712 2972 985 934 5035 69 1746 354 84 10000 916 643 619 1852 23 7664 128 5727 696 215 115 207 35 9202 11 49 3 336 730 683 10000 51 2491 276 1 859 49 1202 719 229 828 602 883 32 19 141 10000 713 123 823 630 29 511 19 959 843 167 935 10000 10000
2055 186 1 918 1118 337 60 7625 404 5 2140 219 284 1 1526 9 1550 281 9380 124 674 1742 4290 2 5190 572 1261 204 386 1846 573 633 1065 939 10000 28 987 9806 26 55 1750 2988 986 945 5101 69 1750 354 84 10000 920 643 628 1864 23 7794 128 5748 703 218 115 207 35 9371 11 4 3 339 735 689 10000 51 2546 280 1 860 49 1218 726 229 846 607 891 32 19 141 10000 723 123 827 634 29 513 19 977 852 169 943 10000 10000
2071 189 1 934 1121 342 60 7687 405 5 2165 219 287 1 1556 9 1566 284 9500 125 678 1763 4354 2 5274 580 1287 206 388 1849 583 639 1084 954 10000 28 1006 9903 26 55 407 3054 411 960 5169 69 1772 217 84 10000 936 644 629 1900 23 7955 129 5847 712 219 116 207 35 9579 11 4 3 340 749 695 10000 51 2584 282 1 872 49 1244 729 229 848 614 903 32 19 143 10000 725 123 837 644 29 523 19 991 867 170 960 10000 10000
2088 191 1 953 1133 347 60 7731 408 5 2171 220 290 1 1584 9 1576 284 9616 126 692 1777 4384 2 5309 589 1294 208 395 1874 584 639 1088 966 10000 28 1024 10000 26 55 410 3110 418 969 5192 69 1785 219 84 10000 947 651 634 1914 23 8027 129 5924 715 220 116 208 35 9739 11 4 3 341 758 700 10000 51 2609 287 1 881 49 1248 735 230 848 623 904 32 19 144 10000 729 123 841 652 29 528 19 997 878 171 963 10000 10000
2124 191 1 963 179 352 60 7743 415 5 2189 222 295 1 1601 9 1602 288 9684 126 694 1780 4457 2 5395 596 1298 209 401 1874 591 649 1102 981 10000 28 1027 10000 26 55 415 3149 419 984 5289 69 1812 223 84 10000 953 663 637 1948 23 8078 130 5948 725 223 116 208 35 9778 11 4 3 347 774 708 10000 51 2667 290 1 887 49 1257 745 230 849 635 907 32 19 144 10000 732 123 851 663 29 532 19 1012 884 171 981 10000 10000
2137 192 1 968 181 358 60 7859 421 5 2194 226 300 1 1618 9 1615 292 9895 127 700 1798 4500 2 5493 603 1324 211 409 1880 600 651 1117 990 8327 28 1027 10000 26 55 421 2102 427 987 5386 69 1819 225 84 10000 966 668 640 1962 23 8169 130 5955 733 226 117 209 35 9829 11 4 3 347 787 721 10000 51 2686 292 1 887 49 1266 757 231 850 637 919 32 19 144 10000 739 124 857 674 29 533 19 1025 893 172 982 10000 10000
2173 194 1 984 183 362 60 7909 427 5 2208 226 300 1 1618 9 1632 294 10000 128 701 1818 4527 1 5582 605 1335 212 410 1912 609 654 1138 1006 8401 28 1037 10000 26 55 427 2111 433 991 5472 69 1847 225 84 10000 358 671 642 1973 23 8256 130 6031 746 230 117 212 35 9892 11 4 3 348 802 735 10000 51 2699 295 1 899 49 1294 763 234 852 646 919 32 19 146 10000 748 124 873 676 29 536 19 1026 910 173 991 10000 10000
2199 194 1 1001 183 364 60 8058 435 5 2227 228 302 1 1643 9 1655 296 10000 128 712 1845 4597 1 5602 606 1363 213 414 1939 612 654 1152 1018 8542 28 1038 10000 26 55 430 2119 433 1008 5567 69 1855 228 84 10000 360 684 654 1986 23 8396 131 6037 760 233 117 214 35 9900 11 4 3 354 806 735 10000 51 2709 298 1 913 49 1302 763 237 854 648 926 32 19 146 10000 758 125 885 678 29 536 19 1027 929 175 1012 10000 10000
2244 195 1 1009 185 364 60 8206 443 5 2241 229 302 1 1664 9 1681 301 10000 128 721 1884 4600 1 5679 615 1381 213 417 1978 620 661 1160 1025 8730 28 1046 10000 26 55 432 2130 440 1012 5676 69 1886 231 84 10000 360 693 656 2011 23 8455 132 6075 775 237 118 214 35 10000 11 4 3 358 808 748 10000 51 2747 303 1 915 49 1313 777 237 860 652 938 32 19 148 10000 767 125 901 683 29 541 19 1027 949 178 1027 10000 10000