80 100 500
6369 397 420 1560 1673 267 246 86 9396 162 139 105 265 74 364 499 239 189 371 103 7198 3491 9004 6742 1428 73 3681 399 274 205 5991 336 437 341 27 4255 54 304 482 77 330 323 209 102 6 378 134 439 76 85 77 250 6016 342 8859 1326 964 377 51 373 373 308 264 6012 307 115 293 138 133 170 437 233 199 127 227 380 486 175 11 411 3716 57 139 47 385 47 98 391 139 159 305 140 267 7551 317 197 157 194 90 75
6442 399 423 1564 1710 271 248 86 9481 164 139 105 270 74 371 501 240 189 371 103 7320 3520 9186 6895 1459 73 3757 405 274 206 6072 340 440 341 27 4310 54 307 483 77 334 327 211 103 6 378 134 441 76 85 77 250 6126 348 8918 1334 980 383 51 379 375 314 268 6138 310 115 293 139 134 170 446 236 201 128 231 384 490 176 11 418 3752 57 139 47 388 47 98 393 139 161 307 141 269 7641 322 198 157 195 90 75
6514 406 427 1592 1745 274 248 86 9556 164 141 105 271 74 377 504 243 190 373 103 7450 3570 9378 7041 1469 73 3792 413 275 207 6075 343 442 345 27 4331 54 307 488 77 339 329 214 103 6 385 136 445 76 85 77 252 6178 349 8951 1349 999 390 51 385 381 319 271 6224 310 115 298 140 136 171 447 240 202 129 232 386 495 176 11 426 3763 57 141 47 390 47 99 398 139 163 313 142 273 7815 327 200 157 197 90 75
6602 409 432 1606 1777 276 252 86 9761 164 143 105 272 74 382 514 245 190 378 103 7457 3583 9584 7106 1476 73 3824 416 276 210 6147 343 449 351 27 4383 54 310 493 77 339 335 216 104 2 390 137 448 76 85 77 254 85 355 9076 1371 1011 393 51 389 382 321 274 6268 312 116 301 140 136 173 447 242 203 130 234 393 495 178 11 427 3833 57 141 47 390 47 100 398 139 163 315 142 251 7985 328 200 159 200 90 75
6623 414 438 1624 1804 278 254 86 9801 164 143 105 274 74 389 522 248 190 378 104 7598 3586 9604 7161 1494 73 3878 424 278 212 6171 349 449 354 27 4399 54 315 502 77 344 335 218 104 2 393 138 453 76 85 77 254 85 357 9138 1395 1019 394 51 390 389 322 278 6296 318 116 305 142 136 174 448 243 204 130 236 400 504 180 11 427 3858 57 142 47 396 47 100 406 141 163 320 144 251 7999 333 201 161 203 90 75
6654 416 446 1637 1816 282 256 86 9912 166 143 106 275 74 394 527 252 193 379 105 7696 3640 9764 7204 1508 73 3894 431 280 213 6210 355 453 359 27 4411 54 319 510 77 346 336 221 104 2 399 139 462 76 85 77 32 85 359 9289 1415 1021 399 51 393 394 324 280 6385 323 116 306 143 137 176 449 247 206 130 239 408 505 180 11 433 3937 57 144 47 400 47 101 413 142 165 322 144 254 8149 339 202 163 204 91 75
6780 417 450 1638 1841 282 258 86 10000 168 144 106 279 51 394 533 256 194 385 106 7722 3670 9891 7279 1515 73 3954 436 281 216 6296 361 459 365 27 4473 54 4 510 77 351 340 224 104 2 401 139 467 76 85 77 32 85 361 9501 1428 1022 406 51 397 396 327 283 6439 328 117 307 144 137 178 452 250 208 131 239 415 512 183 11 440 3974 57 146 47 406 47 101 416 142 167 324 146 257 8241 339 205 164 204 91 75
6810 419 451 1667 1857 282 262 86 10000 168 146 106 281 51 394 539 257 195 389 107 7863 3704 10000 7409 1537 73 4020 437 283 219 6331 367 463 367 27 4486 54 4 518 77 352 346 228 105 2 405 140 472 76 85 77 32 85 362 9591 1450 1024 409 51 401 399 327 287 6458 333 117 311 144 137 179 456 250 209 132 243 423 512 185 11 446 4049 54 147 47 411 47 102 418 142 168 328 148 258 8400 341 206 166 204 91 75
6822 424 453 1701 1872 286 265 86 10000 169 148 107 286 51 401 550 257 197 393 108 7931 3758 10000 7451 1548 73 4093 438 283 219 6373 370 466 367 27 4493 54 4 527 77 356 350 228 106 2 408 140 472 76 85 77 32 85 364 9668 1481 1040 412 51 409 399 329 288 6465 335 118 317 146 137 179 457 252 212 134 247 430 519 188 11 446 4098 54 147 47 413 47 103 425 142 168 331 148 260 8522 343 209 168 207 91 75
6875 428 454 1729 1902 291 266 86 10000 170 148 108 289 51 406 552 258 200 400 109 7932 3773 10000 7477 690 73 4127 439 287 222 6491 377 469 369 27 4563 54 4 534 77 356 354 228 106 2 408 141 472 76 85 77 32 85 369 9840 1510 1043 415 51 417 400 331 289 6546 337 119 319 146 139 182 459 254 215 135 247 436 521 191 11 451 4169 54 149 47 417 47 104 429 142 169 336 148 261 8715 348 210 168 208 91 75
6979 428 462 1748 1906 295 268 86 10000 170 148 108 291 51 413 555 261 203 400 109 7957 3839 10000 7497 700 73 4171 442 287 224 6518 382 478 376 27 898 54 4 539 77 358 359 232 106 2 414 142 475 76 85 77 32 85 373 9972 1525 1049 418 51 425 403 332 290 6694 337 120 324 147 139 182 462 254 218 136 249 441 528 194 11 452 4176 54 150 47 417 47 105 432 142 169 341 149 261 8846 348 210 168 208 92 75
7072 429 466 1753 1923 298 271 86 10000 170 150 108 292 51 416 563 266 205 402 109 7989 3845 10000 7543 705 73 4205 450 292 228 6542 382 479 380 27 912 54 4 549 77 364 361 234 106 2 416 143 483 76 85 77 32 85 379 10000 1536 1068 424 51 428 411 332 293 6846 343 120 326 147 140 183 468 257 222 138 250 445 533 194 11 457 4219 54 152 47 423 47 106 438 143 170 346 149 266 8913 348 212 168 209 93 75
7166 432 471 1767 1964 303 273 86 10000 170 150 109 295 51 416 569 268 207 406 109 8004 3868 10000 7554 716 73 4260 451 297 230 6639 386 486 387 27 923 54 4 551 77 365 361 234 107 2 417 144 488 76 85 77 32 85 386 10000 1559 1089 432 51 433 415 336 294 6999 349 121 329 149 141 184 477 257 226 140 250 447 541 194 11 461 4299 54 152 47 430 47 107 441 143 63 348 150 269 9084 351 215 168 210 94 75
7287 438 479 1785 1987 306 277 86 10000 171 150 109 296 51 422 570 272 210 408 109 8126 3897 10000 7638 722 73 4341 455 301 232 6674 389 488 390 27 924 54 4 561 77 371 365 236 108 2 417 144 492 76 85 77 32 85 392 10000 1591 1096 436 51 441 423 338 295 7092 353 122 334 151 141 1 486 257 229 141 251 453 550 197 11 468 4303 54 153 47 433 47 107 450 145 63 349 151 273 9241 352 215 169 211 95 75
7348 445 273 1797 2004 310 279 86 10000 172 151 110 296 51 424 575 274 210 415 110 8239 3981 10000 7735 727 73 4431 456 305 232 6708 390 490 397 27 942 54 4 562 77 374 370 239 108 2 422 145 497 76 85 77 32 85 393 10000 1614 1102 438 51 446 431 339 296 7235 358 122 334 151 143 1 495 257 229 141 251 454 560 200 11 477 4339 54 154 47 439 47 107 456 145 63 355 152 274 9393 359 215 170 214 96 75
7360 449 278 1817 2015 314 284 86 10000 174 151 111 299 51 424 578 277 210 417 111 8241 4022 10000 7743 736 73 4500 461 307 235 6797 390 490 399 27 943 54 4 566 77 375 375 242 109 2 424 147 497 76 85 77 32 85 395 10000 1640 1116 443 51 449 436 340 298 7337 364 122 340 152 145 1 501 260 230 142 254 454 561 201 11 480 4400 54 156 47 439 47 108 456 145 63 360 153 279 9538 363 217 171 216 96 75
7475 454 279 1857 2026 319 288 86 10000 174 151 112 302 51 425 590 281 211 422 112 8252 4037 10000 7915 744 73 4591 467 309 239 6930 395 494 403 27 951 54 4 569 68 382 379 244 109 2 430 149 499 76 85 77 32 85 400 10000 1647 1121 452 51 455 444 341 301 7401 370 123 345 153 146 1 507 260 233 143 257 459 568 203 11 487 4437 54 156 47 440 47 109 462 145 63 366 155 280 9569 368 217 173 218 96 75
7478 455 281 1862 2028 325 291 86 10000 177 151 113 302 51 430 590 283 211 427 113 8371 4100 10000 7953 752 73 4627 474 309 240 6995 399 496 410 27 960 54 4 573 68 389 384 246 110 2 430 150 508 76 85 77 32 85 406 10000 1663 1145 456 51 456 447 342 304 7545 377 112 350 155 147 1 513 262 234 143 261 461 570 205 11 494 4528 54 156 47 446 47 110 469 147 63 372 155 283 9647 369 220 173 219 97 75
7577 458 282 1881 2073 325 295 86 10000 179 153 114 304 51 435 597 286 214 434 114 8418 4192 10000 8049 755 73 4660 475 309 243 7070 404 503 416 27 978 54 4 575 68 396 391 246 110 2 436 151 512 76 85 77 32 85 413 10000 1671 1158 458 51 465 455 345 306 7548 384 113 351 156 148 1 514 262 238 143 265 466 571 205 11 496 4614 54 158 47 450 47 111 474 148 63 377 156 288 9786 374 222 173 223 97 75
7669 459 286 1920 2077 329 298 86 10000 179 155 114 306 51 441 609 289 215 435 114 8562 4244 10000 8216 758 73 4193 478 310 247 7142 410 506 420 27 989 54 4 586 68 400 396 248 111 2 440 152 516 76 85 77 32 85 414 10000 1691 1182 459 51 474 457 346 307 7586 391 113 355 158 149 1 515 265 240 144 268 466 580 205 11 260 4659 54 160 47 454 47 111 483 149 63 383 158 289 9988 375 226 174 226 98 75
7764 468 291 1950 2122 330 299 86 10000 179 156 114 311 51 441 610 290 217 443 115 8580 4272 10000 8263 772 73 4238 483 313 251 7142 416 514 423 27 1002 54 4 598 68 406 402 252 112 2 446 152 520 76 85 77 32 85 414 10000 1726 1206 461 51 479 458 347 309 7757 398 113 355 159 151 1 515 267 244 145 268 469 590 208 11 55 4715 54 160 47 454 47 112 490 150 63 386 159 291 10000 376 229 174 228 98 75
7790 475 296 1959 2138 331 302 86 10000 181 158 115 313 51 449 620 293 218 447 116 8614 4323 10000 8263 781 73 4295 485 316 252 7262 419 516 426 27 1020 54 4 598 68 410 403 256 113 2 447 152 529 76 85 77 32 85 416 10000 1741 1217 467 51 482 464 351 314 7815 401 114 355 159 152 1 518 268 247 147 270 474 600 211 11 55 4743 54 161 47 460 47 112 493 152 63 392 161 295 10000 381 229 177 229 99 75
7809 484 300 1980 2147 334 302 86 10000 181 160 116 318 51 455 631 294 221 452 117 8643 4388 10000 8397 791 73 4353 491 316 253 7273 420 523 430 27 1023 54 4 603 68 418 407 256 114 2 452 152 536 76 85 77 32 85 420 10000 1771 1219 473 51 489 464 351 314 7872 408 115 87 160 152 1 526 272 248 148 275 475 611 212 11 55 4778 54 163 47 461 47 113 499 153 63 396 163 297 10000 382 231 180 230 99 75
7863 485 301 1990 2190 340 304 86 10000 183 161 117 320 51 460 631 297 225 455 118 8707 4454 10000 8506 792 73 4401 499 317 256 7312 426 524 432 27 1041 54 4 609 68 418 411 256 114 2 456 153 539 76 85 77 32 85 421 10000 1781 1242 475 51 497 464 354 320 7980 415 115 88 162 154 1 533 273 249 150 279 482 623 213 11 55 4839 54 163 47 464 47 113 501 155 63 400 164 300 10000 388 235 182 233 99 75
7905 488 305 2000 2217 341 309 86 10000 186 162 117 324 51 465 638 300 228 464 118 8739 4475 10000 8507 807 73 4493 501 320 260 7382 430 533 434 27 1045 54 4 620 68 426 413 258 115 2 457 154 545 76 85 77 32 85 428 10000 1818 1263 475 51 499 469 359 321 8042 420 115 88 164 155 1 533 276 253 151 281 486 624 215 11 55 4844 54 163 47 465 47 114 509 157 63 406 165 301 10000 388 239 183 233 100 75
7920 494 306 2001 2227 345 310 86 10000 188 164 118 327 51 474 650 303 232 473 118 8873 4531 10000 8615 815 73 4528 503 322 260 7407 432 538 439 27 1052 54 4 623 68 433 420 261 115 2 457 155 552 76 85 77 32 85 434 10000 1839 1284 479 51 503 475 359 323 8117 427 116 89 164 155 1 540 281 257 153 283 494 625 217 11 55 2033 54 163 47 469 47 115 512 159 63 413 165 306 10000 394 243 186 237 101 75
7997 502 309 2001 2276 350 315 86 10000 189 166 118 327 51 481 652 308 232 476 119 8910 4625 10000 8785 821 73 4528 509 328 262 7461 438 546 448 27 1056 54 4 626 68 435 421 264 115 2 459 155 553 76 85 77 32 85 435 10000 1879 1297 486 51 513 476 364 325 8118 430 117 89 164 157 1 547 285 259 155 287 497 637 219 11 55 2076 54 165 47 475 47 116 513 159 63 421 167 309 10000 397 247 187 240 101 75
8082 510 315 2012 2313 352 321 86 10000 190 168 118 331 51 487 655 311 236 481 119 9021 4648 10000 8915 831 73 4550 519 328 265 7477 440 547 457 27 1074 54 4 634 68 442 427 264 116 2 465 157 558 76 85 77 32 85 443 10000 1889 1310 494 51 520 483 367 329 8229 432 118 89 164 159 1 553 289 262 155 208 497 642 222 11 55 2098 54 167 47 479 47 116 516 160 63 427 168 310 10000 401 250 190 240 101 75
8137 513 316 2056 2348 354 326 86 10000 190 169 118 332 51 490 658 317 238 486 119 9067 4725 10000 9084 843 45 4644 519 334 268 7591 444 547 462 27 1090 54 4 642 68 451 428 265 116 2 472 158 564 76 85 77 32 85 451 10000 1928 1310 494 51 527 1 374 332 289 438 118 89 166 159 1 561 292 267 156 211 497 654 226 11 55 2124 54 169 47 489 47 116 519 162 63 429 168 314 10000 402 250 191 242 102 75
8240 516 320 2086 2394 354 329 86 10000 192 171 119 332 51 494 669 323 240 494 120 9143 4832 10000 9087 860 45 4712 523 340 270 7687 449 556 466 27 1097 54 4 645 68 460 436 268 116 2 478 158 568 76 85 77 32 85 457 10000 1969 1325 495 51 531 1 381 333 293 445 119 89 167 161 1 564 297 270 158 213 506 660 227 11 55 2164 54 169 47 494 47 117 520 162 63 433 168 316 10000 406 253 194 245 103 75
8252 524 322 2129 2441 361 335 86 10000 193 172 119 338 51 504 578 326 240 496 120 9259 4842 5335 9089 872 45 4744 529 346 273 7724 451 565 471 27 1100 54 4 655 68 466 441 271 116 2 482 159 575 76 85 77 32 85 458 10000 1971 1337 496 51 541 1 386 335 296 445 120 89 168 162 1 570 300 270 158 214 508 667 231 11 55 2206 54 171 47 495 47 118 527 162 63 436 169 320 10000 409 254 197 247 104 75
8339 527 326 2154 2478 368 335 86 10000 193 174 29 344 51 504 590 332 241 501 120 9311 4942 5434 9199 876 45 4782 539 346 274 7872 455 567 477 27 1112 54 4 661 68 469 443 275 117 2 490 160 582 76 85 77 32 85 466 10000 1981 1358 503 51 548 1 388 340 298 451 120 89 170 164 1 571 302 274 159 217 517 667 233 11 55 2236 54 173 47 504 47 118 528 162 63 444 171 321 10000 409 258 199 250 104 75
8373 531 328 2161 2524 370 335 86 10000 193 177 29 345 51 512 599 335 242 503 120 9464 4997 5547 9232 886 45 4848 542 346 277 8023 460 568 484 27 1121 54 4 672 68 477 446 279 118 2 496 161 585 76 85 77 32 85 470 10000 1989 1364 510 51 554 1 389 344 300 454 120 89 172 164 1 571 305 276 159 218 519 672 233 11 55 2271 54 174 47 506 47 118 539 163 63 451 171 326 10000 412 260 201 254 104 75
8448 538 333 2186 2524 370 339 86 10000 195 180 29 347 51 516 603 340 243 506 120 9467 5079 5609 9402 905 45 4858 546 349 280 8060 468 577 488 27 1125 54 3 679 68 481 451 282 119 2 506 162 597 76 85 77 32 85 471 10000 2002 1377 513 51 563 1 389 345 302 457 121 90 174 166 1 576 309 277 160 220 521 672 234 11 55 2319 54 176 47 507 47 118 547 165 63 456 173 327 10000 414 262 203 255 104 75
8564 546 337 2210 2570 374 344 86 10000 197 181 29 353 51 526 612 345 246 508 121 9603 5161 5666 9492 915 45 4940 555 352 284 8137 477 577 498 27 1145 54 3 685 68 483 457 284 120 2 514 162 600 76 85 77 32 85 472 10000 2033 1399 523 51 564 1 391 345 306 460 121 90 174 167 1 578 310 277 160 222 524 676 234 11 55 2329 54 176 47 509 47 119 552 165 63 463 174 327 10000 414 262 203 257 105 49
8618 343 338 2223 2603 379 348 86 10000 197 182 29 355 51 531 612 351 249 515 121 9632 5258 5680 9568 918 45 4995 558 353 286 8158 486 581 508 27 1162 54 3 690 68 486 462 289 120 2 518 163 603 76 85 77 32 85 475 10000 2062 1430 532 51 564 1 391 348 312 464 122 91 174 167 1 579 316 279 160 225 530 677 234 11 55 2344 54 177 47 515 47 119 555 165 63 466 176 329 10000 422 267 205 258 105 49
8740 343 344 2239 2647 385 349 86 10000 199 182 29 360 51 534 625 357 253 515 122 9817 5375 5749 9673 920 45 5087 566 356 290 8294 496 593 513 27 1173 54 3 701 68 491 464 289 120 2 528 163 603 76 85 77 32 85 478 10000 2094 1457 537 51 574 1 394 353 313 473 123 91 177 168 1 581 319 280 162 228 537 681 235 11 55 2377 54 177 47 516 47 120 562 167 63 471 177 335 10000 428 267 207 262 106 49
8757 347 346 2244 2662 392 349 11 10000 202 183 29 367 51 534 627 357 255 522 122 9971 5462 5850 9682 931 45 5090 570 357 293 8323 501 593 520 27 1190 54 3 701 68 497 465 290 104 2 528 165 612 76 85 77 32 85 478 10000 2105 1470 547 51 580 1 394 356 314 480 124 91 180 170 1 589 325 282 163 230 542 695 238 11 55 2399 54 179 47 524 47 121 568 169 63 475 178 336 10000 436 268 210 265 106 49
8866 350 348 2263 2690 395 354 11 10000 204 184 29 369 51 544 631 364 257 532 122 10000 5526 5856 9754 946 45 5190 571 361 297 8457 503 594 526 27 1194 54 3 711 68 501 467 291 104 2 537 166 622 76 85 77 32 85 487 10000 2142 1473 550 51 585 1 400 358 317 485 124 91 181 171 1 597 325 286 165 230 552 701 239 11 55 2425 54 182 47 525 47 121 578 169 63 476 179 342 10000 436 269 212 268 106 49
8964 350 350 2273 2694 398 361 11 10000 204 184 29 373 51 547 644 368 258 539 123 10000 5617 5900 9797 964 45 5293 577 364 300 8513 505 599 528 27 1219 54 3 722 68 507 472 296 105 2 546 167 622 76 85 77 32 85 495 8775 2150 1473 561 51 587 1 408 360 322 493 125 92 183 173 1 597 327 288 167 233 554 705 240 11 55 2471 54 182 47 529 47 122 584 170 63 484 179 348 10000 438 273 213 273 106 49
8978 351 357 2317 2745 406 365 11 10000 206 186 29 379 51 547 646 372 260 545 123 10000 5654 6003 9856 973 45 5354 585 370 303 8603 507 600 534 27 1234 54 3 736 68 508 478 299 105 2 557 167 632 76 85 77 32 85 499 8879 2182 1488 563 51 598 1 409 360 324 503 125 92 109 173 1 597 332 292 168 233 564 713 243 11 55 2517 54 185 47 530 47 122 590 171 63 489 182 352 10000 446 274 216 276 106 49
9047 353 358 2362 2805 414 367 11 10000 206 189 29 379 51 557 649 375 263 548 123 10000 5763 6025 9896 994 45 5431 593 376 308 8748 515 604 544 27 1255 54 3 741 68 518 480 304 106 2 568 168 639 76 85 77 32 85 501 8910 2213 1508 565 51 604 1 416 364 327 508 125 92 110 174 1 603 336 296 170 236 575 718 244 11 55 2540 54 187 47 530 47 122 591 173 63 498 183 359 10000 449 276 217 279 107 49
9144 354 365 2415 2808 422 373 11 10000 207 192 29 382 51 561 656 382 265 549 123 10000 5782 6121 9921 1012 45 5469 593 379 314 8900 522 615 547 27 1259 54 3 745 68 528 482 305 107 2 310 170 642 76 85 77 32 85 504 8918 2221 1518 567 51 608 1 417 366 331 514 126 93 110 174 1 606 340 301 172 238 587 731 248 11 55 2541 54 187 47 531 47 122 592 174 63 498 185 360 10000 455 277 220 283 107 49
9319 356 372 2458 2847 429 374 11 10000 207 194 29 387 51 571 666 382 269 553 124 10000 5811 6144 9921 1018 45 5518 593 383 316 9076 531 621 553 27 1277 54 3 761 68 533 485 307 108 2 312 172 650 76 85 77 32 85 505 9043 2271 1536 573 51 608 1 420 367 334 520 127 94 110 177 1 615 342 301 174 241 592 738 252 11 55 2597 54 188 47 537 47 123 593 176 63 504 188 361 10000 455 280 223 288 108 49
9427 361 372 2498 2874 434 380 11 10000 207 195 29 388 51 573 676 389 271 558 125 10000 5892 6276 10000 1024 45 5528 599 386 321 9228 533 633 564 27 1288 54 3 773 68 535 486 309 108 1 315 172 661 76 85 77 32 85 505 9232 2292 1538 575 51 610 1 427 374 340 526 128 95 110 180 1 616 348 301 175 243 600 750 255 11 55 2614 54 191 47 546 47 124 593 178 63 509 189 363 10000 456 281 226 290 109 49
9628 364 378 2544 2910 437 385 11 10000 208 198 29 392 51 579 679 393 275 566 125 10000 5969 6396 10000 1041 45 5607 599 393 323 9386 538 645 574 27 1315 54 3 789 68 543 486 311 108 1 315 174 674 76 85 77 32 85 513 9369 2318 1557 585 51 611 1 435 377 340 528 129 96 111 183 1 624 249 304 176 247 602 766 257 11 55 2642 54 191 47 557 47 125 605 178 63 516 191 363 10000 458 284 226 290 109 49
7392 369 380 2548 2955 437 388 11 10000 209 199 29 400 51 579 683 396 276 577 125 10000 6064 6510 10000 1048 45 5657 609 399 324 9419 546 654 579 27 1315 54 3 798 68 549 491 317 108 1 315 175 675 76 85 77 32 85 514 9522 2337 1584 586 51 611 1 442 378 343 532 130 97 111 183 1 632 250 309 176 247 614 779 259 11 55 2660 54 192 47 568 47 126 616 181 63 519 194 370 10000 458 285 228 295 110 49
7426 374 39 2554 2957 442 395 11 10000 209 202 29 403 51 590 694 397 281 580 125 10000 6114 6567 10000 1052 45 5677 620 406 324 9516 554 658 584 27 1322 54 3 811 68 555 495 319 108 1 319 177 675 76 85 77 32 85 516 9676 2355 1611 591 51 622 1 448 379 344 543 131 98 112 183 1 635 250 314 178 250 626 791 262 11 55 2678 54 194 47 573 47 126 621 183 63 521 194 374 10000 462 287 232 298 111 49
7554 377 39 2566 2989 447 401 11 10000 210 203 29 404 51 594 704 402 285 586 125 10000 6133 6610 10000 1060 45 5778 629 409 329 9663 556 667 595 27 1346 54 3 827 68 557 505 319 108 1 321 179 686 76 85 77 32 85 521 9769 2378 1633 591 51 628 1 456 379 346 544 131 98 113 186 1 642 251 318 179 253 635 791 263 11 55 2692 54 197 47 573 47 126 628 185 63 529 197 376 10000 464 287 233 301 112 49
7641 379 39 2575 3044 452 401 11 10000 213 205 29 404 51 597 716 409 290 597 126 10000 6176 6743 10000 1067 45 5810 630 415 334 9774 567 679 599 27 1360 54 3 832 68 568 511 322 109 1 324 182 700 76 85 77 32 85 160 9874 2411 1669 597 51 632 1 464 385 348 547 131 99 114 187 1 643 252 320 181 257 644 799 264 11 55 2703 54 198 47 575 47 127 641 187 63 534 197 382 10000 470 289 237 304 113 49
7796 379 39 2613 3100 454 403 11 10000 213 205 29 410 51 603 724 412 292 599 126 10000 6177 6846 10000 1079 45 5854 638 422 337 9842 578 682 602 27 1369 54 3 834 68 574 519 324 110 1 324 185 703 76 85 77 32 85 162 10000 2419 1673 606 51 644 1 464 391 352 552 132 99 115 188 1 646 252 326 183 258 650 816 268 11 55 2747 54 201 47 587 47 128 641 190 63 545 199 385 10000 478 291 237 304 113 49
7827 380 39 2644 3127 462 410 11 10000 214 207 29 411 51 606 729 420 295 601 119 10000 6247 6906 10000 1091 45 5865 644 427 338 10000 588 690 614 27 1380 54 3 841 68 580 519 328 110 1 330 186 716 76 85 77 32 85 163 10000 2448 1687 616 51 651 1 466 393 359 555 134 100 116 189 1 649 253 328 185 258 654 822 272 11 55 2774 54 202 47 592 47 129 653 190 63 549 201 392 10000 479 292 240 309 113 49
7981 384 39 2666 3186 467 410 11 10000 214 208 29 418 51 618 736 426 296 605 120 10000 6302 7011 10000 1115 45 5951 657 355 340 10000 596 693 93 27 1408 54 3 841 68 585 519 333 111 1 336 188 730 76 85 77 32 85 163 10000 2474 1712 629 51 658 1 467 400 362 559 134 100 117 189 1 660 254 332 188 259 656 835 275 11 55 2795 54 203 47 450 47 129 660 193 63 549 204 395 10000 479 295 244 311 114 49
8122 388 39 2680 3253 470 414 11 10000 214 208 29 421 51 628 745 427 300 607 120 10000 6330 7030 10000 1139 45 5992 664 358 344 10000 324 704 93 27 1428 54 3 851 68 589 525 334 112 1 342 190 745 76 85 77 32 85 164 10000 2512 1740 629 51 659 1 470 407 369 566 135 101 112 192 1 669 255 336 191 262 666 841 276 11 55 2796 54 204 47 456 47 129 662 194 63 560 204 397 10000 485 298 244 317 114 49
8263 389 39 2682 3321 471 415 11 10000 215 208 29 421 51 631 752 431 304 619 121 10000 6445 7110 10000 1156 45 6069 678 361 350 10000 328 719 94 27 1459 54 3 853 68 596 530 336 113 1 343 190 755 76 85 77 32 85 165 10000 2547 1765 631 51 662 1 478 410 369 573 137 102 113 152 1 676 258 340 193 71 671 850 276 11 55 2834 54 206 47 457 47 130 671 196 63 206 206 401 10000 491 299 244 322 114 49
8289 393 39 2706 3339 477 416 11 10000 217 209 29 424 51 641 767 438 304 630 122 10000 6494 7146 10000 1164 45 6076 692 361 352 10000 64 721 95 20 1464 54 3 858 68 608 540 340 113 1 348 192 770 76 85 63 32 85 167 10000 2590 1792 632 51 665 1 483 414 370 578 139 102 113 154 1 680 262 343 196 71 683 853 280 11 55 2847 54 206 47 459 47 130 681 199 63 209 207 409 10000 498 301 244 326 114 49
8406 398 39 2748 3409 478 420 11 10000 218 211 29 425 51 642 775 445 305 637 123 10000 6564 7218 10000 1185 45 6194 695 366 357 10000 64 728 95 20 1471 54 3 859 68 616 550 341 114 1 353 194 770 76 85 63 32 85 168 10000 2600 1811 643 51 668 1 492 419 375 580 141 103 113 155 1 693 265 347 196 71 686 865 281 11 55 2853 54 209 47 464 47 131 693 202 63 209 210 413 10000 503 304 246 332 115 49
8427 399 39 2801 3465 479 424 11 10000 220 212 29 429 51 653 779 450 307 647 124 10000 6675 7276 10000 1211 45 6205 696 373 360 10000 64 729 95 20 1486 54 3 874 68 618 551 345 115 1 355 195 75 76 85 63 32 85 169 10000 2658 1836 655 51 669 1 497 420 382 586 142 104 113 157 1 700 267 352 197 71 689 873 286 11 55 2891 54 212 47 468 47 132 701 205 63 210 211 417 10000 504 306 246 336 115 49
8595 399 39 2855 3465 480 428 11 10000 223 213 29 433 51 666 781 459 310 652 125 10000 6783 7283 10000 1227 45 6330 711 374 367 10000 64 735 95 20 1517 54 3 876 68 628 557 348 115 1 359 195 75 76 85 63 32 85 170 10000 2666 1867 666 51 681 1 504 425 384 594 142 104 114 157 1 704 272 358 198 71 696 888 291 11 55 2955 54 213 47 470 47 134 709 202 63 211 211 421 10000 511 310 247 342 116 49
8670 404 35 2909 3493 489 434 11 10000 225 215 29 440 51 678 785 462 314 660 126 10000 6799 7355 10000 1241 45 6388 714 375 374 10000 64 735 95 20 1538 54 3 879 68 638 566 348 116 1 363 197 75 76 85 63 32 85 170 10000 2680 1875 679 51 684 1 508 425 385 595 142 105 115 157 1 718 276 365 201 71 698 896 295 11 55 2958 54 214 47 471 47 135 722 203 63 212 212 423 10000 521 312 249 348 116 49
8857 412 35 2938 3546 496 440 11 10000 227 215 29 441 51 685 798 465 320 668 126 10000 6938 7447 10000 1254 45 6501 719 376 374 10000 64 748 96 20 1560 54 3 879 68 642 575 354 117 1 368 197 75 76 85 63 32 85 172 10000 2699 1878 689 51 697 1 514 427 386 597 144 106 115 159 1 733 279 371 204 71 707 902 299 11 55 2977 54 216 47 478 6 136 726 206 63 213 214 428 10000 522 316 252 350 117 49
8945 414 35 2976 3588 504 440 11 10000 230 216 29 449 51 694 814 474 323 672 126 10000 7092 7527 10000 1273 45 6617 729 383 381 10000 64 756 97 20 1569 54 3 891 68 653 584 358 117 1 372 199 75 76 85 63 32 85 173 10000 2729 1883 701 51 705 1 522 430 388 604 145 107 116 160 1 739 281 377 207 71 711 909 300 11 55 3019 54 217 47 486 6 136 739 208 63 214 217 432 10000 524 317 255 350 118 49
9134 417 35 2976 3603 512 449 11 10000 231 218 29 456 51 699 816 481 328 686 127 10000 7159 7545 10000 1275 45 6625 738 388 382 10000 64 758 98 20 1579 54 3 907 68 664 584 358 117 1 379 202 75 76 85 63 32 85 174 10000 2765 1925 715 51 716 1 524 434 390 604 147 108 116 160 1 747 283 382 209 71 723 911 303 11 55 3057 54 219 47 494 6 138 752 209 63 215 219 438 10000 529 317 256 356 119 49
9245 425 35 3036 3654 516 449 11 10000 232 221 29 459 51 700 830 490 329 700 128 10000 7244 7558 10000 1303 45 6731 192 390 385 10000 64 766 98 20 428 54 3 910 68 670 586 364 117 1 382 202 75 76 85 63 32 85 177 10000 2820 1952 722 51 724 1 534 436 391 606 147 108 116 162 1 755 284 368 209 71 738 920 307 11 55 3126 54 219 47 494 6 139 753 209 63 216 223 439 10000 535 317 259 363 120 49
9391 431 35 3048 57 517 458 11 10000 234 224 29 460 51 713 842 498 330 702 128 10000 7282 7635 10000 1326 45 6838 192 397 388 10000 64 781 98 20 429 54 3 925 68 671 587 364 117 1 386 203 75 76 85 63 32 85 177 10000 2870 1954 728 51 724 1 537 441 397 174 149 109 116 162 1 766 286 370 209 71 750 937 313 11 55 3146 54 220 47 495 6 141 766 212 63 218 223 445 10000 543 321 261 366 120 49
9522 437 35 3048 57 517 463 11 10000 236 225 29 461 51 726 852 498 335 709 129 10000 7380 7798 10000 1343 45 962 194 398 393 10000 64 793 98 20 429 54 3 945 68 680 597 365 117 1 387 206 75 76 85 63 32 85 178 10000 2884 1968 733 51 732 1 542 449 405 177 149 109 117 164 1 771 286 371 210 71 761 941 317 11 55 3191 54 222 47 496 6 142 782 215 63 218 224 448 10000 554 326 261 370 120 49
9661 446 35 3059 57 523 467 11 10000 238 226 29 470 51 737 852 505 338 709 129 10000 6373 7854 10000 1347 45 966 197 400 400 10000 64 805 98 20 431 54 3 961 68 690 606 366 117 1 393 206 75 76 85 63 32 85 179 10000 2913 1969 736 51 741 1 544 452 411 180 149 110 118 165 1 781 291 378 211 71 762 956 323 11 55 3255 54 224 47 501 6 144 790 218 63 220 225 453 10000 559 327 266 373 121 49
9869 453 35 3119 57 524 473 11 1857 242 227 29 471 51 746 854 514 344 712 129 10000 6442 7890 10000 1369 45 972 199 404 407 10000 64 805 98 20 438 54 3 979 68 690 606 370 117 1 400 209 6 76 85 63 32 14 179 10000 2935 2000 740 51 748 1 550 460 418 182 151 111 119 167 1 784 296 385 212 71 768 973 324 11 55 3277 54 224 47 504 6 145 806 219 63 221 227 458 10000 563 333 269 374 122 49
10000 461 35 3174 57 532 480 11 1893 244 229 29 271 51 748 869 523 344 717 130 10000 6496 8021 10000 1379 45 988 202 410 415 10000 64 808 98 20 442 54 3 991 68 698 608 372 117 1 408 210 6 76 85 63 32 14 180 10000 2988 2029 755 51 756 1 554 466 419 184 151 111 120 168 1 798 298 390 212 71 777 719 326 11 55 3323 54 227 47 505 6 146 813 220 63 221 229 465 10000 565 337 274 380 122 49
10000 466 35 3213 57 539 489 11 1904 248 231 29 275 51 749 880 533 346 722 131 10000 6514 8119 10000 1398 45 996 205 415 418 10000 64 817 99 20 444 54 3 1002 68 699 611 372 118 1 411 211 6 76 85 63 32 12 182 10000 3023 2057 768 51 760 1 557 472 419 185 153 111 120 170 1 811 303 396 215 71 787 731 328 11 55 3361 54 231 47 507 6 146 820 222 63 221 231 471 10000 574 343 277 385 123 49
10000 471 35 3228 57 548 493 11 1911 250 234 29 275 51 752 882 543 351 723 133 10000 6594 8291 10000 1403 45 1000 206 423 421 10000 64 818 99 20 451 54 3 1005 68 714 623 378 119 1 411 212 6 76 85 63 32 12 182 10000 3074 2065 769 51 776 1 559 480 421 187 153 112 120 170 1 815 306 398 218 71 793 745 333 11 55 3430 54 232 47 507 6 148 837 224 63 223 231 473 10000 586 346 280 390 124 49
10000 477 35 3228 57 552 498 10 1932 250 238 29 279 51 767 889 547 358 738 135 10000 6691 8437 10000 1417 45 1009 209 428 426 10000 64 830 100 20 459 54 3 1024 68 728 636 378 120 1 412 214 6 76 85 63 32 12 182 10000 3093 2075 775 51 790 1 563 481 428 189 155 112 120 172 1 824 306 402 219 71 804 752 336 11 55 3435 54 234 47 516 6 149 849 226 63 225 234 474 10000 594 352 284 392 124 49
10000 485 35 3287 57 552 498 10 1946 254 239 29 281 51 770 894 549 359 743 136 10000 6820 8616 10000 1426 45 1017 210 430 430 10000 64 848 100 20 465 54 3 1041 68 732 637 383 120 1 415 214 6 76 85 63 32 12 184 10000 3125 2091 782 51 796 1 568 490 435 189 157 113 121 18 1 841 309 407 221 71 811 759 337 11 55 3460 54 238 47 522 6 151 856 230 63 225 234 476 10000 599 355 287 397 125 49
10000 494 35 3316 57 559 504 10 1971 255 241 29 282 51 780 903 560 366 757 137 10000 6833 8716 10000 1426 45 1026 212 434 435 10000 64 857 101 20 468 54 3 1063 68 743 641 386 120 1 421 217 6 76 85 63 32 12 186 10000 3179 2135 794 51 805 1 570 491 437 191 157 76 121 12 1 841 315 410 222 71 820 769 340 11 55 3480 54 240 47 527 6 153 869 234 63 225 236 484 10000 610 361 290 397 125 49
10000 501 35 3321 57 560 510 1 2008 255 242 29 284 51 785 915 564 367 764 139 10000 6849 8907 10000 1444 45 1028 213 439 436 10000 64 868 101 20 475 54 3 1070 68 746 645 387 121 1 423 217 6 76 85 63 32 12 188 10000 3208 2135 803 51 814 1 579 497 439 192 157 76 122 12 1 848 317 412 224 71 822 784 344 11 55 3508 54 240 47 538 6 155 876 236 63 228 238 494 10000 612 367 295 397 126 49
10000 509 35 3350 57 562 512 1 2015 256 242 29 289 51 792 926 567 368 778 141 10000 6943 8996 10000 1450 45 1046 215 448 437 10000 64 886 101 20 478 54 3 1090 68 761 653 390 122 1 425 219 6 76 85 63 32 12 190 10000 3248 2169 807 51 821 1 581 503 448 192 157 76 122 12 1 857 318 414 224 71 827 801 348 11 55 3549 54 242 47 548 6 157 876 240 63 228 241 501 10000 622 372 300 402 126 49
10000 512 35 3397 57 573 518 1 2055 258 245 29 290 51 804 930 577 374 783 143 10000 7053 9050 10000 1476 45 1046 217 454 446 10000 64 905 91 20 482 54 3 1105 68 775 662 391 123 1 433 219 6 76 85 63 32 12 190 10000 3321 2184 808 51 835 1 585 513 455 194 159 76 123 12 1 867 323 419 228 71 843 807 353 11 55 3607 54 244 47 558 6 159 891 243 63 231 241 506 10000 628 379 304 409 127 49
10000 518 35 3458 57 583 524 1 2060 258 245 29 294 51 811 941 587 378 790 144 10000 7196 9152 10000 1495 45 1050 220 463 451 10000 64 924 92 20 484 54 3 1121 68 777 667 392 123 1 433 220 6 76 85 63 32 12 190 10000 3356 2214 808 51 836 1 591 515 461 194 161 76 123 12 1 881 324 426 231 71 847 813 358 11 55 3652 54 245 47 560 6 159 909 245 63 234 245 515 10000 637 385 306 409 127 49
10000 526 35 3479 57 591 533 1 2087 260 246 29 297 51 818 950 599 380 791 145 10000 7220 9239 10000 1520 45 1054 224 463 453 10000 64 931 92 20 488 54 3 1143 68 521 669 396 124 1 433 221 6 76 85 63 32 12 191 10000 3396 2221 812 51 850 1 601 515 467 194 162 76 123 12 1 896 325 428 234 71 861 815 361 11 55 3721 54 245 47 564 6 159 928 249 63 236 249 516 10000 639 391 306 409 127 49
10000 535 35 3484 57 603 534 1 2127 260 248 29 298 51 828 951 606 383 799 145 10000 7373 9302 10000 1524 45 1073 224 464 461 10000 64 944 93 20 497 54 3 1150 68 527 681 399 125 1 434 222 6 76 85 63 32 12 193 10000 3445 2253 825 51 861 1 613 518 473 194 163 76 124 12 1 912 328 429 234 71 868 815 366 11 55 3775 54 247 47 570 6 159 939 251 63 239 253 524 10000 651 393 312 409 127 49