100 100 1000
4860 5022 188 75 180 397 767 204 8507 785 2828 530 915 94 879 281 386 8570 695 5556 6962 394 401 294 5825 515 869 5449 19 514 758 691 339 324 950 68 93 287 401 2601 952 4063 301 68 748 417 128 2393 368 2020 762 858 278 419 8727 76 9997 805 8358 769 654 405 221 3324 584 9442 554 376 612 951 3347 409 538 468 119 368 682 9964 6811 692 27 261 759 340 888 700 2614 790 78 902 673 955 239 703 3988 904 666 1271 655 207
4907 5090 190 75 180 402 780 204 8549 794 2833 539 921 95 898 285 392 8754 704 5657 7085 399 405 298 5854 521 877 5482 19 522 774 698 341 324 950 68 94 287 407 2624 956 4155 306 68 750 422 128 2438 370 2030 772 869 282 423 8896 76 10000 814 8500 777 658 411 224 3359 596 9461 555 379 623 967 3407 417 541 475 119 375 689 10000 6837 695 27 263 762 341 895 711 2638 805 78 911 685 974 241 703 4010 916 673 1292 667 207
4985 5153 193 75 183 408 792 207 8610 800 2878 549 936 96 900 287 393 8864 711 5706 7089 405 408 300 5952 522 892 5528 19 522 790 707 342 327 956 68 95 291 409 2638 956 4190 311 68 750 424 129 2460 377 2072 776 874 282 426 8903 76 10000 830 8546 790 660 411 228 3401 603 9625 560 380 632 977 3436 419 546 481 119 377 698 10000 6973 701 27 268 776 347 913 724 2672 821 78 918 686 986 241 711 4028 923 677 1295 680 208
5003 5186 193 75 185 415 807 209 8791 806 2931 553 938 97 914 290 401 9045 721 5771 7172 413 414 305 5984 533 903 5532 19 525 804 719 346 328 959 68 96 294 417 2668 976 4234 313 68 758 425 130 2504 380 2081 788 882 287 431 8967 76 10000 846 8694 802 674 411 229 3451 610 9655 571 387 640 980 3491 423 552 489 120 383 706 10000 7014 712 27 272 781 352 917 731 2701 822 78 924 692 989 245 711 4048 941 682 1310 684 210
5041 5270 195 75 185 421 813 209 8804 819 2959 563 944 98 924 293 403 9161 726 5833 7175 414 418 306 5984 534 903 5535 19 533 811 719 350 332 960 68 97 297 424 2713 986 4264 319 68 771 428 131 2512 383 2122 802 899 288 433 9032 76 10000 846 8760 818 684 416 231 3452 623 9845 578 392 644 989 3518 426 552 496 120 389 709 10000 7061 722 27 275 790 356 924 745 2723 836 78 929 696 1008 246 714 4103 951 691 1325 691 211
5064 5324 197 75 186 423 830 212 8822 834 3008 568 959 98 942 294 411 9270 726 5864 7212 416 420 308 6083 537 907 5593 19 539 812 719 355 334 961 68 98 297 429 2754 986 4283 319 68 783 430 133 2542 385 2133 809 901 291 439 9199 76 10000 854 8883 823 695 421 235 3496 624 9902 587 398 646 1002 3589 428 558 506 120 389 723 10000 7159 724 27 276 801 358 940 746 2733 854 78 931 696 1029 249 715 4169 951 703 1341 695 212
5119 5336 199 75 189 423 833 213 8866 838 3023 570 969 98 945 299 419 9442 727 5984 7342 424 427 308 6189 546 911 5595 19 548 828 729 360 336 970 68 99 301 433 2795 990 4351 320 68 786 433 134 2548 386 2152 809 901 295 443 9379 76 10000 856 8950 839 697 422 238 3566 628 9942 589 401 659 1004 3665 436 562 508 121 395 729 10000 7197 726 27 277 803 364 954 755 2733 864 78 933 703 1045 251 730 4217 968 704 1346 704 212
5175 5415 200 75 191 424 849 216 8982 846 3079 575 975 99 952 299 422 9501 735 6075 7428 429 431 310 6305 554 916 5603 19 551 840 729 367 342 991 68 100 301 438 2839 999 4384 322 68 799 441 136 2594 388 2198 822 918 299 448 9530 76 10000 867 8980 853 699 430 238 3576 628 10000 591 403 673 1005 3690 443 568 510 121 403 737 10000 7246 736 27 281 808 371 962 756 2762 871 78 937 708 1052 254 734 4257 984 707 1369 714 212
5212 5452 201 75 192 426 849 217 9093 854 3107 580 990 100 963 300 422 9589 739 6104 7589 429 436 313 6336 554 936 5625 19 553 847 736 369 347 1000 68 100 303 442 2881 1008 4423 327 68 802 443 137 2600 392 2235 827 924 300 457 9542 76 10000 882 9080 871 710 434 238 3645 630 10000 596 408 673 1022 3767 451 580 516 122 409 746 10000 7409 738 27 283 824 378 972 763 2785 885 78 947 710 1070 258 748 4316 985 722 1385 716 214
5286 5570 201 75 195 434 856 217 9169 863 3161 586 1005 101 966 305 428 9767 750 6208 7731 430 442 315 6349 563 941 5733 19 564 854 746 370 350 1009 68 101 307 446 2936 1029 4475 328 68 814 449 139 2621 393 2263 833 944 302 465 9575 76 10000 897 9259 887 712 442 242 3683 631 10000 602 415 686 1037 3828 452 587 526 123 413 752 10000 7536 741 27 287 828 380 972 764 2825 886 78 966 723 1082 260 760 4318 987 724 1387 725 216
5310 5666 204 75 195 439 862 220 9230 875 3230 595 1025 102 966 309 431 9906 753 6224 7758 430 447 321 6466 573 953 5796 19 574 865 757 372 357 1016 68 102 312 448 2945 1030 4523 334 68 823 452 140 2651 393 2296 845 947 305 474 9761 76 10000 913 9310 905 712 450 246 3703 638 10000 604 417 699 1053 3864 461 597 530 123 420 765 10000 7602 742 27 290 832 385 993 775 2845 888 78 986 729 1088 263 762 4344 997 734 1401 731 217
5335 5697 206 75 196 448 872 220 9357 892 3291 595 1030 102 987 315 433 10000 755 6272 7758 435 447 324 6497 581 954 5850 19 577 880 763 374 358 1029 68 102 318 453 2956 1039 4523 337 68 833 454 142 2708 400 2300 857 965 310 481 9779 76 10000 929 9505 911 718 451 248 3780 649 10000 615 419 711 1059 3899 463 597 538 124 424 780 10000 7672 754 27 295 845 390 999 782 2882 898 78 1005 732 1089 264 765 4423 1018 743 1412 737 218
5424 5817 206 75 199 454 884 222 9544 894 3291 597 1037 103 990 315 440 10000 764 6415 7872 440 454 326 6505 587 969 5931 19 581 894 769 381 361 1031 68 102 318 457 2969 1058 4543 338 68 850 462 143 2724 401 2342 866 983 313 491 9966 76 10000 949 9692 925 723 459 252 3860 658 10000 627 424 725 1059 3909 464 602 539 124 432 788 10000 7699 766 27 298 856 393 1010 786 2921 907 78 1027 744 1098 265 779 4463 1019 747 1441 749 222
5471 5907 206 75 199 454 894 226 9581 899 3300 601 1051 103 996 318 441 10000 771 6478 7921 447 459 327 6506 594 976 5971 19 582 907 779 386 361 1049 68 102 322 458 2998 1067 4577 339 68 864 467 144 2740 405 2369 880 988 313 501 10000 76 10000 955 9889 927 729 461 256 3933 662 10000 632 432 730 1064 3979 465 604 545 125 437 788 10000 7808 777 27 299 865 395 1015 787 2969 923 78 1033 758 1098 268 782 4512 1033 755 1462 762 222
5476 6005 206 75 200 456 900 229 9740 903 3316 607 1057 104 996 323 449 10000 781 6499 7958 454 460 330 6628 599 988 5983 19 589 914 795 388 361 1060 68 102 327 462 3043 1088 4629 343 68 882 474 145 2745 410 2405 895 990 315 502 10000 76 10000 963 9992 929 732 464 256 3935 670 10000 638 435 735 1079 4010 468 604 551 126 442 793 10000 7856 783 27 301 876 399 1020 801 3022 936 78 1047 767 1100 268 783 4524 1036 765 1484 768 226
5579 6091 207 75 202 464 906 229 9820 911 3390 607 1068 104 1001 329 454 10000 83 6531 8023 456 468 334 6701 604 997 6031 19 600 923 796 390 362 1081 68 103 331 471 3066 1092 4674 343 68 901 477 147 2786 416 2436 895 990 317 511 10000 76 10000 975 10000 949 744 465 259 4002 676 10000 650 441 739 1094 4063 470 608 552 127 443 795 10000 7927 798 27 305 878 401 1028 804 3043 952 78 1062 782 1120 273 787 4614 1047 774 1490 769 226
5624 6219 208 75 203 466 908 231 9977 929 3397 612 1082 105 1021 334 457 10000 83 6623 8138 456 474 334 6771 606 1012 6165 19 609 934 801 393 363 1095 68 104 335 474 3128 1092 4682 347 68 914 484 149 2837 424 2482 912 1007 323 511 10000 76 10000 985 10000 969 747 469 263 4025 679 10000 662 443 754 1118 4087 476 613 554 128 450 809 10000 8007 814 27 309 886 408 1030 815 3053 970 78 1071 798 1123 273 794 4690 1053 775 1497 773 228
5735 6228 208 75 203 468 919 235 10000 941 3471 621 1094 106 1037 334 458 10000 83 6653 8323 464 474 334 6912 606 1026 6296 19 620 954 816 400 369 1115 68 27 340 482 3157 1116 4778 347 68 930 490 150 2858 431 2534 923 1028 327 514 10000 76 10000 1005 10000 989 752 476 268 4032 689 10000 664 448 759 1136 4132 477 615 554 129 457 824 10000 8107 822 27 313 894 411 1049 820 3116 990 78 1074 803 1129 273 794 4755 1060 785 1526 775 231
5822 6304 208 75 205 468 925 237 10000 947 3498 630 1103 107 1056 339 459 10000 83 6729 8325 471 474 339 6972 618 1040 6406 19 629 974 832 405 375 1129 68 27 342 483 3168 1136 4790 348 68 930 494 150 2879 432 2557 943 1050 329 518 10000 76 10000 1007 10000 989 759 484 272 4072 698 10000 670 450 769 1140 4144 485 620 562 129 458 827 10000 8143 826 27 319 906 416 1062 824 3162 998 78 1079 818 1135 277 796 4850 1081 787 1556 786 234
5869 6440 210 75 207 475 932 239 10000 951 3556 631 1127 107 1078 345 466 10000 83 6867 8373 476 474 341 7092 630 1056 6426 19 635 987 840 413 382 1129 68 27 347 493 3192 1160 4854 350 68 937 504 152 2884 439 2582 948 1053 332 519 10000 76 10000 1026 10000 996 768 487 273 4078 700 10000 680 456 772 1161 4148 486 629 562 129 464 831 10000 8273 831 27 324 921 423 1079 830 3190 1017 78 1097 818 1149 282 806 4947 1083 788 1561 797 237
5987 6505 212 75 207 483 945 241 10000 964 3586 638 1128 107 1092 350 466 10000 83 7022 8515 479 475 347 7150 641 1066 6564 19 646 989 841 416 383 1132 68 27 353 499 3203 1162 4859 352 68 937 511 154 2949 447 2614 959 1062 334 525 10000 76 10000 1029 10000 1014 768 495 273 4109 706 10000 688 460 782 1166 4151 488 629 570 129 467 848 10000 8399 846 27 330 936 429 1099 842 3237 1037 78 1119 823 1167 284 806 5054 1088 804 1594 805 239
6060 6647 214 75 209 489 948 245 10000 964 3626 650 1147 108 1116 356 473 10000 83 7079 8616 482 482 348 7159 652 1077 6630 19 648 995 841 418 390 1133 68 27 356 503 3274 1164 4869 356 68 940 511 156 3009 454 2673 969 1074 339 531 10000 76 10000 1048 10000 1019 783 502 277 4200 719 10000 700 469 797 1177 4217 488 639 574 129 469 854 10000 8451 850 27 331 956 437 1117 847 3266 1042 78 1126 837 1184 285 807 5123 1100 819 1604 812 242
6162 6714 214 75 212 495 948 247 10000 971 3680 654 1168 109 1124 360 475 10000 83 7088 8717 482 485 352 7169 653 1098 6761 19 656 999 849 425 391 1135 68 27 357 508 3305 1168 4959 363 68 942 514 158 3019 461 2685 975 1097 345 542 10000 76 10000 1068 10000 1038 800 507 277 4253 725 10000 714 477 811 1189 4279 490 644 579 130 476 865 10000 8627 862 27 337 973 443 1123 861 3323 1052 78 1132 850 1210 286 823 5207 1112 824 1613 815 244
6165 6777 217 75 212 502 959 248 10000 989 3724 668 1173 109 1136 364 476 10000 83 7128 8864 483 494 353 7295 666 1100 6812 19 660 1020 851 429 396 1155 68 27 362 514 3323 1191 5023 366 68 958 517 160 3086 461 2734 976 1112 346 552 10000 76 10000 1082 10000 1045 801 512 280 4328 728 10000 724 486 819 1193 4294 494 656 588 131 482 874 10000 8708 878 27 339 993 448 1139 873 3347 1065 78 1146 867 1224 288 837 5278 1127 830 1635 821 244
6252 6820 219 75 214 509 968 251 10000 1009 3768 677 1197 109 1140 368 481 10000 83 7284 8967 487 496 360 7401 680 1122 6962 19 666 1037 863 437 396 1165 68 27 365 517 3375 1194 5062 373 68 974 523 162 3125 468 2779 977 1118 347 563 10000 76 10000 1093 10000 1054 803 516 282 4388 740 10000 724 490 833 1202 4390 498 662 595 132 490 878 10000 8760 887 27 345 1008 454 1162 888 3357 1072 78 1160 869 1244 292 840 5315 1147 847 1647 824 246
6308 6887 223 75 216 509 976 255 10000 1028 3797 691 1197 109 1153 372 486 10000 83 7293 9062 490 498 361 7467 682 1133 6993 19 679 1043 863 443 400 1177 68 27 368 518 3408 1208 5085 373 68 993 528 163 3162 471 2838 978 1140 349 574 10000 76 10000 1093 10000 1060 819 516 282 4417 751 10000 728 495 846 1212 4448 501 670 597 133 490 894 10000 8884 899 27 348 1015 462 1184 894 3422 1094 78 1179 887 1248 295 847 5330 1166 848 1665 837 248
6371 6977 224 75 217 514 982 259 10000 1037 3801 697 1217 110 1172 377 490 10000 83 7315 9172 492 502 366 7525 695 1141 7107 19 685 1057 864 450 405 1180 68 27 369 526 3457 1209 5132 374 68 993 530 164 3220 472 2868 990 1154 352 575 10000 76 10000 1100 10000 1081 826 521 287 4427 758 10000 728 501 857 1216 4495 508 684 608 135 491 911 10000 8993 910 27 349 1015 468 1187 906 3474 1099 78 1180 889 1275 296 861 5448 1187 863 1702 848 250
6417 6997 225 75 217 517 1003 263 10000 1051 3839 704 1226 110 1197 384 497 10000 83 7427 9248 492 511 371 7614 701 1152 7140 19 685 1059 881 456 405 1198 68 27 375 528 3490 1212 5219 379 68 1014 533 164 3289 481 2917 1007 1171 356 585 10000 76 10000 1123 10000 1085 828 526 288 4453 761 10000 728 506 870 1227 4516 515 698 610 135 495 919 10000 9132 913 27 349 1030 476 1199 912 3552 1120 78 1189 904 1286 298 877 5502 1209 872 1729 859 250
6424 7135 226 75 218 519 1013 264 10000 1061 3863 705 1240 111 1214 385 499 10000 83 7521 9253 493 519 378 7637 710 1165 7281 19 696 1063 889 462 411 1222 68 27 380 529 3562 1217 5261 386 68 1017 534 165 3308 483 2958 1012 1190 361 594 10000 76 10000 1145 10000 1106 843 529 293 4465 762 10000 735 507 887 1236 4587 518 699 616 137 496 935 10000 9234 929 27 356 1043 481 1199 924 3608 1143 78 1198 906 1310 299 893 5620 1210 882 1729 863 250
6435 7146 230 75 222 522 1017 265 10000 1075 3931 711 1240 111 1222 390 505 10000 83 7627 9395 498 527 384 7739 722 1165 7406 19 704 1068 903 471 418 1226 68 27 387 530 3610 1238 5288 388 68 1024 538 166 3373 490 3010 1025 1215 366 602 10000 76 10000 1162 10000 1108 844 534 295 4561 774 10000 743 508 888 1249 4684 523 712 623 138 500 937 10000 9245 940 27 356 1051 486 1202 927 3682 1149 78 1205 912 1335 303 899 5625 1219 885 1759 872 252
6527 7220 230 75 226 533 1024 268 10000 1088 4014 711 1254 111 1229 391 509 10000 83 7655 9460 499 538 391 7762 728 1182 7450 19 718 1071 919 479 426 1252 68 27 387 536 3625 1255 5289 389 68 1046 541 167 3420 491 3010 1028 1235 373 602 10000 76 10000 1184 10000 1114 853 543 299 4628 789 10000 756 509 896 1262 4762 526 719 631 140 501 941 10000 9290 941 27 361 1060 490 1212 936 3749 1161 78 1210 930 1362 303 910 5687 1226 904 1770 874 253
6598 7309 230 75 228 536 1033 269 10000 1106 4076 724 1267 112 1243 398 512 10000 83 7715 9652 508 547 395 7841 740 1199 7481 19 731 1094 939 485 427 1264 68 27 387 541 3665 1274 5305 390 68 1065 546 169 3448 495 3044 1042 1241 376 606 10000 76 10000 1195 10000 1130 871 549 303 4683 802 10000 762 518 909 1269 4765 531 730 638 140 502 953 10000 9376 945 27 362 1079 490 1225 937 3778 1166 78 1227 945 1370 304 924 5767 1243 910 1802 882 254
6680 7438 231 75 229 544 1034 272 10000 1127 4130 724 1278 112 1243 402 516 10000 83 7797 9768 511 553 395 7909 748 1209 7627 19 732 1111 941 488 432 1279 68 27 390 541 3742 1298 5403 392 68 1070 557 171 3494 495 3088 1051 1251 379 612 10000 76 10000 1212 10000 1136 885 554 306 4751 811 10000 768 525 912 1272 4864 533 738 646 142 503 963 10000 9577 954 27 367 1087 496 1230 943 3812 1170 78 1229 947 1374 306 937 5853 1252 920 1820 889 254
6776 7534 232 75 233 548 1043 275 10000 1143 4182 737 1295 112 1261 410 525 10000 83 7895 9886 517 559 403 7945 756 1215 7698 19 741 1122 954 489 434 1298 68 27 391 552 3810 1312 5475 400 68 1084 564 173 3562 500 3099 1071 1256 385 620 10000 76 10000 1233 10000 1148 897 556 310 4850 822 10000 778 526 917 1280 4883 543 739 649 142 505 981 10000 9668 968 27 371 1107 501 1238 956 3885 1182 78 1255 966 1393 306 948 5891 1263 938 1836 894 258
6803 7558 235 75 235 550 1065 275 10000 1147 4224 737 1312 112 1267 410 531 10000 83 7992 9917 527 559 405 8074 764 1230 7807 19 750 1140 966 496 435 1324 68 27 397 560 3817 1322 5476 408 68 1101 572 175 3582 505 3153 1082 1276 385 626 10000 76 10000 1251 10000 1163 898 561 316 4946 837 10000 782 534 930 1302 4938 544 753 661 143 510 996 10000 9835 978 27 377 1116 501 1256 957 3886 1204 78 1262 967 1410 310 949 5990 1284 941 1870 900 259
6945 7643 239 75 238 561 1077 278 10000 1158 4238 744 1324 113 1293 411 531 10000 83 8023 10000 527 567 412 8163 773 1238 7953 19 754 1149 973 496 441 1332 68 27 401 560 3841 1335 5489 409 68 1115 578 175 3603 46 3153 1096 1276 385 628 10000 76 10000 1275 10000 1166 907 563 316 4982 845 10000 795 537 933 1309 5018 548 769 670 144 510 997 10000 9904 982 27 378 1140 507 1282 960 3911 1204 78 1263 975 1413 313 961 6037 1298 949 1876 901 262
6988 7665 243 75 238 571 1083 283 10000 1165 4243 758 1338 114 1312 414 537 10000 83 8168 10000 528 572 414 8201 787 1244 8103 19 770 1169 990 499 450 1358 68 27 406 568 3902 1362 5521 417 68 1135 580 176 3683 46 3196 1113 1284 386 638 10000 76 10000 1275 10000 1187 920 572 321 5006 854 10000 811 548 939 1321 5033 551 776 672 146 514 997 10000 9965 990 27 381 1151 508 1303 978 3991 1210 78 1268 990 1414 314 974 6074 1300 960 1917 909 266
7137 7765 243 75 238 576 1090 288 10000 1165 4333 763 1366 115 1339 416 539 10000 83 8269 10000 537 583 415 8255 797 1258 8126 19 780 1192 999 499 451 1386 68 27 407 573 3935 1375 5570 425 68 1146 587 179 3724 46 3252 1117 1304 387 644 10000 76 10000 1285 10000 1196 928 572 323 5018 858 10000 828 555 959 1331 5113 552 784 674 146 518 1018 10000 10000 996 27 383 1161 509 1316 980 4021 1228 78 1272 1005 1415 320 987 6087 1300 971 1948 917 268
1161 7817 245 75 240 588 1104 291 10000 1184 4375 779 1383 116 1344 416 544 10000 83 8433 10000 545 587 423 8296 800 1281 8267 19 790 1199 1001 504 454 1402 68 27 407 582 3994 1380 5590 432 68 1163 588 182 3806 46 3268 1141 1306 392 656 10000 76 10000 1294 10000 1221 935 573 329 5077 871 10000 841 564 965 1360 5120 555 800 674 147 526 1022 10000 10000 1003 27 387 1185 515 1344 985 4080 1232 78 1300 1016 1429 323 994 6158 1322 991 1977 918 272
1171 7914 248 75 242 595 1113 292 10000 1201 4442 780 1396 116 1368 418 549 10000 83 8545 10000 555 596 426 8424 803 1296 8416 19 800 1222 1010 504 458 1414 68 27 410 589 4026 1381 5614 435 68 1180 591 185 3868 46 3332 1159 1321 399 656 10000 76 10000 1300 10000 1233 949 582 332 5080 876 10000 844 567 965 1376 5121 564 811 684 147 537 1024 10000 10000 1010 27 394 1201 521 1355 985 4128 1239 78 1322 1026 1435 325 1002 6223 1334 993 2013 932 274
1185 7976 252 75 246 606 1113 292 10000 1219 4525 786 1409 116 1396 422 550 10000 83 8622 10000 555 599 429 8614 808 1302 8439 19 803 1238 1011 511 466 1421 68 27 418 600 4103 1408 5675 440 68 1194 600 185 3873 46 3399 1172 1349 406 666 10000 76 10000 1318 10000 1255 962 582 336 5139 895 10000 849 568 972 1393 5227 564 824 687 148 542 1035 10000 10000 1032 27 398 1214 529 1360 1004 4182 1247 78 1334 1039 1461 327 1020 6247 1362 1009 2046 943 276
1204 8149 252 75 247 610 1117 295 10000 1228 4580 795 1437 117 1399 429 554 10000 83 8805 10000 561 609 431 8783 815 1310 8519 19 809 1257 1033 511 472 1422 68 27 422 611 4120 1426 5787 443 68 1217 603 187 3887 46 3459 1197 1369 411 670 10000 76 10000 1326 10000 1264 976 592 338 5254 902 10000 854 572 984 1401 5302 570 830 689 148 551 1039 10000 10000 1040 27 404 1215 540 1389 1016 4195 1263 78 1344 1060 1480 328 1020 6259 1392 1024 2050 947 281
1215 8214 252 75 249 623 1134 296 10000 1237 4635 803 1453 118 1405 431 564 10000 83 8963 10000 565 614 433 8827 827 1326 8550 19 819 1265 1055 520 480 1441 68 27 423 622 4202 1430 5873 446 68 1241 605 187 3911 46 3530 1211 1391 418 674 10000 76 10000 1335 10000 1274 993 604 343 5291 920 10000 871 584 1001 1424 5304 573 844 703 150 561 1056 10000 10000 1047 27 411 1238 551 1417 1018 4277 1271 78 1350 1070 1492 333 1038 6383 1394 1031 2096 962 285
1223 8297 253 75 252 627 1139 297 10000 1263 4642 815 1475 119 1409 434 565 10000 83 9077 10000 566 616 441 8901 840 1340 8585 19 824 1293 1062 530 487 1472 68 27 430 626 4277 1459 5980 450 68 1264 610 188 3982 46 3548 1219 1412 420 687 10000 76 10000 1343 10000 1278 1014 608 346 5409 931 10000 885 596 1022 1448 5352 573 853 717 150 562 1075 10000 10000 1051 27 411 1253 560 1448 1032 4367 1271 78 1352 1085 1521 337 1038 6426 1421 1040 2097 980 287
1228 8315 257 75 255 627 1145 301 10000 1284 4655 822 1495 119 1436 436 575 10000 83 9136 10000 578 628 450 8927 843 1353 8750 19 840 1318 1079 532 493 1488 68 27 431 635 4364 1468 6038 454 68 1264 622 188 4052 46 3597 1228 1424 424 691 10000 76 10000 1355 10000 1298 1029 611 351 5438 948 10000 892 603 1030 1456 5422 583 856 725 152 563 1093 10000 10000 1071 27 415 1254 569 1472 1033 4407 1284 78 1375 1090 1533 342 1060 6467 1449 1057 2116 980 290
1231 8334 259 75 256 636 1148 305 10000 1307 4760 827 1495 119 1451 443 577 10000 83 9283 10000 589 633 452 8948 859 1366 8839 19 844 1318 1082 538 498 1490 68 27 127 638 4455 1481 6103 462 68 1283 627 189 4086 46 3644 1254 1424 424 698 10000 76 10000 1373 10000 1310 1030 621 352 5439 968 10000 892 612 1043 1486 5477 585 863 725 152 572 1095 10000 10000 1073 27 421 1279 579 1489 1045 4506 1293 78 1401 1113 1539 345 1079 6513 1480 1066 2162 988 294
1243 8444 260 75 259 647 1168 310 10000 1329 4817 838 1501 120 1474 446 580 10000 83 9332 10000 589 644 452 9051 872 1369 8861 19 852 1338 1085 544 498 1494 68 27 128 651 4464 1490 6173 465 68 1294 628 191 4120 46 3662 1267 1437 429 700 10000 76 10000 1391 10000 1329 1052 630 358 5554 972 10000 900 612 1048 1488 5492 594 879 733 153 576 1106 10000 10000 1093 27 428 1287 583 1508 1062 4572 1307 78 1422 1120 1547 350 1101 6569 1503 1088 2162 1007 299
1253 8618 264 75 260 653 1182 311 10000 1349 4841 855 1505 120 1495 447 588 10000 83 9402 10000 600 655 456 9136 878 1378 9049 19 868 1363 1106 544 508 1499 68 27 128 651 4465 1494 6231 472 68 1314 630 194 4206 46 3702 1283 1455 431 705 10000 76 10000 1413 10000 1341 1060 636 362 5635 978 10000 907 615 1051 1514 5516 596 888 735 153 585 1109 10000 10000 1104 27 431 1296 591 1519 1062 4664 1335 78 1445 1127 1555 354 1101 6698 1507 1095 2194 1026 301
1262 8664 265 75 264 663 1198 316 10000 1352 4864 862 1530 121 1510 455 597 10000 83 9504 10000 603 666 462 9152 889 1381 9167 19 877 1364 1111 552 516 1526 68 27 129 654 4554 1524 6265 478 68 1335 632 196 4269 46 3767 1283 1465 435 714 10000 76 10000 1421 10000 1366 1074 645 362 5721 985 10000 909 620 1072 1529 5597 597 891 742 154 585 1121 10000 10000 1120 27 434 1299 598 1551 1071 4692 1361 78 1450 1139 1589 356 1101 6817 1531 1119 2233 1035 305
1288 3509 265 75 268 666 1199 322 10000 1377 4885 878 1536 121 1523 463 606 10000 83 9674 10000 608 666 470 9182 907 1410 9256 19 890 1366 1132 561 523 1550 68 27 130 656 4589 1546 6405 486 68 1361 637 196 4341 46 3840 1294 1484 437 721 10000 76 10000 1443 10000 1391 1087 657 365 5730 989 10000 924 623 1092 1543 5699 601 899 747 155 592 1141 10000 10000 1135 27 437 1308 600 1574 1092 4716 1374 78 1461 1160 1598 359 1125 6861 1547 1139 2234 1053 305
1305 3576 268 75 273 666 1216 324 10000 1382 4937 885 1567 121 1529 468 617 10000 83 9697 10000 612 675 472 9187 914 1439 9436 19 902 1366 1133 567 531 1560 68 27 130 658 4639 1549 6536 496 68 1370 647 197 4347 46 3856 1320 1490 444 732 10000 76 10000 1446 10000 1392 1093 659 368 5781 1001 10000 929 632 1100 1550 5739 606 909 756 157 596 1146 10000 10000 1136 27 439 1337 609 1609 1110 4786 1388 78 1485 1184 1600 360 1141 6977 1579 1153 2275 1053 310
1326 3607 269 75 273 674 1235 324 10000 1383 5007 886 1573 122 1549 476 627 10000 83 9838 10000 622 680 475 9205 923 1448 9603 19 921 1371 1148 578 536 1587 68 27 131 661 4675 1550 6631 505 68 1392 660 197 4381 46 3913 1347 1502 450 737 10000 76 10000 1471 10000 1414 1100 664 369 5871 1023 10000 946 635 1102 1571 5782 618 913 767 158 607 1162 10000 10000 1139 27 447 1346 613 1637 1123 4822 1413 78 1492 1204 1606 365 1164 7108 1598 1165 2298 1053 312
1344 3655 273 75 273 674 1247 326 10000 1383 5078 892 1592 122 1580 482 640 10000 83 9932 10000 629 693 477 9395 943 1450 9762 19 931 1399 1148 578 546 1621 68 27 131 666 4710 1564 6715 511 68 1421 666 198 4421 46 3944 1366 1518 454 745 10000 76 10000 1501 10000 1417 1123 665 370 6004 1031 10000 966 643 1122 1603 5828 625 923 772 158 607 1177 10000 10000 1160 27 449 1366 617 1655 1128 4822 1423 78 1514 1222 1611 365 1183 7190 1633 1165 2311 1070 315
1370 3661 274 75 274 679 1247 330 10000 1387 5092 893 1617 123 1607 486 649 10000 83 9995 10000 637 698 478 9431 946 1474 9961 19 941 1425 1156 581 550 1640 68 27 133 668 4778 1595 6731 515 68 1437 676 199 4435 46 3946 1380 1549 462 760 10000 76 10000 1513 10000 1427 1127 677 375 6004 1034 10000 972 650 1134 1637 5863 638 933 773 158 609 1197 10000 10000 1165 27 453 1383 620 1655 1150 4920 1424 78 1522 1228 1645 368 1199 7257 1648 1185 2351 1087 316
1386 3735 277 75 279 687 1258 335 10000 1404 5183 901 1631 123 1629 489 654 10000 83 10000 10000 644 712 484 9507 960 1498 10000 19 943 1450 1174 582 560 1665 68 27 133 668 4810 1624 6882 523 68 1462 677 201 4495 46 4012 1409 1554 469 760 10000 76 10000 1533 10000 1450 1132 683 377 6014 1043 10000 979 661 1135 1662 5985 643 943 787 158 621 1221 10000 10000 1172 27 460 1408 630 1692 1162 5010 1447 78 1539 1252 1669 369 1220 7369 1663 1190 2380 1089 316
1388 3735 278 75 281 690 1268 339 10000 1413 5269 914 1647 124 1643 493 663 10000 83 10000 10000 652 725 486 9526 965 1526 10000 19 946 1459 1181 591 565 1672 68 27 135 671 4908 1644 7037 534 68 1480 677 201 4591 46 4032 1417 1556 470 760 10000 76 10000 1542 10000 1473 1152 686 378 6036 1049 10000 985 661 1147 1668 6075 650 952 798 159 623 1225 10000 10000 1174 27 460 1434 641 1693 1165 5122 1468 78 1548 1267 1706 376 1229 7516 1695 1205 2400 1103 317
1398 3738 279 75 282 694 1281 343 10000 1429 5370 934 1649 125 1674 498 677 10000 83 10000 10000 656 735 488 9688 977 1542 10000 19 966 1475 1189 593 570 1690 68 27 135 685 4920 1673 7171 545 68 1495 680 202 4686 46 4035 1446 1578 476 766 10000 76 10000 1544 10000 1476 1163 687 385 6162 1064 10000 993 668 1172 1697 6127 663 960 801 160 630 1232 10000 10000 1187 27 469 1462 650 1715 1166 5234 1480 78 1580 1286 1740 379 1249 7597 1706 1219 2426 1116 322
1422 3791 284 75 287 702 1291 344 10000 1442 5407 954 1676 125 1701 502 678 10000 83 10000 10000 662 749 498 9710 981 1565 10000 19 971 1489 1209 600 580 1700 68 27 135 692 4977 1691 7238 555 68 1495 690 204 4736 46 4035 1455 1607 479 776 10000 76 10000 1577 10000 1483 1173 696 391 6180 1086 10000 1006 669 1179 1705 6261 668 971 803 162 634 1244 10000 10000 1200 27 470 1473 657 1720 1189 5329 1497 78 1605 1307 1772 381 1274 7646 1734 1240 2426 1135 322
1425 3836 284 75 290 715 1316 349 10000 1455 5524 958 1706 126 1723 503 686 10000 83 10000 10000 670 764 505 9808 996 1590 10000 19 971 1500 1216 610 590 1738 68 27 137 696 4996 1713 7399 566 68 1506 691 204 4803 46 4085 1477 1634 480 791 10000 76 10000 1598 10000 1512 1185 711 393 6218 1101 10000 1017 683 1186 1724 6383 678 971 818 163 638 1261 10000 10000 1214 27 479 1485 662 1757 1195 5389 1517 78 1623 1312 1777 381 1302 7816 1754 1248 2451 1160 323
1450 3898 288 75 295 720 1333 350 10000 1483 5576 970 1717 126 1752 513 689 10000 83 10000 10000 683 776 509 9933 1015 1613 10000 19 978 1528 1222 616 591 1753 68 27 137 699 5080 1743 7528 577 68 1510 693 204 4898 46 4122 1485 1656 490 795 10000 76 10000 1600 10000 1540 1202 717 398 6351 1112 10000 1034 690 1204 1731 6478 685 975 825 163 650 1273 10000 10000 1236 27 480 1494 668 1777 1216 5432 1532 78 1624 1341 1808 386 1330 7937 1756 1270 2483 1161 325
1476 3956 289 75 296 723 1350 351 10000 1491 5659 982 1728 126 1779 521 695 10000 83 10000 10000 693 789 516 10000 1017 1639 10000 19 998 1561 1240 625 595 1767 68 27 139 710 5183 1763 7546 580 68 1520 707 207 4943 46 4204 1509 1666 496 803 10000 76 10000 1619 10000 1569 1220 723 401 6379 1116 10000 1046 700 1218 1755 6606 691 975 830 165 659 1283 10000 10000 1253 27 480 1525 671 1807 1226 5509 1566 78 1660 1362 1808 388 1356 7955 1790 1282 2486 1178 330
1500 4026 293 75 296 738 1377 356 10000 1499 5676 990 1731 126 1788 530 695 10000 83 10000 10000 706 792 520 10000 1032 1654 10000 19 1017 1579 1261 629 604 1784 68 7 140 717 5255 1793 7688 592 68 1525 718 210 4955 46 4212 276 1668 504 809 10000 76 10000 1648 10000 1593 1237 723 408 6421 1137 10000 1052 700 1243 1775 6660 705 991 845 166 662 1310 10000 10000 1273 27 486 1553 681 1838 1226 5509 1578 78 1663 1372 1835 388 1384 8052 1800 1290 2503 1193 336
1531 4084 296 75 300 742 1399 358 10000 1512 5785 1010 1743 127 1801 541 696 10000 83 10000 10000 709 806 530 10000 1052 1667 10000 19 1038 1609 1274 630 613 1788 68 7 140 722 5262 1815 7836 602 68 1538 721 213 5063 46 4222 281 1693 511 822 10000 76 10000 1649 10000 1606 1253 730 411 6464 1145 10000 1068 709 1266 1799 6678 711 1008 859 168 674 1334 10000 10000 1277 27 493 1579 691 1856 1233 5570 1599 78 1678 1392 1868 389 1413 8068 1837 1305 2524 1205 342
1550 4140 297 75 304 752 1427 362 10000 1513 5873 1029 1762 128 1838 552 702 10000 83 10000 10000 719 814 531 10000 1064 1696 10000 19 1047 1625 1280 631 626 1811 68 7 141 727 5317 1842 7919 612 68 1558 725 216 5092 46 4291 286 1707 511 826 10000 76 10000 1651 10000 1621 1262 733 413 6570 1162 10000 1075 718 1266 1837 6826 720 1022 865 169 681 1355 10000 10000 1299 27 494 1591 699 1883 1234 5624 1625 78 1696 1393 1905 393 1430 8227 1846 1313 2559 1217 343
1570 4175 297 75 306 767 1444 369 10000 1517 5891 1045 1794 128 1865 563 708 10000 83 10000 10000 729 825 533 10000 1077 1720 10000 19 1060 1632 1296 634 627 1820 68 7 142 739 5329 1881 8099 622 68 1592 735 218 5113 46 4383 289 1741 519 838 10000 76 10000 1658 10000 1630 1267 735 413 6693 1171 10000 1087 728 1286 1872 6874 720 1039 867 169 681 1383 10000 10000 1301 27 502 1597 702 1887 1254 5751 1627 78 1719 1399 1911 396 1452 8246 1877 1336 2574 1223 345
1603 4184 299 75 311 780 1455 376 10000 1539 5932 1059 1799 129 1874 565 708 10000 83 10000 10000 743 833 534 10000 1079 1753 10000 19 1065 1646 1309 635 632 1841 68 7 144 743 5416 1904 8157 622 68 1610 740 218 5123 46 4482 291 1760 519 848 10000 76 10000 1659 10000 1648 1284 737 414 6720 1187 10000 1090 738 1292 1901 6984 733 1058 884 170 692 1412 10000 10000 1322 27 504 1604 711 1923 1262 5783 1663 78 1751 1407 1932 400 1462 8306 1912 1336 2608 1242 347
1604 4211 300 75 312 794 1485 377 10000 1561 5984 1061 1800 130 1878 566 712 10000 83 10000 10000 757 838 544 10000 1098 1773 10000 19 1068 1678 1330 640 633 1852 68 7 144 745 5523 1937 8237 628 68 1623 756 222 5161 46 4536 296 1780 520 866 10000 76 10000 1677 10000 1657 1311 746 421 6758 1205 10000 1099 749 1316 1940 7134 740 1069 900 171 697 1440 10000 10000 1334 27 507 1617 715 1932 1290 5905 1693 78 1783 1431 1972 401 1488 8356 1939 1360 2652 1254 349
1604 4286 305 75 315 810 1506 377 10000 1570 6012 1084 1818 130 1919 571 717 10000 83 10000 10000 770 854 548 10000 1118 1806 10000 19 1089 1700 1345 641 638 1892 68 7 146 761 5558 1946 8404 630 68 1630 772 223 5227 46 4558 301 1788 526 884 10000 76 10000 1677 10000 1674 1336 746 428 6763 1208 10000 1118 752 1329 1956 7150 746 1081 906 172 710 1465 10000 10000 1358 27 510 1631 727 1964 1311 5977 1709 78 1787 1457 1973 406 1516 8506 1972 1374 2657 1273 350
1611 4293 308 75 321 819 1519 379 10000 1570 6054 1089 1858 131 1950 575 726 10000 83 10000 10000 777 862 549 10000 1138 1828 10000 19 1112 1702 1352 651 648 1934 68 7 147 762 5667 1960 8517 631 68 1654 774 224 5232 46 4606 304 1819 530 896 10000 76 10000 1706 10000 1696 1362 755 432 6870 1223 10000 1130 752 1335 1985 7288 746 1088 911 172 711 1470 10000 10000 1375 27 514 1638 736 1970 1330 6093 1713 78 1794 1467 1997 408 1526 8644 1973 1391 2657 1291 353
1636 4326 311 75 324 823 1547 379 10000 1585 6123 1089 1858 131 1983 585 738 10000 83 10000 10000 790 874 560 10000 1158 1861 10000 19 1117 1721 1353 658 661 1972 68 7 149 778 5737 1965 8641 638 68 1656 783 227 5251 46 4709 305 1855 534 910 10000 76 10000 1713 10000 1711 1367 757 435 6965 1247 10000 1131 759 1335 2027 7439 752 1094 913 174 717 1491 10000 10000 1376 27 524 1648 746 2007 1351 6224 1726 78 1815 1487 2014 409 1544 8828 1973 1403 2679 1291 360
1647 4350 311 75 327 837 1557 380 10000 1603 6185 1105 1865 131 2021 586 751 10000 83 10000 10000 794 877 569 10000 1170 1891 10000 19 1125 1728 1362 663 667 1980 68 7 149 781 5744 1985 8673 642 68 1675 799 227 5299 46 4738 308 1890 544 910 10000 76 10000 1740 10000 1716 1389 762 444 7109 1263 10000 1148 764 1351 2056 7538 767 1117 930 174 724 1518 10000 10000 1405 27 534 1681 759 2049 1351 6243 1751 78 1817 1488 2057 414 1560 8857 1987 1418 2708 1316 365
1676 4417 317 75 331 845 1567 386 10000 1619 6309 1105 1870 131 2031 594 765 10000 83 10000 10000 809 889 580 10000 1176 1895 10000 19 1143 1745 1392 669 680 2008 68 7 151 783 5865 1990 8695 650 68 1677 803 230 5354 46 4831 309 1914 555 916 10000 76 10000 1765 10000 1754 1390 776 450 7228 1282 10000 1163 764 1372 2066 7688 771 1131 933 176 727 1533 10000 10000 1433 27 535 1705 763 2058 1358 6260 1778 78 1831 1514 2068 421 1575 8953 2013 1432 2711 1319 368
1708 4492 320 75 334 855 1579 393 10000 1651 6406 1113 1886 132 2064 595 769 10000 83 10000 10000 815 895 589 10000 1200 1929 10000 19 1151 1775 1413 675 680 2014 68 7 152 795 5937 2012 8734 657 68 1688 818 234 5444 46 4931 311 1950 560 932 10000 76 10000 1791 10000 1771 1396 792 457 7307 1293 10000 1172 767 1388 2107 7846 778 1143 950 177 737 1533 10000 10000 1464 27 535 1715 770 2094 1379 6315 1808 78 1863 1527 2106 428 1599 8975 2058 1432 2718 1341 373
1724 4540 321 75 337 866 1612 399 10000 1681 6430 1124 1921 134 2108 596 774 10000 83 10000 10000 815 899 591 10000 1201 1944 10000 19 1161 1808 1424 679 692 2043 68 7 152 798 6021 2022 8841 660 68 1724 829 236 5527 46 5043 314 1959 560 952 10000 76 10000 1813 10000 1797 1402 805 461 7335 1308 10000 1172 768 1397 2126 8016 787 1152 967 177 741 1558 10000 10000 1484 27 539 1719 781 2116 1404 6430 1834 78 1863 1549 2133 436 1620 8975 2088 1448 2724 1346 373
1732 4544 322 75 342 879 1641 406 10000 1689 6545 1126 1925 135 2123 596 788 10000 83 10000 10000 828 916 599 10000 1214 1963 10000 19 1178 1812 1428 683 706 2065 68 7 152 815 6021 2055 8998 673 68 1745 834 240 5544 46 5043 315 1970 566 958 10000 76 10000 1835 10000 1803 1404 815 467 7370 1316 10000 1175 783 1422 2156 8118 794 1157 982 177 752 1562 10000 10000 1505 27 543 1751 794 2120 1414 6498 1857 78 1882 1555 2172 439 1638 8994 2125 1455 2772 1351 380
1750 4562 325 75 345 897 1667 408 10000 1703 6685 1131 1966 136 2157 604 789 10000 83 10000 10000 829 929 600 10000 1238 1995 10000 19 1188 1825 1429 694 712 2079 68 7 152 832 6041 2093 9186 686 68 1770 842 244 5571 46 5078 321 1973 575 974 10000 76 10000 1850 10000 1809 1432 826 470 7497 1339 10000 1180 787 1431 2202 8189 804 1177 987 177 763 1569 10000 10000 1506 27 552 1771 798 2134 1430 6574 1862 78 1894 1557 2206 447 1652 9009 2132 1471 2782 1364 386
1772 4609 330 75 345 907 1690 416 10000 1709 6774 1138 1975 138 2184 607 793 10000 83 10000 10000 835 929 605 10000 1252 2035 10000 19 1209 1865 1453 701 719 2090 68 7 153 846 6081 2126 9245 696 68 1777 850 244 5679 46 5078 321 1973 587 985 10000 76 10000 1866 10000 1821 1441 831 476 7586 1356 10000 1181 793 1439 2242 8259 814 1189 991 177 766 1589 10000 10000 1525 27 555 1785 800 2149 1441 6698 1901 78 1919 1558 2232 452 1671 9131 2157 1497 2803 1387 387
1807 4703 332 75 348 924 1722 420 10000 1711 6810 1141 2001 140 2195 617 802 10000 83 10000 10000 839 931 613 10000 1255 2068 10000 19 1228 1894 1454 705 722 2123 68 7 153 855 6081 2141 9257 698 68 1807 864 244 5722 46 5172 323 1984 587 991 10000 76 10000 1895 10000 1847 1471 833 485 7753 1377 10000 1191 808 1458 2284 8287 814 1208 1003 178 781 1589 10000 10000 1525 27 565 1787 801 2157 1455 6772 1909 78 1942 1561 2254 452 1700 9182 2196 1519 2863 1402 393
1821 4743 333 75 354 926 1752 425 10000 1738 6874 1154 2029 141 2215 621 803 10000 83 10000 10000 857 950 622 10000 1275 2085 10000 19 1235 1900 1469 711 725 2129 68 7 154 864 6166 2150 9368 702 68 1845 877 244 5770 46 5242 326 2002 597 1012 10000 76 10000 1905 10000 1871 1493 840 495 7814 1395 10000 1200 809 1484 2325 8386 829 1223 1016 178 783 1609 10000 10000 1527 27 571 1809 802 2183 1487 6870 1943 78 1983 1593 2277 454 1727 9279 2198 1521 2885 1414 399
1855 4828 333 75 355 944 1783 430 10000 1753 7004 1167 2029 141 2259 631 812 10000 83 10000 10000 874 963 631 10000 1297 2112 10000 19 1260 1920 1486 722 728 2146 68 7 155 875 6268 2161 9554 714 68 1871 882 244 5899 46 5336 331 2047 604 1029 10000 76 10000 1928 10000 1901 1515 847 501 7844 1410 10000 1200 822 1513 2345 8512 838 1223 1032 181 798 1619 10000 10000 1550 27 579 1834 819 2185 1518 7021 1972 78 2006 1601 2300 463 1737 9307 2232 1522 2917 1430 405
1857 4891 333 75 360 952 1790 436 10000 1789 7009 1170 2069 142 2299 644 820 10000 83 10000 10000 879 980 634 10000 1300 2151 10000 19 1274 1953 1493 732 731 2146 68 7 156 876 6348 2175 9656 718 68 1889 894 247 5995 46 5405 336 2093 615 1034 10000 76 10000 1967 10000 1925 1523 857 506 8005 1433 10000 1206 829 1523 2360 8694 847 1248 1047 184 803 1619 10000 10000 1555 27 582 1866 825 2193 1528 7090 2002 78 2016 1634 2340 471 1753 9483 2261 1535 2925 1443 413
1892 4982 337 75 361 965 1812 442 10000 1814 7044 1175 2081 142 2337 645 834 10000 83 10000 10000 892 983 642 10000 1327 2166 10000 19 1279 1973 1521 745 737 2172 68 7 157 884 6400 2191 9662 727 68 1897 906 250 6098 46 5521 337 2107 622 1045 10000 76 10000 1996 10000 1966 1541 857 512 8125 1453 10000 1230 837 1546 2385 8821 854 1272 1056 184 805 1631 10000 10000 1571 27 594 1884 833 2225 1534 7169 2020 78 2059 1655 2362 480 1790 9694 2267 1548 2937 1448 416
1893 4990 342 75 361 974 1841 449 10000 1842 7176 1201 2103 144 2344 654 836 10000 83 10000 10000 901 985 644 10000 1335 2200 10000 19 1303 2005 1525 750 743 2216 68 7 159 894 6542 2196 9856 738 68 1923 908 253 6134 46 5601 337 2143 629 1065 10000 76 10000 2002 10000 1989 1570 871 514 8229 1467 10000 1243 840 1578 2392 8875 864 1273 1077 184 806 1650 10000 10000 1596 27 601 1926 834 2273 1552 7190 2036 78 2077 1677 2392 485 1798 9788 2314 1551 2969 1449 421
1899 5025 348 75 362 975 1876 449 10000 1871 7194 1214 2136 144 2356 667 850 10000 83 10000 10000 919 998 655 10000 1355 2219 10000 19 1330 2026 1555 763 750 2222 68 7 160 894 6622 2238 9980 739 68 1935 909 257 6242 46 5666 343 2181 640 1086 10000 76 10000 2011 10000 2026 1599 882 516 8243 1478 10000 1247 858 1596 2429 8900 879 1287 1085 184 814 1679 10000 10000 1618 27 612 1929 838 2302 1585 7321 2044 78 2101 1678 2440 485 1799 9966 2346 1581 2976 1458 425
1925 5112 354 75 362 977 1908 457 10000 1912 7239 1229 2155 144 2373 669 863 10000 83 10000 10000 938 1001 656 10000 1384 2245 10000 19 1358 2053 1587 772 765 2244 68 7 161 911 6624 2247 10000 742 68 1943 924 261 6271 46 5671 348 2195 646 1091 10000 76 10000 2043 10000 2031 1618 890 518 8377 1504 10000 1248 864 1629 2475 8988 882 1302 1096 185 826 1697 10000 10000 1619 27 617 1946 854 2324 1605 7361 2074 78 2113 1704 2473 487 1822 9997 2365 1589 2988 1484 432
1944 5138 358 75 365 978 1926 462 10000 1943 7301 1255 2192 146 2378 678 871 10000 83 10000 10000 941 1005 657 10000 1412 2264 10000 19 1375 2080 1613 785 769 2247 68 7 163 920 6656 2288 10000 744 68 1980 936 261 6377 46 5714 351 2237 649 1106 10000 76 10000 2085 10000 2064 1633 907 520 8522 1524 10000 1271 866 1663 2495 9103 894 1313 1112 185 830 1715 10000 10000 1624 27 630 1968 869 2342 1633 7514 2102 78 2159 1705 2527 492 1861 10000 2414 1611 2991 1502 433
1956 5194 360 75 371 981 1966 469 10000 1956 7435 1274 2209 148 2424 687 876 10000 83 10000 10000 957 1011 660 10000 1420 2267 10000 19 1399 2100 1644 795 770 2272 68 7 163 925 6783 2317 10000 760 68 1993 956 266 6489 46 5738 354 2263 661 1130 10000 76 10000 2107 10000 2097 1649 918 528 8620 1536 10000 1285 882 1678 2519 9294 913 1325 1126 187 846 1732 10000 10000 1629 27 637 2010 873 2386 1654 7616 2130 78 2188 1725 2575 497 1891 10000 2448 1646 2992 1517 441
1982 5233 367 75 371 1001 1994 469 10000 1969 7488 1297 2235 149 2462 699 879 10000 83 10000 10000 959 1026 660 10000 1432 2284 10000 19 1419 2120 1677 812 785 2316 68 7 165 939 6910 2327 10000 765 68 2036 964 270 6626 46 5847 358 2290 667 1141 10000 76 10000 2108 10000 2113 1669 920 529 8729 1553 10000 1307 890 1683 2549 9300 932 1331 1129 188 860 1748 10000 10000 1629 27 646 2033 891 2420 1655 7641 2175 78 2196 1745 2622 501 1907 10000 2465 1668 2998 1528 442
2008 5277 370 75 375 1022 2015 475 10000 1983 7500 1308 2275 149 2465 699 886 10000 83 10000 10000 977 1045 670 10000 1459 2296 10000 19 1447 2146 1688 814 800 2340 68 7 167 946 7028 2347 10000 774 68 2077 965 270 6768 46 5920 363 2292 678 1166 10000 76 10000 2130 10000 2113 1686 923 533 8905 1572 10000 1334 893 1709 2581 9431 936 1334 1140 190 870 1769 10000 10000 1646 27 654 2036 893 2438 1670 7772 2183 78 2243 1772 2658 505 1945 10000 2475 1704 3008 1547 448
2038 5279 374 75 375 1035 2034 478 10000 2015 7634 1326 2275 150 2512 703 898 10000 83 10000 10000 978 1068 680 10000 1466 2303 10000 19 1454 2173 1688 827 815 2361 68 7 167 959 7096 2396 10000 778 68 2102 965 275 6918 46 5961 367 2310 684 1176 10000 76 10000 2157 10000 2145 1708 923 544 8905 1580 10000 1346 912 1719 2606 9642 949 1346 1154 191 874 1806 10000 10000 1653 27 663 2053 897 2450 1703 7794 2208 78 2282 1792 2665 505 1982 10000 2517 1718 3040 1564 449
2041 5376 376 75 376 1043 2043 479 10000 2025 7776 1354 2302 152 2553 711 908 10000 83 10000 10000 982 1084 686 10000 1488 2352 10000 19 1486 2188 1693 838 820 2363 68 7 167 961 7163 2437 10000 785 68 2145 968 277 6993 46 6055 370 2330 696 1199 10000 76 10000 2168 10000 2187 1744 925 544 9034 1583 10000 1365 915 1744 2626 9705 962 1363 1158 191 889 1807 10000 10000 1660 27 676 2094 911 2456 1706 7857 2245 78 2296 1805 2725 506 2007 10000 2524 1735 3054 1579 449
2061 5413 379 75 381 1053 2086 487 10000 2057 7790 1382 2332 152 2571 724 923 10000 83 10000 10000 997 1086 695 10000 1499 2369 10000 19 1495 2188 1708 853 820 2382 68 7 167 969 7202 2438 10000 801 68 2187 982 279 7065 46 6180 375 2364 704 1203 10000 76 10000 2175 10000 2189 1751 932 551 9227 1590 10000 1378 933 1765 2643 9725 975 1382 1162 192 892 1839 10000 10000 1681 27 677 2141 911 2501 1722 7926 2248 78 2324 1835 2735 512 2049 10000 2556 1742 3119 1591 450
2104 5521 379 75 381 1074 2105 489 10000 2058 7937 1392 2349 153 2607 735 937 10000 83 10000 10000 1011 1097 708 10000 1528 2408 10000 19 1512 2200 1732 861 821 2412 68 7 168 979 7237 2450 10000 814 68 2227 993 279 7184 46 6243 380 2410 718 1207 10000 76 10000 2196 10000 2219 1766 945 561 9370 1606 10000 1398 950 1800 2671 9781 985 1408 1177 195 893 1850 10000 10000 1711 27 684 2186 921 2541 1736 8011 2255 78 2339 1867 2758 522 2067 10000 2562 1745 3160 1620 459
2125 5580 384 75 381 1090 2126 497 10000 2100 7983 1422 2371 155 2636 745 938 10000 83 10000 10000 1025 1100 721 10000 1538 2416 10000 19 1542 2229 1770 873 832 2434 68 7 170 996 7321 2454 10000 816 68 2275 1008 281 7186 46 6363 387 2416 730 1216 10000 76 10000 2207 10000 2264 1800 946 571 9573 1630 10000 1421 951 1839 2690 9828 992 1408 1182 195 898 1882 10000 10000 1717 27 691 2213 931 2583 1774 8161 2303 78 2374 1867 2812 531 2072 10000 2567 1754 3182 1624 463
2135 5643 389 75 381 1095 2169 497 10000 2145 8073 1449 2375 156 2665 752 951 10000 83 10000 10000 1025 1113 722 10000 1560 2416 10000 19 1571 2265 1779 888 838 2478 68 7 172 1016 7378 2481 10000 830 68 2298 1013 281 7222 46 6441 392 2442 733 1224 10000 76 10000 2235 10000 2308 1805 951 571 9700 1652 10000 1427 968 1859 2749 9889 999 1439 1183 197 901 1898 10000 10000 1732 27 693 2252 944 2611 1782 8203 2318 78 2427 1901 2837 536 2086 10000 2571 1765 3206 1653 472
2152 5668 393 75 382 1097 2193 507 10000 2171 8252 1468 2403 158 2686 756 953 10000 83 10000 10000 1034 1124 724 10000 1569 2450 10000 19 1605 2280 1796 900 854 2522 68 7 173 1034 7482 2503 10000 831 68 2316 1026 285 7230 46 6459 392 2459 745 1224 10000 76 10000 2243 10000 2311 1815 971 577 9738 1684 10000 1441 977 1879 2796 10000 1015 1443 1191 198 912 1923 10000 10000 1739 27 707 2254 951 2642 1788 8300 2352 78 2442 1917 2871 539 2089 10000 2600 1784 3258 1687 477
2174 5780 398 75 386 1114 2223 508 10000 2174 8372 1472 2452 159 2722 756 973 10000 83 10000 10000 1048 1137 737 10000 1598 2455 10000 19 1638 2288 1835 912 869 2579 68 7 173 1036 7565 2519 10000 837 68 2326 1040 287 7387 46 6508 395 2487 761 1242 10000 76 10000 2277 10000 2325 1827 992 587 9865 1692 10000 1463 998 1918 2797 10000 1029 1447 1214 201 926 1957 10000 10000 1745 27 716 2257 962 2696 1825 8356 2395 78 2467 1929 2877 542 2105 10000 2630 1786 3276 1721 481
2186 5797 405 75 387 1114 2244 513 10000 2191 8506 1486 2506 161 2762 771 987 10000 83 10000 10000 1056 1138 742 10000 1603 2486 10000 19 403 2309 1872 927 878 2601 68 7 175 1040 7729 2550 10000 844 68 2340 1052 287 7519 46 6538 396 2505 762 1257 10000 76 10000 2290 10000 2342 1852 1005 596 10000 1696 10000 1469 1001 1944 2806 10000 1036 1447 1232 201 939 1963 10000 10000 1764 27 731 2299 982 2703 1831 8360 2422 78 2475 1963 2940 549 2106 10000 2688 1802 3347 1753 481
2196 5800 412 75 391 1122 2294 517 10000 2197 8652 1500 2556 161 2817 781 999 10000 83 10000 10000 1078 1142 746 10000 1617 2499 10000 19 411 2356 1874 935 885 2637 68 7 178 1049 7763 2591 10000 851 68 2352 1068 290 7558 46 6628 403 2559 776 1265 10000 76 10000 2304 10000 2350 1891 1022 601 10000 1710 10000 1471 1012 1960 2831 10000 1041 1470 1250 203 948 1999 10000 10000 1791 27 740 2315 996 2750 1862 8528 2464 78 2492 2006 2962 549 2142 10000 2690 1808 3373 1790 490
2224 5800 414 75 394 1133 2316 524 10000 2208 8709 1524 2596 161 2856 795 1000 10000 83 10000 10000 1093 1149 751 10000 1640 2545 10000 19 411 2372 1909 938 886 2663 68 7 181 1057 7853 2599 10000 864 68 2402 1090 290 7720 46 6764 406 2559 791 1282 10000 76 10000 2311 10000 2374 1918 1029 612 10000 1715 10000 1487 1025 2004 2871 10000 1041 1471 1258 206 961 2041 10000 10000 1812 27 751 2356 1013 2770 1880 8572 2483 78 2539 2023 3009 556 2181 10000 2691 1832 3447 1825 496