100 80 800
219 354 6931 64 595 521 718 587 404 5044 790 311 557 383 43 484 401 620 6099 83 8921 1022 727 173 544 31 390 7562 5 347 97 747 109 8275 669 3329 382 235 724 8051 165 636 4661 508 720 643 639 635 85 272 89 481 9002 88 8814 791 395 5555 89 165 695 126 733 603 7442 1786 288 492 37 300 1483 398 26 8443 747 188 448 245 691 3381
220 355 6994 64 603 531 721 596 410 5076 807 315 561 389 43 494 401 623 6201 83 8949 1036 727 174 546 31 391 7689 5 351 98 752 109 8357 677 3388 389 238 734 8108 166 648 4674 516 734 647 640 641 85 274 90 483 9198 88 8993 807 398 5572 90 166 695 127 745 609 7541 1825 292 495 37 304 1378 406 26 8571 762 190 451 249 695 3418
221 359 7051 64 604 533 735 605 415 5116 819 318 570 389 43 502 406 625 6337 83 9023 1049 735 174 553 31 396 7822 5 358 98 766 109 8410 686 3435 391 238 740 8170 168 658 4776 523 744 650 650 649 85 275 90 486 9407 89 9198 814 406 5670 91 168 702 127 745 619 7594 1839 297 499 37 309 1379 407 26 8620 771 190 460 253 697 3477
225 362 7109 64 610 543 742 607 421 5231 819 324 574 391 43 503 411 635 6378 83 9070 1066 740 177 561 31 401 7913 5 362 98 776 110 8585 694 3475 397 239 745 8176 170 663 4790 529 744 663 655 655 85 278 91 491 9442 90 9284 829 406 5780 92 170 708 128 760 620 7733 1867 298 504 37 315 1380 414 26 8734 773 192 464 257 704 3541
225 366 7125 64 622 547 743 610 428 5256 825 328 575 396 43 324 418 640 6402 83 9157 1078 745 177 563 31 405 7952 5 363 98 792 110 8620 698 3512 404 241 756 8318 170 674 4889 540 748 674 667 666 85 281 92 496 9482 90 9338 842 407 5906 93 172 718 128 769 621 529 1892 299 513 37 316 1385 415 26 8763 773 193 469 257 716 3564
229 366 7265 64 628 553 752 617 436 5302 838 332 586 399 43 326 425 647 6485 83 9262 1090 745 180 563 31 411 8085 1 370 99 795 29 8629 710 3521 406 241 758 8357 171 683 4981 547 755 677 669 667 85 282 92 498 9491 90 9369 847 409 6027 93 174 729 128 774 629 529 1914 299 516 37 322 1387 422 26 8867 781 196 472 257 718 3632
229 366 7406 64 635 559 766 628 438 5359 850 333 598 403 43 327 433 647 6592 83 9342 1107 746 180 563 31 416 8178 1 376 99 806 29 8699 718 3582 409 241 761 8361 173 697 5034 551 768 689 670 672 85 282 93 505 9532 91 9558 863 411 6083 94 176 729 129 789 638 332 1941 302 519 37 324 1394 427 26 8944 794 198 480 260 720 3654
229 368 7505 64 639 569 781 640 443 5367 856 335 598 410 43 327 441 655 6682 83 9403 1122 755 183 573 31 420 8364 1 383 100 812 29 8779 726 3618 409 241 771 8495 174 709 5077 560 769 689 683 676 85 282 94 513 9685 92 9655 872 415 6171 95 176 731 130 804 644 338 1962 307 528 37 327 1417 433 26 8961 802 199 484 262 724 3665
233 368 7661 64 651 578 789 644 448 5424 863 337 598 411 43 328 446 655 6787 83 9499 1139 764 184 575 31 427 8406 1 383 101 816 29 8865 730 3694 415 241 774 8557 177 715 5169 567 782 701 693 678 85 287 94 522 9781 92 9752 236 416 6255 96 178 739 130 816 656 340 2000 311 528 37 329 1446 439 26 9129 808 202 492 267 739 3716
234 368 7699 64 661 583 806 657 449 5538 880 343 602 417 43 329 447 659 6830 83 9600 1146 778 184 577 31 428 8591 1 386 101 818 29 8915 733 3750 420 245 779 8585 180 730 5218 568 797 704 693 690 85 288 94 533 9949 92 9852 237 417 6380 97 178 750 130 826 664 346 2043 317 538 37 331 1469 447 26 9136 812 204 497 272 750 3784
237 372 7731 64 675 584 820 667 457 5570 881 343 606 420 43 331 453 666 6857 83 9759 1146 783 186 577 31 436 8713 1 392 101 818 29 8952 746 3802 421 245 779 8753 183 745 5220 570 804 712 706 691 85 288 95 537 9995 92 9897 237 417 6454 97 180 760 131 842 673 347 2086 323 549 37 336 1486 455 26 9272 815 205 499 276 759 3828
241 375 7765 64 675 593 824 672 460 5604 896 343 607 427 43 333 462 670 6879 51 9875 1147 793 187 579 31 437 8836 1 396 101 830 29 9014 756 3883 425 248 787 8797 184 753 5292 575 821 719 712 703 85 292 96 538 10000 92 9963 237 425 6497 97 180 766 133 855 680 348 2115 324 557 37 336 1516 463 9 9365 821 183 500 278 773 3860
245 379 7936 64 686 594 837 673 467 5637 908 347 618 428 43 339 467 678 6882 51 10000 1168 802 190 583 31 437 8993 1 398 102 831 29 9134 765 3967 429 250 797 8912 186 766 5376 583 837 725 727 714 85 297 61 543 10000 2 9991 241 425 6615 97 182 766 135 873 687 351 2127 325 563 37 342 1536 465 9 9381 826 186 505 280 777 3933
249 380 8067 64 689 598 853 673 469 5750 921 353 628 435 43 339 472 685 6904 51 10000 1168 802 192 588 31 438 9005 1 406 103 839 29 9199 779 3971 429 252 802 8966 187 781 5376 591 852 740 736 726 85 301 61 553 10000 2 10000 245 432 6661 97 182 773 135 884 693 352 2151 327 567 37 344 1569 469 9 9438 831 188 508 282 780 3952
253 381 8125 64 695 605 866 681 478 5789 923 355 638 443 43 341 477 692 6920 51 10000 1174 802 192 589 31 438 9195 1 412 103 856 29 9284 786 4033 429 253 818 9072 189 792 5444 598 868 752 749 729 85 302 61 564 10000 2 10000 245 437 6758 98 184 773 136 895 694 358 2158 329 579 37 348 1570 469 9 9517 840 189 514 285 787 3990
253 385 8176 64 705 605 866 685 481 5816 935 361 640 448 43 343 484 704 7035 51 10000 1179 804 192 596 31 444 9354 1 416 104 864 29 9461 789 4057 434 253 832 9089 192 792 5469 608 884 756 749 737 85 305 61 568 10000 2 10000 245 437 6837 98 185 781 138 900 701 359 2193 334 584 37 349 1600 475 2 9626 855 189 515 286 803 4071
257 387 8315 64 706 610 882 694 490 5878 949 367 647 451 43 349 493 713 7132 51 10000 1195 810 194 596 31 444 9396 1 424 104 868 29 9602 796 4059 440 253 839 9189 194 803 5559 611 887 772 754 740 85 309 61 580 10000 2 10000 245 438 6869 98 188 782 138 916 702 362 2225 334 584 37 352 1604 479 2 9705 870 192 517 289 810 4089
257 390 8442 64 720 611 884 698 490 5942 967 369 647 457 43 355 501 719 7265 51 10000 1205 823 196 605 31 445 9519 1 426 104 874 29 9720 805 4079 443 255 855 9301 197 811 5600 614 890 776 755 516 85 313 61 592 10000 2 10000 246 439 6902 98 190 790 140 930 707 365 2225 334 596 37 353 1632 482 2 9806 888 195 522 294 810 4093
26 397 8620 64 723 613 891 705 492 1947 981 371 649 457 43 362 503 675 7359 51 10000 1205 838 199 606 31 449 9675 1 426 104 887 29 9740 817 4115 450 258 872 9426 200 824 5600 627 909 782 758 520 85 314 61 601 10000 2 10000 250 444 6932 98 190 803 141 931 714 367 2249 336 603 37 358 1659 492 2 9897 906 197 532 297 811 4101
26 405 8642 64 732 616 899 717 496 1948 999 377 652 459 43 369 510 680 7510 51 10000 1229 854 199 607 31 449 9832 1 426 105 906 29 9796 823 4134 451 262 886 9586 201 835 5699 638 925 795 773 526 85 316 61 606 10000 2 10000 254 444 7028 99 193 809 142 937 729 367 2292 338 608 37 364 1670 492 2 9930 911 198 534 298 812 4154
26 412 8783 64 739 626 899 720 497 1973 1001 384 660 467 43 373 511 682 7548 51 10000 1230 871 201 614 31 449 10000 1 429 105 918 29 9835 839 4137 451 262 892 9615 204 838 5749 639 943 803 776 526 85 321 61 611 10000 2 10000 256 449 7032 99 194 818 143 954 734 371 2310 340 615 37 367 1697 495 2 10000 911 199 536 303 817 4171
26 419 8863 64 745 635 904 725 497 2010 1002 387 660 475 43 373 518 682 7573 51 10000 1253 871 203 614 31 457 10000 1 431 105 933 29 9962 851 4194 451 266 904 9657 206 852 5816 648 957 810 778 528 85 324 61 620 10000 2 10000 260 457 7171 99 194 820 143 958 735 377 2332 344 620 37 373 1726 500 2 10000 930 199 543 305 823 4249
26 422 9004 64 750 639 911 733 504 2054 1003 390 665 481 43 375 522 688 7745 51 10000 1270 886 203 625 31 460 10000 1 432 105 939 29 10000 865 4288 459 270 911 9665 206 860 5933 651 958 818 793 533 85 328 61 632 10000 2 10000 263 458 7206 99 197 822 144 970 746 377 2365 345 629 37 379 1747 502 2 10000 934 199 552 308 824 4312
26 424 9115 64 765 645 914 738 504 2060 1012 390 678 486 43 377 533 691 7810 51 10000 1295 889 203 633 31 468 10000 1 434 105 955 29 10000 876 4293 464 271 911 9813 207 874 6062 656 958 831 800 539 85 331 61 642 10000 2 10000 43 467 7321 100 199 839 146 976 750 384 2406 350 632 37 382 1755 510 2 10000 943 199 559 310 826 4330
26 431 9151 64 776 657 924 743 508 2098 1017 390 685 495 43 377 539 698 7960 51 10000 1301 894 206 633 31 472 10000 1 439 106 962 29 10000 891 4293 466 273 921 9881 208 890 6112 667 968 835 808 549 85 331 61 653 10000 2 10000 43 469 7323 100 200 851 146 980 756 390 2423 350 634 37 387 1770 510 2 10000 951 202 560 310 832 4352
26 434 9183 64 792 663 927 757 514 2125 1018 395 692 498 43 381 550 709 8078 51 10000 1304 903 209 646 31 476 10000 1 448 107 969 29 10000 910 4351 472 274 936 9885 210 904 6170 671 977 837 819 557 85 332 61 664 10000 2 10000 43 478 7431 100 200 862 146 981 760 392 2466 355 642 37 391 1798 512 2 10000 955 205 560 316 833 4382
26 439 9230 64 793 668 936 771 518 2161 1018 396 700 505 43 387 552 721 8125 51 10000 1319 909 210 646 31 481 10000 1 454 108 983 29 10000 924 4396 476 277 949 10000 213 915 6224 683 987 844 829 560 85 334 61 675 10000 2 10000 43 485 7500 100 203 880 147 991 153 394 2478 360 643 37 391 1808 516 2 10000 960 208 568 321 836 4437
5 440 9432 64 798 681 946 786 522 2161 1025 397 715 507 43 393 560 736 8132 51 10000 1330 917 212 654 31 489 10000 1 460 109 992 29 10000 928 4461 485 280 949 10000 215 917 6344 690 1008 855 837 561 85 340 61 680 10000 2 10000 43 485 7657 100 205 881 148 993 155 395 2496 361 656 37 392 1842 516 2 10000 975 211 580 323 836 4483
5 449 9624 64 806 689 966 786 531 2182 1039 405 717 507 43 394 565 750 8227 51 10000 1338 927 213 665 31 489 10000 1 462 110 1010 29 10000 947 4464 490 284 963 10000 215 917 6451 702 1030 862 853 570 85 340 61 686 10000 2 10000 43 491 7717 101 206 884 148 1009 156 399 2500 361 659 37 392 1858 523 2 10000 979 214 590 325 850 1020
5 452 9791 64 822 695 976 802 534 2203 1048 413 727 514 43 394 569 751 8336 51 10000 1364 930 214 665 31 493 10000 1 462 111 1015 29 10000 963 4516 490 285 984 10000 215 917 6581 714 1051 876 860 577 85 344 61 697 10000 2 10000 43 491 7806 101 206 885 150 1018 156 399 2533 364 667 37 393 1881 531 2 10000 984 217 594 325 850 1031
5 456 9948 64 830 704 979 813 545 2236 1051 416 742 517 43 400 571 758 8375 51 10000 1374 936 214 670 31 499 10000 1 463 111 1020 29 10000 981 4524 495 289 990 10000 217 918 6590 721 1061 883 864 584 85 345 61 711 10000 2 10000 43 496 7849 101 206 888 152 1030 158 407 2587 366 681 37 397 1909 542 1 10000 1004 220 596 327 854 1051
5 456 10000 64 832 717 989 818 551 2263 1071 416 744 525 43 407 574 768 8438 51 10000 1385 946 215 673 31 507 10000 1 466 111 1033 29 10000 986 4558 497 289 995 10000 68 936 6703 726 1062 898 869 592 85 347 61 719 10000 2 10000 43 503 7885 101 209 899 154 1032 158 408 2600 369 692 37 402 1909 542 1 10000 1013 224 596 327 858 1060
5 461 10000 64 839 717 995 831 562 2289 1075 423 750 525 43 411 574 778 8516 51 10000 1415 966 189 679 31 509 10000 1 474 111 1043 29 10000 992 4653 500 292 1011 10000 68 942 6734 726 1068 905 886 596 85 349 61 509 10000 2 10000 43 510 8055 102 211 905 156 1054 160 408 2624 370 693 37 409 1909 553 1 10000 1024 226 606 328 871 622
5 468 10000 64 839 726 1011 833 573 2318 1079 424 753 535 43 416 584 778 8601 51 10000 1445 981 189 686 31 517 10000 1 476 112 1063 29 10000 1011 4693 509 295 1015 10000 68 959 6819 740 1091 906 895 606 85 353 61 515 10000 2 10000 43 519 8095 102 213 916 156 1076 162 411 2677 372 706 37 409 1916 554 1 10000 1042 227 606 333 873 630
5 470 10000 64 855 740 1020 838 579 2333 1099 425 763 544 43 417 593 783 8715 51 10000 1460 996 192 693 31 521 10000 1 481 113 1086 29 10000 1022 4766 514 299 1034 10000 68 980 6942 750 1096 918 903 612 85 358 61 521 10000 2 10000 43 526 8268 102 214 935 157 1085 164 417 2697 379 718 37 411 1934 558 1 10000 1052 230 617 334 883 630
5 473 10000 64 859 753 1030 839 590 2334 1110 426 765 545 43 423 595 795 8874 51 10000 1473 1008 192 693 31 526 10000 1 488 113 1089 29 10000 1040 4857 515 301 1040 10000 68 985 6980 760 1112 926 908 615 85 359 61 522 8493 2 10000 43 532 8295 103 215 940 159 1107 164 424 2727 386 721 37 413 1972 563 1 10000 1072 230 617 338 890 630
5 479 10000 64 867 754 1031 857 591 2359 1129 433 779 552 43 424 600 802 8906 51 10000 1485 1013 195 696 31 531 10000 1 489 114 1113 29 10000 1044 4942 516 306 1059 10000 68 988 7059 771 1123 938 919 625 85 366 61 532 8678 2 10000 43 538 8304 103 216 953 159 1118 166 429 2744 389 724 37 416 2004 572 1 10000 1084 232 623 341 904 640
5 489 10000 64 885 766 1047 875 593 2364 1144 439 787 561 43 425 604 813 8938 51 10000 1512 1032 196 708 31 541 10000 1 494 115 1117 29 1591 1064 5009 526 312 1064 10000 68 1008 7184 772 1126 956 921 635 85 367 61 533 8770 2 10000 43 542 8400 104 216 966 161 1141 166 434 2754 391 726 37 421 2033 575 1 10000 1087 233 634 343 922 646
5 491 10000 64 891 776 1058 878 598 2404 1151 448 804 562 43 429 609 817 8998 51 10000 1532 1041 196 714 31 500 10000 1 497 115 1122 29 1611 1074 5073 531 313 1081 10000 68 1015 7242 772 1135 963 929 635 85 373 61 544 8775 2 10000 43 550 8534 104 216 980 161 1149 168 440 2786 396 735 37 423 2062 584 1 10000 1089 234 638 349 924 658
5 497 10000 64 894 783 1079 879 599 2417 1168 449 804 567 43 432 622 821 9050 51 10000 1558 1061 197 716 31 503 10000 1 505 115 1123 29 1611 1094 5079 535 317 1100 10000 68 1030 7280 776 1156 980 944 648 85 379 61 550 8906 2 10000 43 557 8690 104 216 986 163 1164 169 446 2847 398 735 37 431 2082 591 1 10000 1113 236 649 351 943 663
5 504 10000 64 899 786 1098 889 607 2427 1170 453 815 576 43 432 624 827 9085 51 10000 1582 1070 197 725 31 511 10000 1 514 115 1137 29 1635 1114 5178 536 322 1110 10000 68 1041 7401 783 1167 988 951 655 85 380 61 558 9043 2 10000 43 558 8797 104 216 1006 163 1182 170 447 2881 401 750 37 434 2082 603 1 10000 1117 237 653 354 957 676
5 509 10000 64 910 795 1107 905 617 2445 1186 455 827 588 43 434 632 835 9271 51 10000 1603 1071 199 728 31 516 10000 1 522 115 1142 29 1661 1129 5267 545 326 1111 10000 68 1059 7560 789 1184 990 961 664 85 387 61 569 9190 2 10000 43 559 8816 104 216 1012 164 1192 171 450 2915 408 750 37 440 2103 608 1 10000 1141 239 655 359 978 678
5 516 10000 64 920 812 1129 914 627 2459 1195 456 831 595 43 440 635 837 9340 51 10000 1636 1094 200 735 31 521 10000 1 528 116 1163 23 1666 1152 5271 548 328 1119 10000 68 1073 7698 806 1186 998 974 676 85 387 61 570 9303 2 10000 43 559 8941 105 216 1015 164 1201 173 451 2922 414 753 16 440 2137 613 1 10000 1141 241 667 359 983 691
5 521 10000 64 930 828 1152 929 638 2474 1205 465 837 597 43 444 643 845 9512 51 10000 1655 1113 203 749 31 529 10000 1 532 116 1182 23 1703 1163 5318 557 333 1122 10000 68 1073 7728 816 1196 1004 990 677 39 391 61 574 9305 2 10000 43 568 9039 106 216 1035 165 1211 173 459 2988 419 764 16 449 2162 618 1 10000 1142 241 670 363 988 695
5 526 10000 64 949 830 1167 933 645 2514 1215 466 850 606 43 449 646 850 9535 51 10000 1666 1134 205 756 31 538 10000 1 536 116 1184 23 1720 1188 5433 568 337 1125 10000 68 1081 7898 832 1208 1026 1000 681 39 394 61 584 9434 2 10000 43 570 9099 107 216 1043 166 1219 175 459 3038 422 771 16 455 2163 619 1 10000 1156 244 676 364 1002 703
5 531 10000 64 965 830 1181 940 653 2525 1240 471 857 618 43 456 658 865 9613 51 10000 1700 1145 205 763 31 540 10000 1 537 116 1185 23 1734 1197 5474 574 339 1142 10000 68 1096 8046 844 1229 1048 1008 693 39 399 61 586 9581 2 10000 43 578 9277 108 216 1055 167 1244 175 465 3073 428 786 16 461 2191 626 1 10000 1158 244 688 371 1004 711
5 534 10000 64 986 842 1181 944 663 2531 1252 479 863 631 43 464 664 871 9831 51 10000 1733 1170 205 774 31 543 10000 1 548 116 1191 23 35 1221 5589 583 344 1148 10000 68 1118 8117 856 1240 1054 1009 700 39 401 61 590 9703 2 10000 43 586 9288 108 217 1065 168 1259 175 474 3134 436 791 16 469 2215 626 1 10000 1181 248 690 378 1026 725
5 534 10000 64 994 851 1194 948 677 2535 1258 486 864 635 43 465 677 888 9935 51 10000 1751 1187 207 777 31 550 10000 1 550 117 1197 23 35 1248 5706 583 346 1157 10000 68 1140 8165 865 1260 1072 1018 709 39 407 61 593 9919 2 10000 43 590 9305 109 218 1067 169 1281 177 474 3159 436 805 16 471 2227 626 1 10000 1202 248 699 385 1046 728
5 538 10000 64 1004 863 1132 952 681 2578 1274 492 865 641 43 470 686 897 10000 51 10000 1752 1207 208 786 31 557 10000 1 560 118 1032 23 35 1249 5716 592 350 1165 10000 68 1144 8251 881 1261 1088 1020 715 39 413 61 594 9965 2 10000 43 599 9506 109 222 1073 170 1294 179 478 3215 444 805 16 480 2244 628 1 10000 1228 252 706 385 1055 742
5 541 10000 64 1008 873 1149 969 689 2592 1293 501 869 649 43 478 689 905 10000 51 10000 1776 1219 211 786 31 559 10000 1 571 119 1049 23 35 1272 5773 598 352 1187 10000 68 1149 8428 883 1272 1108 1042 716 39 417 61 605 10000 2 10000 43 609 9697 109 224 1081 170 1314 179 486 3242 446 819 16 490 2267 630 1 10000 1251 252 714 388 1075 744
5 546 10000 64 1023 877 1166 988 703 2646 1302 502 872 657 43 484 693 919 10000 51 10000 1812 1227 214 790 31 564 10000 1 577 120 1055 23 35 1283 5881 609 356 1212 10000 68 1163 8504 892 1296 1131 1053 718 39 421 61 605 10000 2 10000 43 609 9855 110 226 1103 170 1339 179 490 3310 86 821 16 499 2281 631 1 10000 1256 254 719 394 1076 744
5 553 10000 64 1037 889 1189 1000 708 2680 1324 512 891 660 43 487 694 932 10000 51 10000 1812 1235 215 806 31 564 10000 1 577 120 1073 23 35 1289 5962 620 359 1233 10000 68 1179 8580 893 1320 1133 1055 720 39 424 61 609 10000 2 10000 43 611 9944 110 230 1104 172 1368 181 500 3310 86 835 16 505 2320 634 1 10000 1279 254 726 396 1091 745
5 560 10000 64 1044 901 1210 1003 713 2692 1347 522 903 667 43 491 703 939 10000 51 10000 1833 1261 216 809 31 566 10000 1 584 121 1078 23 35 1299 5970 630 366 1248 10000 68 1191 8614 910 1348 1153 1057 727 39 432 61 612 10000 2 10000 43 618 10000 111 230 1120 172 1389 183 510 3358 86 837 16 513 2366 634 1 10000 1301 257 731 404 1091 760
5 566 10000 64 1049 911 1221 1018 713 2751 1347 523 905 678 43 497 704 953 10000 51 10000 1870 1282 216 821 31 574 10000 1 594 121 1099 23 35 1309 6093 641 366 1251 10000 68 1215 8688 915 1368 1162 1075 737 39 439 61 620 10000 2 10000 43 628 10000 112 232 1133 172 1414 183 515 3424 86 839 16 523 2404 642 1 10000 1308 259 739 409 1099 764
5 578 10000 64 1064 927 1237 1023 727 2811 1376 531 917 692 43 500 713 969 10000 51 10000 1874 1300 216 824 31 583 10000 1 603 121 1120 23 35 1325 6103 654 372 1267 10000 68 1219 8863 923 1378 1165 1096 741 39 441 61 624 10000 2 10000 43 637 10000 113 234 1154 174 1426 183 519 3424 86 842 16 530 2454 649 1 10000 1318 263 746 415 1109 775
5 580 10000 64 1073 934 1263 1043 733 2829 1397 533 930 603 43 504 727 984 10000 51 10000 1897 1328 218 824 31 586 10000 1 603 122 1134 23 35 1345 6219 662 374 1291 10000 68 1240 8967 931 1406 1187 1115 751 39 446 61 637 10000 2 10000 43 648 10000 113 238 1157 175 1450 185 521 3471 86 858 16 536 2489 655 1 10000 1346 263 747 416 1112 781
5 586 10000 64 1093 953 1274 1049 734 2863 1400 537 950 613 43 508 738 996 10000 51 10000 1910 1352 221 828 31 597 10000 1 606 122 1151 23 14 1374 6344 674 376 1301 10000 68 1247 9016 936 1415 1190 1122 760 39 453 61 650 10000 2 10000 43 654 10000 114 241 1178 176 1478 188 527 3497 86 865 16 542 2517 658 1 10000 1357 265 747 416 1130 796
5 596 10000 64 1102 961 1295 1059 740 2891 1425 544 968 625 43 513 744 997 10000 51 10000 1951 1371 223 840 31 602 10000 1 609 123 1157 23 14 1404 6446 677 376 1301 10000 68 1262 9201 954 1438 1209 1136 761 39 453 61 658 10000 2 10000 43 661 10000 115 242 1178 178 1503 189 530 3517 86 879 16 549 2529 661 1 10000 1359 267 749 422 1147 801
5 603 10000 64 1126 971 1321 1059 542 2936 1439 550 970 631 43 520 749 1001 10000 51 10000 1963 1391 224 841 31 606 10000 1 621 124 1178 23 14 1408 6462 212 378 1306 10000 68 1266 9234 955 1454 1225 1141 763 39 457 61 663 10000 2 10000 43 668 10000 116 242 1185 179 1529 191 531 3559 86 889 16 355 2531 669 1 10000 1359 268 759 422 1171 807
5 607 10000 64 1126 988 1349 1059 550 2995 1452 550 981 637 43 527 757 1007 10000 51 10000 1974 1420 225 848 31 607 10000 1 634 125 1190 23 14 1421 6489 212 380 1319 10000 68 1277 9240 956 1479 1231 1146 767 39 460 61 666 10000 2 10000 43 671 10000 117 246 1209 179 1555 191 536 3600 86 891 16 355 2559 673 1 10000 1383 273 775 430 1186 808
5 613 10000 64 1148 998 1367 1060 551 3022 1473 553 998 431 43 530 771 1027 10000 51 10000 1993 1439 229 849 31 608 10000 1 646 125 1195 23 14 1423 6558 212 386 1320 10000 68 1287 9403 971 1487 1255 1147 772 39 463 61 676 10000 2 10000 43 672 10000 117 246 1234 179 1569 192 539 3663 86 894 16 355 2566 679 1 10000 1385 276 782 435 1191 821
5 614 10000 64 1159 1006 1375 1065 556 3025 1502 563 1001 434 43 539 784 1033 10000 51 10000 2028 1450 233 850 31 609 10000 1 652 126 1212 23 14 1433 6607 212 386 1347 10000 68 1290 9494 973 1520 1267 1165 785 39 468 61 679 10000 2 10000 43 685 10000 118 246 1241 181 1582 192 539 3693 86 902 16 360 2581 687 1 10000 1400 277 794 436 1196 833
5 624 10000 64 1174 1008 1375 1068 567 3067 1520 572 1014 435 43 544 785 1035 10000 51 10000 2047 1450 236 861 31 615 10000 1 652 126 1236 23 14 1447 6704 213 393 1366 10000 68 1312 9611 974 1532 1293 1178 788 39 469 61 679 10000 2 10000 43 688 10000 119 250 1245 181 1599 192 539 3697 86 910 16 360 2597 697 1 10000 1417 280 805 439 1213 843
5 634 10000 64 1178 1018 1380 1079 578 3122 1525 575 1031 439 43 552 788 1045 10000 51 10000 194 1480 237 865 31 620 10000 1 664 126 1248 23 14 1469 6793 215 396 1370 10000 68 1328 9626 979 1557 1297 1204 805 39 473 61 686 10000 2 10000 43 696 10000 120 250 1254 181 1632 195 541 3766 86 911 16 367 2645 701 1 10000 1422 284 814 448 1215 853
5 647 10000 64 1178 1022 1407 1092 586 3163 1558 580 1044 444 43 556 788 1064 10000 51 10000 196 1492 239 874 31 627 10000 1 666 127 1268 23 14 1471 6820 215 402 1393 10000 68 1357 9715 987 1590 1312 1213 822 39 478 61 691 10000 2 10000 43 701 10000 120 254 1257 181 1654 195 544 3811 86 925 16 371 2684 702 1 10000 1431 284 814 457 1220 857
5 656 10000 64 1181 1042 1423 1102 588 3233 1565 592 1049 451 43 567 793 1067 10000 51 10000 198 1506 241 884 31 633 10000 1 674 127 1275 23 14 1496 6826 217 404 1408 10000 68 1362 9838 1000 1597 1341 1220 826 39 482 61 700 10000 2 10000 43 716 10000 121 258 1282 183 1675 198 551 3835 86 930 16 376 2731 710 1 10000 1435 284 814 463 1238 875
5 659 10000 64 1191 1042 1439 1125 600 3247 1589 597 1055 454 43 578 798 1073 10000 51 10000 198 1511 243 895 31 635 10000 1 674 128 1287 23 14 1523 6903 218 410 1423 10000 68 1376 9949 1003 1604 1361 1242 836 39 491 61 711 10000 2 10000 43 719 10000 121 262 794 184 1708 198 560 3874 86 947 16 380 2745 712 1 10000 1442 288 826 466 1241 894
5 666 10000 64 1210 1058 1464 1136 609 3248 1609 606 1066 463 43 580 802 1093 10000 51 10000 200 1517 245 898 31 638 10000 1 687 129 1303 23 14 1546 6914 222 411 1451 10000 68 1396 10000 1022 1607 1362 1250 852 39 494 61 718 10000 2 10000 43 729 10000 121 267 801 184 1720 201 561 3901 86 964 16 380 2785 717 1 10000 1458 291 833 475 1264 894
5 666 10000 64 1221 1067 1486 1160 612 3301 1625 615 1071 469 43 583 817 1094 10000 51 10000 201 1536 248 908 31 650 10000 1 690 130 1304 23 14 1556 6974 224 411 1459 10000 68 1426 10000 1034 1619 1385 1250 863 39 498 61 722 10000 2 10000 43 741 10000 122 268 810 185 1728 201 569 3929 86 976 16 380 2817 728 1 10000 1487 294 851 478 1275 894
5 679 10000 64 1222 1074 1493 1168 625 3369 1647 619 1075 478 43 594 824 1099 10000 51 10000 202 1558 249 912 31 659 10000 1 703 131 1322 23 14 1573 7082 224 419 1486 10000 68 1457 10000 1038 1652 1395 1252 880 39 500 61 730 10000 2 10000 43 751 10000 123 273 810 188 1746 204 579 4012 86 987 16 386 2866 738 1 10000 1520 298 867 481 1301 908
5 680 10000 64 1230 1085 1503 1189 637 3375 1651 45 1082 482 43 598 837 1119 10000 51 10000 205 1575 252 923 31 661 10000 1 708 131 1332 23 14 1586 7145 228 427 1508 10000 68 1460 10000 1045 1658 1415 1277 883 39 501 61 742 10000 2 10000 43 753 10000 124 275 819 190 1747 204 583 4067 86 999 16 387 2870 750 1 10000 1544 300 876 486 1328 914
5 680 10000 64 1249 1096 1514 1207 646 3401 1682 45 1089 487 43 602 846 1141 10000 51 10000 206 1597 256 934 10 666 10000 1 710 133 1338 23 14 1614 7308 228 344 1520 781 68 1465 10000 1051 1677 1417 1299 895 39 511 9 749 10000 2 10000 43 754 10000 124 275 832 192 1770 204 583 4098 86 1006 16 388 2934 763 1 10000 1578 301 883 496 1339 928
5 692 10000 64 1255 1105 1520 1222 649 3470 1707 45 1103 494 43 604 850 1159 10000 51 10000 207 1612 257 948 10 679 10000 1 717 135 1340 23 14 1620 7358 232 349 1549 787 68 1479 10000 1054 1693 1434 1320 909 39 514 9 765 10000 2 10000 43 762 10000 125 277 837 195 1791 205 588 4152 86 1013 16 394 2955 774 1 10000 1608 305 896 500 1351 940
5 697 10000 64 1265 1128 1544 1222 650 3547 1745 45 1107 499 43 606 851 1181 10000 51 10000 209 1612 257 962 10 690 10000 1 731 39 1346 23 14 1639 7413 234 356 1553 801 68 1498 10000 1058 1696 1444 1345 928 39 520 9 768 10000 2 10000 43 770 10000 126 281 853 196 1819 206 597 4196 86 1018 16 396 2993 781 1 10000 1626 310 903 507 1357 959
5 705 10000 64 1293 1147 1555 1225 662 3620 1757 45 1109 504 43 608 869 1206 10000 51 10000 212 1623 260 983 10 702 10000 1 744 39 1367 23 14 1664 7457 235 358 1555 807 68 1509 10000 1067 1711 1463 1369 943 39 523 9 779 10000 2 10000 43 776 10000 126 285 853 196 1845 208 598 4253 86 1031 16 401 3024 797 1 10000 1659 312 921 516 1360 972
5 716 10000 64 1318 1156 1562 1245 667 3695 1782 45 1124 508 43 613 887 1230 10000 51 10000 214 1636 263 996 10 713 10000 1 759 39 1386 23 14 1688 7593 236 361 1567 811 68 1524 10000 1078 1717 1475 1381 951 39 533 9 781 10000 2 10000 43 792 10000 126 289 855 197 1870 210 598 4337 86 1044 16 402 3051 798 1 10000 1681 316 929 522 1369 980
5 716 10000 64 1336 1177 1585 1263 672 3758 1820 45 1124 515 43 617 903 1246 10000 51 10000 216 1657 263 1001 10 727 10000 1 770 39 1399 23 14 1723 7743 238 361 1598 818 68 1552 10000 1078 1744 1479 1398 958 39 536 9 776 10000 2 10000 43 797 10000 127 293 864 199 1894 213 608 4369 86 1053 16 402 3116 815 1 10000 1682 317 946 529 1386 998
5 717 10000 64 1349 1186 1587 1275 586 3837 1827 45 1132 519 43 620 921 1262 10000 51 10000 219 1664 265 1002 10 728 361 1 775 35 1412 23 14 1739 7907 242 364 1618 831 68 1565 10000 1088 1767 1503 1406 978 39 536 9 787 10000 2 10000 43 811 10000 127 298 868 199 1916 216 612 4373 86 1055 16 407 3137 822 1 10000 1697 317 961 536 1395 1009
5 722 10000 64 1359 1191 1611 1298 586 3870 1844 45 1139 522 43 633 940 1271 10000 51 10000 223 1698 267 1012 10 740 367 1 784 35 1425 23 14 1762 7924 243 367 1626 831 68 1586 10000 1097 1796 1514 1406 985 39 547 9 803 10000 2 10000 43 818 10000 127 299 871 199 1938 217 620 4412 86 1075 15 415 3191 823 1 10000 1721 320 979 540 1400 1024
5 726 10000 64 1365 1206 1627 1306 592 3892 1875 45 1144 522 43 635 950 1271 10000 51 10000 223 1733 272 1027 10 740 373 1 791 35 1445 23 14 1778 7932 243 367 1626 840 68 1586 10000 1098 1811 1520 1431 997 39 548 9 820 10000 2 10000 43 832 10000 127 304 883 199 1970 217 633 4463 86 1089 15 416 3204 833 1 10000 1730 324 994 546 1423 1026
5 732 10000 64 1365 1221 1633 1334 598 3902 1910 45 1152 526 43 641 961 1291 10000 51 10000 226 1759 273 1032 5 752 376 1 792 35 1470 23 14 1797 8110 247 368 1636 848 68 1601 10000 1109 1811 1544 1459 1016 39 559 9 828 10000 2 10000 43 842 10000 128 306 894 201 1977 219 642 4497 86 1112 15 417 3214 835 1 10000 1735 328 1005 548 1425 1041
5 735 10000 64 1367 1246 1648 1343 605 3966 1923 45 1173 531 43 652 974 1304 10000 51 10000 230 1797 278 1045 5 755 380 1 804 35 1500 23 14 1828 8123 247 368 1653 863 68 1629 10000 1111 1832 1568 1466 1032 39 566 9 837 10000 2 10000 43 856 10000 129 311 908 202 1991 222 651 4553 78 1130 15 419 3220 843 1 10000 1761 330 1010 554 1441 1060
5 738 10000 64 1371 1255 1670 1363 616 4014 1947 45 1194 534 43 653 988 1326 10000 51 10000 232 1815 279 1063 5 763 381 1 812 35 1527 23 14 1836 8282 251 372 1670 873 68 1630 10000 1115 1834 1592 1491 201 39 575 9 855 10000 2 10000 43 872 10000 129 313 914 202 2022 224 657 4583 78 1134 15 422 3285 843 1 10000 1777 331 1018 562 1467 1076
5 753 10000 64 1375 1265 1700 1370 627 4089 1961 45 1196 541 43 662 1009 1335 10000 51 10000 236 1831 284 1086 5 777 383 1 825 35 1550 23 14 1853 8303 205 377 1684 880 68 1648 10000 1129 1871 1611 1517 203 39 586 9 863 10000 2 10000 43 880 10000 130 314 931 203 2040 228 669 4637 78 1159 15 353 3292 848 1 10000 1789 336 1020 568 1476 1099
5 762 10000 64 1386 1275 1715 1375 630 4182 1977 45 1222 552 43 666 1024 1360 10000 51 10000 236 1831 285 1101 5 784 390 1 837 35 1557 23 14 1876 8479 206 381 1708 888 68 1680 10000 1146 1896 1634 1546 205 39 598 9 870 10000 2 10000 43 895 10000 130 316 942 206 2042 229 675 4721 78 1166 15 358 3350 853 1 10000 1818 342 1040 569 1477 1106
5 775 10000 64 1397 1287 1724 1401 632 4243 1997 45 1244 553 43 679 1027 1377 10000 51 10000 236 1859 290 1109 5 794 390 1 852 35 1563 23 14 1879 8559 209 388 1727 899 68 1692 10000 1151 1930 1658 1574 208 39 610 9 876 10000 2 10000 43 898 10000 130 320 944 208 2081 232 686 4752 78 1180 15 361 3370 857 1 10000 1848 343 1054 574 1497 1118
5 776 10000 64 1413 1306 1731 1421 636 4287 2016 45 1262 556 43 683 1042 1406 10000 51 10000 238 1891 293 1118 5 803 395 1 854 35 1570 23 14 1905 8708 210 395 1736 899 68 1694 10000 1164 1938 1681 1596 211 39 622 9 879 10000 2 10000 43 901 10000 130 323 959 210 2088 232 690 4801 78 1204 15 368 3429 870 1 10000 1859 347 1059 579 1527 1132
5 788 10000 64 1425 1319 1750 1426 642 4330 2049 45 1276 567 43 688 1060 1429 10000 51 10000 242 1928 295 1121 5 805 399 1 863 35 1577 23 14 1937 8889 213 399 1774 902 68 1710 10000 1165 1981 1709 1600 211 39 635 9 895 10000 2 10000 43 906 10000 131 324 967 213 2125 232 700 4808 78 1229 15 368 3477 885 1 10000 1872 353 1070 591 1557 1137
5 805 10000 64 1426 1336 1756 1435 647 4393 2078 45 1277 572 43 696 1076 1443 10000 51 10000 243 1931 297 1135 5 809 407 1 874 35 1593 23 14 1980 8935 216 406 1809 918 68 1746 10000 1170 2017 1730 1631 211 39 638 9 913 10000 2 10000 43 912 10000 131 325 988 214 2162 236 711 4817 78 1245 15 374 3488 887 1 10000 1874 357 1084 595 1581 1153
5 817 10000 64 1448 1353 1769 1436 657 4448 2103 45 1297 573 43 661 1089 1470 10000 51 10000 244 1957 302 1158 5 817 409 1 876 35 1596 23 14 1989 8954 218 408 1847 918 68 1766 10000 721 2024 1735 1645 212 39 646 9 921 10000 2 10000 43 489 10000 132 331 989 214 2178 239 715 4871 78 1256 15 375 3529 890 1 10000 1889 357 1089 605 1585 1166
5 826 10000 64 1470 1375 1771 1440 665 4546 2144 45 1317 575 43 665 1102 1471 10000 51 10000 245 1993 303 1170 4 829 415 1 887 35 1612 23 14 2020 9051 219 413 1885 937 68 1799 10000 727 2039 1762 1647 213 39 656 9 927 10000 2 10000 43 489 10000 134 335 990 214 2209 240 727 4879 78 1273 15 376 3551 900 1 10000 1912 357 1113 605 1597 1173
5 833 10000 64 1480 1392 1807 1448 678 4649 2145 45 1319 575 43 674 1123 1479 10000 51 10000 246 2014 304 1177 4 837 419 1 904 35 1612 23 14 2062 9164 222 416 1897 950 68 1807 10000 735 2081 1767 1654 216 39 658 9 944 10000 2 10000 43 494 10000 136 336 990 215 2245 241 737 4986 78 1273 15 382 3584 919 1 10000 1945 361 1132 615 1613 1175
5 850 10000 64 1503 1395 1846 1469 685 4697 2171 45 1340 584 43 679 1133 1505 10000 51 10000 248 2052 308 1184 4 848 420 1 915 35 1616 23 14 2084 9266 223 416 1921 963 68 1846 10000 741 2126 1769 1689 218 39 666 9 953 10000 2 10000 43 499 10000 137 340 1006 215 2268 243 743 4993 78 1292 15 383 3658 920 1 10000 1979 365 630 620 1644 1183
5 856 10000 64 1510 1406 1862 1486 699 4786 2216 45 1365 590 43 682 1141 1507 10000 51 10000 149 2061 309 1208 4 865 422 1 920 35 1646 23 14 2098 9327 226 422 1931 978 68 1853 10000 749 2157 1808 1705 219 39 678 9 964 10000 2 10000 43 509 10000 138 340 1020 218 2283 246 749 5097 78 1298 15 383 3716 926 1 10000 1989 365 639 625 1646 1187
5 863 10000 64 1533 1406 1877 1495 702 4841 2259 45 1370 599 43 687 1161 1529 10000 51 10000 151 2073 312 1225 4 877 422 1 938 35 1659 23 14 2114 9411 230 424 1932 990 68 1881 10000 763 2172 1833 1716 221 39 690 9 978 10000 2 10000 43 511 10000 138 345 1036 218 2287 249 756 5152 78 1303 15 387 3784 934 1 10000 2025 365 650 634 1677 1189
5 865 10000 64 1554 1416 1907 1502 703 4844 2289 45 1370 610 43 690 1167 1015 10000 51 10000 153 2109 314 1235 4 887 428 1 944 35 1692 23 14 2124 9568 230 430 1971 1008 68 1922 10000 774 2191 1865 1736 222 39 690 9 982 10000 2 10000 43 511 10000 138 347 1049 222 2322 253 765 5265 78 1322 15 393 3855 949 1 10000 2031 369 650 646 1704 1207
5 870 10000 64 780 1433 1938 1535 706 4925 2319 45 1392 617 43 694 1184 1023 10000 51 10000 155 2119 317 1255 4 892 428 1 964 35 1706 23 14 2155 9614 231 430 1998 1014 68 1950 10000 775 2196 1886 1756 223 39 698 9 982 10000 2 10000 43 511 10000 138 349 1056 222 2362 255 780 5367 78 1351 15 394 3927 962 1 10000 2057 373 651 649 1724 1229
5 871 10000 64 788 1463 1973 1555 720 4957 2371 45 1409 626 43 702 1207 1039 10000 51 10000 155 2161 318 1276 4 895 435 1 979 35 1726 23 14 2198 9663 233 430 2023 1030 68 1961 10000 776 2224 1895 1784 224 39 698 9 1000 10000 2 10000 43 511 10000 139 351 1067 222 2373 255 791 5467 78 1360 15 395 3966 968 1 10000 2084 373 657 655 1736 1237
5 889 10000 64 792 1494 1992 1570 733 4990 2391 45 1421 634 43 708 1212 1045 10000 51 10000 157 2164 321 1287 4 908 441 1 983 21 1743 23 14 2205 9700 233 433 2045 1050 68 1968 10000 781 2233 1924 1805 227 39 711 9 1020 10000 2 10000 43 515 10000 141 353 1087 222 2373 259 808 5498 78 1373 15 395 4031 977 1 10000 2085 374 659 655 1774 1258
5 896 10000 64 801 1508 2013 1601 739 5052 2418 45 1433 635 43 719 1218 1067 10000 51 10000 159 2203 322 1306 4 922 449 1 997 21 1767 23 4 2206 9781 233 434 2074 1071 68 2011 10000 791 2253 1955 1836 228 39 724 9 1021 10000 2 10000 43 518 10000 142 358 1098 223 2394 262 814 5573 78 1388 15 399 4042 988 1 10000 2106 379 664 657 1788 1283