5000 1000
-3 -18 54
2 -36 -720
100 160 -736
4 80 720
4 80 388
-4 -56 -772
8 160 800
16 80 -28
1 -12 -27
-2 -20 -350
-6 120 -672
5 80 -555
16 -96 -261
2 12 18
-5 -90 -375
-3 -18 855
-2 12 270
-8 48 -712
-7 42 315
-1 -4 -12
4 32 -96
1 16 -576
-1 18 -121
-2 4 502
-1 18 -522
-2 -5 9
-2 4 -2
-3 60 915
-9 -162 -243
4 -24 -356
2 4 16
25 -250 589
16 -96 64
-1 -4 -4
9 -6 -575
4 24 68
36 216 288
-2 -9 -10
16 -32 -368
5 -50 135
-7 -14 497
3 30 -954
81 0 -216
1 14 299
2 -24 -440
-3 -6 -99
8 -48 584
-7 42 161
4 -16 -20
225 0 -225
-1 0 8
4 -32 60
256 -896 496
16 160 -800
-5 -10 -35
-5 -60 -220
-1 0 448
-4 80 -400
225 -450 225
-3 60 75
81 378 117
-2 32 16
9 180 657
8 160 -400
-3 36 -378
64 -640 832
-8 16 -728
3 18 -189
-1 -2 -145
16 -128 247
2 -8 72
9 -144 531
9 18 -27
1 9 -4
8 64 136
2 32 0
-6 -36 714
-3 -18 729
-1 -16 -469
81 -324 -576
4 64 -752
-8 -128 -312
-7 14 -35
-2 -36 972
1 14 85
5 -20 -460
2 28 418
4 16 -784
4 -28 -851
-2 36 -114
8 144 696
9 -54 -63
-5 -10 -905
9 -18 72
36 216 162
5 -40 -480
1 -18 130
-6 84 -78
-9 54 -72
9 126 -71
-1 -6 54
2 -36 -426
9 -180 -225
-1 20 -36
16 112 -980
8 -32 680
1 0 -81
10 60 450
144 -144 -476
-7 -70 -399
-3 -30 72
1 6 -183
9 36 -324
-2 -24 -152
9 -162 648
9 -72 54
1 -2 10
7 56 -574
16 48 20
4 -80 -320
36 -108 17
8 96 240
5 -100 530
-1 -6 -9
-7 112 -448
2 -12 144
1 -4 -176
5 -70 220
25 -100 -50
8 0 -800
36 -288 -448
5 -10 380
-10 20 -10
10 -5 -9
9 -90 33
1 18 -119
-10 -180 -490
-1 0 -216
16 80 -220
-10 -100 -250
-6 -48 -102
-8 112 784
-4 -72 -348
1 -2 -80
-4 24 -52
225 600 -5
4 40 -548
100 200 -880
-5 40 -55
225 750 607
-10 -180 -810
4 20 9
-3 -42 45
-7 70 959
4 -36 53
-8 -32 -32
8 -3 3
8 80 1000
100 500 481
1 18 -367
-4 -8 444
5 0 200
-9 162 -729
9 42 -167
-9 108 -288
1 2 -124
3 24 -6
9 90 225
1 16 64
6 12 0
4 72 324
2 4 2
-7 7 0
100 100 -119
-3 60 -327
2 32 -472
9 48 -260
2 16 -96
4 -40 84
-1 -18 262
-3 -30 -171
4 8 -28
36 -324 657
9 -36 36
4 8 -176
-3 54 -843
-1 10 299
100 -500 -655
6 -84 222
256 384 32
-2 -8 40
8 16 -248
-2 20 30
-6 -96 -96
1 6 -503
2 8 -64
-1 10 -25
1 8 340
-1 -16 96
81 -540 738
64 -320 -624
9 -54 -27
144 288 16
5 100 140
-5 4 10
144 -480 148
36 -72 -664
9 -8 -5
36 -180 185
-1 0 243
-9 162 711
3 -18 -729
4 24 36
-7 56 448
-10 -7 2
-10 -20 70
10 20 50
-1 -18 -481
-4 -40 -100
-3 54 -243
-1 6 -58
4 56 180
-6 -84 -264
-4 8 596
-4 -48 -256
1 -1 7
-1 16 -64
4 -40 92
4 16 -65
9 54 -819
1 -10 8
16 16 -396
-9 90 -405
144 -144 -284
-1 8 -21
400 400 36
1 -20 -548
6 -3 -4
6 84 270
-2 4 18
-2 20 -46
2 32 200
5 -70 885
4 32 -260
4 40 84
6 12 6
625 -750 150
10 -140 -10
16 -32 -59
4 -72 324
6 -60 -900
1 -4 -59
625 750 -75
-6 84 30
9 108 324
6 10 4
6 -12 66
7 -7 10
-6 36 -54
-4 -8 -388
-1 -14 1
-7 -28 539
3 42 231
16 -16 -28
5 -100 545
225 750 -500
-10 0 9
3 -48 171
6 -60 174
-2 -24 -200
9 90 -657
4 -80 0
1 -16 19
100 600 -276
2 4 2
10 -9 2
25 150 63
400 160 -9
100 -100 9
36 360 788
-10 200 -970
36 -216 -684
7 140 252
1 16 57
2 28 -286
10 20 10
-7 4 10
225 600 -320
-3 -30 9
9 36 -164
-6 -84 294
16 -160 336
-3 -60 -948
1 8 -474
64 -128 -576
4 56 156
144 576 468
1 18 -719
4 -24 11
-7 -2 -9
-1 8 -16
7 56 784
1 6 -16
-7 28 42
7 140 616
2 -40 788
2 -9 9
5 50 525
-10 200 280
-6 120 -924
144 960 250
16 -48 -348
6 -36 108
16 96 54
-3 18 -627
2 0 648
64 64 -784
9 36 324
9 18 891
5 8 2
6 -72 72
-6 4 -5
-1 16 -64
-3 -42 717
3 18 -9
-8 -48 -584
9 -90 -423
144 192 -386
1 -4 -94
3 -48 -132
144 144 -540
4 -16 112
2 0 3
2 0 128
36 168 142
2 -36 108
-4 48 -96
1 16 74
9 126 0
-2 -8 -584
4 -24 36
-8 -80 -776
3 -60 192
-2 -40 -592
-2 -8 592
16 -64 59
-8 64 -128
2 36 -342
-6 48 -420
4 64 284
-2 -8 -8
9 72 711
144 720 836
-8 -64 -928
-6 -108 486
8 96 504
16 0 -81
-1 -4 1
8 80 -304
-9 36 369
8 0 0
6 96 -216
-9 180 828
3 6 -57
-3 -18 -243
2 20 -436
-4 0 -144
10 -200 1000
-1 -18 -36
144 576 -99
-2 40 -196
-2 8 -458
10 180 780
81 54 -45
144 -672 -980
-3 48 -171
36 -216 196
5 -100 1000
5 0 0
-1 -8 -52
-3 12 69
10 -120 310
4 40 -548
-2 -32 -272
-9 -144 -216
-8 160 400
-10 20 80
-8 32 752
8 -112 -608
-8 -112 504
10 -20 730
-9 -144 -531
1 6 -477
-6 -96 -330
16 -48 -864
256 -896 784
4 -24 36
9 -162 153
-10 180 -170
-5 20 220
3 0 -300
5 -30 55
1 -18 -495
5 80 50
-2 -16 -32
7 42 98
-5 -90 -245
-3 0 24
2 -4 -6
7 112 -119
1 12 -369
8 64 -672
1 -4 -32
7 -98 413
9 -6 -62
2 0 -126
-6 24 -624
1 0 -49
-8 -96 -864
256 -256 -256
-7 -126 -567
-1 -8 -16
-7 -42 609
4 -48 -496
8 -96 416
16 -160 336
6 120 456
-3 -12 282
10 120 -40
1 18 -47
144 -192 37
9 126 329
64 -64 -752
8 -112 392
81 -108 -18
16 -320 800
-4 8 24
100 -600 888
144 504 121
256 -384 -112
4 40 100
10 -120 540
-8 0 48
4 0 300
16 -224 736
25 40 -84
36 0 -900
4 -72 30
6 -84 780
7 -28 -35
-2 28 -114
1 -8 8
-10 80 200
225 630 -359
3 12 -324
-4 72 -292
-2 20 -158
9 -24 -560
-5 30 -495
-3 -6 -339
-7 140 -574
144 432 -108
-4 7 10
2 32 224
64 512 576
-1 -2 -65
9 30 -2
-1 8 92
1 18 -324
5 50 125
-5 -10 -545
9 -60 73
-4 7 1
-9 72 -144
10 -140 -470
9 144 468
2 -16 64
-8 96 -128
-7 -84 -882
7 112 385
4 28 -451
9 -180 414
-3 42 -201
4 -80 792
64 -192 -368
-8 -144 752
-6 60 234
-4 -80 248
1 12 -164
36 360 -720
-6 96 -336
64 288 36
-3 12 132
1 10 25
2 -32 452
-1 -12 -846
1 -8 268
-6 -24 -264
-6 -96 588
3 -54 216
1 -16 -16
100 700 457
64 32 -44
-1 -20 145
144 288 144
10 100 -200
1 20 -224
-8 16 -8
1 14 -79
-5 -90 75
-3 -12 588
-8 112 -608
1 -20 -116
5 90 495
1 2 -143
-2 -24 -720
3 18 108
4 48 144
9 -126 216
5 -100 525
9 144 324
144 672 730
144 -288 144
9 -126 504
-7 126 -567
9 126 -49
-3 -42 -156
36 -72 -604
16 32 -96
1 8 -184
-2 -4 -10
-8 -48 -584
81 216 144
16 -128 60
4 -40 -412
36 216 243
144 -96 -344
16 64 -132
-8 -16 -400
-1 -20 500
10 180 270
16 128 220
3 60 -429
-6 -60 -918
-9 -180 -936
-7 84 -630
3 60 300
3 0 -3
-10 -160 830
8 -128 -512
1 -4 -284
-10 5 -1
9 180 459
4 48 148
7 42 -49
2 16 32
4 80 250
-4 -48 -224
-5 80 -860
16 -48 -220
-5 100 -300
5 20 30
16 -128 156
36 -72 -252
64 -320 0
5 50 -190
-3 -12 258
4 -64 231
16 0 0
-5 90 -85
9 -180 -675
16 -96 96
-2 20 -148
1 -2 -323
6 -120 456
16 -112 -956
-2 36 -418
-2 -40 -256
144 672 -188
5 -90 -495
-9 -108 -279
8 -64 104
-3 -30 -147
-9 144 -666
5 -40 -640
16 160 300
-1 -14 -145
-5 -100 -500
-4 56 -68
6 -72 312
-1 -6 1
625 500 -700
25 -200 393
-1 -9 -2
2 2 -4
6 -12 -876
-10 20 0
-1 6 315
36 -216 -81
-4 -48 576
1 -2 4
4 -8 -221
5 -50 85
1 -18 -27
-4 -40 -100
81 108 -846
-8 -144 -392
-10 80 80
6 48 528
144 0 -81
-6 60 -798
-2 20 -212
-6 -96 -330
1 2 -161
-10 -200 -1000
16 32 16
-1 4 -229
16 40 -983
-1 -8 144
-7 -70 -133
-3 18 -87
-4 -32 -388
7 -126 119
-3 60 -309
-1 -12 258
1 2 -3
-5 7 6
9 -144 576
-3 -36 -492
144 576 -396
2 3 -4
4 -24 -612
1 -2 1
3 18 -165
5 -90 415
2 28 98
16 64 64
-9 -54 -81
10 60 -910
-5 10 15
144 -648 665
-2 32 -108
-3 54 81
16 -128 251
16 -224 464
4 16 208
64 -448 464
-3 36 -492
100 0 -225
100 -80 -984
-3 30 681
6 72 702
10 60 -720
144 576 -864
-9 54 243
7 -126 567
36 168 196
-3 -24 -57
-2 -8 -6
16 -48 -12
100 500 481
-7 56 0
-3 42 -147
-8 160 -960
9 48 64
3 54 -45
10 0 -360
256 384 144
-7 140 -644
2 -40 136
8 96 -144
10 -120 0
5 60 -540
64 -64 -236
9 -54 486
9 162 724
36 216 243
-7 -28 420
8 -144 -136
4 -40 900
8 -80 128
-8 48 576
4 40 84
2 -28 66
10 140 590
9 54 81
-9 18 558
64 0 -216
36 0 -48
16 40 -695
4 -4 -3
2 8 28
-3 -36 372
-3 -54 -390
-9 5 -10
10 60 -390
-2 28 -82
25 -70 -751
9 -36 -54
6 108 486
-4 -72 476
-7 -14 -56
8 96 288
-2 40 200
-1 20 125
8 64 128
1 6 -396
-6 12 18
-9 -9 4
9 108 -405
225 -720 351
3 42 309
36 -108 33
2 -12 -82
1 -14 224
400 -200 -839
-3 0 480
-5 0 -375
-2 24 900
3 18 -189
144 -72 -791
6 -108 -282
64 -128 -336
4 0 -108
-4 64 -144
4 -16 -425
-4 4 -5
-6 -96 -384
7 14 -49
4 64 112
36 -252 81
36 -192 -644
-1 12 264
5 -30 -80
4 -5 -4
-7 126 -616
4 -8 -192
-6 120 -504
-1 20 -345
36 -144 104
225 -270 -719
2 16 -292
-4 -80 -528
-9 18 -9
36 360 804
10 160 640
5 -60 135
5 4 -5
9 126 153
7 -14 259
9 -180 300
9 108 196
-10 60 -90
-6 84 -294
4 -64 856
81 -162 -648
9 72 207
-2 -24 -80
-2 40 -216
7 -140 728
2 16 228
-3 24 114
6 -72 -936
-3 18 0
100 0 -800
-10 10 2
6 72 240
-9 -18 -9
-2 4 -34
6 60 -450
16 -64 58
36 96 -422
1 -18 -648
16 144 296
1 -8 -384
9 -36 4
9 -162 665
-1 18 44
7 56 161
16 112 -164
7 14 574
256 896 688
400 800 320
-1 16 48
1 10 25
-1 -2 299
6 -72 156
64 320 80
400 0 0
7 -84 245
9 54 -63
-2 28 10
8 -96 -216
5 -70 245
9 162 729
2 -32 -192
2 24 18
16 80 20
-1 20 -352
-1 10 -57
-2 -24 378
9 -126 360
-5 70 -245
3 60 246
625 -1000 -225
-1 14 113
2 -40 -200
3 6 9
625 0 -100
-6 96 -576
-5 -60 0
4 56 176
-9 -144 -567
1 14 441
1 -18 18
-8 -144 -520
16 -160 392
-1 2 242
10 -40 40
-1 14 -53
1 4 -5
-7 -70 511
9 54 -243
1 20 88
2 28 294
-7 3 1
-4 -3 -9
4 -24 144
9 144 216
5 -20 755
64 32 -140
4 8 -764
2 3 9
-9 -3 -3
1 2 -383
-10 160 -740
2 0 -196
9 0 0
-1 -2 8
16 160 -300
16 -80 -764
-5 -30 75
64 -96 36
64 192 -256
9 -126 387
4 28 -51
81 -108 -9
225 750 553
2 40 186
-2 -28 -278
-3 -60 582
5 -90 405
4 -1 -7
-8 32 8
36 120 37
-4 16 -208
9 108 324
16 96 -108
7 140 -434
-6 60 -822
9 24 -56
9 36 -72
7 0 -875
-2 36 -612
4 32 24
9 72 -106
-6 -24 726
4 40 28
-1 16 422
64 -288 -828
-4 -64 544
9 -36 765
36 -324 -135
100 100 -39
4 56 -524
2 -8 -424
-4 -80 -800
6 12 606
25 300 388
-5 -10 -455
1 4 -996
4 -8 -6
64 -256 -320
-5 0 -10
10 -40 20
3 -30 -213
4 -80 -384
-9 -2 7
-5 30 -545
-6 -84 -366
256 -896 352
-7 -3 8
-1 -4 -31
-3 -42 -483
16 -320 871
2 12 -282
16 -112 188
-2 -4 -12
4 -80 436
8 160 160
7 56 112
-3 60 -108
7 -14 -21
-4 48 -144
6 12 774
-9 162 -810
6 -48 -654
6 -36 324
1 16 56
225 900 540
25 50 -299
8 32 320
-1 -4 45
1 -18 -213
144 -192 10
2 0 162
-2 24 -72
36 192 4
1 6 -558
-4 -16 -56
144 72 -7
4 -8 -28
36 -192 112
-9 -144 -684
144 192 64
2 40 686
1 -12 292
16 48 -412
1 18 -319
4 40 -12
144 648 281
9 -6 9
-6 60 714
-1 -12 189
7 56 175
100 300 129
36 96 -179
25 50 16
10 -200 1000
5 -10 5
1 -2 -323
-1 20 348
1 -14 52
10 20 -350
5 -10 -35
1 -2 295
3 48 219
9 -90 201
-4 24 364
-1 -20 -424
10 20 10
144 648 153
9 -12 -806
8 -112 -40
-10 -20 990
-1 -6 -509
8 -32 928
1 18 78
2 -8 596
2 -36 290
10 -3 -9
1 -20 19
1 -14 -79
16 -160 -776
81 -108 -180
-1 5 6
1 -4 804
16 -64 -16
-2 -16 -64
-9 -108 540
10 40 200
-5 100 -535
8 64 256
2 0 0
16 -32 -704
4 8 -46
9 90 -118
7 -70 259
4 12 -279
8 -160 864
-8 16 16
-1 16 260
-2 12 -410
-4 -32 64
-4 -24 -36
225 450 -900
3 -6 489
10 -20 810
6 7 -8
2 8 494
-6 84 -882
9 72 -432
225 720 576
-2 -24 -104
9 108 243
4 -64 144
-8 -128 -112
10 -80 160
1 4 8
64 -448 784
5 -50 -10
8 48 -648
81 -486 504
-3 -30 -123
-6 -108 -324
4 0 0
-2 -16 -20
-2 -20 -850
10 80 160
16 160 -167
1 -4 -1
-8 6 -9
2 12 72
25 400 790
64 448 676
8 128 -64
8 64 200
9 54 81
-5 -20 80
-1 18 -77
-6 -96 -336
-1 2 599
2 36 18
144 288 -585
100 700 217
144 576 135
1 16 316
4 -32 19
-1 2 2
16 96 0
-4 72 -404
-9 108 252
2 4 74
6 60 -66
-2 24 -86
-8 -16 280
-10 80 -970
-3 -48 240
4 -16 -112
1 -8 34
4 -36 65
-8 -112 248
8 160 -224
-8 80 376
-3 -18 561
1 10 -3
3 -5 -10
36 -240 40
-6 24 -348
-10 -40 -400
6 -96 384
9 72 116
5 -10 50
2 -28 98
6 72 270
4 -8 -396
-5 80 -340
10 120 280
4 -72 180
6 -120 -900
3 -30 -117
-8 80 -200
2 -16 26
-3 30 -75
9 -36 -288
3 -24 237
1 -6 -91
9 24 -20
-10 6 -1
6 -108 702
-9 144 -684
10 -3 10
-5 100 -545
7 112 -56
5 50 5
10 -120 180
2 -1 -7
-7 70 -679
16 -224 784
1 6 9
5 -10 35
10 200 1000
-7 -126 -945
2 8 6
-2 -28 -980
225 90 -66
-10 140 -490
2 -36 108
100 -700 225
144 432 324
-10 -100 -190
64 160 100
-3 -48 672
36 324 601
1 8 -308
-3 -48 183
-4 -72 264
-9 108 126
2 -40 38
2 32 218
-5 50 -80
-1 2 -1
-9 90 -135
64 -640 -20
-4 40 300
64 32 -396
36 180 -975
2 40 218
9 7 -9
4 2 -6
9 -144 573
-5 10 -185
4 -24 -552
-10 -200 -960
-1 0 243
7 -14 -21
-2 -28 98
1 -4 -4
10 120 450
5 -50 125
1 -4 -316
10 5 -6
-5 -100 970
5 40 85
-4 24 72
3 -36 444
16 64 -192
-10 140 -730
1 -20 96
5 10 505
-5 30 675
1 -4 -401
4 -28 -931
2 12 6
-3 42 -363
-2 16 -36
-4 -48 -324
-6 120 -720
100 500 37
-9 -72 0
5 -20 -230
4 -16 16
36 144 -56
3 0 81
5 80 -480
16 288 396
5 60 405
-4 -40 540
3 -12 12
9 -126 765
-2 -16 32
-7 -56 -812
7 140 693
144 -72 -71
5 100 230
5 50 135
2 -28 -102
6 -84 834
-4 32 -448
25 -300 772
4 -20 9
2 24 0
1 -12 -364
-8 -64 448
-4 -32 -32
1 -8 -7
-6 -12 -6
-2 -12 -162
-6 -24 -624
-8 48 824
9 90 144
-6 -36 -54
-7 -70 -175
8 160 800
1 -4 -143
-1 2 -33
-9 -90 675
8 -48 360
-4 -48 -432
-1 10 191
-9 162 0
-6 -36 -540
10 -1 8
-3 42 -579
9 72 180
16 -24 -567
225 180 -589
-6 -84 666
-5 -90 -780
10 -200 1000
-8 -160 -800
3 60 300
3 -60 825
81 486 -135
6 -72 -552
6 1 2
1 0 -200
-1 -14 23
3 -36 27
-5 -60 695
-2 4 -2
25 50 25
16 -64 -132
100 -300 -799
9 126 441
4 -48 90
9 -162 837
-5 3 -7
10 100 340
2 36 126
25 -200 250
1 -16 66
10 -140 -790
-1 -3 2
-7 -14 168
-4 32 448
-4 32 -64
-4 -8 -8
25 -200 -100
1 0 -128
1 12 -664
9 -36 -36
81 -540 180
81 540 -450
2 -4 218
-5 40 -80
4 -24 -124
7 -56 336
1 -10 -175
-8 -48 648
9 108 -316
1 -4 -20
9 0 0
-2 12 -594
144 -216 -495
-6 84 456
144 648 729
-8 -96 -304
2 40 -376
-4 -64 68
-2 28 -114
-3 0 81
-4 -80 -480
144 576 192
-2 -36 -90
1 14 58
-4 -40 684
-8 80 -416
4 -32 -836
2 -32 -372
36 288 376
1 2 -323
-9 54 -225
100 100 -675
10 -120 40
2 40 272
-6 -60 -204
4 -12 -63
10 120 -40
9 -90 -450
36 48 -128
-1 14 -53
-6 0 0
-4 -64 -256
-2 -32 72
-2 -4 -290
6 108 270
-5 70 -870
5 0 -35
-6 48 -288
10 -60 340
-2 -20 350
7 -14 511
4 4 -299
-1 -4 320
1 10 -704
225 630 341
-1 18 44
4 56 236
-4 8 9
-3 30 9
6 -24 624
4 64 -724
9 -162 666
-10 8 0
9 36 -216
3 -54 243
4 8 10
-1 10 542
-3 -6 9
8 -48 504
-7 84 -266
7 -112 896
4 40 292
16 128 148
-2 12 668
16 96 -48
4 56 -188
5 -10 45
-6 5 8
-8 -9 -6
3 12 3
2 -12 818
-8 96 288
5 60 -310
10 -200 960
-9 6 10
81 216 144
10 7 -6
-4 56 -200
1 8 -65
-8 4 7
7 0 -126
9 18 -567
3 24 -924
10 0 0
36 -216 -684
1 20 -50
10 -140 490
9 6 -359
-7 98 -371
-1 -6 279
-3 -4 -6
3 -42 0
7 -126 567
-6 36 -54
1 8 -16
81 378 225
9 -180 576
-1 18 303
144 360 145
-1 -18 81
2 -20 -22
25 50 -11
4 1 1
5 -20 30
36 -168 -533
64 0 0
9 48 -44
256 -768 432
10 -160 700
-4 -16 768
100 -240 -81
1 8 -200
-2 24 928
6 -10 -3
-2 4 -802
4 -40 -900
4 -32 92
4 32 64
2 -20 48
-4 56 164
3 -60 246
1 14 24
10 -20 460
1 16 -377
8 144 136
-9 9 4
2 28 -588
9 126 393
-5 50 355
-7 -84 448
16 16 -104
10 -200 680
-7 0 -63
-3 36 -108
3 -42 363
16 192 -224
9 0 0
3 6 -21
-6 0 -600
-2 -20 100
64 192 132
-3 54 -162
1 -2 -74
9 54 81
-5 5 3
9 144 504
9 -2 5
10 -20 -90
-2 4 970
-2 32 264
-5 20 295
1 -2 -3
100 -900 -567
9 162 386
-3 -30 -45
8 -128 512
16 -32 -308
100 100 -135
4 -64 436
-10 -100 290
-2 28 -108
-6 60 -198
-4 7 9
100 -360 324
9 90 215
-3 12 588
400 -800 -896
100 300 113
-4 48 -252
10 100 250
100 100 -563
-4 40 -76
-1 -14 -561
9 18 -141
-5 10 -5
-3 18 -627
-1 -10 -121
4 40 676
-1 -2 -361
36 -72 -972
9 180 819
81 216 144
64 224 -604
256 -384 -304
-6 108 -432
-4 56 -164
36 96 -116
16 256 824
2 -40 362
-3 -12 -336
-4 32 936
-8 48 144
-9 90 342
-2 0 980
2 -24 90
6 -2 9
225 -450 162
-7 -126 -819
1 -4 4
225 -300 -341
2 4 386
3 -42 588
81 -162 -891
6 12 6
-4 -8 -4
4 -20 -983
9 -162 441
2 20 770
25 -300 772
-4 -10 -2
16 -64 -61
-5 60 -580
-7 -56 -168
36 -180 217
256 768 576
225 0 -18
-2 36 -324
-3 24 222
9 0 -162
-6 -84 -270
9 90 225
1 6 259
4 -40 -629
5 -50 -435
-3 6 -3
25 0 -108
-8 0 0
9 -36 612
225 -450 -675
4 72 -656
64 96 -972
4 -24 360
9 162 585
9 72 44
-7 -5 3
-1 -6 55
10 -120 -180
-5 -80 -680
2 -32 -520
16 80 -28
9 90 -216
144 648 585
3 -6 -483
144 96 -713
-2 -8 -24
4 -80 400
-1 0 -441
9 0 -216
4 56 392
81 540 468
-10 40 -40
-9 -144 -288
7 -98 -777
1 14 -207
2 8 4
4 -40 68
144 -384 256
64 448 208
-2 -28 62
-1 4 401
144 -288 -576
-4 -80 -544
-2 -20 -46
64 -288 196
4 8 148
4 -16 -240
64 64 -376
-1 -20 -118
1 -12 236
16 -64 28
-1 -6 216
-3 -24 -51
144 -216 -703
2 -12 418
-2 -16 318
-5 90 -405
-1 14 -245
-2 40 1000
4 -32 44
-7 70 -35
1 -12 -164
256 896 720
1 20 100
6 84 294
9 0 -324
-8 -160 -840
-2 28 874
7 -126 119
256 -384 144
-8 112 248
9 -36 36
9 108 324
25 -150 221
5 70 -235
8 -160 440
-3 -54 -627
5 10 -175
4 40 316
4 -16 -180
144 -960 -587
-3 -36 117
2 28 146
-10 -200 -910
16 -32 -327
-9 -126 855
-2 24 -72
9 -180 900
4 64 280
-1 -10 -25
10 200 900
4 -32 52
1 4 -68
100 300 -175
2 -32 384
-2 -16 -522
25 300 171
9 144 380
-1 3 7
-5 -10 85
8 -144 648
1 -4 9
4 8 -596
6 12 906
-4 56 572
6 -96 708
36 -252 -147
2 -32 92
-4 -64 64
10 160 640
-2 24 -90
-1 -20 194
-4 8 284
9 -18 -315
1 10 -269
8 160 16
16 -8 -31
4 -80 16
36 -192 -194
5 60 205
-5 40 410
625 250 -275
-3 30 -615
8 -112 264
-5 -10 5
-1 10 -61
25 50 -375
4 56 -98
-8 96 -352
8 16 -376
-1 -4 2
-8 -128 272
4 28 -975
4 -20 -675
-6 0 -240
-5 -100 -465
9 -180 580
1 -2 1
9 54 -31
9 36 0
-7 98 -532
-2 0 324
36 216 196
-6 12 18
-8 -32 -288
4 -16 -884
4 72 356
16 48 -540
25 100 64
25 -70 -851
7 42 315
64 64 -416
1 -16 -86
9 -42 -383
36 72 36
3 -30 99
-3 9 1
-8 32 480
-5 70 -805
-6 -60 -96
-8 48 184
4 64 -896
4 -16 16
2 28 -158
3 -18 327
256 128 -416
4 -64 256
100 -800 160
144 96 -209
-7 112 -133
-8 0 784
1 -6 18
-7 -112 924
-6 -48 -60
-8 -112 -968
-8 1 -7
1 12 134
-1 0 0
6 -12 168
4 -64 856
400 -600 -575
-1 4 50
1 -16 118
-9 -108 0
10 -40 40
25 300 897
-2 28 -588
-1 6 -99
9 -18 -720
9 18 -351
-1 -16 -154
4 -72 396
6 -24 324
-1 0 20
10 40 400
100 400 -400
-5 100 -500
-2 24 -72
-8 80 -200
-7 -28 84
256 384 144
-1 20 152
2 16 182
36 -360 792
400 0 -720
2 -32 -196
2 4 -198
36 72 36
225 -450 225
-1 16 -71
1 14 373
8 160 288
-2 0 -800
-2 0 400
9 180 896
2 -16 288
2 24 -72
-10 -180 -690
5 70 745
144 288 36
-6 60 -144
-1 5 -2
100 300 9
-6 48 282
36 24 -176
4 56 520
7 -70 168
4 -64 4
2 -6 10
144 -768 808
8 -80 168
-6 -96 -324
-3 60 780
-10 140 -550
7 70 -329
7 42 630
100 0 -972
-8 -64 -128
81 -216 72
-8 64 -520
-10 2 1
256 -384 112
-2 40 192
-10 -5 -9
1 -8 -304
64 576 396
5 70 -25
2 -28 -52
-2 -28 -98
16 -160 375
36 324 217
144 -768 700
6 -60 528
6 12 -102
9 -18 -432
64 -64 -384
-2 -20 174
-9 -126 -603
1 18 49
2 -12 -72
9 -36 -27
36 24 -140
100 -1000 932
3 36 858
8 32 536
25 10 -199
1 12 -564
9 0 -576
-10 140 -90
4 16 16
-4 -48 -468
-8 0 -72
64 288 308
5 10 -85
2 -20 -930
9 -72 -720
-6 -8 1
144 672 -341
144 960 -200
-1 0 100
-10 60 910
-7 126 833
6 -24 624
-9 90 -81
16 72 -351
6 -96 768
-2 40 -584
-8 -160 -784
5 60 180
-3 -18 -321
-3 -7 2
-5 -70 -405
-8 -64 -224
-10 80 -430
-7 56 238
-6 -12 -48
4 80 404
3 12 -36
-3 18 -63
10 -180 810
3 30 375
7 42 35
6 -48 96
3 -60 324
1 -2 3
6 -72 216
5 -20 340
4 80 -240
6 -120 450
144 648 585
10 140 980
4 80 364
-6 -96 -576
3 0 288
7 14 -889
1 0 27
1 -20 97
16 -160 328
-2 -36 -178
2 32 96
9 12 -32
100 -600 860
7 -84 -420
1 0 -6
-5 -60 -180
16 160 256
1 12 -54
-1 -18 -81
3 -42 39
-1 -16 -874
5 -80 320
4 8 -124
9 36 -27
9 -144 216
1 -10 153
-9 180 -612
-1 -14 -65
1 -2 301
-10 0 -960
144 -672 460
-6 60 -150
100 600 -108
16 160 372
3 1 10
-4 7 -3
-9 90 -711
-8 160 -944
4 48 744
-10 -80 -200
81 0 -81
81 270 225
3 -42 63
1 -10 61
144 -960 -650
9 108 648
36 -72 -288
16 0 -360
-1 8 -259
8 -64 704
-10 160 -560
-7 14 56
-6 84 -6
10 -140 90
1 -10 9
100 -500 561
64 224 196
4 -80 -112
100 200 -75
7 84 -273
10 2 -4
-3 0 -36
-5 70 -650
4 48 144
5 -70 -295
100 300 201
4 32 -192
400 -480 -456
-1 14 -373
-10 -6 1
2 -4 -142
5 -70 -655
-9 36 -36
-1 18 -1
64 -320 200
8 -48 0
5 -60 -945
7 -98 -98
8 48 272
8 -96 272
64 -192 -856
5 -80 0
-10 40 140
-1 2 -246
-6 60 -366
1 -16 55
7 112 448
-2 -4 -10
3 54 159
81 432 -324
5 30 765
-9 72 864
25 -40 -884
2 -12 -302
6 -72 0
-2 -28 -74
2 40 650
8 112 -904
64 -192 44
1 20 100
-6 24 -318
9 48 -26
16 -48 -564
36 -72 -54
-10 0 750
-3 -18 -81
16 -112 -124
-2 -32 -136
-6 -84 570
2 28 152
-2 16 -288
1 4 -12
64 -448 -196
1 -18 75
-5 -100 0
10 -4 8
-2 32 -136
-10 -60 -270
4 80 394
81 108 -774
2 -8 106
-10 100 500
-3 -18 -603
81 -216 117
7 -112 70
-7 -84 0
-4 32 916
7 -98 154
8 -16 56
1 -2 -161
4 64 208
81 0 -45
10 -100 250
-10 -20 70
1 -14 113
3 -30 345
10 20 910
6 0 480
-6 72 -246
1 0 -324
-5 0 -750
6 -24 192
3 0 4
400 -480 -756
1 -8 616
5 -30 365
-9 4 7
-9 180 -738
5 -20 20
1 8 -308
9 18 -216
6 -24 24
-6 12 48
9 0 -72
-7 0 630
-3 -18 933
-5 -30 -225
4 40 28
-4 -6 -10
-5 20 -270
16 48 -684
8 -64 128
-9 162 -729
-4 8 -52
1 4 -46
10 -180 10
100 600 312
8 -160 224
9 -54 -171
-2 -36 838
-5 30 830
4 -24 -988
6 120 552
64 -288 -700
16 -224 676
256 256 -192
7 -56 -168
4 -40 -60
8 144 648
4 -72 -684
36 -168 -380
9 -144 828
-7 -112 -441
7 84 588
-9 0 -144
16 -8 -447
2 -4 -646
100 100 -11
-4 56 -220
-10 20 -970
-4 16 -376
2 -36 324
7 -28 56
4 -48 -356
1 -14 97
9 -144 576
9 0 -81
6 -96 -288
-9 -10 9
-7 -3 -5
-1 2 -101
-2 32 -182
81 270 -225
-4 -64 -112
2 12 26
-1 14 -441
1 -16 -64
10 20 -10
-4 72 -912
2 4 10
36 -24 -644
36 -192 -644
-6 -108 -702
4 -12 -243
144 0 -18
-6 -2 -10
1 4 -94
256 384 96
5 20 -100
6 72 216
225 -900 900
16 -80 -92
7 0 -175
-1 20 -225
8 -128 -288
5 0 140
6 -120 744
225 -270 81
-7 28 -700
-6 84 378
5 -10 740
144 384 40
-3 -30 513
8 -112 192
1 0 -147
-7 -56 -112
-9 0 675
1 -14 41
100 -600 100
-8 -80 -200
-4 -40 -244
-3 42 -147
-10 -20 -170
-1 8 -16
36 120 19
7 -56 112
2 -16 32
-7 -42 63
2 8 -342
5 4 0
4 72 612
-8 -160 -944
1 -8 -12
3 -48 -564
1 -8 16
-3 -30 375
-3 36 267
4 -24 324
-5 -10 -485
-9 -36 846
64 320 -100
-3 -54 -240
25 -100 92
2 40 968
64 576 -972
9 -144 324
25 30 -891
-4 48 756
100 600 312
4 -8 132
6 -72 216
4 -16 -784
6 -36 -324
1 14 -98
-3 24 -39
-3 -54 345
25 200 200
-7 -112 -455
9 72 132
1 6 -631
10 -100 -200
7 -2 2
-4 40 -84
64 -320 -384
5 20 45
5 3 0
144 360 -287
81 -486 81
2 40 500
4 -72 308
-10 -120 -390
-1 14 239
1 18 45
1 -12 126
400 -960 576
-4 -24 -44
2 8 -568
-1 20 -208
1 -18 -324
6 -5 3
10 120 290
9 -180 500
-8 128 512
-3 42 -747
4 -48 304
4 32 36
9 -4 -3
-9 0 -729
4 -80 384
4 72 -476
-2 -40 -240
4 -40 -220
64 512 436
-2 8 760
81 -54 -9
144 -576 448
-2 28 -34
16 -96 -304
5 -10 -265
1 -16 189
2 -20 50
16 96 144
100 -600 -300
-4 -48 -144
5 40 -420
-3 0 18
-9 -180 558
6 12 -426
-3 -24 0
2 -16 832
16 160 351
5 70 165
4 -48 208
-8 80 -200
225 900 -396
4 -36 -619
400 320 -61
-10 120 620
4 -56 21
8 -7 -9
-3 6 -3
3 30 318
9 -144 756
-1 0 -320
-7 -14 -903
-9 -54 -81
1 0 180
-5 -80 220
-6 -108 186
6 -48 -984
-3 -48 -192
-8 -16 56
7 -14 42
4 -64 220
1 -8 400
8 0 -896
-8 48 -104
-8 32 -176
-1 20 -400
-4 9 1
-3 -18 -891
16 32 -176
225 -360 44
1 -16 60
256 256 -800
2 40 136
1 -16 32
1 4 4
100 -700 25
36 48 -713
1 -4 814
4 -72 318
1 6 -36
7 140 -875
10 -120 270
4 8 -316
7 -42 693
4 -64 207
-1 -10 -153
64 384 432
-5 -100 -820
3 -54 435
-10 -200 -760
3 12 396
-3 54 -219
-4 -72 -308
9 -144 513
25 100 73
3 -12 -420
64 64 -304
36 0 -20
8 48 120
6 -36 -270
4 16 -308
16 -256 912
9 126 396
6 -12 102
9 36 -54
2 24 72
-5 80 -320
1 -6 134
-8 32 -416
-6 -36 810
-1 -2 2
36 -252 141
4 -24 68
81 432 -234
5 -40 -80
100 360 -676
16 -24 -567
36 -48 -434
144 384 -464
-4 -5 5
6 36 114
-1 -10 -592
8 128 8
6 72 276
10 200 1000
25 -300 836
2 28 206
-3 -42 -207
8 64 352
4 0 -400
64 64 -560
-4 24 -36
-5 -90 -360
7 56 56
-2 20 -38
16 -144 292
-1 -4 23
225 150 -623
-2 24 -360
-5 100 -860
-7 112 -798
-3 60 -840
8 -1 8
-9 -4 5
6 -72 -234
-3 -54 -999
-4 -48 368
-6 -120 -450
-8 112 -392
-2 -20 -246
-6 96 -576
81 486 -153
4 -16 -229
-3 -10 9
16 -40 25
9 60 -116
-7 -9 -2
1 -14 85
9 0 -144
2 -16 -24
6 108 -972
-5 -20 -200
-5 50 -365
-10 40 -110
4 -48 136
2 16 32
1 -20 198
4 24 -36
1 0 -49
5 7 2
-5 0 140
4 16 128
9 0 -200
-3 -30 45
25 50 22
-8 16 -8
-6 7 4
-2 28 -26
6 -60 246
-4 0 7
9 -126 441
-8 -144 -672
625 -750 25
25 200 150
400 480 -756
-9 162 -954
7 -42 -21
9 12 -671
4 -48 -3
-4 -24 108
36 144 -288
3 -48 189
25 20 4
-7 56 -56
-6 48 -672
25 -150 25
10 180 760
7 42 378
4 72 324
-10 -200 -1000
64 512 704
-4 64 -904
5 -60 180
-1 20 -148
9 -12 -401
-3 18 21
10 -180 810
5 40 -640
1 -16 64
16 96 -624
-5 -10 -565
-8 -2 9
5 -40 -60
9 7 -8
1 -4 200
3 48 192
1 -18 -213
-4 -40 668
-3 -36 -972
3 -48 -144
9 162 729
81 -540 612
8 -96 288
-4 -24 -164
-6 36 -6
1 -14 249
625 -250 -375
-4 -48 -732
-2 -28 406
4 -24 -220
-6 5 -7
3 60 -900
-8 96 -688
-8 -80 -848
16 224 298
9 -72 72
1 4 604
-9 54 495
-4 -72 -164
1 -2 -215
-8 128 -608
4 56 52
-2 20 -818
100 280 -254
4 64 13
9 -36 603
-4 32 -64
2 -12 -864
1 -10 -122
9 36 -27
8 -96 320
-7 84 756
100 -700 901
4 24 936
1 14 41
5 -30 45
16 128 247
-1 10 -25
8 -112 -8
64 384 324
16 144 -252
144 -144 -988
100 -200 -224
-6 60 -750
10 80 -20
36 -144 108
-6 36 18
64 -448 528
5 -50 125
3 42 294
-2 -12 -10
8 -144 360
1 2 46
-7 70 273
1 -12 36
-3 18 648
-4 -16 20
-5 -70 -325
1 -6 -18
-2 -12 0
-4 -80 -688
2 12 268
9 -72 252
4 -40 51
3 30 723
-3 12 96
3 -24 336
4 56 164
36 -180 -575
8 -128 480
16 32 -272
2 -16 -688
1 -20 100
2 -24 72
3 -60 309
64 -64 -584
1 18 -207
144 -504 409
-4 -64 -224
-3 24 -51
3 -48 -888
9 -144 -153
25 0 -400
2 -4 974
25 -350 658
10 -160 640
9 162 729
-4 -32 96
3 48 -558
64 -224 -524
25 -90 -819
7 -84 427
2 4 786
-3 -60 -285
-10 -160 980
4 8 -20
16 -72 81
9 -180 936
36 -252 401
-7 -14 -679
2 -36 738
64 32 -124
-9 -54 -225
1 0 -441
-3 6 -3
1 -18 -431
-10 -7 -4
25 400 871
25 100 -50
1 4 -68
-3 0 756
16 32 -64
7 -84 196
256 768 384
1 -2 -224
6 -48 36
16 288 696
256 384 32
4 20 -119
4 56 196
16 256 952
100 0 -648
4 -8 -176
5 60 495
-4 40 -180
144 -192 -80
5 40 485
-5 -40 -260
2 7 -7
-3 -12 363
-5 -70 630
36 -216 324
1 12 32
-6 84 456
2 -20 38
4 -4 -63
-8 128 -352
-2 32 -28
7 98 595
-2 -12 178
-10 -80 590
-9 -126 -36
4 16 -496
-5 100 -300
25 -100 19
-8 -160 -800
-3 -48 24
-1 20 -172
36 144 120
-5 10 220
1 18 277
4 -72 360
8 128 480
16 -80 -620
4 4 -5
3 42 -588
9 -54 49
-10 -80 -410
-6 0 -288
100 -600 872
2 32 -844
25 60 -464
36 324 729
36 108 -687
6 48 -672
8 48 -320
-4 -16 964
5 -80 725
4 -80 320
-9 0 0
6 -96 870
5 40 -240
-7 140 -651
4 -56 -604
8 -32 608
-8 -64 -776
-5 10 -565
1 2 -11
-7 -84 -532
-10 -20 -810
7 56 -266
7 42 -280
144 576 468
-3 24 -372
3 -48 327
-4 8 -84
144 96 16
64 -224 -828
-3 48 -516
-4 -32 152
-2 -8 482
2 12 -878
7 -98 343
-10 -180 810
6 -48 420
-9 18 243
2 0 784
10 -120 360
2 36 162
-6 -108 264
7 -28 -476
-4 -72 -772
64 64 -164
-4 16 -16
-5 -80 -320
-7 42 -511
64 0 -288
64 96 -412
-3 30 -411
2 -12 -132
2 4 -88
-2 20 166
9 -144 216
-3 -60 456
6 -60 390
81 108 -108
144 576 0
10 -60 50
-1 -16 -127
64 -512 424
-10 -120 -1000
225 -900 333
9 72 -81
-10 100 -250
4 72 244
1 20 -145
4 32 -128
1 10 25
-7 -28 847
100 200 100
-9 -90 -801
-4 0 -16
25 300 892
-2 36 -138
-5 -30 -185
25 10 1
64 -288 -252
-6 60 -366
1 20 91
10 180 810
4 -40 -224
25 -50 -785
-2 -16 40
-5 -9 1
2 32 128
5 -60 915
16 -32 -20
-9 126 -549
9 12 -428
1 4 -50
4 48 -112
9 1 1
4 -16 -584
-7 -28 -42
3 -42 174
-4 -56 -132
-8 16 -264
3 30 -681
4 -9 10
5 30 -855
-10 60 -290
-8 0 -96
-2 -28 158
-5 -10 45
8 0 648
81 324 288
16 112 96
-9 108 -549
-4 -24 -636
-6 36 162
1 8 -368
9 -42 -761
8 112 520
-7 42 -7
100 400 112
8 128 -136
16 -64 -8
16 48 36
1 -4 -140
64 640 -960
-3 -12 -12
10 -160 190
4 -48 -756
8 -112 392
1 -20 198
225 -810 554
16 -128 -311
-5 -90 -180
36 240 238
4 32 32
81 378 -855
100 500 369
-8 -112 -448
-9 -18 801
2 28 80
8 96 -360
-9 162 -702
4 80 384
7 126 504
10 80 610
4 -20 -87
5 10 -310
-7 98 -91
1 2 -999
5 10 50
-7 -56 140
3 60 -915
6 -48 96
8 32 -768
5 50 125
10 -100 220
2 20 698
-1 12 -84
3 30 75
64 -320 40
9 -162 585
25 250 601
2 40 4
-2 -40 -326
-5 80 -320
-7 112 -420
1 16 28
4 -56 71
10 120 360
9 -180 900
144 864 432
400 640 256
-5 20 -145
1 20 92
36 180 -559
144 -504 121
10 -160 840
-3 -12 744
225 150 -191
-8 96 -320
-8 -64 160
1 -16 -377
36 108 57
2 40 296
-4 -8 320
-5 2 -2
-4 -56 -184
-10 0 900
25 -250 425
3 60 354
7 28 28
4 -72 288
5 70 -755
-9 6 -8
1 -16 28
4 -48 80
1 16 -224
-3 60 -312
-3 -60 -543
4 -56 -98
7 -4 -4
36 -144 54
100 400 76
-10 -180 -810
4 -16 48
5 40 -1000
-5 80 -410
100 -500 481
-5 -4 9
4 -6 -4
64 -320 400
1 -12 81
5 -80 500
6 48 -492
-1 -6 591
-4 -16 -32
-2 -32 -128
-5 10 75
8 144 456
144 -144 -828
2 12 504
-7 84 63
4 32 -524
1 -4 4
4 -16 -200
2 -40 -440
4 -36 -207
5 80 310
4 -16 -416
-4 -8 8
10 -80 -800
4 -72 360
1 6 -41
10 -120 440
225 -900 700
9 54 -367
9 108 999
225 -540 -126
4 56 -504
2 -16 20
64 320 272
5 -30 -45
6 120 552
9 -144 981
256 128 -560
-1 6 18
3 -18 27
2 4 386
-3 -18 -27
10 -200 280
-6 -108 186
7 -84 0
-3 42 96
-3 -3 10
-6 -36 -78
9 126 -234
36 24 4
10 -80 80
2 -40 176
2 -32 184
16 -128 0
-7 140 308
64 192 -432
400 -320 -86
-3 -30 -72
-4 -80 -256
-10 -120 -680
8 80 -600
-7 -84 -504
16 -192 351
-2 20 -50
-7 -28 -91
4 -64 208
-2 -28 294
4 48 -342
2 -4 -14
400 -960 -324
-6 96 216
-9 72 36
4 64 220
16 64 -80
-8 -96 432
225 -180 36
5 -70 -475
36 -252 -359
1 -18 69
64 320 -320
64 192 -368
36 0 -54
-3 -18 -513
-1 -2 -4
3 18 27
-2 -36 -154
-5 -40 820
-2 -8 -596
4 16 272
400 -960 -224
-8 48 -288
3 -48 219
4 48 144
6 0 -60
-1 4 -504
6 96 288
-4 32 48
6 -84 102
2 32 528
-9 -8 6
-2 -16 654
-2 0 -360
-2 -20 110
-2 -2 -10
-4 72 -612
1 20 180
2 16 -24
-8 -64 -128
2 -32 164
-9 -6 -8
7 14 -623
-1 8 -166
-1 -6 -45
-1 2 9
-9 -54 594
36 -360 180
3 24 -528
2 -8 64
-1 -4 -20
-6 0 768
7 -28 -322
225 450 -585
-1 0 0
225 720 126
-10 0 0
2 8 98
8 -96 288
4 28 -463
-8 32 -192
-5 100 -500
-3 -36 627
4 -24 -156
4 -16 -278
3 -18 177
-10 120 280
64 -96 -732
9 -54 63
10 -60 -630
1 -8 20
-10 -80 -700
36 -24 -284
1 -2 -80
8 128 896
-3 -36 180
-9 18 -9
9 -5 6
1 12 44
9 0 0
1 2 1
-3 -42 588
16 64 -132
6 -48 -174
-3 -36 81
81 -378 297
10 120 340
4 20 -231
6 -120 816
-2 16 -88
-7 -28 644
-2 8 -656
9 -126 -359
-8 -48 440
-6 -2 7
9 -162 -891
7 28 -196
4 -80 400
-10 40 600
9 -144 657
4 80 300
9 -180 851
4 3 -7
-3 42 -153
3 -24 342
-3 24 -36
5 80 240
-2 40 -200
1 12 111
-1 -7 2
-2 -28 -116
6 -36 90
-2 -8 -392
36 168 124
25 100 -400
4 0 784
-6 -108 -486
-5 90 -525
2 -32 848
-6 -48 -42
-1 20 -548
144 -864 -324
36 252 -71
16 -96 -261
2 -36 -238
-1 -10 875
-4 8 -516
-2 8 -136
9 24 -389
-1 10 50
-3 7 -9
1 4 0
4 72 540
1 -8 -9
10 0 200
-7 -126 -371
4 -56 195
-1 18 -81
2 -16 432
144 504 297
1 -4 -96
-2 20 -50
400 -960 -24
16 64 59
-3 60 -435
9 48 -17
6 -48 960
81 378 -684
-5 -100 -500
2 -12 18
4 24 -92
5 -80 350
-8 112 -136
7 140 630
3 -24 -702
1 8 1
25 -300 100
-8 -16 -152
-9 36 324
4 32 15
8 160 704
-7 14 -322
-5 40 -35
10 -40 -450
4 36 69
5 -20 20
3 6 -141
4 64 -234
4 0 -200
-5 -20 -20
-8 -128 -512
-3 0 -300
2 36 234
-1 -8 -304
36 168 -452
-10 -180 -810
4 -8 -968
-4 0 64
-10 20 970
1 -8 -432
1 10 -335
100 -100 13
9 -1 7
100 -100 -475
-10 0 200
-8 -112 760
-7 -70 203
4 -80 352
-4 56 304
25 0 -500
64 256 252
10 40 850
4 -48 -368
-6 -6 0
16 16 -780
-5 70 -650
9 -36 -27
-6 -60 120
5 -40 80
9 18 9
-8 80 520
6 -36 -594
225 -900 -558
-9 180 72
2 36 12
10 100 -70
9 -42 -95
-4 0 -9
9 90 -99
100 -360 174
16 -128 -392
-6 -96 102
-10 -180 -900
36 180 225
-9 -162 -693
7 -84 252
25 -30 -491
2 32 -256
-10 -20 240
-8 48 -120
16 -128 -149
64 -128 -800
7 -112 98
1 8 6
7 112 532
16 -64 60
1 -8 216
-1 -2 -1
3 -42 447
3 -42 -147
100 -300 81
64 128 -960
4 8 -32
-5 20 -425
-5 -6 3
-6 -36 546
5 8 -7
-4 8 -4
5 -30 -690
1 18 85
9 -18 9
-8 -128 -576
81 -162 81
1 -4 129
4 8 -696
-5 -30 -45
-3 6 -885
2 -36 0
1 10 -551
16 -144 68
9 54 243
5 100 -625
3 -42 159
144 0 -288
3 30 -366
-6 96 -168
-7 42 -399
3 -42 243
9 -54 -81
-10 -200 -990
-6 48 -312
-4 8 316
36 48 -47
16 0 -180
-4 -24 684
9 72 -3
36 216 -252
144 576 9
5 -60 990
25 250 575
-10 80 -120
-5 20 -20
9 126 -855
16 160 -896
9 -144 233
-2 -40 -216
81 540 -558
6 -36 486
25 -150 189
2 -24 272
16 128 192
-9 -36 108
5 -20 -480
16 -40 -103
-2 4 -38
36 -36 -567
81 108 -288
144 -480 -896
-10 -20 -10
8 -16 -632
144 -768 -740
1 20 -125
6 60 150
1 0 -648
8 32 32
16 192 360
7 -42 84
-9 -144 -576
9 -30 -11
4 7 9
-5 90 -405
-6 -48 -546
-10 -80 -520
-5 -90 -280
6 0 0
6 -60 132
-6 120 -984
4 0 -64
144 -288 -144
9 -6 -53
9 -18 -279
1 -12 -258
-6 -24 -36
10 140 430
-6 48 -390
2 16 -256
81 108 -450
1 16 19
-4 16 24
1 20 667
-7 -112 -952
3 54 0
7 -42 -637
-5 -10 -145
-2 36 -162
-1 -20 -100
-2 12 -180
4 80 346
-1 -2 191
4 -72 196
-10 -80 -160
-2 -12 962
4 40 -44
16 -160 336
36 180 -207
-9 90 261
8 -64 128
2 -24 -184
-2 -36 -260
3 -54 393
-5 -9 -7
25 -90 -369
3 -24 783
7 98 -707
-7 70 -203
-5 -40 730
2 -32 48
2 -36 164
-2 32 128
2 -24 -428
36 324 -643
4 16 -416
1 16 512
-10 -180 -810
144 216 -703
-4 16 -16
-5 -30 135
3 12 -3
1 12 36
16 -288 720
5 -80 -480
1 16 -17
-5 30 -45
144 672 703
9 -18 -151
5 -60 225
4 32 112
2 -32 128
9 -6 -287
4 24 -160
10 6 4
-4 -56 -388
-4 80 972
2 16 48
3 -42 897
4 -56 276
-5 -1 7
16 96 -585
-3 -12 -24
-3 -60 -840
1 18 -19
6 -60 150
10 100 180
-9 162 -729
-3 -30 -147
1 10 25
16 -80 68
4 -16 16
7 140 -175
-5 90 235
-8 112 -104
3 -6 -240
144 -576 544
-2 -16 -140
5 60 180
9 7 0
-5 -50 -530
1 14 454
-7 70 105
16 160 300
-2 8 -776
16 56 17
1 8 212
4 0 -144
25 100 -50
5 100 -500
-4 -40 92
36 -24 -320
64 128 60
9 -12 -878
-1 -20 -296
4 56 164
-4 48 496
-2 -12 162
-2 -40 -190
4 -48 16
-5 20 -20
2 -4 -160
-9 72 -585
64 320 -800
10 200 360
16 -40 -407
-8 -160 -800
3 -3 5
-2 36 -82
4 16 656
-5 -70 115
64 -512 844
-3 6 45
1 -2 -79
3 -18 -21
10 -140 -410
1 -12 -450
1 4 -806
36 180 -167
1 10 21
4 64 158
3 42 447
-9 72 432
-8 0 -360
4 80 304
-6 12 474
3 0 -240
10 -80 220
8 -9 -9
2 20 306
-7 98 -784
10 20 370
36 288 0
7 56 84
-10 -180 -910
8 -80 -16
-10 180 310
-1 8 -96
36 144 126
1 -10 -461
25 150 33
1 6 -279
225 -180 -89
-9 -18 -9
-5 40 -55
-8 -16 392
1 -2 344
-4 80 -304
2 -4 802
-2 32 -272
16 -16 4
4 -56 96
-7 -28 -28
9 108 684
-4 8 -256
-1 18 -891
5 20 420
4 16 -272
4 28 33
144 -768 952
4 20 -759
-6 12 210
3 -12 -960
9 126 153
-2 24 418
4 -40 -188
-7 -140 525
-3 60 225
-10 0 30
-2 32 -96
7 70 -875
-6 96 -384
5 60 360
5 -20 -980
3 30 75
-1 -14 -124
36 -72 -164
25 -50 -318
36 216 244
2 -8 296
3 -42 -153
4 40 -620
144 96 -20
4 -40 -12
64 -320 -400
256 0 -320
10 40 30
7 42 588
7 56 0
7 -14 7
-5 -60 380
36 144 -112
-10 160 340
1 -8 10
8 -48 720
25 300 891
25 60 -14
16 -8 -431
-2 -12 -306
64 -128 44
2 36 482
-2 28 -18
-3 24 -48
100 -400 -725
-8 -48 -72
-1 -14 194
9 -126 522
-4 -24 -4
4 64 220
-2 -4 -802
-1 16 161
4 -48 -756
4 -24 -748
5 -80 300
6 -12 678
-5 -50 -175
1 8 16
-4 1 3
-5 -60 -180
-6 -24 -324
9 -72 137
4 -32 -32
-5 -50 15
225 -90 9
6 24 24
3 -60 675
-5 -90 405
64 160 -476
5 50 -750
-2 28 52
7 -9 3
-1 6 -8
-1 16 -352
9 8 -1
6 8 -9
3 1 3
5 50 375
6 -96 384
625 500 100
10 60 -540
-6 -7 -9
16 144 -376
-2 12 126
2 -24 -228
7 -56 868
25 90 81
-6 72 -510
9 180 828
4 -40 -224
8 -48 -712
4 32 -328
7 2 -5
-10 0 0
36 96 -80
-8 -96 -288
10 140 220
16 -48 -748
-3 -6 429
-4 64 344
5 4 -7
-6 -60 -150
-9 -10 -2
-4 64 -256
-6 -3 5
3 -4 -6
10 120 110
16 160 360
-5 1 -10
-10 -40 -400
7 126 567
16 -160 -896
-10 0 0
8 -128 640
-4 -40 -676
16 -64 -448
-7 98 -399
-8 128 -512
9 -60 -44
64 256 256
100 700 825
-5 70 -220
2 -36 162
-2 40 486
16 -112 -380
-3 30 -75
16 -48 -92
3 54 219
9 -108 369
-7 126 -630
9 54 45
4 -24 36
-9 90 -225
4 -40 36
144 96 -632
9 12 -968
6 60 738
16 -96 -240
-4 -48 48
-10 -120 -720
-9 -108 -549
5 1 3
16 40 25
-8 -144 -648
1 -18 72
4 8 -44
5 -20 140
4 16 -684
16 -16 -12
16 -192 476
-1 14 -113
81 378 279
36 72 -144
-7 9 -4
7 140 -308
16 -32 -64
1 10 17
225 150 -551
9 -162 -999
2 4 2
-2 28 286
36 -72 -76
-10 -140 260
64 -128 -704
100 500 497
9 -144 144
-1 -18 -324
-7 -1 -6
400 800 400
5 80 -895
-4 48 52
36 216 300
-3 -54 405
3 -60 240
81 -270 -423
8 48 24
9 72 369
2 -36 162
-2 -20 22
-8 16 -8
2 -12 666
-1 4 221
-3 12 72
2 -20 274
-8 9 9
4 80 112
2 -8 400
4 -16 0
36 144 0
400 0 -48
8 160 544
-4 -24 972
-7 -140 -700
9 -36 -693
81 -324 252
-4 24 464
6 96 624
3 -24 -27
-4 -48 -144
-8 128 -704
-1 14 -199
-4 -16 -304
16 96 0
400 200 -407
9 -126 486
16 16 -140
10 80 410
-3 30 -318
-8 -80 -200
-6 72 -666
1 -12 27
225 630 441
8 0 -160
5 60 145
-4 -48 -124
7 -42 63
25 -150 180
5 -70 -980
9 -126 -279
144 -648 -551
1 18 105
16 -24 -135
4 40 180
-1 2 -1
16 0 -32
100 -240 -81
8 32 16
8 -8 -5
16 224 464
4 -64 256
2 -20 230
-1 14 271
5 100 -220
2 36 178
1 -16 -936
1 -16 864
-6 60 -450
-1 -20 -180
2 -40 120
1 -4 13
8 80 -400
-10 -60 -20
9 -72 63
5 0 -40
10 60 90
1 6 -591
-6 24 648
-8 0 144
-7 56 112
6 0 432
-3 54 -537
-2 -40 -424
-7 0 -896
-6 -120 48
10 6 10
25 250 382
-5 60 320
400 -640 256
3 -6 528
225 750 -725
144 0 -576
-2 2 -3
5 50 -10
5 10 630
4 24 -258
-9 72 297
8 64 80
-8 -64 -448
16 0 -512
-7 -112 -672
4 0 -180
-5 50 -185
10 -140 570
-1 18 -81
64 -128 -188
-10 -140 -210
1 0 320
-3 10 -2
-4 56 -184
-3 12 -42
6 -60 726
10 -60 -870
-2 24 144
6 -36 150
2 -8 0
2 36 64
3 42 735
-2 12 -180
-7 3 8
-2 -4 348
9 90 197
16 128 -68
5 -2 6
1 12 -139
4 16 -240
64 0 -256
64 320 80
5 70 225
9 126 436
-10 60 270
3 -12 -738
7 -70 168
8 96 312
-9 108 -342
-2 0 -20
9 30 -461
6 -36 102
9 162 601
36 36 -279
7 -2 -9
2 28 170
5 -80 325
-7 140 -924
1 18 162
1 14 454
6 0 -18
4 -7 -8
81 540 180
9 0 -45
6 -96 414
9 180 -558
-9 90 -954
-10 0 800
-8 -32 8
16 -256 926
-9 -36 -18
5 -100 680
-4 80 300
-10 5 8
2 -12 82
4 20 -7
-1 2 5
-8 80 -800
-9 -18 315
-10 20 260
-7 -56 917
4 0 -900
-1 -12 -4
4 -48 46
-7 -28 14
-10 -20 -10
4 -48 576
2 -12 -198
1 3 4
4 72 324
1 -1 10
-5 -30 -605
5 -20 -460
64 640 600
16 -64 36
1 18 -567
10 120 360
10 140 -760
1 18 -162
100 100 -487
5 -20 -480
-1 2 319
9 -36 36
2 12 -206
3 42 339
1 16 -80
-3 -60 -354
4 -72 -124
36 324 629
3 -48 180
3 60 108
100 600 864
-5 40 420
9 144 432
-8 128 -904
4 24 -89
-4 72 852
-6 -36 -54
1 16 -320
9 -144 936
9 -162 729
7 0 -84
5 -40 -40
-2 -36 -648
-4 -24 -56
6 -36 0
3 24 -702
-4 -16 -656
2 24 16
100 -400 -225
5 80 860
1 -20 55
64 128 -736
400 1000 -575
36 252 -855
4 -48 -108
1 0 -54
1 2 -3
4 -16 -65
9 162 153
144 -720 -700
-10 -140 630
-7 -98 -595
7 -14 -371
5 90 245
-2 -12 206
-1 20 -275
1 18 81
-10 -140 -560
-4 80 -400
2 -4 2
64 160 20
-1 -12 -99
1 -14 77
-6 60 -300
5 -70 245
9 -180 738
25 50 -375
3 60 396
7 28 476
-9 -36 693
25 90 -144
-1 -14 -85
-10 140 -490
-10 40 -490
9 54 81
-7 -14 35
64 -320 240
-3 6 -771
4 10 5
-5 50 415
-5 -100 -255
-6 -6 -6
7 0 -525
8 -16 72
-4 0 -400
4 0 -2
-6 96 -414
-4 24 -108
100 -400 -600
16 32 16
36 96 -386
8 32 -608
16 -8 -575
9 18 -315
-7 -28 602
25 70 -1
36 -324 729
2 -8 14
1 -4 12
2 12 10
5 90 405
7 28 28
1 -8 9
1 16 52
4 24 324
4 -8 -59
64 -448 352
-6 -84 246
-6 -108 714
-3 -18 -189
64 192 -504
36 -216 -316
-4 -64 68
100 500 625
-1 -12 -164
4 -36 -63
-2 -24 378
9 -126 297
5 -90 495
-2 -8 -2
16 0 -256
-3 42 -147
5 -80 -170
5 20 -700
25 -350 841
36 192 -32
36 324 621
8 80 40
-8 -112 -392
1 -16 109
64 256 0
100 280 71
9 -12 -50
-8 -64 -704
-4 -64 -236
36 -24 -86
9 36 -214
-10 -120 180
36 -120 100
-6 0 48
9 -36 -45
3 18 27
81 -486 -999
-8 -80 -200
25 100 -125
-3 -6 240
64 -64 -304
-9 -144 -657
81 378 216
9 24 -56
4 40 -194
10 140 560
2 0 96
144 672 766
1 -8 336
16 112 -104
81 -540 720
4 -40 84
5 -40 -280
-7 -70 -175
-5 -50 -285
6 -60 126
7 0 196
-6 5 7
-4 -32 384
-2 28 588
64 -320 208
8 80 104
-9 36 126
-8 -128 -512
2 -40 200
6 48 288
-7 -126 -504
3 -18 6
7 -70 959
81 -432 -72
-10 -120 -200
-6 60 522
-5 -80 -960
-7 56 -336
-2 -32 0
81 108 -369
4 32 36
-3 48 -84
5 50 -55
25 200 355
-1 20 -112
1 4 904
1 2 1
1 6 5
625 1000 -275
1 -12 27
36 -288 176
-4 -48 -592
-3 -12 -348
3 60 12
-9 -108 -324
1 -6 105
-5 70 380
-8 32 96
100 -300 -495
16 64 -836
5 -100 -725
-4 24 324
4 8 -32
8 96 -288
10 -120 720
1 20 37
1 18 593
5 -90 485
2 4 10
8 -96 -144
-8 144 -712
10 -180 890
-5 10 355
1 20 148
-1 16 -128
-4 -16 -592
16 -64 -960
4 -48 81
2 -40 800
-9 90 -225
4 -64 207
5 10 5
144 96 16
9 -72 468
-1 -12 -36
100 280 -604
-6 -36 -54
-7 98 -147
64 224 -380
100 -280 21
36 36 -971
8 -144 648
-8 80 16
4 32 63
-2 -8 -8
16 192 448
7 -56 560
3 -18 -21
1 20 356
-4 -64 -60
100 -600 772
-1 4 -200
-2 36 138
9 60 100
2 -36 -238
8 -96 160
3 3 9
-7 -14 -511
5 60 225
6 24 0
-10 40 -40
144 -360 -159
4 40 -80
-8 112 -104
9 180 800
144 288 72
9 72 288
225 90 -891
16 -192 569
-3 -30 117
-5 30 955
16 -160 392
-6 24 840
9 -162 729
-3 -54 57
-9 -108 -756
-9 162 -153
-7 112 -511
16 72 -719
4 40 52
5 0 980
-6 -96 -384
3 -60 156
-4 64 -56
3 54 432
-6 36 -198
64 448 384
-8 -5 6
-6 48 -246
4 16 16
7 70 175
5 10 125
6 -48 -672
-5 40 -215
-1 -16 -64
-1 0 0
25 90 -819
-3 -60 450
16 -128 148
-6 -108 -366
-2 36 -186
-9 -36 -216
400 160 16
7 -28 280
2 0 -300
2 -12 -558
144 720 516
4 -72 174
-10 -100 -530
1 4 364
-9 -108 -216
16 32 -176
225 450 -351
16 -48 -144
2 -12 18
36 -180 -747
10 -200 -470
-7 -84 -448
1 -4 4
8 -80 -600
-9 -72 -189
-5 -50 -305
64 0 -432
1 2 701
4 36 -431
1 14 -147
-9 -5 8
225 -450 225
16 -8 -639
9 126 401
-7 126 -455
400 -640 131
-1 -4 -196
9 -162 648
7 28 -35
-5 80 160
16 256 926
6 9 -5
1 -20 -150
4 20 -775
1 4 13
-1 14 -161
4 24 28
16 -32 -112
10 -140 890
36 -216 -324
64 192 -144
-5 -30 -365
-8 112 184
5 -70 245
4 16 16
-10 200 -20
-2 -36 -226
9 108 324
25 300 900
1 18 256
-8 -144 -264
3 -30 -225
9 -162 601
-1 20 -90
-9 -10 -1
-5 0 8
-4 24 -20
-8 -80 -200
144 768 916
-9 126 45
3 60 780
25 20 -21
9 18 -243
-3 48 -192
2 20 374
-2 28 -8
9 -54 -801
-7 70 -231
5 10 9
3 24 144
16 224 772
8 -48 72
1 4 388
-3 -6 93
1 -14 292
-7 140 -525
144 576 414
8 -160 -800
-2 0 -288
16 0 -405
64 -384 256
-5 -60 630
-1 -10 335
6 72 432
-1 -4 60
-2 8 280
-6 -72 -258
-5 90 -405
1 2 197
81 -162 18
1 10 -11
-7 -14 -259
-5 -100 -535
-10 60 -110
-7 0 -42
36 216 -700
-3 -30 -267
-7 -70 -875
16 -224 656
9 -54 -405
16 -128 -528
-7 14 0
16 -80 4
1 8 -794
-10 180 270
8 128 768
-4 72 -196
9 -108 -476
144 -144 -28
9 -126 98
-4 9 10
7 -28 -350
64 -160 -28
256 256 32
3 -48 192
25 0 0
100 240 -656
4 20 -487
6 -120 558
25 -250 -175
6 60 246
4 64 231
-10 60 -490
-6 120 -750
-9 72 -234
-7 -2 -7
8 80 168
9 -12 -401
-5 -50 -125
3 36 72
-7 0 0
2 -28 530
-1 -14 -177
-7 -42 -63
4 -72 836
1 10 23
100 80 16
3 -60 825
8 -80 -24
100 -400 -825
36 -24 -32
9 54 369
4 8 68
16 -256 576
-7 84 0
4 8 -2
-4 -1 -2
1 4 -5
36 72 -45
-8 80 -248
-8 -112 -392
-3 4 9
-5 -80 -220
3 0 -27
-9 -54 9
-1 18 -465
10 40 130
4 40 52
-4 -72 -468
-10 140 -470
-3 -30 825
-1 6 -265
1 20 247
-6 60 -534
4 56 195
2 -36 -94
5 -100 500
7 84 476
4 28 33
144 144 -12
6 -120 978
-5 0 -720
16 -72 -239
225 -450 -375
8 -64 344
-6 -84 378
-10 120 40
2 -16 32
2 32 290
4 -72 323
9 -90 193
9 0 -800
7 -28 714
-8 160 -152
16 -80 100
-5 -10 -45
-1 4 -604
8 -64 288
-1 14 356
-5 40 55
25 50 25
1 18 324
-6 12 -6
-9 -90 -225
-8 64 -288
16 -160 200
-9 180 -495
-1 -14 -97
-1 -8 -16
1 6 -1
64 -32 -508
10 -80 160
-4 -72 60
-3 48 78
2 -20 554
9 54 -79
7 -28 21
-3 -48 -408
5 -10 -400
4 -16 -48
16 112 -776
4 -56 68
-1 10 225
-3 -42 -282
3 36 156
-7 -5 -1
8 -96 888
-9 -18 -9
4 80 -248
-3 10 2
81 -540 -423
9 -90 225
1 -14 859
16 192 468
16 -96 32
81 -378 117
7 126 -329
16 80 68
7 70 231
-10 -6 -5
5 -30 185
9 -54 297
5 -20 20
6 -120 360
-9 -72 -576
-1 -6 -29
64 -192 144
64 640 -20
144 72 -791
-10 -180 -180
8 80 -824
5 30 285
100 -900 -243
6 -60 -144
-6 -72 -510
-2 -12 -54
-3 -42 -120
6 -24 924
6 84 594
36 240 -896
3 42 219
-3 -36 -156
9 -54 81
4 48 144
9 -8 4
2 8 -136
25 -30 -66
10 80 210
-10 60 550
8 -96 304
4 16 4
8 32 32
2 -40 560
81 540 684
9 18 9
10 -20 730
-2 -28 158
36 252 361
8 -80 224
-1 -20 -36
7 -126 455
3 -48 -780
-2 40 304
5 -100 -500
3 8 -9
16 0 -432
-6 60 -534
81 108 0
4 -64 384
4 40 -800
-1 10 11
2 36 -972
10 -200 190
36 24 -68
100 400 380
-7 0 -49
-7 28 -280
-8 80 -56
-5 -60 460
25 -50 25
-4 72 -340
-9 -18 -189
144 768 880
5 -70 645
-2 -20 -194
100 -200 -12
1 6 105
-1 -2 -649
625 -250 -175
-2 20 -450
36 0 -4
-9 -72 504
-3 0 -972
-6 108 -6
16 160 400
1 6 -81
1 2 1
36 72 -126
9 0 -648
9 -126 -531
-6 -8 7
144 144 -76
1 -8 516
16 -224 784
36 48 -560
-6 72 648
6 84 744
-2 -8 504
1 -10 9
16 64 -64
2 -32 152
8 -144 776
-6 -60 -102
-4 -16 -416
1 16 -436
-1 4 59
3 -10 -4
-2 -36 720
-1 14 518
-10 -20 800
9 -144 432
-2 -40 -200
400 -320 -186
6 72 -270
-3 18 837
-5 -30 -45
-6 108 282
100 100 -167
400 1000 -575
1 2 0
-9 -144 -576
-1 -8 48
16 -192 401
36 252 405
9 -180 753
6 -96 432
256 -384 -864
-4 -24 612
1 -18 32
400 -320 -836
2 -12 -570
64 0 -36
3 -24 123
3 48 -249
64 -128 -96
9 0 0
256 -640 -400
9 -54 73
8 96 360
4 8 -284
-9 -9 -9
1 4 11
5 50 665
-1 -10 -25
-3 42 717
225 -300 -224
16 112 68
144 -768 -326
400 -320 -111
7 -28 -224
64 -576 708
1 14 -335
1 20 28
225 -750 400
4 -64 616
-1 -4 5
9 72 873
-2 36 230
-2 -16 96
-8 -80 -280
1 20 296
16 64 56
-3 -54 507
144 144 -284
-3 24 276
144 -672 334
-3 -6 537
64 -256 -192
6 -36 246
-3 -54 -531
36 288 576
-8 -128 -496
2 -32 148
2 16 -992
100 120 -864
9 -36 -114
-2 20 -50
144 0 -441
1 4 -725
10 140 -230
-2 20 -114
-2 4 126
-5 80 -560
4 8 -176
7 -56 -938
3 -2 2
16 -80 -684
64 128 -48
6 -96 384
-5 9 2
-4 -80 972
-7 28 -28
-10 -20 -550
-5 -40 -80
16 0 -36
4 16 160
-2 -32 -478
144 -576 288
9 54 -279
8 32 32
-4 -48 640
1 4 -996
2 8 8
-10 60 -90
-5 -70 -565
-8 -128 -512
7 -126 -567
100 -320 31
144 504 -327
-3 54 132
-8 -112 408
-4 80 -364
9 36 -864
4 -4 -899
-7 -28 -252
-3 -30 -210
4 -8 -20
9 -90 225
1 -20 100
7 -70 287
-1 4 4
10 -20 250
6 -108 270
6 60 -150
25 150 97
-10 120 450
9 54 -351
1 12 612
1 -4 -296
-10 20 350
-4 -72 -128
9 -36 -540
9 36 360
36 -144 -504
1 -4 4
-2 -4 142
1 -8 -327
2 32 776
3 -30 75
-4 40 188
7 140 784
-6 -12 -198
-1 14 -49
144 768 988
-1 -6 -303
16 -64 -260
5 -60 205
-9 18 -9
-4 48 256
256 -384 -288
9 -36 -139
1 -2 151
-3 -18 945
-7 -70 -875
7 42 126
144 -432 -828
25 -50 7
2 24 72
3 -30 -150
-6 120 -300
5 -100 500
6 -36 918
10 40 40
4 64 508
1 -18 6
625 -500 -350
36 0 -40
9 72 396
16 96 132
16 -80 100
-2 16 76
16 224 720
-4 -8 -4
10 120 480
-9 126 -927
36 216 -876
1 6 -216
9 54 49
6 -96 -48
9 -12 -14
-5 50 -45
4 -80 400
-10 -160 -480
-2 -32 -308
1 2 -146
9 126 392
-4 80 -272
-2 -24 184
7 -98 595
7 28 -868
4 -48 144
-4 -24 -252
-2 -24 278
8 128 512
144 0 -324
1 -4 324
-2 -4 0
400 1000 -143
1 4 229
2 -3 2
7 -14 35
-2 28 30
10 -60 90
3 24 264
9 30 25
7 -84 182
-4 -72 -964
-1 4 239
81 -324 297
-4 64 -216
-6 -72 -120
36 0 -36
3 24 -393
16 -16 -140
-3 54 -216
16 -96 94
-4 24 -804
-1 -14 -561
16 -16 -572
6 -120 600
9 -144 351
100 -200 100
-1 -12 164
3 -6 246
81 378 153
-5 0 -90
3 12 12
9 54 405
-3 54 -351
225 -810 679
36 288 396
25 150 217
1 16 -17
9 108 24
9 -180 836
100 -400 112
4 48 -156
9 18 -54
-1 -14 463
10 -100 880
-1 -4 -67
4 48 744
-6 48 -744
1 -10 -25
-5 -60 -195
-7 -70 -7
5 -70 210
10 200 -1000
9 -18 -241
-5 -30 -525
5 -80 320
5 10 -9
64 256 -724
1 0 -200
-5 -80 895
-5 60 -225
9 0 -441
-1 -4 246
4 -8 604
5 10 -25
-6 -84 882
-7 112 -448
8 80 848
5 80 820
-1 -4 -804
8 -160 -928
-2 -28 -88
225 -810 604
-10 2 -4
9 108 360
16 128 246
-6 -7 8
-4 32 -576
2 32 200
-4 -24 -336
100 40 -196
6 120 384
4 -16 -551
5 7 -4
-7 56 112
3 -36 108
-4 -8 12
2 -32 -68
3 -54 243
-5 -90 -565
64 -448 272
-3 0 384
2 12 18
5 -60 260
9 3 3
-5 -60 -210
3 -60 12
7 -98 168
256 -896 -496
100 -300 193
-10 140 -430
4 40 -710
4 48 -18
-10 60 -890
81 486 729
4 -72 261
-2 -3 -3
7 -28 217
5 -30 45
9 -60 -152
64 448 656
-2 16 778
7 -70 -833
-10 180 -810
-9 180 -252
8 -144 840
-2 -40 -272
4 8 164
1 18 -367
1 4 -796
-9 -162 621
-2 -12 54
-7 -126 -791
-10 160 -730
81 -540 252
4 -64 -444
100 -700 833
4 -56 196
1 6 329
100 500 517
6 12 -138
-10 160 440
-1 -16 -320
25 150 225
8 -160 760
8 128 592
5 10 -715
2 32 776
1 -20 154
-7 70 945
100 -200 -924
1 -16 109
-1 -14 294
8 -96 -888
1 -20 136
225 -360 144
10 0 0
10 -60 810
16 -288 729
-8 128 -464
16 -112 -392
-5 -60 -180
1 -8 -59
100 -500 513
6 -96 384
3 24 -627
-10 -200 -1000
36 -96 -836
10 180 750
9 -48 -584
5 -20 -780
2 -12 -62
100 0 -384
1 -2 -485
4 -8 -60
225 300 -188
16 0 -128
1 2 -244
-10 180 -790
7 -140 700
3 54 627
-5 -40 -280
-7 0 -14
-9 -18 711
4 -8 4
8 32 32
-10 -120 -40
7 -42 63
5 60 180
225 810 -871
-4 -80 -400
-5 70 235
-7 -84 -224
-10 -40 50
-7 -14 14
-2 -6 3
16 32 -327
225 450 -675
16 160 148
-2 -12 -18
2 40 788
2 12 14
25 -90 81
8 -48 216
-7 -126 -623
1 -3 -1
-3 -36 -120
-2 -16 -122
-9 108 -900
-6 36 846
1 -14 199
-9 -162 -729
-9 -72 720
8 -128 384
36 -180 -95
-8 0 896
4 -16 616
4 32 260
6 -84 306
-3 -36 -108
4 -24 -44
4 4 -31
225 900 171
-3 -60 672
9 18 54
1 -2 -26
-6 72 216
10 100 330
10 -40 850
4 -8 -60
6 36 -270
1 6 -40
-1 -2 -97
100 360 -351
16 -80 -44
-1 -9 -9
-2 28 102
1 -16 -132
3 18 -81
-2 32 128
8 -48 -440
-4 -24 412
-1 4 94
-10 -140 230
-3 6 -33
-4 -48 -536
36 288 -960
16 -32 -38
-2 24 -840
256 640 -624
-3 -7 -1
1 -8 79
1 -8 61
-7 140 644
2 -12 -582
-6 -60 930
1 10 -167
1 -20 1000
-2 -6 10
9 162 -396
2 28 458
2 -16 112
81 -540 612
81 -378 153
2 -20 10
-3 -48 -576
-7 126 441
1 -2 -293
1 4 -252
-10 100 -230
1 12 36
-1 -8 -88
8 -48 -144
4 -3 -7
2 -4 110
7 70 875
9 -126 249
1 12 -36
10 -100 970
-1 -2 -1
36 36 -391
7 112 406
-10 60 -90
5 -20 50
-1 10 -49
9 90 75
1 0 -320
10 40 400
4 64 288
64 -64 -560
16 -256 997
2 -4 252
6 24 -18
7 -84 252
7 84 630
6 24 402
225 -600 328
2 8 20
1 -10 -575
3 -48 339
81 -378 405
9 -108 378
-5 -100 500
-8 16 -8
4 -80 388
-6 84 -774
1 2 25
1 2 -146
625 500 -800
-4 56 588
10 1 2
16 -48 -64
1 -10 205
-1 2 107
64 -320 -368
-2 0 224
-1 -6 -153
16 -8 1
16 -64 -152
1 -16 64
-8 4 3
-5 0 405
6 -12 198
3 30 75
4 -40 -548
16 -64 24
7 70 91
1 -14 21
36 -72 -288
-7 -70 -210
-7 112 -448
1 -7 -7
100 -40 4
36 240 400
16 -64 -16
5 20 -355
4 -4 -7
-2 -8 -508
4 72 420
10 20 10
1 6 -631
36 252 441
7 84 336
7 126 819
1 10 25
25 -200 208
400 0 -144
-4 -16 308
8 -128 224
-6 24 -24
4 32 -116
-10 -120 -360
6 -36 438
81 -54 -243
1 18 277
2 -36 972
100 -320 206
-5 0 0
4 -32 32
-4 72 -372
16 -72 -783
7 140 700
100 -80 16
2 8 296
4 -32 144
-6 36 -204
8 16 40
10 160 960
1 6 49
36 -216 164
3 24 75
-1 20 100
1 14 29
-1 -10 15
25 0 -300
-9 18 -9
36 48 -848
-8 -160 -768
6 0 -882
6 -120 600
4 -80 -90
-8 160 800
-6 24 840
225 -150 -407
7 -14 21
2 -24 -824
2 8 408
7 -14 -497
16 144 68
256 -768 -144
-10 160 -890
7 -84 -644
-7 -112 224
-3 -6 -3
-1 18 -72
-9 -162 -729
-2 24 178
1 -10 -122
7 -84 364
5 0 60
-3 -60 -252
6 -108 486
-1 4 -94
1 -20 -476
-8 16 -264
-3 -18 -189
4 72 300
-10 140 950
3 30 87
-3 60 0
-4 32 -316
25 20 -96
144 -192 -377
5 40 -20
81 -486 279
25 100 36
4 40 -125
10 60 180
9 -108 321
-10 -6 3
1 14 -651
-1 16 -73
-4 8 -260
25 -50 -227
-5 -60 -585
-2 0 -8
-5 -70 735
1 6 -40
1 10 425
-5 90 -905
16 64 -260
5 -20 5
-3 -30 -459
9 -18 297
256 896 336
10 -180 750
225 -540 -576
-2 3 -10
256 256 -320
3 -24 48
-1 -20 -82
-1 2 -176
1 18 206
225 540 -926
9 0 729
-2 -9 5
16 -144 196
6 36 246
4 36 -519
-7 -56 -119
64 64 16
1 -10 925
2 36 -638
6 0 0
-4 24 -684
16 64 -936
-3 60 75
9 -126 -711
-10 -80 -520
-8 -128 -944
25 200 390
81 432 324
4 40 -28
-4 0 -256
-3 42 -147
-8 -144 -648
2 32 614
16 160 -500
-8 0 -288
-1 -10 269
7 2 -6
64 -96 -476
-10 8 10
36 24 -158
-4 -56 -160
3 42 177
5 0 225
-1 -12 356
144 -96 -227
-6 60 -204
-2 -36 -750
9 -90 129
144 -72 -855
8 -48 -312
-2 32 -328
9 -36 27
64 -320 80
6 -12 -42
2 -4 -598
2 -28 110
-2 -36 720
3 -54 228
10 0 120
-1 4 -68
-1 20 -280
4 8 -508
-7 112 896
1 14 224
-7 -112 -448
144 -96 16
16 288 567
25 -50 25
-6 -72 -270
8 16 88
-2 -28 -278
-1 12 -85
10 -100 250
-9 7 7
-4 32 -64
4 -40 64
400 400 -476
5 -40 100
-8 128 -512
-2 24 228
2 12 -414
-7 -98 -595
-1 -18 -810
-4 -64 -228
3 -6 51
-3 -54 -273
-2 16 -182
1 4 44
1 -14 -680
64 384 -864
3 48 -837
1 -14 1
8 112 392
1 -4 4
7 70 175
4 -4 0
-1 6 -13
225 -810 629
2 -8 -48
9 -108 468
7 28 -602
-6 -7 3
9 -42 -41
6 108 918
64 384 216
16 -160 208
-4 16 304
-7 -9 10
1 -18 -175
16 32 -384
5 70 255
16 112 -572
-2 2 4
36 -324 537
-10 -2 6
16 -320 800
64 -64 -416
16 64 28
-8 -80 520
25 -90 -44
8 80 1000
3 36 -117
16 160 360
64 448 772
9 -90 -927
64 -128 -336
5 -90 325
-5 30 -15
4 -72 226
400 640 256
-8 64 -72
4 24 -364
-5 -80 -195
36 180 225
-7 -2 4
-1 18 -181
-6 -7 9
36 -288 548
64 192 144
-2 8 -28
-7 0 700
-8 0 -800
100 300 -775
2 12 18
4 -48 -6
5 50 145
9 -90 225
-1 14 251
36 180 189
9 -54 61
-4 8 140
-3 24 -63
-6 0 384
-3 0 -150
3 60 462
-1 -2 -321
7 -56 84
3 24 36
1 2 -49
-6 108 -864
-5 -1 5
7 -28 -7
64 64 -432
-2 4 -402
100 400 -500
-5 5 -8
-1 10 218
-10 100 -570
-1 -2 -17
-7 84 -952
9 -5 -1
5 -80 -85
-10 100 -610
6 120 24
-5 -3 -8
5 -70 285
4 16 -784
-2 28 64
10 100 700
7 112 413
1 18 1
100 -500 49
3 6 147
100 -800 -668
5 -40 215
64 64 -304
10 80 280
6 96 552
36 108 -31
-5 -80 -360
144 576 512
5 60 -570
9 72 306
-4 -80 188
144 -576 0
-1 8 -116
-3 -60 -300
-2 10 -10
100 300 145
100 200 -150
100 200 -476
36 216 324
1 -16 -665
-2 -16 -464
-9 90 585
225 -600 400
16 -64 -536
64 -288 196
-1 -12 108
-2 -20 -176
1 -4 -239
36 -216 164
-5 -30 205
10 -140 730
10 -80 430
7 -84 224
36 168 -380
4 -32 -584
-5 0 -180
1 -6 17
25 30 -491
100 -320 6
225 720 -649
-3 54 -249
6 -4 2
-3 -18 -252
-2 -8 -170
256 -768 576
2 40 208
-9 -10 3
36 96 19
16 64 -256
9 18 9
-10 -160 -640
1 -16 -86
81 -216 -342
4 48 46
8 -64 704
6 0 -600
