18 18 25
60 0 74 45 94 78 74 56 0 0 73 39 77 27 0 31 60 0
0 42 25 0 25 0 0 0 43 0 93 0 66 0 0 87 76 89
89 68 11 0 98 17 56 45 51 0 28 77 53 25 64 0 0 0
81 72 23 0 8 0 0 0 50 68 74 83 63 8 78 0 0 99
0 78 0 20 72 16 0 0 7 96 0 89 5 0 15 11 52 30
58 0 91 0 62 0 56 18 0 47 65 23 0 64 40 36 96 28
0 0 0 66 0 86 0 21 0 0 26 0 65 0 28 0 72 92
97 95 89 0 96 0 50 30 63 31 0 11 93 0 77 0 41 94
83 0 0 8 54 50 0 0 33 73 84 35 93 57 0 93 0 0
38 0 10 41 0 0 52 66 0 0 69 0 0 73 28 0 0 41
30 11 0 87 0 71 53 0 73 0 0 69 67 51 21 94 0 0
60 10 76 23 99 9 69 81 34 4 67 10 0 96 0 54 49 44
49 89 0 15 72 92 0 61 62 65 0 14 0 0 12 0 90 79
0 50 50 42 0 2 0 98 5 44 69 5 0 19 24 22 64 64
0 66 41 60 54 22 34 39 0 0 59 93 97 43 54 0 52 0
95 0 0 42 10 0 61 44 73 0 0 67 0 32 0 26 80 80
0 30 38 96 91 34 48 47 0 0 0 0 0 70 0 12 35 0
75 0 0 95 0 0 0 82 0 27 98 46 0 0 22 0 24
35 40 38 0 28 0 24 0 86 49 0 76 0 0 81 29 0
37 0 22 0 0 68 36 0 14 0 0 0 52 28 0 0 47
0 0 14 51 37 24 37 0 82 0 29 77 80 95 25 23 0
95 0 0 25 64 0 0 29 0 29 0 31 0 22 1 91 0
63 34 0 0 79 0 0 83 33 17 69 0 56 0 73 64 0
0 36 40 0 51 94 62 11 40 29 71 37 0 0 8 9 82
21 0 62 25 0 0 49 65 2 0 0 0 72 79 94 65 0
0 0 62 0 28 0 39 0 0 2 0 36 0 29 13 89 0
4 0 43 94 27 0 79 0 20 36 0 2 19 11 2 0 97
30 0 0 94 36 41 0 58 0 45 46 0 0 29 35 7 45
71 0 0 0 0 33 77 0 78 52 47 1 21 49 0 0 2
0 3 0 39 67 93 13 66 74 0 18 38 15 0 0 62 29
0 0 12 45 27 11 0 29 60 57 39 0 63 79 50 0 84
63 0 0 77 87 41 23 0 0 66 0 0 81 73 80 12 0
92 24 39 77 96 14 0 48 18 55 98 28 32 0 0 0 47
42 0 0 86 66 61 24 0 0 0 0 0 0 0 0 0 45
0 25 31 0 0 21 36 79 0 48 0 8 97 0 0 77 54
2
98 43 0
98 2 1
2
99 54 1
99 22 0
2
98 49 0
93 34 1
2
95 41 0
97 59 1
2
93 47 1
93 28 0
2
95 21 1
93 6 0
2
96 58 0
92 1 1
2
100 55 0
97 25 1
2
91 8 1
96 17 0
2
91 20 1
94 47 0
2
91 10 0
96 5 1
2
97 28 1
94 66 0
2
95 26 0
92 40 1
2
94 8 1
99 33 0
2
95 45 1
93 37 0
2
100 31 0
95 18 1
2
97 24 0
95 25 1
2
100 16 0
98 21 1
2
93 43 0
93 5 1
2
91 31 0
99 33 1
2
93 69 0
95 66 1
2
100 38 1
92 49 0
2
92 68 0
99 57 1
2
96 45 0
92 64 1
2
96 4 0
98 19 1
