18 18 6
757988 746842 168959 225708 832393 577307 2360 917573 570138 4076 788016 15458 900498 4191 259935 83 391704 485474
4980 1924 72481 224531 791900 2686 1063 304495 4756 244112 700678 1838 989669 297491 3445 1065 2691 5099
42819 131454 52282 1503 2070 550443 3797 209 5359 4958 2554 986947 151006 1442 833772 960422 378517 131732
991459 506650 517573 877029 423 77719 5391 4968 923870 353480 584157 583008 111308 882537 332 2903 4410 97517
570242 1828 641474 742272 743545 911508 577906 136467 47987 1324 1921 693219 15882 223360 556342 361 5116 381202
750677 162207 921377 3646 868054 234209 508436 801926 576744 993134 611315 4822 528367 2833 3774 1028 630259 4249
4825 638611 4836 213 850828 545554 909482 3319 187589 109461 1819 181605 976525 774361 588236 270864 1336 534535
5310 4903 225446 787725 405164 693169 1124 280380 2020 2310 84763 110057 18075 750841 863131 253 1194 5042
458726 113277 2564 521175 312988 366716 3234 841753 655 463756 894256 518411 549618 909662 63039 1712 488297 644977
280792 616482 654792 821863 3302 551957 436652 838769 643141 158 2654 838 1613 649239 120054 792047 361 837192
702647 3416 436051 172 604261 2102 5093 4894 1924 4624 116492 295541 185474 752330 626997 215295 167143 652195
635 974688 983600 512825 1845 975336 36433 738244 828660 432659 897841 598961 636959 681839 58244 1790 681121 3438
729565 546059 3484 673220 58957 527699 35675 5143 954310 1227 4803 824 4383 444704 2613 796843 2471 1443
414346 701096 1780 2940 19870 446630 3484 454237 520102 775724 53370 3893 47941 227042 600070 1785 831995 374483
1550 161261 3077 189865 4778 417525 460159 399307 578405 5130 115254 3010 2757 243097 864810 73862 3230 665896
2633 245072 178014 444702 447465 130187 450721 106 37542 222428 443 105740 825280 857519 710770 89099 175863 3855
860883 687637 563 579997 70740 3014 722837 641118 4870 483576 2787 371147 997630 422775 1457 31836 756921 96726
849006 218507 5417 866699 946255 475061 127566 959 2796 5534 102689 504230 464746 525 4819 4396 2601
14775 551510 53948 948540 527550 2480 4438 490326 572792 4075 1342 181826 272975 3740 253303 611735 775596
901219 926099 5174 4806 52688 339941 4855 800408 143712 27102 943207 173 703837 740101 912489 1589 223149
612990 447555 676 717704 4051 578054 529938 617083 287596 534690 779646 152084 2609 4682 727 1928 881686
245660 5469 670915 4439 101 3650 80363 1223 1997 630983 173236 4618 302555 867952 1044 365839 2030
835 510359 892553 2372 30124 835142 4319 296374 433224 2185 189857 9015 342953 546998 439205 676180 915119
840348 575265 262748 861086 2542 550961 47641 250956 755489 3698 850929 630423 762512 286704 415000 699423 770744
647416 2318 3321 478365 646963 417634 664370 374342 228520 686376 611610 4407 721334 470454 763 187739 140552
918556 2016 260145 5097 864 354129 283764 5365 461379 219472 333374 34541 2859 467323 229752 500383 439557
3411 3015 137173 5254 357755 5093 400389 75 125761 700768 1347 257 143676 1460 166916 784641 3564
543324 3545 165263 170734 765960 704765 868490 2306 221042 653241 361 946 913034 4411 634748 777666 819709
209372 925771 356937 398744 296271 77257 631434 314139 3256 3811 495278 5209 457682 219819 369900 342363 922692
4262 313337 859050 414300 485890 993064 730800 3997 1656 2558 199445 973510 346036 536189 2649 788951 2604
264271 1456 941471 253269 724606 750041 736677 403937 3072 623575 439955 1037 766128 306682 496671 989548 4521
2895 1696 56844 89043 486412 884921 2153 2081 5118 74908 585881 2780 901210 710026 266812 598948 5478
2683 781637 313930 4798 2809 675556 354769 581274 3731 392415 771740 598695 3041 2047 706796 756 20942
321965 371868 33975 192 142168 1842 582581 2668 241537 4700 505896 932359 399606 420861 3915 474358 808193
3352 313498 377768 47572 3372 1013 362577 369605 238 1876 4493 92066 705425 2659 427927 333337 2111
27
915107 3 0
943615 22 1
954843 15 0
963592 60 1
956989 41 1
976572 64 0
935207 11 0
992963 61 1
980517 10 1
927542 70 0
940623 26 1
945364 1 1
978745 44 1
939807 69 0
960408 52 1
907712 39 1
954891 53 0
936793 9 0
972975 72 0
947961 14 0
939978 17 0
987083 6 0
978301 58 1
942987 16 0
909365 62 0
982891 40 0
997263 27 0
14
954356 37 0
933253 31 1
914216 28 1
970970 40 1
971310 59 1
972842 15 1
904148 29 1
940610 62 1
976493 17 0
937877 52 0
971293 38 0
990695 23 0
999450 20 1
944743 44 1
2
940587 72 0
952109 66 1
2
901973 13 0
946170 24 1
2
932055 15 1
989801 69 0
3
951940 7 1
967424 67 0
956314 2 0
