5 5 6
59 36 0 57 1
1 0 0 0 2
30 30 52 9 0
39 82 11 61 1
0 75 0 40
2 0 0 37
81 18 0 29
1 33 86 2
2 67 48 22
16
98 1 0
92 10 1
95 12 0
96 3 0
91 15 0
98 11 1
96 6 0
99 16 0
94 2 0
99 5 0
95 19 1
93 20 1
95 9 0
99 7 0
94 18 1
98 8 0
19
94 1 0
100 19 1
95 20 0
93 9 0
98 16 1
100 10 1
98 15 1
99 4 1
94 13 1
100 6 0
97 7 1
100 18 0
92 5 0
100 17 1
96 11 0
97 12 0
95 8 1
92 14 1
92 3 1
4
98 20 1
95 4 0
97 12 1
99 15 1
5
99 15 0
94 11 1
94 16 0
99 20 1
95 5 0
3
94 6 0
99 14 1
94 16 0
3
97 16 1
96 18 0
97 2 0
