18 18 25
144850 1300 3012 910571 1667 302245 781585 3651 446714 528157 487071 806563 576865 392086 492130 585493 655092 408
433626 3593 809414 4669 196152 613152 811706 871510 842849 941958 647265 4094 875586 89 1826 2540 383507 2331
1157 380 569882 299505 369724 171844 725025 262487 926360 748209 874561 1047 320462 1725 1282 172816 710055 237718
587456 2077 169 174693 365494 493358 678200 609 4050 2916 291185 884374 167573 859414 208895 167306 565946 991605
4007 3505 317518 244829 726737 1060 2372 340637 462020 155809 530411 551760 527669 1327 3354 614639 185 4774
896321 4457 297067 6558 666642 274168 1240 4863 456940 1793 759924 322065 932341 480424 1203 181581 3284 297008
697483 91 894842 4285 433207 330088 991286 1511 2234 1119 137264 536718 140786 880777 869478 393559 1641 3273
936 908396 884481 2271 526412 4416 93368 973955 3699 5070 534 281643 88487 618419 1815 5215 459601 457488
2639 2566 820192 747270 501242 729747 671139 969770 3832 477 2835 162408 1384 739633 867114 960145 3468 454
3433 4189 2968 1598 633120 289646 4779 184810 5191 1608 350387 4056 1340 3441 3955 302 3969 1857
477066 380073 5315 509430 577273 540504 827053 200 481091 3980 117079 4385 426480 949340 82043 444 622552 207071
346528 3303 863062 855448 846564 853584 660275 656916 372577 127894 373308 1552 195754 507 328256 268136 2512 115197
398768 4213 4526 133807 288235 15288 661314 989401 389770 1282 1556 932613 209437 168254 4735 933554 14655 172358
164526 1675 333046 924004 767434 935 57 949885 846115 2854 543279 3437 5130 605498 386968 75466 1352 387016
884488 225853 613502 939 541274 773656 3603 3503 3228 722860 407708 1584 5514 51210 2335 554 232609 230271
4829 548398 385256 456 3151 2937 377440 113250 877427 4646 625029 259263 401352 2825 264820 857 333696 302964
827 647971 980125 4378 2040 605050 992003 348125 43149 846 887855 779 663083 220073 3216 65574 212 628443
3301 5058 4182 1569 380 802254 691492 21787 844815 2350 2511 483834 189556 2575 3744 540569 378670
1637 3979 871 2577 3150 940035 5109 232215 101217 665224 5461 5221 3351 878717 663914 920094 4726
834961 1810 205323 183 162006 671880 387754 4469 52839 3269 693141 5302 1346 4268 578 978287 676094
237856 3352 103977 49316 167466 36846 963164 307976 990063 336314 406593 421195 1966 844585 461626 645881 673908
291 515 3731 137893 3376 103 297057 560415 1104 4927 4073 7435 433842 762816 567404 3308 69
435156 76139 599639 510734 3433 783460 596931 4939 3027 249876 910500 636380 734907 545533 663636 745 1220
574818 756276 786722 1358 23471 749345 34049 5176 490130 1123 297702 5332 17022 4326 994778 32082 57231
468651 606105 987999 4618 212818 587326 448743 1349 2160 259625 926576 23017 34 313169 1415 4626 585599
144089 422519 890864 444576 4765 484766 496223 4948 488 773864 434989 4184 48292 916 632 223497 1367
2670 1921 5238 807620 229224 22876 468047 573667 2309 3088 576 5456 4439 3367 902240 605699 5119
600781 611594 290681 760 497 2414 300491 312320 41536 2127 1842 352303 526872 2108 999859 74486 726045
2336 943385 578884 566571 4778 483177 2981 4700 725245 585822 688 679133 423296 362413 398683 4830 503103
991091 379315 2612 872706 530602 921955 697732 796206 323630 970723 957805 2560 917589 616464 520443 4477 221806
2367 662641 571094 1861 227767 208829 5378 2130 272540 494074 862244 4294 1406 4008 684194 832775 621365
834595 4710 351774 154729 2309 5076 840867 472150 838061 3199 559001 1069 1221 481793 2755 793997 5410
778460 285032 989573 199246 2533 118670 901340 443762 2165 1532 516029 30552 387 503469 638471 786857 2224
2955 539643 3138 312610 399 987761 981674 921796 238638 2655 3349 971844 2480 56437 698402 4367 1577
771696 4152 3322 834156 2697 27686 248562 162960 4996 754 3506 348 2901 660028 5047 74964 1918
2
965247 33 1
974042 52 0
2
905435 58 0
998644 26 1
2
947535 21 0
927080 28 1
2
916759 50 1
982859 65 0
2
924181 66 1
952085 59 0
2
993302 54 0
972613 29 1
2
959732 4 1
947607 70 0
2
950514 27 0
954584 41 1
2
919182 58 1
940257 60 0
2
915949 47 0
998694 17 1
2
954994 51 1
988191 35 0
2
953740 26 1
901101 46 0
2
933433 70 0
911976 53 1
2
973836 9 1
969294 3 0
2
917027 53 1
926476 66 0
2
904856 60 1
996237 24 0
2
983319 26 1
906902 45 0
2
927746 13 0
933655 27 1
2
955903 48 1
912074 58 0
2
965515 42 0
920286 61 1
2
975680 31 0
908856 40 1
2
923907 16 0
946256 45 1
2
926582 49 0
906306 54 1
2
920733 39 1
911844 65 0
2
997092 10 1
969207 17 0
