18 18 6
41 0 70 54 0 0 0 0 48 16 0 85 0 0 14 27 65 0
0 71 0 92 0 60 0 82 36 21 0 95 62 31 45 86 0 52
40 82 46 0 0 19 0 13 0 75 0 67 0 3 80 93 0 0
65 43 57 68 86 90 0 60 40 66 97 53 0 28 94 52 0 34
53 0 0 0 0 0 95 4 0 73 0 0 79 65 0 0 0 62
93 70 89 39 0 77 60 35 0 81 47 0 0 89 27 0 0 82
7 0 57 79 64 0 0 82 0 58 25 35 31 81 0 67 5 34
0 70 83 0 74 0 0 44 0 0 0 29 62 79 0 19 42 0
0 6 0 0 74 8 40 96 42 75 44 0 30 85 59 58 0 88
0 71 87 17 0 0 8 84 0 73 0 17 70 98 0 32 0 13
0 41 57 52 64 5 99 0 62 92 20 0 0 4 41 46 33 67
33 77 0 47 0 54 66 57 26 0 65 15 0 54 5 0 95 0
4 0 0 30 33 0 0 53 32 33 3 0 97 32 0 84 0 35
92 37 90 0 0 25 96 75 92 10 0 19 64 0 0 1 0 79
67 66 0 0 55 44 86 16 0 16 0 16 0 18 86 73 0 44
99 0 29 0 0 30 0 95 59 63 51 0 0 81 43 0 88 0
0 0 0 0 0 2 9 48 52 0 11 0 83 78 51 85 0 0
12 19 16 70 0 0 0 0 5 37 92 69 0 78 0 36 58
9 79 0 0 0 42 83 0 54 31 92 29 0 25 15 0 80
0 51 49 60 43 29 0 41 0 0 0 0 0 19 0 27 99
27 3 49 12 62 6 19 24 98 12 0 70 5 8 0 0 0
82 0 80 8 3 10 0 37 70 0 50 60 10 24 0 0 0
7 85 35 50 19 49 0 0 0 0 0 0 9 4 92 0 64
3 18 69 12 0 0 45 0 50 62 54 0 92 55 0 0 0
0 3 71 0 97 43 0 75 0 0 77 58 47 26 14 40 70
44 0 0 42 0 0 6 0 73 21 24 0 0 62 82 74 17
70 78 16 65 87 2 81 20 2 77 0 5 11 76 21 3 0
70 0 0 14 0 79 31 0 37 64 87 0 43 93 80 41 5
46 0 0 28 92 0 89 0 47 66 23 23 0 0 0 48 0
80 67 6 93 0 0 76 70 0 6 0 88 42 0 62 98 0
0 0 0 57 69 58 0 81 23 65 0 0 52 85 26 7 73
0 64 37 49 0 19 30 27 0 0 0 0 0 51 0 0 87
0 60 45 43 0 77 18 60 57 6 0 12 0 64 67 0 49
0 0 39 77 0 35 0 25 72 0 0 66 0 26 39 0 29
47 11 24 67 98 0 87 42 89 67 69 17 0 26 0 0 0
30
98 41 1
92 25 0
95 67 0
96 70 1
94 12 1
94 40 0
92 7 1
100 6 0
100 59 1
98 5 0
98 44 1
92 3 1
100 62 1
99 38 0
91 46 0
91 1 0
98 10 1
93 57 1
92 17 1
92 8 1
98 35 0
92 18 0
95 31 1
92 51 0
100 28 0
93 49 0
95 32 0
91 9 0
97 56 0
92 29 1
4
98 20 0
96 32 1
93 8 1
95 49 0
5
100 72 1
94 54 0
97 71 1
97 19 0
95 44 0
7
93 14 1
94 32 0
98 24 0
98 11 1
98 44 1
91 35 0
96 67 1
2
92 72 0
99 64 1
2
95 53 0
96 36 1
