5 5 5
17028 678493 790877 16274 4341
53383 504487 629344 922030 634468
13192 2596 992150 561737 9167
2191 50115 854392 272504 148247
3826 16761 15532 1174
17939 2393 505972 217167
939238 668146 306243 631745
440326 319998 649845 15540
10494 756726 237185 867714
17
978310 3 1
949903 11 0
994542 9 0
994842 20 1
936919 6 0
971685 10 1
963940 1 1
968594 5 1
953297 14 1
949338 18 0
920639 13 0
946444 2 1
954164 12 1
999155 19 1
960560 17 1
998252 16 0
950264 4 0
15
979754 3 0
914919 19 1
938570 6 0
969294 8 0
902653 16 1
987811 1 0
926801 13 1
973947 12 0
976949 14 0
951338 15 0
961809 17 1
940796 20 0
960186 18 1
982315 5 1
907884 7 0
12
987622 17 0
962444 13 1
919937 11 1
936189 9 1
957129 18 1
980858 14 0
917858 19 0
967204 1 0
923028 5 1
973847 15 0
905378 10 0
900364 4 1
4
914598 1 1
925997 20 0
953048 14 0
981502 11 0
2
927011 12 0
990228 19 1
