18 18 2
559370 245130 793767 103500 200367 782386 657089 2111 165 455 1869 246801 846898 471034 366710 171420 741520 4536
626613 622992 160877 688283 196734 2991 45 492927 2921 208270 5439 4069 340102 642455 747648 861157 4782 254603
931984 3939 500 962831 122791 770356 236509 4624 813124 52773 543035 356361 1902 11 290958 2995 802362 242208
152 451917 2588 180048 2478 968 3227 969347 133545 1035 986783 105880 2160 309694 2853 467168 431421 5124
4546 884988 5124 3544 4016 883816 847386 428123 402014 3278 778142 2893 545 240759 773575 32 150 727049
113 35401 539294 406852 434577 768534 252920 747411 405184 4316 4330 854 869907 530866 646043 174474 299038 125986
452636 911225 3592 1558 3020 263625 518732 688762 55766 821604 392669 624180 57384 11915 353952 3237 967662 4942
846977 551983 98031 447356 116924 935267 540976 4976 47677 645787 4517 221026 1918 3863 379132 600767 596103 737021
796 997677 746976 488602 459618 649547 790877 90103 391488 948203 3080 3613 614597 291536 745 321150 2325 81917
4971 2012 2931 99756 139429 207311 554 663813 345 1194 439011 527655 4131 2779 889826 25364 3693 762297
4869 594800 795101 5360 514847 2495 154545 84527 129092 3459 2975 225996 256398 630865 911551 272662 382326 177764
281430 675587 731233 210940 405730 762448 1323 812294 217 262406 400479 516645 180089 829273 135581 11172 760983 304261
650791 463370 27526 64891 6 366 559002 677626 439576 244019 425404 319299 597669 582 697012 1611 558457 201911
279034 4590 4468 78727 1348 1989 292424 3412 2218 500116 951293 4022 1797 3038 497532 5232 5356 3088
245 941434 767216 12637 86947 974628 213276 219 993758 552638 929117 481435 1703 420420 6995 558115 878526 138745
650557 37388 225015 655175 575543 473717 97234 906633 431 4803 1274 520501 4128 240758 404260 465238 940809 362640
879390 3006 6640 7539 981725 3266 693066 577649 305106 409294 789941 4034 145 832056 936336 744070 687711 909799
585484 800 228923 670033 503 666094 2691 3738 798997 4472 295145 741637 62255 3522 3983 996867 156576
3315 400253 677472 964237 342305 658021 979674 222985 391929 739793 2984 4040 140162 3748 3945 956495 3420
609327 834864 434 1489 896 519976 32106 366708 801159 2725 281240 804 348621 997541 4109 909466 459571
857739 206639 4531 5214 788400 2039 216898 984327 967593 303616 581592 293874 35001 507630 3116 476058 959469
589465 2825 5403 971624 397040 2413 400707 1734 293717 985412 3007 673803 995 265039 717 958603 183628
563130 513513 2667 962635 141677 753744 48546 2890 783800 5439 4875 193416 96390 329561 112989 413238 3473
3950 933508 830124 439802 401991 230555 884 2474 3928 895678 909026 2470 237915 311 12311 3100 338
23204 4469 111874 788190 975 242295 659180 991504 2661 730737 5311 933485 997153 48947 84 827064 613602
788324 387573 18 3467 44757 1621 44108 61534 681169 4501 671176 4355 146911 858006 1028 600152 546
847963 599218 4133 1568 2290 190838 757961 458204 108042 3524 993624 378358 374819 711566 660747 430116 548303
3464 946773 841744 75760 420650 1837 232 783973 404 3958 49537 4563 1587 1270 418 1864 946253
219860 166051 846165 191 439191 3863 698962 441699 145880 859830 1895 158518 692260 732735 2795 3690 2059
757811 302958 714800 4429 429775 528654 431673 2236 4359 668775 374790 395413 428427 201070 587959 1584 959366
909665 931872 564158 706920 333 773073 483845 70382 790 4742 558177 971 194 3448 87 375105 2079
956464 32287 988206 633047 177781 171748 805089 445290 408124 374460 730391 5440 2661 5195 3633 171939 3382
4245 4515 1077 211800 5131 1507 108342 269105 83852 4246 4859 726 2790 4372 1474 175567 171183
2616 327595 3346 742 1634 1313 3121 558530 616 4429 89716 37842 229715 610825 383333 34845 3315
2253 1632 5211 3473 475566 142183 4516 915424 5085 401743 4668 423486 854420 3234 2714 1725 210
47
915178 33 0
931640 29 1
941302 21 0
983314 46 1
944940 45 1
990006 1 0
935159 2 0
908842 14 0
906705 32 0
978631 64 0
922046 28 0
924372 38 0
917050 39 0
996403 31 0
942322 60 0
914781 27 1
955061 42 0
970778 6 0
922013 30 1
953140 53 0
971145 59 1
924992 61 0
942638 41 0
908580 57 0
908782 55 0
923143 49 0
923709 36 1
971124 44 0
945986 12 1
916049 5 0
955203 18 0
946706 66 0
928691 37 0
961051 3 0
929100 4 1
948207 25 1
947862 50 1
903155 9 1
975622 13 0
936907 48 1
911645 8 0
979655 23 0
984557 69 1
991392 22 0
920646 67 1
963800 68 1
967578 19 0
3
995549 7 1
940219 62 1
902869 60 0
