1000
5153
2922
8213
5863
1526
2715
9721
6638
9003
131
5116
5011
3183
1043
3094
3
232
8005
9993
424
9635
9266
2498
4439
2083
9420
7322
3265
5581
3028
1525
920
643
5455
4672
3189
2311
9389
436
6963
3892
1840
6844
5980
9227
4541
4253
8123
3259
4750
1481
4350
2045
1690
4875
4330
6342
88
199
9663
4441
363
2503
4906
3189
4804
3233
2628
422
8202
6133
2509
4722
1133
5825
9657
9139
1361
6640
215
8610
2883
8644
4999
6569
3005
9391
1808
30
5381
1210
7030
320
5754
9038
9343
5630
88
9026
1808
9643
1563
7817
4555
8889
6502
4423
569
4051
5531
5062
2066
8125
9986
2213
2530
3529
991
8831
230
3894
4328
6033
2260
652
15
9949
6131
691
1915
6885
3509
3109
569
1986
9565
2959
4416
9255
4640
1098
3049
1891
8501
1453
2092
2976
5213
1959
848
5689
8681
8600
5836
4190
5296
6620
1093
2095
4848
451
209
3439
9643
7322
287
2636
8676
8513
3809
7350
431
5288
3319
5812
5087
1210
331
3357
6216
1789
5692
6393
8416
6410
8189
6025
415
6098
1681
6406
4892
1098
6333
9999
1563
3242
6826
5569
6998
7698
7651
6122
8821
7260
1489
1529
2110
5885
1920
4323
5989
303
5052
5666
6448
3975
638
1648
3091
5923
3998
395
7865
2909
1205
8264
3823
1230
6262
5830
691
6218
258
3993
5990
3973
8311
1858
3853
6602
1866
9565
3217
4363
303
2089
9930
9481
3793
8080
2419
9098
1243
3205
1265
1558
6990
6515
1980
596
3280
4195
3322
2221
9511
6060
7996
838
891
4364
6959
415
9780
7492
1922
7179
3259
6661
9221
992
4956
8159
9829
2766
7429
8639
6049
496
484
9195
1562
1395
6329
175
328
6963
2602
5318
4
1383
6502
2939
3306
1992
8210
2156
1201
6563
2962
6269
1333
6922
6505
6404
9066
39
9545
4261
1891
4323
9696
8200
9640
4138
8192
6500
2096
6346
489
669
5690
9341
1984
491
8528
1093
1126
2381
5446
6332
4223
5903
5102
1915
8966
4444
9732
6500
8233
3138
4863
3717
5521
8489
1531
251
2330
2008
9421
8951
3329
4631
6563
5670
641
3439
8210
8150
8002
5296
6049
4631
6821
5853
1415
9665
6472
5743
1797
2427
8525
2066
382
8011
110
2596
3527
496
389
5818
4508
8992
7024
4028
4903
1858
8524
6166
3549
7117
5318
6190
2893
6196
619
8446
2903
4184
9001
2495
40
4190
1654
650
2232
3313
8980
2141
6666
4469
6926
11
4393
1609
8529
9281
169
2138
6959
5583
929
4359
8698
5983
6787
9871
480
8531
3413
2713
3828
1565
6529
9830
4001
1866
8598
499
5330
8005
466
339
8553
4265
2305
7953
8018
5126
8442
384
1648
3197
193
8
2384
3292
36
190
996
2000
4887
1024
1782
139
3195
5617
2113
8821
7735
9011
2141
2549
8866
6333
1889
8842
3370
5052
3161
3653
5429
1250
978
5303
1310
424
4052
1103
2641
6009
416
2069
6551
3029
6620
953
1839
823
250
4859
939
8412
662
953
720
9186
2005
220
1325
2396
8200
5120
2398
9447
321
5224
2062
1844
5359
8282
7592
915
604
645
190
909
7908
5998
8639
212
4785
166
1049
2460
9943
1030
5186
3770
2477
9866
1299
3301
6933
862
4264
2608
4313
1024
1991
5186
3816
6193
6619
4665
1193
2398
2248
4646
404
2963
8339
1826
6695
386
2289
1613
2251
6592
3434
8899
3345
2189
909
8989
2893
482
3581
404
3718
2186
9859
9339
269
1039
2626
5906
3760
8921
9692
6639
1550
3263
3343
1328
5318
1109
3233
1830
293
4943
2095
5531
3320
4504
6226
5856
1966
7565
2600
5438
9511
928
8038
4449
4406
368
8609
2564
698
989
212
1298
4323
2846
64
8426
4882
2333
9304
1126
4496
3606
601
618
5445
4149
465
686
3763
1193
961
9896
6002
4813
4876
9199
2115
9211
3018
5000
65
8199
721
4409
6421
8581
1054
832
9993
5132
3573
3949
8933
3940
5650
1999
3936
2582
4006
145
8916
6553
195
4441
1475
4660
3386
5011
6905
4115
4295
2203
6469
5629
5261
3463
6488
166
6989
1236
4000
8219
2104
2630
1366
9866
9298
3641
9362
15
1046
6844
1087
1886
512
4259
3606
2930
1213
593
1663
488
3644
645
220
1638
2011
5583
8444
1364
1548
1802
3023
9186
6823
6053
286
818
209
2945
2650
803
117
4513
5366
9521
1489
8852
6665
4190
1451
2953
7108
5581
4469
3658
5433
6941
8032
9262
3662
9753
103
1273
7119
1859
9181
4980
6236
4254
1212
5020
4453
6036
5650
160
4861
5493
9199
6806
2589
8899
9304
5808
2690
8761
135
1040
9280
942
4466
9554
8350
618
6101
123
3993
9929
5102
2695
1636
489
6362
5906
361
6046
9329
4492
3118
8095
3215
5877
9039
1519
6565
2828
9915
130
2564
2333
6033
2582
5009
503
4215
6982
7704
3669
3843
502
9599
9090
4430
7023
4822
9049
33
2129
4516
5573
2321
8445
3449
8458
9941
2424
1396
1318
181
1138
6295
6330
6061
32
8311
2909
2221
2161
8026
1094
5260
8208
1822
1000
1684
8092
8264
2066
9593
8219
3280
6451
6389
5249
1056
9571
3109
1811
106
4270
4208
5062
1432
9703
631
7734
3140
5153
3419
5959
9069
3913
8941
100
2
6377
8563
6452
5869
4691
6236
6999
2349
2299
2609
4372
6652
5042
2221
9046
8027
2334
7412
4931
5242
2446
6151
6509
2116
1033
1987
8123
9629
9455
9292
1024
5324
4516
6863
1830
9539
8098
4031
5907
1694
2673
815
5815
2281
2099
3169
9238
2117
6113
4512
4493
2069
1613
9992
4115
2463
4209
4829
2246
9920
3153
4039
2638
241
4309
2339
7397
1298
2501
6653
2138
5675
6691
366
8922
4129
4106
264
6133
6180
1984
933
6975
4713
4351
4003
6906
2643
6028
9901
1345
3188
2302
599
7096
2666
9182
6577
8042
8011
1322
1024
5646
5333
