5155
-1
8215
5869
-1
-1
-1
6639
9004
132
-1
5018
3189
-1
-1
4
233
8006
9995
429
-1
9280
2500
4441
2084
-1
-1
3280
5583
-1
1529
922
645
5459
-1
3190
2315
9391
439
6969
-1
1844
-1
5981
-1
4545
4258
8125
3260
-1
1483
-1
2046
1691
-1
4339
-1
89
200
9664
4442
366
2504
4909
3190
4805
3236
-1
424
-1
6143
2510
-1
1138
5830
-1
-1
1364
6641
218
-1
2893
8651
5000
6581
3011
9393
1810
31
5386
1212
-1
325
-1
9039
9349
5633
89
9029
1810
9644
1565
-1
4561
8893
6505
4426
580
4052
5533
5063
2069
8138
9992
2215
2531
3533
992
8839
232
-1
4330
6036
2264
653
16
9955
6133
695
1919
-1
3511
3110
580
1990
9589
2962
-1
-1
4642
1102
3050
1893
8504
1459
2095
-1
5216
1963
849
5690
8686
-1
5839
4192
5300
6625
1098
2096
4852
452
211
3443
9644
-1
-1
2638
-1
8516
3812
-1
433
5290
3320
5813
-1
1212
332
-1
-1
-1
5693
6400
8418
6413
8191
6026
416
6100
1682
6410
4903
1102
6338
10000
1565
3244
6829
5581
6999
-1
-1
6124
8822
-1
1493
1531
2111
-1
1922
4328
5990
305
5053
5669
6449
-1
640
1655
3093
5924
3999
-1
-1
2915
1208
8266
3826
1231
6263
5836
695
6220
260
3998
5993
-1
8315
1859
3856
6605
1882
9589
-1
4364
305
2090
9931
9489
-1
8081
2420
9103
1244
3208
1266
-1
6991
6518
1982
598
3284
4196
3323
2222
9521
6061
-1
839
-1
4391
6961
416
-1
-1
1923
-1
3260
6662
9223
993
-1
8161
9830
-1
-1
8641
6053
498
488
9199
-1
-1
6330
-1
330
6969
2605
5323
5
1389
6505
2945
-1
1993
8212
-1
1202
6565
2963
6283
1338
6926
6506
6406
9069
40
9549
4262
1893
4328
9699
8201
9641
4139
8198
6502
2098
-1
491
682
5692
9343
1986
492
8529
1098
1129
2383
-1
6333
4225
5905
5105
1919
8969
4449
-1
6502
8240
3153
4866
-1
5531
8490
1543
253
2332
2011
9431
8962
3331
4633
6565
-1
643
3443
8212
-1
8003
5300
6053
4633
6823
5858
1423
9683
-1
-1
-1
-1
-1
2069
383
8012
113
2598
-1
498
393
5819
-1
8998
-1
-1
4904
1859
8528
6169
-1
-1
5323
6191
2899
6198
620
8450
2906
4190
9003
2498
41
4192
-1
652
-1
3316
-1
2143
6683
4481
6929
12
4399
1612
8531
9283
180
2141
6961
5591
930
4363
8699
5989
-1
-1
482
8538
3415
-1
-1
1569
6530
9832
4003
1882
8599
500
5333
8006
480
341
8563
4269
2306
-1
8020
5128
-1
386
1655
-1
195
9
2386
3295
38
191
998
2003
-1
1025
-1
143
-1
-1
2116
8822
-1
9013
2143
2551
8882
6338
1891
8846
-1
5053
3163
3658
5431
1252
-1
5305
1312
429
4055
1109
2642
6010
418
2080
6553
3030
6625
955
1840
824
251
4861
941
-1
664
955
-1
9189
2008
223
1328
2398
8201
5125
2399
-1
-1
5230
2063
1845
5366
8290
-1
916
605
649
191
911
-1
6002
8641
215
-1
169
1051
2462
9949
1031
5189
-1
-1
9881
1300
3305
6938
863
4265
2609
-1
1025
1992
5189
-1
6196
6620
4666
1195
2399
2251
4649
409
2965
8341
1829
6803
389
-1
1616
2252
6595
-1
8902
3359
2195
911
8992
2899
484
3583
409
-1
2189
9862
9341
281
1040
2629
5909
-1
8923
9696
6640
-1
3265
3345
1329
5323
1111
3236
1831
295
4945
2096
5533
3322
4510
6229
-1
1968
-1
2602
-1
9521
929
8039
4451
4409
369
8612
2566
699
990
215
1299
4328
2851
65
-1
4889
2339
9305
1129
4499
3608
604
619
5449
4153
466
-1
-1
1195
964
-1
6005
4820
-1
9203
-1
9218
3019
5002
66
-1
-1
4411
6423
8583
-1
838
9995
5153
-1
3963
8938
-1
5651
2000
3939
2586
4009
149
-1
6560
198
4442
-1
4663
3389
5018
6906
4120
4299
2206
6481
5630
5266
3469
6490
169
6990
1238
4001
8221
2105
2633
1381
9881
9302
3643
9363
16
1048
-1
-1
1889
515
4261
3608
2938
1219
596
1664
489
3646
649
223
-1
2012
5591
8445
1366
-1
-1
3029
9189
6826
6058
290
820
211
2949
2651
-1
-1
4516
5381
9533
1493
8858
6666
4192
1453
2959
-1
5583
4481
3659
5441
6943
8038
9266
3664
-1
104
-1
-1
1861
9182
4983
6238
-1
1213
5021
-1
6038
5651
163
4863
5501
9203
6809
2591
8902
9305
-1
2693
-1
-1
1042
9281
-1
-1
-1
-1
619
6109
124
3998
9930
5105
-1
1639
491
6366
5909
362
6049
9330
4493
3119
8098
3218
-1
9040
-1
6568
-1
9920
131
2566
2339
6036
2586
5011
505
4219
6983
-1
3688
-1
503
9601
9091
4433
-1
4825
9050
36
2131
4519
-1
2323
8446
3453
8461
9943
2426
1398
1319
183
1145
6299
6332
6065
33
8315
2915
2222
2164
8032
-1
5261
-1
1823
1004
1686
-1
8266
2069
9595
8221
3284
6452
6393
5251
-1
-1
3110
1812
109
-1
4209
5063
-1
-1
633
-1
-1
5155
3421
5965
9083
-1
8951
101
3
-1
8564
6455
5881
4695
6238
8000
-1
2302
2612
-1
6653
5043
2222
9049
-1
-1
-1
4933
5245
2452
6155
6515
2119
1039
-1
8125
9631
9459
9293
1025
5326
4519
6866
1831
9543
8101
4036
-1
-1
-1
818
5818
2290
2101
3181
9239
-1
6115
-1
4495
2080
1616
9993
4120
2469
4210
4831
2248
9922
3155
-1
2641
242
4310
2341
-1
1299
2503
6655
2141
-1
6695
368
-1
4132
4111
265
6143
6182
1986
939
-1
-1
4353
4006
6910
2644
-1
9902
1353
-1
2305
601
-1
2683
9183
-1
8044
8012
1324
1025
5650
5339
