18 240 48543975 30
789582720 706809830 35725127 202447841 50401703 51512198 690161923 135404544 185797410 120786370 220339968 788529927 656609991 152045986 187892544 70327040 253761892 35782913 
29 19707952
19 35075746
15 38061069
20 36988845
9 33763688
6 23132019
17 23668976
27 6495099
2 17458350
15 11804795
11 10329713
28 32557322
10 12045809
5 28661613
3 29365429
11 2688420
14 20213093
18 576805
6 26418481
8 23415217
19 26857815
17 34503637
19 20931689
29 44548103
9 11507054
15 33254795
16 18695929
29 44778681
19 48421512
12 8543709
14 33871953
4 5270390
16 39807757
29 18411455
9 18184357
25 10292362
17 1556290
10 7963427
28 13594365
4 5797871
8 8627264
6 47882692
12 1220709
20 29241155
26 27744045
5 35622196
7 44660908
28 5297615
8 19519998
17 27595991
6 23764134
17 8245568
17 9640422
26 214491
17 22965088
14 39343086
26 21460714
11 17777564
15 30960881
28 9764581
17 7419870
15 19011250
8 24220378
15 882677
12 1705478
6 17339047
22 6419746
29 26631637
25 33206976
20 8690524
15 439836
5 854103
1 18395728
6 24682401
29 15831998
16 30088835
1 40864951
29 29926216
7 23562006
10 30001753
20 45754114
15 26432961
9 10504424
29 4872115
22 3254485
4 45646404
7 2747593
15 16892221
20 34208908
9 24343612
8 6040739
24 43234942
26 38353311
28 36541283
15 47529289
2 16316325
11 35173180
28 26725906
18 20367394
17 5715886
28 43395002
29 38171530
23 9615880
1 29394787
19 26990
5 22593834
1 42929838
15 38996255
20 15300778
22 8332599
6 27666376
6 30237543
10 32842488
17 34953427
14 8938960
16 24203360
7 21443289
3 47366135
1 39150472
27 25416091
24 12844832
23 37987819
4 48271736
27 41781332
11 15872158
4 25935480
16 42594279
28 48294902
18 9955257
22 14374314
27 25777418
23 17306176
29 38497668
12 42672132
6 34438986
8 25237031
4 12156176
18 21905350
4 18126069
23 12638586
9 27282891
22 22194252
17 43054314
3 17127534
23 14523562
17 8603999
27 39619480
19 25335151
9 25705100
4 25964099
17 25412564
15 47976302
16 19898513
9 3384121
8 34336509
5 41197094
25 43506189
23 30429262
24 38342681
17 32539213
8 20672169
11 13320327
15 33333744
29 35499657
8 10199318
12 46919062
1 31393306
2 45476912
4 42067003
3 46345038
5 41276711
7 998020
12 3537107
11 44906238
17 31963441
10 38760977
10 22607045
1 37043554
3 5313962
6 43697987
6 7903989
20 8566090
28 513401
23 31747482
16 8357481
27 28845303
22 45677162
17 36374524
1 12631244
14 17371466
27 42730119
24 14118582
5 36310920
8 26006946
23 30239294
9 31131781
29 40852951
12 30045777
4 44121298
4 38220826
20 31840367
2 22577268
15 14066570
22 40919521
19 24659613
7 45666032
4 30466790
14 10857223
24 10886065
25 14174634
22 28203921
3 17924427
12 34566370
27 43365894
27 27884495
22 32955490
20 1777583
20 24553672
25 19840044
6 24454899
1 29992280
8 27082420
27 19902915
17 9395559
26 19775349
9 46337961
9 9117319
5 12328707
19 39604200
6 11010641
25 30021585
29 5032762
26 46445044
4 45868009
6 26402890
25 40145533
22 32049150
11 15576325
24 25267757
6 19609721
