1000 1
5 2 3 4 5 799
5 6 7 8 9 587
5 10 11 12 13 694
5 14 15 16 17 865
5 18 19 20 21 10
5 22 23 24 25 69
5 26 27 28 29 337
5 30 31 32 33 607
5 34 35 36 37 989
5 38 39 40 41 291
5 42 43 44 45 309
5 46 47 48 49 44
5 50 51 52 53 854
5 54 55 56 57 209
5 58 59 60 61 502
5 62 63 64 65 597
5 66 67 68 69 60
5 70 71 72 73 229
5 74 75 76 77 307
5 78 79 80 81 607
5 82 83 84 85 739
5 86 87 88 89 234
5 90 91 92 93 196
5 94 95 96 97 939
4 98 99 100 101
5 102 103 104 105 801
4 106 107 108 109
5 110 111 112 113 552
5 114 115 116 117 397
5 118 119 120 121 379
4 122 123 124 125
5 126 127 128 129 841
5 130 131 132 133 647
5 134 135 136 137 649
5 138 139 140 141 891
5 142 143 144 145 689
5 146 147 148 149 328
5 150 151 152 153 997
4 154 155 156 157
5 158 159 160 161 516
5 162 163 164 165 584
5 166 167 168 169 370
5 170 171 172 173 738
4 174 175 176 177
5 178 179 180 181 385
5 182 183 184 185 484
5 186 187 188 189 881
5 190 191 192 193 470
5 194 195 196 197 303
5 198 199 200 201 595
5 202 203 204 205 218
5 206 207 208 209 309
5 210 211 212 213 450
5 214 215 216 217 964
5 218 219 220 221 769
5 222 223 224 225 735
5 226 227 228 229 996
5 230 231 232 233 164
5 234 235 236 237 119
5 238 239 240 241 585
5 242 243 244 245 345
5 246 247 248 249 218
5 250 251 252 253 953
5 254 255 256 257 758
5 258 259 260 261 679
5 262 263 264 265 1000
5 266 267 268 269 178
5 270 271 272 273 235
5 274 275 276 277 642
5 278 279 280 281 318
5 282 283 284 285 759
5 286 287 288 289 647
5 290 291 292 293 326
5 294 295 296 297 341
5 298 299 300 301 360
5 302 303 304 305 585
5 306 307 308 309 322
5 310 311 312 313 120
5 314 315 316 317 435
4 318 319 320 321
5 322 323 324 325 484
5 326 327 328 329 678
5 330 331 332 333 367
5 334 335 336 337 978
5 338 339 340 341 930
5 342 343 554 692 904
3 344 345 562
2 346 347
5 348 349 918 807 477
4 350 351 637 661
3 352 353 902
2 354 355
3 356 357 536
5 358 359 671 855 672
4 360 361 641 403
4 362 363 528 790
5 364 365 682 554 671
3 366 367 431
2 368 369
4 370 371 640 762
3 372 373 761
5 374 375 932 990 652
3 376 377 450
5 378 379 964 405 521
4 380 381 410 478
3 382 383 468
4 384 385 733 790
5 386 387 777 685 974
3 388 389 587
2 390 391
5 392 393 742 864 617
5 394 395 517 367 496
2 396 397
4 398 399 780 501
3 400 401 413
4 402 403 764 948
3 404 405 735
2 406 407
5 408 409 869 982 443
5 410 411 466 727 488
4 412 413 772 786
5 414 415 397 509 783
3 416 417 486
2 418 419
4 420 421 727 960
5 422 423 995 638 451
4 424 425 459 548
3 426 427 629
4 428 429 438 654
4 430 431 426 817
3 432 433 668
5 434 435 564 613 592
5 436 437 574 956 812
2 438 439
3 440 441 762
5 442 443 676 410 793
5 444 445 630 598 843
4 446 447 421 922
5 448 449 901 447 820
4 450 451 653 515
5 452 453 678 763 445
2 454 455
3 456 457 459
3 458 459 405
2 460 461
5 462 463 893 887 362
4 464 465 684 801
5 466 467 508 509 860
5 468 469 410 871 857
5 470 471 747 588 951
4 472 473 842 804
5 474 475 880 698 516
3 476 477 644
3 478 479 719
4 480 481 542 961
5 482 483 989 469 343
3 484 485 488
5 486 487 494 655 400
5 488 489 542 834 712
3 490 491 440
3 492 493 701
4 494 495 438 941
4 496 497 780 736
2 498 499
5 500 501 540 387 497
3 502 503 635
3 504 505 671
5 506 507 515 771 706
2 508 509
4 510 511 410 522
5 512 513 735 670 945
5 514 515 413 638 501
4 516 517 690 593
4 518 519 732 812
4 520 521 388 732
4 522 523 552 740
3 524 525 938
4 526 527 561 865
2 528 529
5 530 531 558 376 584
5 532 533 456 354 355
3 534 535 470
4 536 537 544 653
5 538 539 475 887 355
3 540 541 382
5 542 543 936 487 601
2 544 545
4 546 547 580 342
5 548 549 723 639 830
3 550 551 905
3 552 553 803
5 554 555 360 614 505
4 556 557 655 761
4 558 559 779 936
5 560 561 342 625 594
5 562 563 440 736 592
5 564 565 812 864 578
3 566 567 705
4 568 569 490 467
4 570 571 555 535
2 572 573
5 574 575 515 581 558
3 576 577 676
5 578 579 945 942 501
4 580 581 927 490
3 582 583 500
4 584 585 813 870
4 586 587 351 755
5 588 589 548 942 788
3 590 591 481
5 592 593 581 684 713
4 594 595 597 831
5 596 597 560 591 617
2 598 599
3 600 601 959
4 602 603 454 842
5 604 605 576 427 445
4 606 607 816 543
4 608 609 497 542
4 610 611 380 545
4 612 613 859 702
5 614 615 972 627 981
5 616 617 587 801 895
5 618 619 702 569 359
5 620 621 710 563 931
3 622 623 486
3 624 625 372
3 626 627 573
5 628 629 345 619 523
4 630 631 601 503
3 632 633 936
3 634 635 918
4 636 637 862 700
2 638 639
5 640 641 688 778 579
3 642 643 932
2 644 645
5 646 647 993 931 730
2 648 649
4 650 651 581 933
2 652 653
3 654 655 375
5 656 657 526 747 952
5 658 659 395 926 524
4 660 661 564 565
5 662 663 997 658 490
2 664 665
2 666 667
5 668 669 672 831 483
3 670 671 655
5 672 673 589 619 921
5 674 675 884 987 685
5 676 677 867 723 860
4 678 679 407 694
0
3 481 698 636
2 423 664
2 481 904
3 533 423 916
2 964 862
3 447 448 484
3 384 444 933
2 499 829
5 417 912 718 760 655
0
0
5 885 722 664 833 700
4 613 550 748 772
0
4 575 589 691 700
3 389 806 672
2 584 496
2 606 700
5 870 623 853 981 669
1 415
3 574 740 624
3 967 738 957
1 904
3 368 391 610
5 778 717 756 682 842
1 398
1 481
2 677 630
1 626
1 777
1 527
2 856 612
3 789 527 975
0
1 360
4 947 620 840 625
5 716 384 582 717 756
1 966
4 516 549 833 874
4 496 451 594 874
3 895 727 403
3 884 885 821
1 454
2 417 563
1 585
2 891 742
0
3 432 961 836
2 432 762
2 649 454
1 528
3 605 481 786
3 925 497 453
5 995 934 685 434 807
2 467 703
5 559 942 535 417 689
1 595
1 875
5 857 655 617 978 1000
1 461
2 390 560
3 455 764 528
2 571 979
1 367
1 678
1 757
0
3 704 642 940
3 356 401 467
2 405 709
4 347 409 809 414
5 667 912 416 973 433
2 974 478
3 750 471 984
3 898 598 434
2 935 943
4 801 991 644 411
1 822
1 570
1 660
1 494
0
5 898 459 741 468 482
1 568
1 658
3 838 691 474
2 680 971
1 681
5 682 688 790 839 749
1 683
2 684 829
3 685 730 751
2 686 754
2 687 860
1 688
2 689 690
1 690
1 691
2 692 708
1 693
3 694 745 986
1 695
2 696 817
3 697 952 834
1 698
2 699 747
2 700 734
3 701 722 849
1 702
4 703 993 792 901
1 704
1 705
1 706
3 707 842 782
3 708 725 736
2 709 925
1 710
3 711 852 731
2 712 784
2 713 732
2 714 814
2 715 990
2 716 819
1 717
1 718
2 719 971
4 720 713 987 738
3 721 958 723
2 722 759
2 723 929
3 724 843 848
3 725 754 867
2 726 792
1 727
2 728 683
5 729 863 719 775 974
1 730
1 731
2 732 765
1 733
2 734 848
1 735
3 736 799 817
1 737
1 738
2 739 989
1 740
2 741 701
2 742 819
1 743
4 744 772 900 758
1 745
1 690
0
1 834
2 713 936
1 861
1 881
2 693 908
0
4 914 957 710 750
1 882
2 910 833
2 907 726
0
0
3 998 871 728
1 951
2 818 719
0
2 846 861
1 854
0
0
2 681 948
0
0
2 835 843
4 748 811 731 976
1 706
2 713 761
1 819
0
2 846 991
2 696 972
1 802
2 921 994
1 854
1 991
0
1 962
0
0
0
2 714 840
2 986 867
0
2 921 759
1 979
0
1 888
2 819 966
1 990
0
1 847
2 964 961
1 787
1 766
1 848
0
0
1 822
1 692
1 826
2 952 941
2 983 877
0
1 886
2 684 899
1 836
1 998
3 849 792 978
0
2 972 960
3 730 906 999
1 888
2 846 919
1 718
1 920
2 923 910
1 912
1 952
1 962
0
0
1 977
1 901
0
1 882
3 820 691 798
1 754
0
1 998
1 681
0
1 977
0
1 804
1 836
0
3 681 821 881
1 703
1 710
1 684
0
0
2 973 939
0
1 954
2 985 926
0
1 942
2 825 798
0
0
1 822
0
2 971 895
0
0
0
1 704
1 771
1 697
0
0
3 807 682 811
2 889 925
1 735
1 867
1 909
2 739 688
0
0
1 916
2 883 912
0
1 843
1 870
2 951 857
1 852
0
1 813
0
1 882
2 988 827
0
2 773 902
1 824
0
1 974
2 892 726
1 779
0
0
0
1 816
2 741 905
1 911
0
1 733
0
1 849
0
0
2 822 776
1 852
0
0
1 752
0
1 826
1 778
0
1 813
1 774
1 828
0
0
1 869
0
0
0
1 962
0
1 769
2 823 754
4 848 946 857 976
1 852
0
0
0
2 991 693
0
2 903 926
1 908
3 775 785 880
0
0
3 997 748 944
4 763 879 915 709
1 906
0
2 731 694
0
2 781 795
2 762 699
2 973 754
2 833 802
1 881
1 945
2 982 955
0
0
0
2 755 832
2 866 823
2 716 943
0
2 774 694
1 877
0
0
0
0
1 896
1 775
1 756
1 941
2 889 713
0
2 984 962
2 903 966
1 877
0
3 761 746 983
1 731
0
1 798
0
1 869
0
2 781 898
0
1 924
5 851 894 778 761 715
2 692 778
1 814
0
1 752
0
0
2 990 736
2 786 797
1 823
2 715 927
1 874
4 982 909 897 921
2 809 696
1 727
3 728 819 817
1 775
3 951 886 898
1 741
1 801
0
1 932
2 729 920
2 984 889
3 701 722 996
3 996 802 709
0
0
0
4 746 747 748 749
5 750 751 752 753 817
4 754 755 756 757
5 758 759 760 761 952
5 762 763 764 765 920
5 766 767 768 769 815
5 770 771 772 773 874
5 774 775 776 777 759
4 778 779 780 781
4 782 783 784 785
4 786 787 788 789
5 790 791 792 793 884
5 794 795 796 797 787
5 798 799 800 801 903
4 802 803 804 805
5 806 807 808 809 916
5 810 811 812 813 953
4 814 815 816 817
4 818 819 820 821
5 822 823 824 825 838
5 826 827 828 829 749
4 830 831 832 833
4 834 835 836 837
4 838 839 840 841
5 842 843 844 845 862
4 846 847 848 849
4 850 851 852 853
5 854 855 856 857 921
5 858 859 860 861 809
5 862 863 864 865 746
5 866 867 868 869 846
5 870 871 872 873 791
4 874 875 876 877
5 878 879 880 881 900
5 882 883 884 885 809
5 886 887 888 889 998
5 890 891 892 893 852
4 894 895 896 897
4 898 899 900 901
5 902 903 904 905 755
4 906 907 908 909
5 910 911 912 913 984
4 914 915 916 917
5 918 919 920 921 911
5 922 923 924 925 844
4 926 927 928 929
5 930 931 932 933 749
5 934 935 936 937 912
4 938 939 940 941
5 942 943 944 945 896
5 946 947 948 949 967
5 950 951 952 953 807
4 954 955 956 957
4 958 959 960 961
4 962 963 964 965
4 966 967 968 969
4 970 971 972 973
4 974 975 976 889
2 989 749
0
0
2 991 958
1 956
2 786 897
3 813 935 968
0
1 977
1 978
1 979
1 980
1 981
1 982
1 983
1 984
0
0
0
0
0
0
1 992
0
0
0
0
0
1 997
0
0
0
0
0
0
0
0
0
0
0
0
0
0
0
0
0
0
0
0
0
0
0
0
0
0
0
0
0
0
0
0
1 977
0
0
0
0
0
0
0
0
0
0
0
0
0
1 982
0
0
2 979 997
0
0
0
0
0
0
0
0
0
0
0
0
0
0
0
0
0
2 1000 981
0
0
0
0
0
0
0
0
1 988
0
1 989
0
0
0
0
0
0
0
0
0
0
0
0
0
0
0
0
0
0
0
1 997
0
0
0
0
0
0
0
0
0
0
0
0
0
0
0
0
0
0
0
0
0
0
0
1 993
0
0
0
0
1 985
0
0
0
0
0
0
0
0
0
0
0
0
0
0
0
0
0
0
0
0
0
0
0
0
0
0
0
0
0
0
0
0
0
0
0
0
0
0
0
0
0
0
0
0
0
0
0
0
0
0
0
0
0
0
0
0
0
0
1 977
0
0
0
0
0
0
0
0
0
0
1 999
1 998
1 981
2 988 978
0
0
0
0
0
0
0
0
0
2 985 986
2 987 988
2 989 990
2 991 992
2 993 994
2 995 996
2 997 998
1 999
1 1000
0
0
0
0
0
0
0
0
0
0
0
0
0
0
0
