1 625
1 625
6 625
2 625
1 625
1 625
1 625
1 625
1 625
1 625
1 500
1 1875
1 1250
1 2500
9 6250
1 2500
7 6250
8 9375
1 3125
1 375
1 2500
1 2000
1 1500
7 7500
4 1875
13 9375
2 3125
1 1500
1 1500
1 1500
1 1500
2 1875
1 1500
9 10000
1 2000
21 10000
9 2500
669 1000000
1 5000
2359 3000000
29 31250
23 15000
94 9375
23 46875
321 3125
21 12500
1 6250
3 6250
17 18750
79 37500
19 10000
121 56250
11 11250
27 2500
83 75000
501 250000
13 25000
89 50000
2087 3000000
89 200000
79 37500
2 3125
587 450000
1571 600000
101 75000
149 37500
12 3125
919 187500
26 9375
347 600000
41 37500
1 3125
1 9375
131 112500
1 1250
61 150000
329 200000
143 150000
343 150000
157 187500
91 93750
32 28125
9017 9000000
263 450000
263 450000
49 62500
13 18750
919 900000
1 250
32 9375
1 1250
4013 450000
1 2000
751 450000
383 600000
19 9375
1213 750000
23 46875
173 750000
1 3750
31 37500
1 12500
47 75000
227 75000
3 2500
3 2500
13 12500
47 28125
4093 2250000
1 1500
1 1500
4 1875
1 7500
17 22500
11 30000
619 375000
139 150000
257 112500
167 112500
1283 12500
67 18750
3 10000
89 150000
1 1500
251 100000
1 2500
22 9375
1 12500
41 46875
3 3125
2 3125
1 2500
389 37500
577 225000
71 30000
89 25000
197 60000
86 28125
281 112500
17 18750
1 9375
109 37500
3 3125
46 28125
47 56250
9 62500
13 3750
31 15000
149 50000
17 2000
2407 720000
197 75000
11 4500
41 93750
41 18750
1 3750
1 12500
49 50000
33 12500
33 50000
23 25000
3 5000
2 1875
11 18000
1109 150000
2 9375
169 200000
107 37500
13 5000
149 225000
1123 300000
29 37500
3 10000
1 5000
77 18750
17 18750
187 93750
11 18750
113 75000
11 18750
2 1875
23 30000
83 150000
37 37500
1 1000
7 3750
1 1875
259 75000
13 12500
2 3125
17 10000
371 150000
481 562500
1 5625
14 28125
533 450000
1 900
231 100000
223 300000
137 187500
3979 3000000
1351 600000
209 200000
37 15000
193 112500
1 4500
163 112500
1 4500
7 11250
121 56250
1 9375
8 28125
3 5000
731 250000
9 5000
17 25000
119 120000
871 450000
29 15000
883 750000
341 450000
19 18750
13 18750
1 3125
453 200000
39 25000
59 25000
99 25000
9 10000
53 25000
26 15625
29191 9000000
11 18750
37 75000
19 12500
227 187500
41 37500
149 75000
11 15000
89 37500
91 37500
193 18750
19 18750
51 12500
553 375000
29 31250
17 15000
1957 1200000
851 600000
19 22500
31 22500
1909 2250000
101 112500
79 120000
4 9375
823 600000
4 1875
1 1875
7 18750
9 12500
17 12500
57 25000
259 225000
23 46875
13 28125
613 450000
143 30000
769 90000
1 7500
67 31250
2 9375
17 37500
1 375
43 37500
629 281250
523 150000
1177 562500
19 2500
677 250000
4559 1125000
137 56250
1549 360000
287 75000
18661 9000000
211 112500
659 375000
43 62500
283 150000
10421 250000
1281 250000
511 150000
39 62500
291 125000
34 3125
49 56250
279 62500
5999 450000
9173 2250000
16577 3000000
92741 9000000
13417 1125000
5369 281250
16529 375000
16487 1800000
398 140625
1099 100000
54047 4500000
4997 450000
1993 140625
3991 562500
8317 2250000
111709 18000000
210593 3600000
