1 625
1 625
1 625
1 625
1 625
1 625
1 625
1 3125
1 3125
2 3125
3 3125
2 3125
47 37500
1 2500
1 2500
2 3125
39 6250
2 3125
1 3125
626 3125
83 9375
26 3125
31 3125
2 3125
1 3125
9 6250
3 3125
9 12500
37 18750
1 3125
1 3125
2 3125
9 12500
1 3125
17 6250
33 3125
2 3125
3 3125
1 2500
9 12500
1 3125
13 12500
1 3125
3 3125
2 3125
3 2500
1 2500
21 2500
9 12500
13 12500
1 2500
6 3125
7 3125
11 3125
1 3125
2 3125
4 1875
9 12500
1 3125
13 12500
1 3125
17 6250
1 2500
1 500
29 12500
3 3125
1 3125
1 3125
1 2500
9 12500
2 3125
8 9375
17 12500
2 3125
3 3125
29 12500
6 3125
2 3125
1 3125
1 3125
9 12500
9 12500
1 3125
1 3125
2 3125
2 3125
2 3125
9 12500
1 3125
2 3125
1 3125
13 9375
2 3125
29 12500
1 3125
9 6250
1 3125
1 2500
9 12500
1 3125
13 12500
1 3125
1 3125
9 12500
9 12500
1 2500
6 3125
8 9375
3 3125
3 3125
2 3125
1 3125
29 12500
1 3125
13 12500
3 3125
6 3125
6 3125
103 37500
47 37500
3 3125
9 12500
1 3125
1 3125
7 3125
2 3125
2 3125
1 2500
9 12500
2 3125
1 3125
1 3125
3 3125
9 6250
33 12500
1 3125
1 3125
1 3125
7 3125
1 500
1 2500
67 37500
1 1875
1 500
9 12500
9 12500
11 9375
2 3125
2 3125
2 3125
1 3125
1 3125
1 3125
3 3125
2 3125
2 3125
1 3125
33 12500
1 3125
19 12500
1 2500
9 12500
1 3125
2 3125
1 3125
2 3125
1 3125
2 3125
13 12500
1 2500
9 12500
11 6250
1 3125
7 3125
1 3125
8 3125
13 9375
14 9375
7 3125
3 3125
1 3125
2 3125
1 3125
9 12500
59 37500
2 3125
2 3125
1 3125
2 3125
1 3125
2 3125
1 3125
13 12500
1 3125
1 3125
1 3125
17 6250
1 3125
1 3125
9 12500
2 3125
1 3125
1 2500
7 7500
2 3125
4 3125
4 3125
3 3125
7 3125
1 3125
8 3125
2 3125
16 9375
1 3125
6 3125
1 3125
7 3125
7 3125
9 12500
1 3125
9 12500
1 2500
9 12500
2 3125
9 3125
1 3125
6 3125
3 3125
1 3125
7 7500
8 9375
1 3125
4 3125
1 3125
57 12500
521 37500
191 75000
19 6250
83 9375
31 18750
26 9375
6 3125
73 37500
4 1875
147 6250
29 6250
271 150000
11 6250
47 150000
11 18750
1 9375
3 2500
37 7500
427 37500
127 75000
2 1875
23 9375
227 75000
47 18750
32 9375
103 37500
207 25000
49 6250
31 25000
481 75000
213 25000
37 18750
293 150000
11 3125
4 3125
109 37500
49 7500
21 3125
1 300
2 625
33 12500
31 50000
27 12500
539 75000
13 3125
71 6250
509 75000
41 25000
67 15000
53 25000
1897 150000
133 25000
173 37500
59 18750
1381 75000
119 18750
23 3000
73 6250
133 12500
117 25000
71 18750
111 12500
26 3125
2411 150000
503 75000
11 3000
17 1500
491 75000
641 37500
71 7500
179 12500
59 15000
14 9375
447 25000
629 75000
1 250
2 375
239 25000
487 150000
122 9375
349 12500
959 50000
1081 75000
