1 625
1 625
1 625
1 625
1 625
1 625
2 625
6 625
9 6250
9 2500
1 2000
9 10000
1 2500
1 2500
1 2500
2 1875
3 1250
1 500
3 3125
47 37500
8 9375
1 3125
1 3125
1 750
67 37500
1 2500
3 3125
1 1250
1 300
2 3125
41 18750
2 1875
89 37500
11 9375
16 1875
8 9375
1 2500
1 2500
1 3125
29 6250
1 1000
1 1000
7 5000
31 18750
1 750
7 6250
1 3125
1 3125
1 3125
1 3125
59 25000
1 2500
9 12500
47 15000
9 12500
9 12500
9 6250
7 6250
9 12500
1 1875
9 12500
1 500
1 750
16 9375
8 9375
3 3125
1 1875
59 12500
1 2500
388 9375
8 3125
1 1875
9 2500
1 3125
109 12500
1 1250
1 2500
1 3125
1 2500
7 7500
1 3125
8 3125
59 12500
1 625
8 9375
6 3125
23 9375
19 12500
7 7500
57 50000
1 1875
1 1250
12 3125
1 250
7 7500
1 3125
1 3125
16 9375
7 6250
27 6250
1 500
131 15000
37 15000
7 4500
53 12500
11 9375
13 9375
83 37500
1039 375000
1853 500000
169 62500
783 250000
1139 750000
51 31250
161 187500
131 187500
131 187500
197 62500
1 31250
691 187500
129 125000
14 46875
1687 375000
391 187500
283 250000
127 62500
917 300000
533 300000
461 300000
401 300000
137 150000
49 50000
37 50000
107 150000
401 75000
541 375000
181 75000
77 75000
73 50000
14 28125
823 450000
29 37500
59 93750
311 375000
59 93750
37 46875
541 150000
43 75000
311 75000
607 50000
5143 450000
5683 450000
4903 450000
2 3125
4421 1125000
1 9375
1843 750000
7 15625
83 62500
261 125000
77 25000
119 125000
167 62500
221 150000
383 150000
93 50000
287 150000
187 30000
23 7500
7 6250
33 50000
791 375000
271 375000
491 375000
207 125000
61 75000
91 75000
49 75000
61 30000
103 150000
141 50000
13 50000
229 150000
61 150000
179 30000
19 10000
67 25000
8 9375
821 250000
13 6250
359 150000
109 28125
283 300000
331 300000
3329 900000
19 12000
247 25000
29 75000
13 15000
223 150000
63 250000
163 250000
263 250000
839 750000
10867 4500000
2947 4500000
4627 4500000
211 250000
2293 750000
433 750000
6493 750000
257 112500
53 112500
1 22500
1 22500
169 125000
9 5000
1 5000
121 25000
113 250000
119 125000
919 750000
933 250000
2407 375000
227 375000
617 375000
149 125000
703 562500
151 187500
3257 375000
2 9375
49 18750
31 75000
1 1875
443 150000
211 187500
17 9375
281 112500
53 37500
303 250000
19 9375
3 2500
59 25000
39 12500
17 9375
2113 120000
23 40000
1157 600000
653 600000
109 90000
6601 4500000
7933 2250000
1 22500
667 1200000
971 1200000
849 400000
371 1200000
5561 4500000
4241 4500000
5677 900000
6461 4500000
4 9375
13 18750
31 37500
371 300000
917 600000
637 600000
157 600000
787 600000
143 75000
19 15000
199 75000
41 25000
2231 750000
1201 750000
627 250000
551 750000
61 37500
77 37500
31 37500
113 37500
631 187500
23 15625
59 46875
49 46875
409 750000
1787 375000
181 187500
137 375000
1301 1125000
1219 281250
5633 1125000
29 30000
193 150000
353 150000
49 25000
3697 1800000
571 600000
317 200000
737 200000
1873 300000
19 100000
227 150000
217 150000
589 600000
1897 600000
1853 600000
1213 600000
83 30000
19 30000
79 75000
236123 2250000
14291 4500000
16849 2250000
673 40000
1367 200000
1357 250000
2119 750000
6453 1000000
13523 3000000
461 75000
1279 225000
228943 4500000
9887 1500000
29279 4500000
163537 1500000
