10
100
95 99 45 72 50 7 58 22 20 66 67 23 82 48 84 19 2 3 26 6 92 42 89 100 98 94 53 96 46 4 60 88 63 8 74 85 64 73 78 28 1 30 44 90 69 52 87 22 32 49 75 43 56 41 34 16 86 31 61 65 45 51 21 80 15 76 27 47 83 18 55 5 71 91 82 38 17 9 39 13 95 99 35 72 50 7 58 54 37 62 25 40 12 24 70 79 34 57 97 36 11 68 81 93 29 33 14 20 66 67 23 59 48 84 10 2 77 3 26 6 92 42 89 4 98 94 53 96 46 100 60 88 63 8 74 85 64 73 78 28 1 30 44 90 69 77 14 52 33 29 87 93 32 49 81 75 43 56 41 19 16 86 31 61 65 35 51 21 80 15 76 27 47 83 18 55 5 68 71 91 11 59 38 17 9 39 36 97 57 10 79 70 24 12 40 25 13 62 37 54
100
85 47 63 88 16 9 98 10 64 23 4 75 99 14 71 51 8 34 89 11 67 42 37 90 70 52 39 75 33 41 82 73 48 66 7 31 84 97 81 6 27 43 11 89 34 51 71 14 65 78 80 4 23 64 9 16 63 47 85 92 88 68 98 10 96 8 99 61 54 19 12 17 67 55 86 2 44 77 25 1 72 58 35 3 20 45 15 56 79 50 49 100 30 24 22 26 36 5 38 32 53 46 60 40 62 76 87 57 69 95 29 59 83 13 94 93 91 74 18 28 21 21 77 18 74 91 42 93 94 13 83 59 29 37 95 69 27 70 57 87 76 62 40 60 46 53 32 38 5 36 26 52 22 24 30 100 49 50 39 96 79 15 45 20 3 33 41 35 58 72 1 25 28 44 2 86 55 56 17 12 82 19 54 73 48 66 7 31 84 97 61 81 6 78 90 43 65 80 68 92
100
68 6 98 28 86 60 75 30 27 97 46 7 41 9 78 96 19 2 43 24 53 25 50 21 64 69 40 32 74 48 8 13 42 89 91 44 49 55 72 57 100 37 92 51 82 16 87 85 35 18 59 4 17 1 56 80 5 39 38 77 61 54 81 93 67 95 83 14 10 34 71 34 83 67 81 54 77 47 38 39 80 33 12 90 56 1 36 4 59 85 87 65 16 51 26 99 92 57 88 52 44 91 89 42 13 74 32 40 69 64 21 50 25 3 24 45 2 76 84 73 78 20 9 86 58 68 31 6 98 28 60 75 63 30 27 97 46 7 41 94 96 19 79 43 53 66 70 48 8 49 55 72 22 100 37 23 82 35 18 17 62 5 93 61 11 95 14 10 29 15 71 15 29 11 12 47 33 90 62 36 65 26 99 23 22 88 52 70 3 66 45 79 76 84 73 94 20 63 58 31
100
21 50 23 72 30 49 32 85 2 1 4 48 77 60 44 69 21 89 52 36 27 63 17 14 68 84 22 86 74 58 35 10 96 12 71 65 46 37 41 31 47 51 61 70 78 94 42 55 45 19 40 59 87 73 82 33 11 20 57 81 13 43 90 75 53 100 18 76 56 34 99 28 29 7 50 5 24 15 3 88 95 9 79 80 54 98 62 83 91 92 39 38 64 26 66 6 93 25 97 16 8 67 67 8 16 97 25 93 6 66 26 64 38 39 92 91 83 62 98 54 80 79 9 95 88 3 15 24 5 7 29 28 99 34 56 76 18 100 53 75 90 43 13 81 57 20 11 33 82 73 87 59 40 19 45 55 23 42 94 78 70 61 51 47 31 41 37 46 65 71 12 96 10 35 58 74 86 72 30 49 22 32 85 2 1 84 4 48 77 60 44 69 89 52 36 27 68 63 17 14
100
2 42 20 60 67 7 46 33 38 3 43 48 26 75 86 40 70 37 49 37 49 70 40 86 75 26 48 43 3 38 33 46 7 67 60 20 42 2 13 30 4 24 21 29 53 83 32 91 84 65 77 22 79 64 73 95 15 39 23 80 28 51 52 10 5 88 66 63 47 69 36 100 87 58 8 35 44 97 18 76 90 16 34 57 72 94 56 62 45 89 9 31 61 96 17 74 50 19 25 41 99 55 92 71 54 27 6 11 1 12 85 93 59 68 98 14 81 82 78 78 82 81 14 98 68 59 93 85 12 1 11 6 27 54 71 92 55 99 41 25 19 50 74 96 61 31 9 89 45 62 17 56 94 72 57 34 16 90 76 18 97 44 35 8 58 87 100 36 69 47 63 66 88 5 10 52 51 28 80 23 39 15 95 73 64 79 22 77 65 84 91 32 83 53 29 21 24 4 30 13
100
39 30 94 92 86 23 52 93 26 80 76 29 66 20 85 44 53 4 56 100 84 1 37 18 67 62 7 78 64 79 21 68 88 89 38 36 34 48 70 45 97 13 75 41 15 14 59 43 22 57 81 96 5 40 47 24 74 69 17 95 33 73 9 99 72 42 46 6 10 8 55 32 58 82 82 58 28 11 32 8 6 51 46 98 63 25 72 99 9 69 24 96 81 57 22 43 59 41 13 70 48 36 21 79 3 54 35 78 7 62 18 84 56 4 53 44 85 20 66 80 26 52 23 86 92 39 30 94 93 76 29 100 1 37 67 64 83 91 87 49 90 12 27 16 68 88 89 38 34 45 97 75 15 14 5 40 47 74 17 95 33 73 42 2 77 50 71 19 60 31 61 65 10 55 28 11 65 51 61 98 31 63 60 19 71 50 25 77 2 16 27 12 90 49 87 91 3 54 83 35
100
20 39 17 96 31 34 100 84 79 62 47 85 19 88 55 1 72 5 29 66 59 68 42 11 89 25 4 15 49 91 27 95 56 38 52 22 82 14 6 69 77 92 36 65 7 86 18 63 53 2 35 75 28 76 35 63 86 7 92 77 69 6 82 52 38 27 91 49 4 73 90 81 43 93 8 80 41 21 87 99 32 23 10 46 94 83 45 25 51 42 66 29 5 72 1 55 78 88 19 85 47 62 79 84 100 34 31 96 17 39 20 59 68 11 89 37 33 3 24 64 48 54 71 9 30 26 16 50 60 12 74 70 57 58 13 67 97 61 44 98 40 15 95 56 22 14 36 65 18 53 2 75 28 76 40 73 98 44 90 61 97 67 81 13 43 93 8 58 57 80 70 41 74 21 87 99 32 12 60 23 50 16 10 46 94 26 30 9 83 71 54 45 48 64 51 24 3 33 37 78
100
44 28 63 79 94 32 42 56 50 87 61 29 57 72 10 3 52 78 51 74 80 86 64 67 97 36 8 83 99 18 24 22 91 2 34 45 76 12 98 82 16 100 4 71 68 46 90 23 89 75 41 25 53 31 37 48 92 88 17 65 84 70 33 69 60 11 58 55 9 1 35 26 66 77 43 54 27 7 6 20 59 5 30 39 96 96 39 6 55 65 36 97 67 64 86 80 74 15 51 78 52 3 19 10 72 57 29 61 95 38 81 85 73 49 44 28 40 63 79 94 32 42 56 50 87 8 83 99 18 93 24 22 91 2 34 45 76 12 98 82 62 16 100 13 4 71 68 21 46 90 23 89 75 41 25 53 31 37 48 92 88 17 84 14 47 70 33 69 60 11 58 9 1 35 26 66 77 43 54 27 7 20 59 5 30 47 14 21 13 62 93 15 19 40 49 73 85 81 38 95
100
78 12 21 22 27 100 55 73 62 68 74 71 23 5 97 93 4 60 13 8 87 88 47 76 90 99 95 11 24 29 41 80 49 52 72 75 83 7 31 84 15 14 39 81 58 85 79 25 77 77 25 79 50 85 58 81 51 36 28 31 7 83 75 52 49 41 29 24 11 95 16 99 98 91 40 47 88 87 8 64 13 4 93 97 5 82 23 71 74 68 57 3 53 1 18 94 48 27 21 12 78 22 63 96 67 46 38 54 9 20 69 32 37 100 26 65 70 43 35 34 19 6 42 30 66 86 33 89 17 2 61 44 45 92 56 55 73 62 60 10 76 90 80 59 72 84 15 14 39 50 51 36 28 59 16 98 91 40 10 64 82 56 92 45 44 61 2 17 89 33 86 66 30 42 6 19 34 35 43 70 65 26 37 32 69 20 9 54 38 46 67 96 63 57 3 53 1 18 94 48
100
72 8 75 49 60 52 32 43 79 6 22 84 67 39 20 33 94 44 31 12 1 68 5 88 16 61 38 64 11 47 69 13 27 87 36 28 90 14 24 100 19 56 96 15 46 62 92 57 51 17 81 70 71 70 81 17 51 57 92 62 46 15 96 56 19 100 24 14 90 28 36 87 27 13 69 47 11 64 38 61 16 88 5 68 1 12 31 44 94 33 20 39 67 22 6 79 43 32 52 60 49 75 8 72 84 59 82 35 97 37 83 3 63 9 85 26 2 10 66 21 41 76 23 89 86 71 42 18 4 30 48 40 80 55 74 98 53 25 77 34 65 45 99 78 93 91 58 54 73 50 29 95 7 7 95 29 50 73 54 58 91 93 78 99 45 65 34 77 25 53 98 74 55 80 40 48 30 4 18 42 86 89 23 76 41 21 66 10 2 26 85 9 63 3 83 37 97 35 82 59
