50
20
13 4 18 6 9 14 1 5 7 3 2 8 17 10 11 10 17 8 15 2 7 1 14 9 6 18 16 4 13 19 12 20 3 11 5 15 16 19 12 20
20
8 5 19 7 16 13 10 2 15 12 13 20 17 2 14 6 1 19 9 8 5 7 16 4 3 18 11 10 15 11 18 12 3 20 17 14 4 6 1 9
20
20 11 19 6 10 4 3 13 5 14 3 8 7 4 6 9 18 11 1 16 17 20 19 10 2 15 12 13 5 14 12 8 7 15 2 9 18 1 16 17
20
8 12 18 17 11 2 1 7 13 5 10 9 3 14 16 6 4 19 20 20 19 4 6 16 14 3 9 10 5 13 7 1 15 2 11 17 8 12 18 15
20
8 1 12 16 7 14 13 8 1 12 16 7 14 13 15 5 18 2 15 9 6 19 10 3 4 20 11 11 20 4 3 10 19 6 9 17 2 18 5 17
20
8 19 10 14 13 11 3 15 7 4 7 16 9 3 11 18 12 8 6 17 5 19 10 20 14 13 1 2 15 4 16 2 9 1 20 12 5 17 6 18
20
15 10 11 20 7 19 4 18 9 14 3 2 5 16 6 8 12 1 17 13 13 17 2 12 8 6 16 5 1 3 14 9 18 4 19 7 20 11 10 15
20
10 6 9 17 8 11 16 20 15 3 13 18 18 13 3 15 20 16 11 8 17 9 6 10 14 4 19 12 2 7 5 1 5 7 1 2 12 4 14 19
20
9 5 20 3 16 17 1 2 7 11 13 4 10 14 18 15 19 8 6 6 8 15 18 14 4 13 7 2 17 16 3 20 5 9 1 11 10 12 19 12
20
8 16 1 4 19 5 9 10 15 12 20 3 13 7 11 14 6 17 18 2 2 18 17 6 14 8 16 11 1 4 7 13 3 20 12 19 5 15 10 9
20
6 9 18 4 4 18 9 6 3 5 17 11 10 12 15 19 2 20 1 8 13 7 14 16 3 5 17 11 10 12 15 19 2 20 1 8 13 7 14 16
20
18 14 6 15 13 17 10 4 1 12 11 20 2 18 9 14 8 5 16 7 3 19 19 3 7 16 5 8 9 2 20 11 12 1 4 10 6 17 13 15
20
20 10 15 16 12 3 14 8 5 13 20 10 15 16 12 3 14 8 5 13 18 7 19 4 9 6 17 11 2 1 1 2 11 17 6 9 4 19 7 18
20
4 2 16 20 18 3 11 17 19 13 7 8 10 14 18 20 16 4 2 1 12 15 9 5 6 6 5 9 15 12 3 11 17 19 13 7 8 10 1 14
20
19 9 5 1 14 10 13 4 15 3 2 17 8 12 20 6 7 16 11 18 18 16 7 11 6 20 12 8 17 3 2 15 4 13 10 14 1 9 19 5
20
10 2 6 5 17 16 1 20 3 4 14 12 11 7 18 13 9 8 8 9 13 18 7 11 12 14 4 3 20 1 16 17 5 6 2 10 15 19 19 15
20
20 2 17 3 6 9 8 13 16 5 10 17 9 4 18 11 4 10 7 1 14 12 18 19 2 20 6 19 5 13 15 14 3 12 7 11 8 16 1 15
20
20 7 3 4 5 2 5 6 16 10 14 15 10 9 13 9 15 18 19 4 12 12 3 2 6 8 11 20 14 19 11 13 17 17 1 8 7 1 18 16
20
10 16 1 11 14 6 5 7 18 4 9 13 15 8 2 2 8 15 13 9 4 18 7 5 6 14 11 1 16 10 3 19 17 12 20 20 12 17 19 3
20
20 8 2 16 1 4 15 5 12 14 10 9 19 13 7 7 13 19 9 10 14 18 5 15 4 1 16 2 17 11 8 20 3 6 12 18 17 11 3 6
20
4 18 3 14 5 9 8 8 9 5 14 3 18 4 20 10 17 19 6 7 11 16 13 2 12 15 1 1 15 12 2 13 16 11 7 6 19 17 10 20
20
8 19 11 16 12 17 14 18 2 1 9 5 13 6 20 10 10 20 6 13 3 9 1 2 15 14 17 12 16 11 19 8 4 5 18 7 7 15 3 4
20
1 16 18 13 2 7 17 12 6 18 11 2 3 5 5 15 11 13 12 20 19 1 9 7 19 6 10 16 4 20 17 8 14 14 8 10 15 3 9 4
20
18 4 7 19 8 20 13 15 9 5 11 6 10 1 5 12 9 13 20 8 19 4 2 18 7 16 3 15 17 14 11 6 14 17 10 1 12 3 16 2
20
12 6 8 9 19 17 16 2 14 1 15 7 18 13 11 4 20 10 3 5 5 13 10 20 4 11 3 18 7 15 1 14 2 16 17 19 9 12 6 8
20
17 9 8 2 14 5 6 12 6 5 3 4 10 17 1 20 13 9 11 8 2 15 18 16 19 14 7 12 7 19 4 18 15 11 3 10 16 13 1 20
20
7 14 11 20 11 20 14 7 13 12 4 2 6 5 9 19 10 17 3 16 8 18 1 15 1 18 8 15 16 3 17 10 19 9 5 6 2 12 13 4
20
1 5 14 9 19 16 13 12 3 15 6 4 20 10 14 5 1 9 19 16 13 18 3 15 6 4 20 10 12 17 7 11 2 8 8 2 11 7 17 18
20
1 19 13 17 16 18 11 12 8 2 9 4 14 3 10 20 6 15 7 5 5 7 15 6 20 10 3 14 4 9 2 8 12 1 19 13 17 16 18 11
20
10 1 4 16 15 14 7 6 9 3 10 1 4 5 16 15 14 7 6 9 3 13 19 20 2 18 12 11 17 8 8 17 11 12 18 2 20 19 13 5
20
16 10 15 12 6 3 5 13 1 8 14 20 4 2 7 17 9 19 18 11 11 18 19 9 17 7 2 4 20 14 8 1 13 5 3 6 12 16 10 15
20
2 18 2 8 1 11 19 16 10 17 4 14 20 6 7 9 12 12 9 7 6 20 14 4 17 10 16 19 11 1 8 15 18 15 5 13 3 3 13 5
20
4 15 13 14 20 16 11 5 9 3 10 4 15 17 7 12 19 13 14 2 1 6 18 18 6 8 20 1 8 2 16 19 11 5 9 3 12 10 7 17
20
14 7 3 19 11 4 20 17 18 5 5 9 17 8 4 15 10 7 20 6 3 19 11 1 14 12 2 13 18 16 16 13 2 12 9 8 15 1 10 6
20
15 13 14 19 4 19 11 9 15 13 14 10 1 5 7 1 6 18 2 12 8 4 3 16 20 20 16 3 8 12 2 18 6 17 7 5 17 11 10 9
20
17 10 16 8 6 9 2 4 12 10 17 1 18 13 6 19 14 15 3 20 7 16 8 11 9 5 5 11 4 2 7 20 3 15 14 12 19 13 18 1
20
3 9 4 11 12 5 15 10 17 13 14 8 1 9 4 16 6 11 12 19 7 20 5 2 18 17 3 15 18 2 20 7 19 6 16 1 8 14 10 13
20
16 8 19 3 13 4 17 5 10 15 1 7 14 20 12 11 6 18 2 9 9 2 18 6 11 12 20 14 7 1 15 10 5 4 13 3 19 8 16 17
20
14 9 13 5 1 3 19 2 6 20 10 18 15 17 12 12 17 15 18 10 20 6 2 19 3 1 5 13 9 14 8 11 4 7 16 8 11 4 7 16
20
5 10 16 3 18 2 6 14 13 7 18 4 15 11 20 3 16 10 5 2 6 14 13 7 4 11 17 12 19 1 9 8 8 9 1 19 12 17 15 20
20
16 17 7 1 8 2 15 18 12 5 14 3 13 4 11 9 6 10 20 20 10 6 11 4 13 3 14 5 18 12 15 2 8 1 19 7 17 16 19 9
20
13 11 9 4 12 13 11 9 4 12 16 19 5 18 14 10 20 17 7 15 3 1 6 8 8 2 2 6 3 1 15 7 17 20 10 14 18 5 19 16
20
14 9 16 2 17 8 8 17 2 16 9 14 18 3 12 15 5 1 4 11 10 19 13 6 7 20 20 7 6 13 19 10 11 4 1 5 15 12 3 18
20
4 17 14 4 15 6 10 1 2 5 17 18 14 12 13 20 7 16 3 11 8 19 9 9 19 8 11 3 16 7 20 13 12 18 5 2 1 10 6 15
20
16 8 8 16 9 3 14 19 11 1 10 2 6 7 18 15 4 12 20 17 5 13 13 5 17 20 12 4 15 18 7 6 2 10 1 11 19 14 3 9
20
4 9 20 6 13 7 19 3 11 18 10 12 1 14 2 15 8 8 15 2 14 1 12 10 18 11 3 19 7 13 6 20 9 4 16 5 17 17 5 16
20
4 12 9 7 15 18 9 12 4 1 7 10 2 17 15 11 13 5 16 6 3 14 20 8 19 8 20 14 3 6 19 18 16 5 13 11 17 2 10 1
20
14 15 11 4 13 16 3 8 6 19 1 17 7 18 18 7 17 1 19 6 8 3 10 15 14 20 11 4 2 5 13 12 16 9 9 12 10 5 2 20
20
12 9 17 4 1 7 19 5 14 16 15 9 12 17 2 4 1 7 19 5 14 16 11 20 13 18 8 10 6 3 3 6 10 8 18 13 15 11 20 2
20
3 19 13 10 4 7 1 19 18 8 15 9 2 17 12 3 5 20 6 11 16 14 10 14 11 4 13 6 16 7 20 1 18 5 8 15 9 12 17 2
