50
20
20 7 9 5 13 2 8 6 18 11 17 19 4 14 3 10 1 16 16 20 15 7 9 5 13 2 8 6 18 11 17 19 4 14 3 10 1 12 12 15
20
13 4 14 18 20 11 11 18 14 4 13 20 2 5 19 16 10 15 1 3 17 12 9 6 7 8 5 2 19 16 10 15 1 3 17 12 9 6 7 8
20
4 18 15 1 14 12 14 10 8 13 9 7 20 5 2 11 16 17 3 3 17 16 11 2 5 20 7 9 13 8 10 19 12 19 1 15 18 4 6 6
20
19 11 20 18 17 3 4 6 5 15 7 2 16 10 13 9 12 14 1 8 8 1 14 19 11 20 18 17 3 4 6 5 15 7 2 16 10 13 9 12
20
9 20 8 19 6 5 18 7 2 17 13 1 16 3 12 14 15 11 4 10 10 4 11 15 14 12 3 16 1 13 17 2 18 5 19 8 7 20 9 6
20
4 7 18 2 19 11 10 3 5 14 8 15 12 16 13 6 9 20 17 1 1 17 20 9 6 13 16 12 15 8 14 5 3 10 11 19 2 18 7 4
20
18 3 1 16 4 13 15 2 8 8 2 15 13 4 16 1 3 18 9 20 14 7 19 12 6 5 11 17 10 10 17 11 5 6 12 19 7 14 20 9
20
5 2 8 6 3 12 13 20 18 1 19 4 9 14 15 17 10 11 16 7 7 16 11 10 17 15 14 9 4 19 1 18 20 13 12 6 3 8 2 5
20
10 10 11 12 3 5 14 6 2 16 9 4 19 17 20 1 15 18 7 13 8 8 13 7 18 15 1 20 17 19 4 9 16 2 6 14 5 3 12 11
20
12 8 14 5 6 15 16 10 11 18 7 13 1 2 3 9 19 4 20 17 20 4 10 12 8 14 5 6 15 16 11 18 7 13 1 2 3 9 19 17
20
7 2 2 7 9 15 13 1 14 11 6 19 17 3 8 18 10 20 16 12 5 4 4 5 12 16 20 10 18 8 3 17 19 6 11 14 1 13 15 9
20
5 11 8 8 12 4 16 9 9 16 4 12 20 20 11 5 19 14 7 6 17 13 15 1 3 2 18 10 10 18 2 3 1 15 13 17 6 7 14 19
20
18 6 1 17 13 9 12 5 15 2 2 12 5 15 9 13 17 1 6 18 16 8 11 14 3 4 19 20 10 7 7 10 20 19 4 3 14 11 8 16
20
4 18 9 16 6 10 7 11 1 8 3 14 2 5 17 12 20 19 15 13 13 15 19 20 4 18 9 16 6 10 7 11 1 8 3 14 2 5 17 12
20
6 15 4 18 2 19 5 12 11 13 3 7 3 13 7 12 11 5 19 2 18 4 15 6 9 10 17 20 14 8 16 1 1 16 8 14 20 17 10 9
20
10 14 6 16 7 17 15 12 2 20 13 3 4 5 18 1 11 8 19 19 8 11 20 10 14 6 16 7 17 15 12 2 13 3 4 5 18 1 9 9
20
1 3 18 16 10 11 11 10 16 18 3 1 14 6 12 19 13 7 8 17 2 4 5 20 15 9 9 15 20 5 4 2 17 8 7 13 19 12 6 14
20
7 14 11 5 16 10 15 19 6 2 1 3 18 18 3 1 2 6 19 15 10 16 5 11 14 7 13 9 20 8 4 12 17 17 12 4 8 20 9 13
20
18 20 11 12 3 16 7 17 5 19 10 15 14 2 8 8 2 14 15 10 19 5 17 7 16 3 12 11 20 18 4 1 13 6 9 4 1 13 6 9
20
1 18 9 4 14 5 20 13 15 7 7 12 15 13 12 20 5 14 4 9 18 1 3 19 2 8 10 17 16 6 11 11 6 16 17 10 2 19 3 8
20
17 11 3 13 20 14 12 5 10 19 6 7 16 16 7 6 2 10 5 12 14 20 13 3 11 17 8 18 1 15 9 4 2 19 4 9 15 1 18 8
20
1 7 19 1 17 6 20 14 13 16 3 5 12 9 18 10 4 15 7 8 11 2 17 6 20 14 13 16 3 5 12 9 18 10 4 15 19 8 11 2
20
7 9 5 17 8 19 4 11 3 20 10 15 1 14 6 18 12 16 2 13 13 2 16 12 18 6 14 19 15 10 20 3 11 4 1 8 17 5 9 7
20
1 19 16 14 6 20 7 8 13 17 5 3 11 10 4 9 18 2 12 15 15 12 2 18 9 4 10 11 3 5 17 13 8 7 20 6 14 16 19 1
20
4 1 3 20 18 18 20 3 1 4 15 9 12 2 19 7 5 14 8 6 10 11 17 16 13 13 16 17 11 10 6 8 14 5 7 19 2 12 9 15
20
9 20 19 6 19 20 9 18 6 16 12 5 14 8 11 10 13 7 4 15 2 3 1 17 17 1 15 4 7 13 10 3 11 2 8 14 5 12 16 18
20
15 6 20 12 10 4 18 1 5 3 2 17 9 19 7 13 16 11 8 15 6 20 12 10 4 18 1 5 3 2 17 9 19 7 13 16 11 8 14 14
20
16 14 11 10 10 11 14 16 18 9 20 17 12 3 5 4 15 7 6 13 8 19 1 2 2 1 19 8 13 6 7 15 4 5 3 12 17 20 9 18
20
18 1 19 10 5 2 12 15 7 20 16 13 9 9 13 16 20 7 15 12 2 5 10 19 1 18 6 17 11 14 8 4 3 3 4 8 14 11 17 6
20
19 1 17 3 16 19 7 8 9 14 2 18 6 20 10 13 4 12 11 5 15 5 15 11 12 4 13 10 20 1 17 3 6 16 7 8 9 14 2 18
20
8 13 12 10 18 19 17 3 11 15 20 2 16 1 4 7 14 9 9 14 7 4 1 16 2 20 15 11 3 17 19 18 10 12 13 8 6 5 5 6
20
20 13 8 18 17 10 9 2 16 19 16 14 5 1 1 5 14 15 19 15 2 9 10 17 18 8 12 20 3 11 6 13 7 4 4 7 12 6 11 3
20
10 9 11 18 3 13 7 5 5 7 13 3 18 11 9 10 14 20 4 19 15 6 8 2 16 12 1 17 17 1 12 16 2 8 6 15 19 4 20 14
20
10 12 20 4 8 15 11 3 7 20 1 18 5 17 14 19 15 10 12 16 4 8 11 3 7 6 16 1 18 5 17 14 19 9 13 2 2 13 9 6
20
5 5 9 6 1 11 15 17 7 8 20 9 14 12 2 19 4 18 13 16 10 10 16 13 18 4 19 2 12 14 3 20 8 7 17 15 11 1 6 3
20
10 4 1 7 16 9 3 8 18 15 11 13 12 17 5 19 14 10 4 1 7 16 9 20 3 8 18 15 11 13 12 17 5 19 6 14 2 2 6 20
20
7 19 18 12 11 16 15 17 2 6 5 5 6 2 17 15 16 11 12 18 19 7 1 14 20 10 13 3 4 9 8 8 9 4 3 13 20 14 1 10
20
2 9 8 4 18 14 12 1 1 12 14 18 4 10 9 2 5 17 3 13 16 15 11 6 20 10 19 7 5 17 3 13 16 15 11 6 20 8 19 7
20
3 14 10 1 13 8 17 16 18 15 19 12 2 7 9 6 11 20 4 5 5 4 20 11 6 9 7 2 12 19 15 3 14 10 1 13 8 17 16 18
20
13 2 9 19 11 4 18 7 10 15 15 10 18 4 7 11 19 9 2 13 12 20 16 6 8 1 14 5 17 3 3 17 5 14 1 8 6 16 20 12
20
13 3 9 2 20 14 7 11 17 1 10 5 5 10 1 17 11 7 14 20 2 9 3 13 4 19 8 18 6 12 16 15 15 16 12 6 18 8 19 4
20
11 3 2 19 15 10 7 20 5 14 13 8 6 4 9 18 12 17 17 12 18 9 4 6 8 13 14 5 20 7 10 15 19 2 3 11 16 1 1 16
20
12 19 18 17 2 20 13 8 10 14 9 16 4 3 15 5 6 11 1 4 7 1 11 6 5 15 3 7 16 9 14 10 8 13 20 2 17 18 12 19
20
2 13 19 17 6 16 7 15 11 5 20 12 8 9 9 8 12 20 5 11 15 7 16 6 17 19 13 2 1 3 14 18 10 4 4 10 18 14 3 1
20
18 12 5 11 20 17 10 4 6 2 1 15 16 19 13 8 14 9 7 7 14 1 3 18 12 5 11 20 17 10 4 6 2 15 16 9 19 13 3 8
20
10 14 7 4 11 16 4 7 14 5 20 3 1 13 18 10 2 19 16 6 12 17 9 15 8 5 20 3 1 13 8 18 2 19 11 6 12 17 9 15
20
11 3 16 6 17 10 11 3 16 6 17 12 13 4 10 9 14 8 20 5 19 15 7 18 1 2 2 1 18 7 15 19 5 20 8 14 9 12 4 13
20
9 8 20 1 19 5 14 18 14 15 16 4 11 7 10 3 12 12 3 10 7 11 4 16 15 6 18 6 5 19 1 20 8 9 13 17 2 2 17 13
20
20 10 9 17 6 13 14 7 8 15 1 3 11 4 2 16 18 19 12 5 5 12 18 16 19 10 20 9 17 6 13 14 7 8 15 1 3 11 4 2
20
3 20 20 3 18 2 14 11 10 9 13 5 15 4 17 5 1 6 8 7 16 12 12 16 7 8 6 1 19 17 4 15 19 13 9 10 11 14 2 18
