50 85
30 30 30 30 30 30 30 30 30 30 30 30 30 30 30 28 46 38 39 49 21 39 7 17 18 34 2 34 39 3 44 42 21 20 18 21 30 8 21 28 13 31 18 37 5 5 46 25 11 32 7 22 39 6 3 22 31 36 33 17 15 19 22 42 33 14 47 47 42 3 49 50 31 20 34 43 33 13 14 6 24 2 18 35 31
23 23 23 23 23 23 23 23 23 23 23 23 23 23 23 32 34 23 15 11 33 5 22 38 34 18 48 38 9 13 34 10 31 46 23 50 6 14 6 9 7 20 46 18 2 45 40 21 42 26 10 8 23 7 49 14 43 33 18 42 21 23 49 45 29 10 2 18 35 25 11 48 14 20 44 17 29 16 29 17 3 3 9 33 40
44 44 44 44 44 44 44 44 44 44 44 44 44 44 44 1 28 42 32 15 34 14 48 3 19 7 38 45 28 25 21 8 6 7 35 32 6 28 50 16 6 38 32 46 18 2 22 25 39 49 11 14 22 34 6 50 30 34 7 27 37 16 9 38 19 31 11 23 12 50 18 21 39 50 23 4 40 10 43 10 47 6 18 32 49
13 13 13 13 13 13 13 13 13 13 13 13 13 13 13 8 19 37 33 32 49 23 47 49 4 36 31 21 2 35 27 18 1 15 30 40 42 42 5 49 47 20 26 25 27 44 34 33 27 39 34 45 1 40 37 26 1 42 48 35 17 47 44 4 45 21 29 45 21 37 36 31 5 29 4 32 26 3 4 19 1 33 11 4 25
41 41 41 41 41 41 41 41 41 41 41 41 41 41 41 42 37 36 9 48 22 40 22 15 2 34 10 8 12 17 12 25 13 22 19 31 3 27 35 34 3 39 17 25 8 34 40 13 45 14 19 23 33 6 28 4 18 25 16 47 20 44 4 25 30 20 11 34 42 31 6 7 16 39 10 18 4 2 17 9 2 9 29 37 14
31 31 31 31 31 31 31 31 31 31 31 31 31 31 31 21 21 5 33 50 33 43 5 13 46 49 2 32 9 5 25 10 14 7 15 5 50 46 16 4 42 15 10 15 29 12 42 11 46 27 28 45 48 21 32 42 30 34 46 43 16 25 10 30 30 48 41 4 30 3 9 25 40 7 45 28 43 3 33 13 22 7 41 49 16
10 10 10 10 10 10 10 10 10 10 10 10 10 10 10 21 31 22 15 14 27 43 27 4 41 27 23 9 45 9 3 7 18 13 49 44 18 36 47 40 49 32 2 19 49 32 43 44 6 27 5 45 20 2 16 26 12 8 5 32 19 47 41 9 36 38 16 2 37 31 41 7 32 31 25 32 2 27 30 42 25 48 22 8 9
25 25 25 25 25 25 25 25 25 25 25 25 25 25 25 35 19 49 3 35 16 31 29 49 5 33 18 37 13 2 10 7 5 37 15 47 33 35 23 48 15 40 34 46 39 49 4 37 17 33 1 42 28 38 6 12 37 45 10 38 41 41 5 8 41 37 48 30 23 36 30 47 38 50 50 45 35 18 44 14 39 3 45 32 38
19 19 19 19 19 19 19 19 19 19 19 19 19 19 19 20 20 3 15 7 6 29 38 14 6 37 13 46 50 17 33 13 11 40 17 41 44 27 42 49 12 37 11 19 1 30 10 28 1 22 38 12 10 35 43 41 26 44 31 10 28 39 16 40 3 17 31 17 33 29 22 23 35 37 3 35 13 30 12 1 47 3 20 37 37
14 14 14 14 14 14 14 14 14 14 14 14 14 14 14 14 25 50 40 1 48 46 5 41 8 20 9 41 31 35 40 16 40 8 37 43 45 46 1 35 23 7 12 18 29 15 23 38 50 14 48 22 25 5 36 30 28 42 4 26 45 45 7 9 46 8 49 4 12 10 41 3 20 14 11 30 8 20 20 34 6 13 20 26 40
22 22 22 22 22 22 22 22 22 22 22 22 22 22 22 40 25 10 31 25 4 21 30 45 14 2 2 14 9 18 29 43 36 11 34 15 20 34 35 21 38 43 22 29 1 41 16 3 28 16 41 12 41 11 18 16 22 18 18 31 15 7 20 20 48 2 13 6 19 12 2 29 7 18 22 32 33 23 27 34 30 42 28 47 47
46 46 46 46 46 46 46 46 46 46 46 46 46 46 46 47 14 28 31 34 27 48 40 17 16 28 32 49 50 14 37 42 49 20 17 6 31 35 43 25 2 23 29 30 28 19 26 33 9 3 43 31 10 37 23 8 44 4 42 20 21 33 32 10 7 4 19 44 19 17 19 33 41 45 10 32 50 20 9 15 15 34 17 11 7
47 47 47 47 47 47 47 47 47 47 47 47 47 47 47 47 11 34 28 15 12 49 30 22 33 4 23 34 44 21 9 14 31 1 6 17 13 46 39 12 34 48 4 5 3 27 47 27 45 7 10 5 3 19 26 44 50 50 40 35 46 4 50 11 42 34 28 38 36 20 11 14 4 47 37 29 32 22 37 20 8 20 30 50 39
37 37 37 37 37 37 37 37 37 37 37 37 37 37 37 14 37 10 36 34 6 9 26 46 29 5 2 39 10 43 47 7 15 14 32 48 9 14 43 48 18 49 46 34 33 20 11 20 49 37 31 34 39 18 29 25 48 26 47 27 50 35 26 41 44 17 39 38 29 7 25 44 2 3 33 45 47 36 44 30 1 14 37 36 8
35 35 35 35 35 35 35 35 35 35 35 35 35 35 35 33 7 19 23 31 7 6 15 8 12 13 23 31 29 42 42 26 28 30 11 3 38 17 13 15 33 1 22 38 48 16 22 48 29 28 49 19 12 27 16 20 49 42 28 13 25 36 7 3 9 11 40 4 46 31 41 12 18 23 29 4 27 31 9 33 23 26 38 49 41
20 20 20 20 20 20 20 20 20 20 20 20 20 20 20 8 46 21 38 47 13 12 21 14 30 18 46 28 26 7 13 3 28 40 1 12 14 46 17 16 8 8 32 49 35 10 14 26 1 19 47 40 2 44 16 19 42 18 25 39 26 9 26 48 7 19 43 21 7 4 10 47 41 7 19 5 12 11 10 45 5 26 30 40 26
17 17 17 17 17 17 17 17 17 17 17 17 17 17 17 17 48 1 30 1 30 22 42 5 42 45 33 13 32 14 11 35 26 42 28 43 26 20 13 13 14 35 13 43 25 3 43 43 30 2 35 21 26 15 47 36 11 6 29 18 46 16 35 4 9 39 14 42 11 18 38 38 38 43 28 23 9 19 46 49 32 12 21 35 6
11 11 11 11 11 11 11 11 11 11 11 11 11 11 11 13 21 38 44 44 43 22 41 44 19 12 14 27 46 31 11 31 22 13 46 6 10 20 29 7 34 39 50 50 8 47 3 13 46 10 8 16 25 5 46 31 38 11 29 12 20 45 41 50 4 33 4 33 45 20 23 44 39 12 41 23 28 28 22 3 33 44 13 32 6
12 12 12 12 12 12 12 12 12 12 12 12 12 12 12 39 10 23 34 16 9 32 44 23 21 41 2 30 26 5 50 40 25 21 48 29 25 35 19 25 48 45 11 34 38 27 6 18 19 16 47 5 48 21 17 41 36 23 7 45 37 30 36 49 27 38 21 21 28 12 20 50 15 37 14 47 14 4 25 39 30 38 43 46 39
4 4 4 4 4 4 4 4 4 4 4 4 4 4 4 42 4 39 27 26 9 10 36 44 12 27 43 46 40 11 36 45 7 32 38 37 14 20 16 12 6 50 21 26 49 42 11 49 19 40 21 25 37 20 23 27 27 22 40 45 17 39 3 15 1 3 39 31 49 40 13 44 45 36 37 26 16 42 26 2 34 22 50 44 28
7 7 7 7 7 7 7 7 7 7 7 7 7 7 7 39 34 4 1 4 36 6 11 15 23 15 47 21 48 33 15 41 41 23 3 44 38 15 39 10 2 25 23 29 17 16 45 42 45 37 34 27 15 22 49 9 50 30 8 26 16 8 40 15 41 10 18 23 34 17 47 50 50 10 12 1 28 2 11 16 8 10 39 12 8
38 38 38 38 38 38 38 38 38 38 38 38 38 38 38 3 44 19 23 3 13 43 9 23 7 36 9 25 37 1 35 36 14 18 40 5 29 28 33 39 23 32 20 38 16 45 15 19 11 21 8 23 29 30 31 16 38 38 29 32 4 34 19 43 29 38 19 17 45 48 40 12 42 43 50 9 26 45 32 46 18 46 4 8 16
48 48 48 48 48 48 48 48 48 48 48 48 48 48 48 15 5 15 40 20 23 9 7 49 40 44 44 36 30 37 16 21 5 15 1 9 13 32 19 39 33 12 6 20 8 17 20 46 36 27 38 29 50 22 26 11 48 9 7 26 47 17 5 30 46 47 1 30 39 29 46 44 13 39 36 27 14 30 23 9 13 8 49 2 7
6 6 6 6 6 6 6 6 6 6 6 6 6 6 6 28 41 49 21 6 40 47 36 39 8 4 23 32 35 9 28 46 46 5 4 12 40 26 1 50 39 34 48 33 26 29 45 25 2 15 7 49 7 33 19 12 28 15 18 38 49 13 37 11 40 19 44 42 17 22 41 17 7 43 16 18 43 1 50 42 5 3 43 47 28
29 29 29 29 29 29 29 29 29 29 29 29 29 29 29 3 4 3 46 37 27 23 6 5 13 17 21 2 27 33 43 18 21 7 2 28 9 9 37 18 28 39 22 17 40 6 4 13 18 22 13 36 20 20 39 22 23 17 48 3 48 46 19 27 39 3 50 5 19 28 20 16 11 5 13 9 2 29 9 37 50 46 11 32 15
45 45 45 45 45 45 45 45 45 45 45 45 45 45 45 21 31 17 39 28 12 7 50 8 15 10 5 31 5 3 5 48 23 35 35 43 46 17 23 47 39 33 45 41 34 28 7 30 37 4 49 48 2 6 48 21 28 30 11 4 31 50 30 6 15 5 48 21 10 40 50 45 22 12 41 28 18 10 3 42 33 25 50 12 47
36 36 36 36 36 36 36 36 36 36 36 36 36 36 36 33 32 27 15 22 5 14 46 9 1 50 15 16 17 49 25 4 37 38 33 17 40 41 16 4 46 37 46 42 12 5 40 7 50 17 8 39 5 7 44 22 33 11 28 31 34 28 20 40 19 23 15 36 15 26 4 41 27 16 45 44 6 22 30 39 32 29 5 42 2
3 3 3 3 3 3 3 3 3 3 3 3 3 3 3 3 28 2 30 22 21 29 33 10 13 49 33 44 6 22 25 48 38 26 45 4 49 8 14 30 20 6 14 3 17 3 6 14 1 1 47 26 28 4 47 18 1 48 20 30 9 36 17 26 11 28 11 29 35 50 18 20 44 15 4 11 21 47 37 22 39 40 26 20 50
15 15 15 15 15 15 15 15 15 15 15 15 15 15 15 29 8 30 12 47 39 46 30 17 4 8 4 36 1 5 13 18 50 7 34 18 35 31 37 2 5 21 26 43 13 18 6 34 19 2 17 4 1 42 40 1 27 41 29 7 12 25 25 46 22 4 4 7 1 2 44 17 2 12 41 42 34 12 45 26 2 50 34 25 10
2 2 2 2 2 2 2 2 2 2 2 2 2 2 2 41 15 43 5 13 10 25 19 21 16 28 25 18 35 37 16 27 40 49 3 49 36 14 46 24 42 11 6 32 29 48 16 48 7 48 27 32 18 24 29 47 30 10 29 37 6 14 35 47 13 44 48 4 9 11 10 23 27 10 34 43 11 28 50 30 2 37 3 16 50
21 21 21 21 21 21 21 21 21 21 21 21 21 21 21 42 20 21 9 6 48 42 34 13 46 37 15 14 44 11 32 22 33 19 22 37 41 12 8 19 38 18 32 39 39 48 22 7 16 21 7 2 42 41 9 43 32 8 46 22 42 10 44 33 25 21 31 9 47 32 4 21 47 14 18 47 4 3 30 48 2 48 8 47 7
9 9 9 9 9 9 9 9 9 9 9 9 9 9 9 45 41 3 28 8 32 28 23 42 16 15 35 38 29 43 40 33 46 14 28 39 48 47 43 7 3 18 27 17 8 6 3 33 4 47 16 7 49 7 32 21 43 49 45 32 25 13 1 22 36 1 47 26 41 5 39 25 25 9 39 41 9 28 11 37 47 6 31 16 45
39 39 39 39 39 39 39 39 39 39 39 39 39 39 39 38 13 2 16 16 13 3 40 1 34 36 27 49 30 20 43 8 10 35 9 12 19 8 25 43 20 48 11 17 40 42 37 26 15 26 32 35 25 32 12 15 14 37 42 28 36 26 13 30 50 34 8 27 38 4 5 35 19 14 25 43 33 44 37 29 11 46 3 28 16
40 40 40 40 40 40 40 40 40 40 40 40 40 40 40 49 31 1 43 41 33 15 8 48 31 36 42 49 5 9 49 46 27 35 6 49 26 41 8 2 6 40 39 14 23 35 14 45 34 2 11 4 9 20 25 16 21 27 22 49 9 8 3 46 38 13 45 42 22 31 3 9 49 16 41 1 48 20 27 44 44 12 14 22 13
49 49 49 49 49 49 49 49 49 49 49 49 49 49 49 12 28 35 41 31 5 50 8 10 44 30 11 3 23 1 18 38 50 31 8 25 45 44 6 23 17 12 11 31 49 31 8 12 13 43 4 13 32 35 32 11 39 38 5 47 23 29 49 19 31 45 26 28 2 6 8 18 40 38 17 36 37 45 44 15 10 38 8 2 44
5 5 5 5 5 5 5 5 5 5 5 5 5 5 5 29 1 4 9 11 23 2 47 1 32 25 31 50 17 46 38 9 45 43 10 3 31 7 6 13 39 12 22 4 20 39 27 36 8 1 34 8 2 50 30 44 44 12 27 47 32 7 42 48 29 21 2 43 40 36 47 50 20 34 35 39 42 36 42 38 46 5 33 25 36
28 28 28 28 28 28 28 28 28 28 28 28 28 28 28 39 49 36 36 24 1 45 14 12 14 27 49 27 37 5 17 12 29 43 22 17 19 11 14 48 40 45 39 8 44 31 10 48 30 22 29 7 26 40 26 31 50 29 47 44 2 47 8 40 6 17 36 45 3 9 42 43 15 11 34 19 35 17 45 18 26 41 12 45 25
24 24 24 24 24 24 24 24 24 24 24 24 24 24 24 24 24 24 24 24 24 24 24 24 24 24 24 24 24 24 24 24 24 24 24 24 24 24 24 24 24 24 24 24 24 24 24 24 24 24 24 24 24 24 24 24 24 24 24 24 24 24 24 24 24 24 24 24 24 24 24 24 24 24 24 24 24 24 24 24 42 39 43 25 42
16 16 16 16 16 16 16 16 16 16 16 16 16 16 16 43 20 26 43 7 31 25 17 38 40 11 13 28 38 41 25 19 10 47 1 17 23 17 26 23 5 38 34 25 38 36 36 15 17 36 42 8 11 32 45 48 4 50 36 40 47 30 7 47 36 44 33 9 6 22 22 21 7 18 12 20 1 1 39 38 22 37 15 41 5
32 32 32 32 32 32 32 32 32 32 32 32 32 32 32 22 16 25 3 19 30 20 45 25 21 18 4 21 37 36 37 30 32 2 41 16 31 45 3 50 45 27 41 10 28 7 1 17 11 16 40 33 29 48 36 44 35 15 31 35 35 18 25 29 46 25 3 31 26 30 15 2 10 5 41 2 26 37 38 6 15 2 46 8 21
34 34 34 34 34 34 34 34 34 34 34 34 34 34 34 1 34 28 32 18 46 29 11 32 27 6 11 50 30 39 28 49 32 41 31 12 13 1 35 12 2 21 34 19 38 29 25 1 27 39 50 44 35 45 20 3 22 14 10 6 10 4 23 32 36 9 6 29 17 15 21 43 5 41 23 8 12 13 30 1 37 41 19 2 12
26 26 26 26 26 26 26 26 26 26 26 26 26 26 26 14 14 34 10 3 31 9 13 36 1 23 10 11 48 6 22 5 23 45 10 33 33 49 6 6 23 4 44 20 49 31 44 7 45 40 16 10 50 5 40 42 36 41 1 15 17 29 47 46 37 34 18 10 45 37 39 6 23 36 4 1 32 35 21 26 26 26 44 35 6
27 27 27 27 27 27 27 27 27 27 27 27 27 27 27 15 32 27 36 27 2 17 12 41 43 20 49 21 11 32 31 19 30 16 16 30 20 44 1 37 17 29 32 40 35 34 32 19 31 44 47 34 19 40 22 13 27 19 39 8 45 40 22 8 30 36 43 1 41 14 43 8 26 27 38 15 10 38 30 29 49 48 16 22 1
33 33 33 33 33 33 33 33 33 33 33 33 33 33 33 35 8 19 30 23 16 46 31 8 32 27 36 35 43 45 21 6 42 10 19 5 12 33 47 35 8 48 8 10 40 33 26 46 5 7 50 47 25 23 6 15 46 20 49 44 1 9 24 41 16 6 38 11 18 9 20 3 49 31 5 39 49 12 3 38 31 2 27 38 3
50 50 50 50 50 50 50 50 50 50 50 50 50 50 50 27 42 29 14 34 22 6 49 25 12 13 32 30 17 50 11 9 38 36 38 44 19 4 36 13 4 48 35 35 29 31 13 46 34 20 28 29 43 33 26 35 45 8 9 35 48 42 32 49 14 33 13 14 27 21 26 40 32 5 29 6 15 50 39 25 35 29 46 20 38
18 18 18 18 18 18 18 18 18 18 18 18 18 18 18 33 20 14 21 13 19 10 41 30 47 48 47 47 4 5 18 1 19 41 41 29 9 26 6 26 43 18 34 50 35 46 18 9 23 7 16 32 33 44 23 26 40 29 15 19 33 12 3 2 10 36 37 19 45 39 26 19 9 15 19 48 2 25 27 23 13 1 10 8 21
1 1 1 1 1 1 1 1 1 1 1 1 1 1 1 46 42 1 23 38 18 22 12 47 7 40 36 25 42 48 3 11 21 4 16 15 20 19 37 41 50 17 22 48 2 9 14 21 16 7 26 5 29 12 48 36 33 15 17 14 41 31 16 29 26 35 8 34 3 32 34 31 22 5 21 16 2 34 42 31 48 43 48 17 38
43 43 43 43 43 43 43 43 43 43 43 43 43 43 43 17 44 27 14 20 13 42 18 23 33 44 6 19 19 21 27 43 14 27 23 18 13 44 23 37 43 47 25 41 46 47 35 1 48 28 36 5 49 10 43 15 2 36 17 11 10 19 1 1 1 34 44 18 22 29 21 25 13 44 12 22 32 33 36 27 18 48 28 17 6
8 8 8 8 8 8 8 8 8 8 8 8 8 8 8 19 2 42 10 22 28 44 42 12 11 2 34 39 35 32 35 1 34 3 18 35 46 27 36 6 43 43 28 34 5 39 40 45 27 42 23 11 33 46 33 37 39 10 41 43 39 9 38 16 19 35 36 9 18 28 2 50 5 41 29 50 21 13 35 30 44 11 43 41 13
42 42 42 42 42 42 42 42 42 42 42 42 42 42 42 46 40 14 50 48 37 43 50 31 28 14 26 12 30 17 28 16 4 7 12 30 14 45 48 20 27 13 7 1 36 26 33 43 47 6 10 16 5 20 1 36 40 27 35 31 40 5 37 49 30 38 15 16 45 33 37 40 2 43 11 37 27 8 41 35 50 38 27 22 15
