1273
1 11
10 1
11 10
1 11
10 1
6 11
6 11
6 11
6 11
6 11
6 11
6 11
6 11
6 11
6 11
6 11
6 11
6 11
6 11
6 11
6 11
1 10
1 11
1 11
1 11
1 6
1 6
1 6
1 6
1 6
1 6
1 6
1 6
1 6
1 6
1 6
1 6
1 6
1 6
1 6
1 6
11 1
11 1
11 1
11 1
11 1
11 1
11 1
11 1
11 1
11 1
11 1
11 1
11 1
11 1
11 1
11 1
11 1
11 1
11 1
6 11
6 11
6 11
6 11
6 11
6 11
6 11
6 11
6 11
6 11
6 11
6 11
6 11
6 11
6 11
6 11
1 6
1 6
1 6
1 6
1 6
1 6
1 6
1 6
1 6
1 6
1 6
1 6
1 6
1 6
1 6
1 6
4 11
6 1
6 1
6 1
6 1
6 1
6 1
6 1
6 1
6 1
6 1
6 1
6 1
6 1
6 4
11 6
4 11
6 4
2 11
4 6
4 6
4 6
4 6
4 2
11 4
2 11
4 2
9 11
2 4
2 4
2 4
2 4
2 9
11 2
9 11
2 9
3 2
3 2
3 2
3 2
3 6
3 6
3 6
3 6
3 6
3 6
3 6
3 6
3 6
3 1
3 1
3 1
3 1
3 6
3 4
3 2
8 3
10 8
3 10
8 3
10 8
6 3
6 3
6 3
6 3
6 3
6 3
6 3
6 3
6 3
6 3
6 3
6 3
6 3
6 3
6 3
6 3
8 10
8 3
8 6
8 3
8 3
8 6
8 6
8 6
8 6
8 6
8 6
8 6
8 6
8 6
8 6
8 6
8 6
8 6
8 6
8 6
3 8
3 8
3 8
3 8
3 8
3 8
3 8
3 8
3 8
3 8
3 8
3 8
3 8
3 8
3 8
3 8
3 8
3 8
3 8
6 3
6 3
6 3
6 3
6 3
6 3
6 3
6 3
6 3
6 3
6 3
6 3
6 3
6 3
6 3
6 3
8 6
8 6
8 6
8 6
8 6
8 6
8 6
8 6
8 6
8 6
8 6
8 6
8 6
8 6
8 6
8 6
1 3
1 3
6 1
6 8
6 8
6 8
6 8
6 8
6 1
3 6
3 6
1 3
1 3
6 1
6 1
9 3
1 6
1 6
1 6
1 6
1 9
3 1
9 3
1 9
2 1
2 1
2 1
2 1
2 6
2 8
2 8
2 8
2 8
2 8
2 8
2 8
2 8
2 8
2 8
2 8
2 8
2 6
2 6
2 1
7 2
10 2
10 2
10 2
10 2
10 7
2 10
2 10
2 10
2 10
2 10
7 2
10 7
8 2
8 2
8 2
8 2
8 2
8 2
8 2
8 2
8 2
8 2
8 2
8 2
8 2
8 2
8 2
7 10
7 2
7 2
7 2
7 2
7 8
7 8
7 8
7 8
7 8
7 8
7 8
7 8
7 8
7 8
7 8
7 8
7 8
7 8
7 8
2 7
2 7
2 7
2 7
2 7
2 7
2 7
2 7
2 7
2 7
2 7
2 7
2 7
2 7
2 7
2 7
2 7
2 7
2 7
8 2
8 2
8 2
8 2
8 2
8 2
8 2
8 2
8 2
8 2
8 2
8 2
8 2
8 2
8 2
7 8
7 8
7 8
7 8
7 8
7 8
7 8
7 8
7 8
7 8
7 8
7 8
7 8
7 8
7 8
9 2
9 2
9 2
8 7
8 7
8 7
8 7
8 7
8 7
8 7
8 7
8 7
8 7
8 7
8 7
8 7
8 7
8 7
8 7
8 9
8 9
8 9
2 8
2 8
2 8
9 2
9 2
9 2
8 9
8 9
8 9
6 2
9 8
9 8
9 8
9 8
9 6
2 9
6 2
9 6
1 9
1 9
1 9
1 9
1 8
1 8
1 8
1 8
1 8
1 8
1 8
1 8
1 8
1 8
1 8
1 8
1 8
1 8
1 8
1 9
5 1
10 1
10 1
10 1
10 1
10 5
1 10
1 10
1 10
1 10
1 10
5 1
10 5
9 1
9 1
9 1
9 1
9 1
9 1
9 1
9 1
9 1
9 1
9 1
9 1
9 1
9 1
9 1
5 10
5 1
5 1
5 1
5 1
5 9
5 9
5 9
5 9
5 9
5 9
5 9
5 9
5 9
5 9
5 9
5 9
5 9
5 9
5 9
1 5
1 5
1 5
1 5
1 5
1 5
1 5
1 5
1 5
1 5
1 5
1 5
1 5
1 5
1 5
1 5
1 5
1 5
1 5
9 1
9 1
9 1
9 1
9 1
9 1
9 1
9 1
9 1
9 1
9 1
9 1
9 1
9 1
9 1
5 9
5 9
5 9
5 9
5 9
5 9
5 9
5 9
5 9
5 9
5 9
5 9
5 9
5 9
5 9
8 1
8 1
9 5
9 5
9 5
9 5
9 5
9 5
9 5
9 5
9 5
9 5
9 5
9 5
9 8
9 8
1 9
1 9
8 1
8 1
9 8
9 8
7 1
8 9
8 7
1 8
7 1
8 7
6 1
7 8
7 9
7 9
7 9
7 9
7 9
7 9
7 9
7 9
7 9
7 9
7 9
7 5
7 5
7 6
1 7
6 1
7 6
4 7
4 7
4 7
4 7
4 7
4 7
4 7
4 7
4 7
4 7
4 7
4 7
4 7
4 7
4 5
4 5
4 9
4 9
4 8
4 7
9 4
10 4
10 9
4 10
4 10
9 4
10 9
6 4
6 4
6 4
6 4
6 4
6 4
6 4
6 4
6 4
6 4
6 4
9 10
9 4
9 6
9 6
9 6
9 6
9 6
9 6
9 6
9 6
9 6
9 6
9 6
4 9
4 9
4 9
4 9
4 9
4 9
4 9
4 9
4 9
4 9
4 9
4 9
6 4
6 4
6 4
6 4
6 4
6 4
6 4
6 4
6 4
6 4
6 4
9 6
9 6
9 6
9 6
9 6
9 6
9 6
9 6
9 6
9 6
9 6
8 4
8 4
8 4
6 9
6 9
6 9
6 9
6 9
6 9
6 9
6 9
6 8
6 8
6 8
4 6
4 6
4 6
8 4
8 4
8 4
6 8
6 8
6 8
5 4
5 4
8 6
8 6
8 6
8 6
8 6
8 6
8 6
8 6
8 9
8 9
8 9
8 9
8 6
8 5
8 6
8 6
8 4
8 5
4 8
4 8
4 8
5 4
5 4
8 5
8 5
7 4
7 4
5 8
5 8
5 8
5 7
5 8
5 7
4 5
4 5
7 4
7 4
5 7
5 7
7 5
7 5
7 5
7 5
7 8
7 8
7 8
7 8
7 8
7 8
7 8
7 8
7 8
7 8
7 8
7 4
7 8
7 8
7 5
7 5
8 7
8 7
8 7
8 7
8 7
8 7
8 7
8 7
8 7
8 7
8 7
8 7
8 7
8 7
8 7
8 7
8 7
10 7
10 8
10 8
10 7
10 7
10 8
10 8
10 8
10 8
10 8
10 8
10 8
10 8
10 8
10 8
10 8
10 8
10 8
10 8
10 8
7 10
7 10
7 10
7 10
7 10
7 10
7 10
7 10
7 10
7 10
7 10
7 10
7 10
7 10
7 10
7 10
7 10
7 10
7 10
7 10
8 7
8 7
8 7
8 7
8 7
8 7
8 7
8 7
8 7
8 7
8 7
8 7
8 7
8 7
8 7
8 7
8 7
10 8
10 8
10 8
10 8
10 8
10 8
10 8
10 8
10 8
10 8
10 8
10 8
10 8
10 8
10 8
10 8
10 8
6 7
6 7
8 10
8 10
8 10
8 10
8 10
8 10
8 10
8 10
8 10
8 10
8 6
8 10
8 10
8 10
8 10
8 10
8 10
8 6
7 8
7 8
6 7
6 7
8 6
8 6
9 7
6 8
6 8
6 8
6 8
6 8
6 8
6 8
6 8
6 8
6 9
7 6
9 7
6 9
5 6
5 6
5 6
5 6
5 6
5 6
5 6
5 6
5 6
5 8
5 8
5 8
5 8
5 8
5 8
5 8
5 10
5 8
5 8
5 6
9 5
9 5
9 5
9 5
10 5
10 9
10 5
10 9
10 5
10 9
10 5
10 5
10 5
10 5
10 5
10 5
10 5
10 9
5 10
5 10
5 10
5 10
5 10
5 10
5 10
5 10
5 10
5 10
5 10
5 10
5 10
5 10
9 5
9 5
9 5
9 5
10 9
10 9
10 9
10 9
6 5
6 5
6 5
6 5
6 5
6 5
6 5
6 5
6 5
9 10
9 10
9 10
9 10
9 6
9 6
9 6
9 6
9 6
9 6
9 6
9 6
9 5
9 5
9 6
5 9
5 9
5 9
5 9
5 9
5 9
5 9
5 9
5 9
5 9
5 9
6 5
6 5
6 5
6 5
6 5
6 5
6 5
6 5
6 5
9 6
9 6
9 6
9 6
9 6
9 6
9 6
9 6
9 6
8 5
8 5
8 5
8 5
8 5
6 9
6 9
6 9
6 9
6 9
6 9
6 9
6 9
6 9
6 9
6 9
6 8
6 8
6 8
6 8
6 8
5 6
5 6
5 6
5 6
5 6
8 5
8 5
8 5
8 5
8 5
6 8
6 8
6 8
6 8
6 8
8 6
8 6
8 6
8 6
8 6
8 6
8 6
8 6
8 6
8 6
8 6
8 9
8 9
8 6
8 6
8 6
8 5
8 5
8 6
8 6
9 8
9 8
9 8
9 8
9 8
9 8
9 8
9 8
9 8
9 8
9 8
9 8
9 8
10 8
10 8
10 8
10 8
10 8
10 9
10 9
10 8
10 9
10 9
10 9
10 9
10 9
10 9
10 9
10 9
10 9
10 9
10 8
10 9
8 10
8 10
8 10
8 10
8 10
8 10
8 10
8 10
8 10
8 10
8 10
8 10
8 10
8 10
8 10
8 10
8 10
8 10
8 10
8 10
9 8
9 8
9 8
9 8
9 8
9 8
9 8
9 8
9 8
9 8
9 8
9 8
9 8
10 9
10 9
10 9
10 9
10 9
10 9
10 9
10 9
10 9
10 9
10 9
10 9
10 9
6 8
6 8
6 8
6 8
6 8
9 10
9 6
9 6
9 6
9 6
9 10
9 10
9 10
9 10
9 10
9 10
9 10
9 10
9 6
8 9
8 9
8 9
8 9
8 9
6 8
6 8
6 8
6 8
6 8
9 6
9 6
9 6
9 6
9 6
6 9
6 9
6 9
6 9
6 9
6 9
6 8
6 9
6 9
6 9
6 10
6 8
6 10
6 10
6 10
6 9
6 9
6 9
6 9
6 9
9 6
9 6
9 6
9 6
9 6
9 6
9 6
9 6
9 6
9 6
10 6
10 6
10 6
10 6
10 9
10 9
10 9
10 9
10 9
10 6
10 6
10 6
10 6
10 9
10 9
10 9
10 9
10 9
6 10
6 10
6 10
6 10
6 10
6 10
6 10
6 10
6 10
6 10
6 10
6 10
6 10
6 10
6 10
6 10
6 10
6 10
9 6
9 6
9 6
9 6
9 6
9 6
9 6
9 6
9 6
9 6
10 9
10 9
10 9
10 9
10 9
10 9
10 9
10 9
10 9
10 9
9 6
9 6
9 10
9 10
9 10
9 10
9 6
9 6
9 6
9 6
9 10
9 6
9 6
9 6
9 6
9 10
9 10
9 10
9 10
9 10
