1435
9 11
10 9
11 10
9 11
10 9
6 11
6 11
6 11
6 11
6 11
6 11
6 11
6 11
6 11
6 11
6 11
6 11
6 11
6 11
6 11
6 11
9 10
9 6
9 11
9 11
9 11
9 6
9 6
9 6
9 6
9 6
9 6
9 6
9 6
9 6
9 6
9 6
9 6
9 6
9 6
9 6
11 9
11 9
11 9
11 9
11 9
11 9
11 9
11 9
11 9
11 9
11 9
11 9
11 9
11 9
11 9
11 9
11 9
11 9
11 9
6 11
6 11
6 11
6 11
6 11
6 11
6 11
6 11
6 11
6 11
6 11
6 11
6 11
6 11
6 11
6 11
9 6
9 6
9 6
9 6
9 6
9 6
9 6
9 6
9 6
9 6
9 6
9 6
9 6
9 6
9 6
9 6
5 11
6 9
6 9
6 9
6 9
6 9
6 9
6 9
6 9
6 9
6 9
6 9
6 9
6 9
6 9
6 5
11 6
5 11
6 5
2 11
5 6
5 6
5 6
5 6
5 2
11 5
2 11
5 2
8 11
2 5
2 8
11 2
8 11
2 8
1 2
1 5
1 5
1 5
1 6
1 6
1 6
1 6
1 6
1 6
1 6
1 6
1 6
1 6
1 9
1 9
1 9
1 6
1 5
1 2
3 1
3 1
3 1
3 1
3 1
3 1
3 1
3 1
3 1
3 1
3 1
3 1
3 1
3 1
3 1
3 1
4 1
4 1
4 1
4 3
4 1
4 3
4 3
4 3
4 3
4 3
4 3
4 3
4 3
4 3
4 3
4 3
4 3
4 3
4 3
4 3
1 4
1 4
1 4
1 4
1 4
1 4
1 4
1 4
1 4
1 4
1 4
1 4
1 4
1 4
1 4
1 4
1 4
1 4
1 4
1 4
3 1
3 1
3 1
3 1
3 1
3 1
3 1
3 1
3 1
3 1
3 1
3 1
3 1
3 1
3 1
3 1
4 3
4 3
4 3
4 3
4 3
4 3
4 3
4 3
4 3
4 3
4 3
4 3
4 3
4 3
4 3
4 3
8 1
8 1
3 4
3 4
3 4
3 4
3 4
3 4
3 4
3 4
3 4
3 4
3 4
3 8
3 4
3 4
3 4
3 8
1 3
1 3
8 1
8 1
3 8
3 8
2 1
8 3
8 3
8 3
8 3
8 2
1 8
2 1
8 2
9 1
2 8
2 8
2 8
2 8
2 9
1 2
9 1
2 9
5 2
5 2
5 2
5 2
5 3
5 3
5 3
5 3
5 3
5 3
5 3
5 3
5 3
5 3
5 4
5 4
5 3
5 3
5 8
5 2
4 5
4 5
4 5
4 5
4 5
4 5
4 5
4 5
4 5
4 5
4 5
4 5
4 5
4 5
4 5
10 5
10 5
10 5
10 5
10 5
10 4
10 4
10 4
10 4
10 4
10 4
10 4
10 4
10 4
10 4
10 4
10 4
10 4
10 4
10 4
5 10
5 10
5 10
5 10
5 10
5 10
5 10
5 10
5 10
5 10
5 10
5 10
5 10
5 10
5 10
5 10
5 10
5 10
5 10
5 10
4 5
4 5
4 5
4 5
4 5
4 5
4 5
4 5
4 5
4 5
4 5
4 5
4 5
4 5
4 5
10 4
10 4
10 4
10 4
10 4
10 4
10 4
10 4
10 4
10 4
10 4
10 4
10 4
10 4
10 4
8 5
8 5
4 10
4 10
4 10
4 10
4 10
4 10
4 10
4 10
4 10
4 10
4 8
4 10
4 10
4 10
4 10
4 10
4 5
4 5
4 5
4 8
5 4
5 4
5 4
5 4
5 4
8 5
8 5
4 8
4 8
6 5
8 4
8 4
8 4
8 6
5 8
6 5
8 6
3 5
6 8
6 8
6 8
6 4
6 4
6 4
6 4
6 4
6 4
6 4
6 4
6 4
6 4
6 4
6 3
5 6
3 5
6 3
9 5
3 6
3 6
3 6
3 6
3 6
3 6
3 6
3 6
3 6
3 6
3 6
3 6
3 6
3 6
3 4
3 9
5 3
9 5
3 9
2 3
2 3
2 3
2 3
2 3
2 3
2 3
2 3
2 3
2 3
2 3
2 3
2 3
2 3
2 3
2 4
2 4
2 8
2 6
2 3
8 2
8 2
10 2
10 2
10 2
10 2
10 8
10 2
10 2
10 2
10 2
10 2
10 2
10 2
10 2
10 2
10 2
10 2
10 2
10 2
10 8
2 10
2 10
2 10
2 10
2 10
2 10
2 10
2 10
2 10
2 10
2 10
2 10
2 10
2 10
2 10
2 10
2 10
2 10
2 10
8 2
8 2
10 8
10 8
7 2
7 2
7 2
7 2
7 2
7 2
7 2
7 2
7 2
7 2
7 2
7 2
7 2
7 2
7 2
8 10
8 10
8 2
8 2
8 2
8 7
8 7
8 7
8 7
8 7
8 7
8 7
8 7
8 7
8 7
8 7
8 7
8 7
8 7
8 7
2 8
2 8
2 8
2 8
2 8
2 8
2 8
2 8
2 8
2 8
2 8
2 8
2 8
2 8
2 8
2 8
2 8
2 8
7 2
7 2
7 2
7 2
7 2
7 2
7 2
7 2
7 2
7 2
7 2
7 2
7 2
7 2
7 2
8 7
8 7
8 7
8 7
8 7
8 7
8 7
8 7
8 7
8 7
8 7
8 7
8 7
8 7
8 7
9 2
9 2
7 8
7 8
7 8
7 8
7 8
7 8
7 8
7 8
7 8
7 8
7 9
7 9
2 7
2 7
9 2
9 2
7 9
7 9
6 2
9 7
9 7
9 7
9 7
9 7
9 7
9 7
9 7
9 7
9 7
9 8
9 8
9 8
9 8
9 8
9 8
9 8
9 7
9 7
9 6
2 9
6 2
9 6
3 9
3 9
3 9
3 9
3 9
3 9
3 9
3 9
3 9
3 9
3 9
3 9
3 9
3 9
3 9
3 9
3 9
3 9
3 9
3 9
7 3
7 3
7 3
7 3
7 3
7 3
7 3
7 3
7 3
7 3
8 3
8 3
8 3
8 3
8 3
8 3
8 3
8 7
8 7
8 7
8 7
8 7
8 7
8 7
8 7
8 7
8 7
3 8
3 8
3 8
3 8
3 8
3 8
3 8
3 8
3 8
3 8
3 8
3 8
3 8
3 8
3 8
3 8
3 8
7 3
7 3
7 3
7 3
7 3
7 3
7 3
7 3
7 3
7 3
8 7
8 7
8 7
8 7
8 7
8 7
8 7
8 7
8 7
8 7
9 3
9 3
9 3
9 3
9 3
9 3
7 8
7 8
7 8
7 8
7 8
7 8
7 8
7 8
7 8
7 8
7 3
7 3
7 9
7 3
7 3
7 9
7 9
7 9
7 9
7 9
3 7
3 7
3 7
3 7
3 7
3 7
3 7
3 7
3 7
3 7
9 3
9 3
9 3
9 3
9 3
9 3
7 9
7 9
7 9
7 9
7 9
7 9
6 3
6 3
9 6
9 7
9 7
9 7
9 7
9 7
9 7
9 6
3 9
3 9
6 3
6 3
9 6
9 6
4 3
6 9
6 9
6 9
6 9
6 9
6 9
6 7
6 7
6 7
6 7
6 7
6 7
6 7
6 7
6 7
6 4
3 6
4 3
6 4
4 6
4 6
4 3
4 6
4 6
4 6
4 6
4 6
4 6
4 6
4 6
4 6
4 6
4 6
4 6
4 6
4 7
4 9
4 9
4 6
9 4
9 4
9 4
10 9
10 4
10 4
10 4
10 4
10 4
10 4
10 4
10 4
10 4
10 4
10 4
10 4
10 4
10 4
10 4
10 4
10 9
10 9
4 10
4 10
4 10
4 10
4 10
4 10
4 10
4 10
4 10
4 10
4 10
4 10
4 10
4 10
4 10
4 10
4 10
4 10
4 10
9 4
9 4
9 4
10 9
10 9
10 9
6 4
6 4
6 4
6 4
6 4
6 4
6 4
6 4
6 4
6 4
6 4
6 4
6 4
9 10
9 10
9 10
9 4
9 4
9 6
9 6
9 4
9 4
9 6
9 6
9 6
9 6
9 6
9 6
9 6
9 6
9 6
9 6
9 6
4 9
4 9
4 9
4 9
4 9
4 9
4 9
4 9
4 9
4 9
4 9
4 9
4 9
4 9
4 9
4 9
4 9
6 4
6 4
6 4
6 4
6 4
6 4
6 4
6 4
6 4
6 4
6 4
6 4
6 4
9 6
9 6
9 6
9 6
9 6
9 6
9 6
9 6
9 6
9 6
9 6
9 6
9 6
8 4
8 4
8 4
6 8
6 9
6 9
6 9
6 9
6 9
6 9
6 9
6 9
6 9
6 9
6 9
6 9
6 9
6 8
6 8
4 6
4 6
4 6
8 4
8 4
8 4
6 8
6 8
6 8
7 4
8 6
8 6
8 6
8 6
8 6
8 6
8 7
4 8
7 4
8 7
7 8
7 8
7 8
7 8
7 8
7 8
7 6
7 6
7 6
7 6
7 6
7 6
7 6
7 9
7 9
7 9
7 6
7 6
7 6
7 8
6 7
10 7
10 7
10 7
10 7
10 7
10 7
10 7
10 7
10 7
10 7
10 7
10 7
10 7
10 7
10 7
10 7
10 7
10 7
10 6
7 10
7 10
7 10
7 10
7 10
7 10
7 10
7 10
7 10
7 10
7 10
7 10
7 10
7 10
7 10
7 10
7 10
7 10
7 10
6 7
10 6
8 7
8 7
8 7
8 7
8 7
8 7
8 7
8 7
8 7
6 10
6 7
6 7
6 7
6 7
6 7
6 7
6 7
6 7
6 7
6 8
6 8
6 8
6 8
6 7
6 8
6 8
6 8
6 8
6 8
7 6
7 6
7 6
7 6
7 6
7 6
7 6
7 6
7 6
7 6
7 6
7 6
7 6
7 6
7 6
7 6
7 6
7 6
7 6
8 7
8 7
8 7
8 7
8 7
8 7
8 7
8 7
8 7
6 8
6 8
6 8
6 8
6 8
6 8
6 8
6 8
6 8
9 7
9 7
9 7
9 7
9 7
9 7
9 7
8 6
8 6
8 6
8 6
8 6
8 6
8 6
8 6
8 6
8 6
8 9
8 9
8 9
8 9
8 9
8 9
8 9
7 8
7 8
7 8
7 8
7 8
7 8
7 8
9 7
9 7
9 7
9 7
9 7
9 7
9 7
8 9
8 9
8 9
8 9
8 9
8 9
8 9
9 8
9 8
9 8
9 8
9 8
9 8
9 8
9 8
9 8
9 8
9 8
9 8
9 8
9 8
9 7
9 7
9 8
9 8
9 7
9 8
6 9
6 9
6 9
6 9
6 9
10 9
10 9
10 9
10 6
10 9
10 9
10 6
10 6
10 6
10 9
10 9
10 9
10 9
10 9
10 9
10 9
10 9
10 9
10 9
10 6
9 10
9 10
9 10
9 10
9 10
9 10
9 10
9 10
9 10
9 10
9 10
9 10
9 10
9 10
9 10
9 10
9 10
9 10
9 10
9 10
6 9
6 9
6 9
6 9
6 9
10 6
10 6
10 6
10 6
10 6
8 9
8 9
8 9
8 9
8 9
8 9
8 9
8 9
8 9
8 9
6 8
6 8
6 8
6 10
6 10
6 8
6 8
6 10
6 10
6 8
6 10
6 9
6 9
6 9
6 9
6 8
6 8
6 8
6 8
9 6
9 6
9 6
9 6
9 6
9 6
9 6
9 6
9 6
9 6
9 6
9 6
9 6
9 6
8 9
8 9
8 9
8 9
8 9
8 9
8 9
8 9
8 9
8 9
6 8
6 8
6 8
6 8
6 8
6 8
6 8
6 8
6 8
6 8
8 6
8 6
8 6
8 6
8 6
8 6
8 6
8 9
8 9
8 6
8 9
8 6
8 6
8 9
8 6
8 9
8 6
8 6
8 6
8 6
6 8
6 8
6 8
6 8
6 8
6 8
6 8
6 8
6 8
6 8
6 8
6 8
6 8
6 8
6 8
10 8
10 8
10 6
10 8
10 8
10 6
10 6
10 6
10 8
10 6
10 6
10 6
10 6
10 6
10 6
10 6
10 6
10 6
10 6
10 6
8 10
8 10
8 10
8 10
8 10
8 10
8 10
8 10
8 10
8 10
8 10
8 10
8 10
8 10
8 10
8 10
8 10
8 10
8 10
8 10
6 8
6 8
6 8
6 8
6 8
6 8
6 8
6 8
6 8
6 8
6 8
6 8
6 8
6 8
6 8
10 6
10 6
10 6
10 6
10 6
10 6
10 6
10 6
10 6
10 6
10 6
10 6
10 6
10 6
10 6
6 10
6 10
6 10
6 10
6 10
6 10
6 10
6 10
6 8
6 8
6 8
6 10
6 10
6 10
6 10
6 10
6 8
6 8
6 10
6 10
