50 85
34 34 34 34 34 34 34 34 34 34 34 34 34 34 34 32 21 34 48 29 15 10 26 23 10 30 39 29 11 37 10 20 4 26 8 30 33 19 45 43 3 28 30 2 49 43 30 26 10 12 28 27 1 18 38 27 21 48 32 38 11 14 31 29 31 41 28 44 1 11 26 25 34 21 1 50 26 23 43 44 26 1 50 38 31
36 36 36 36 36 36 36 36 36 36 36 36 36 36 36 36 36 36 36 36 36 36 36 36 36 36 36 36 36 36 36 36 36 36 36 36 36 36 36 36 36 36 36 36 36 36 36 36 36 36 36 36 36 36 36 36 36 36 36 36 36 36 36 36 36 36 36 36 36 36 36 36 36 36 36 36 36 36 36 36 5 48 37 40 38
39 39 39 39 39 39 39 39 39 39 39 39 39 39 39 31 1 3 21 23 35 3 34 17 13 40 2 46 9 29 45 5 26 30 16 10 16 8 14 21 38 37 24 1 25 9 19 30 31 37 38 13 1 17 35 49 10 20 13 24 38 20 1 38 5 6 28 29 31 43 6 45 24 19 8 50 27 9 17 45 30 15 37 11 44
45 45 45 45 45 45 45 45 45 45 45 45 45 45 45 24 33 39 43 31 11 41 30 8 29 6 39 31 37 25 50 13 13 50 33 38 21 17 10 15 14 25 13 28 2 38 24 27 21 21 15 12 17 29 17 49 2 27 22 37 12 5 25 2 31 3 3 31 30 10 18 44 4 8 45 5 21 20 2 19 24 13 20 5 13
24 24 24 24 24 24 24 24 24 24 24 24 24 24 24 43 4 28 3 45 15 18 19 1 32 15 46 19 15 20 4 19 19 13 28 39 45 28 21 48 34 44 29 31 44 38 32 3 9 17 16 27 4 48 9 1 4 13 49 20 27 16 39 11 44 44 39 27 6 5 23 8 32 3 13 17 24 8 48 49 39 49 8 38 5
19 19 19 19 19 19 19 19 19 19 19 19 19 19 19 14 14 50 32 50 41 21 31 6 17 16 23 19 10 8 25 4 19 19 17 15 18 2 33 50 3 41 37 43 46 18 19 35 42 50 16 42 42 25 41 1 32 9 37 33 34 13 41 31 45 21 25 30 26 2 8 27 26 17 16 27 38 19 13 40 49 14 24 17 44
26 26 26 26 26 26 26 26 26 26 26 26 26 26 26 19 49 22 50 48 27 8 19 31 9 14 17 50 46 19 18 26 49 37 23 28 12 18 16 32 30 26 19 2 23 40 50 41 20 19 39 44 24 43 19 46 5 26 29 15 40 8 26 28 50 41 35 32 10 34 32 27 15 9 3 29 49 32 28 14 35 10 49 10 29
25 25 25 25 25 25 25 25 25 25 25 25 25 25 25 48 19 3 15 18 35 18 3 37 11 4 10 44 33 10 15 45 31 39 2 24 20 12 24 34 45 45 43 48 24 9 16 5 43 4 48 15 49 30 16 50 41 43 34 35 45 4 38 32 21 49 33 10 24 26 38 1 38 20 12 41 26 29 1 33 43 30 28 23 37
11 11 11 11 11 11 11 11 11 11 11 11 11 11 11 32 24 11 33 25 50 27 30 49 25 11 6 30 4 15 24 13 16 8 15 16 49 48 27 39 41 34 21 15 2 20 35 27 34 49 4 26 33 19 45 5 14 50 39 28 27 18 2 25 3 43 20 14 1 34 3 43 28 21 41 31 33 6 33 23 35 1 1 10 5
47 47 47 47 47 47 47 47 47 47 47 47 47 47 47 47 47 47 47 47 47 47 47 47 47 47 47 47 47 47 47 47 47 47 47 47 47 47 47 47 47 47 47 47 47 47 47 47 47 47 47 47 47 47 47 47 47 47 47 47 47 47 47 47 47 47 47 47 47 47 47 47 47 47 47 47 47 47 47 47 32 10 32 39 40
23 23 23 23 23 23 23 23 23 23 23 23 23 23 23 49 23 11 21 43 12 50 41 16 31 49 37 13 18 1 35 40 41 2 4 3 33 23 34 20 4 17 27 12 4 3 6 20 34 48 9 9 39 21 25 35 21 31 4 41 32 17 18 19 45 30 50 24 14 23 7 49 48 37 48 39 37 11 27 33 34 46 8 40 25
32 32 32 32 32 32 32 32 32 32 32 32 32 32 32 1 43 16 19 40 1 5 39 10 12 11 17 25 10 33 19 31 34 48 34 40 4 32 4 18 18 39 40 1 32 5 44 4 6 40 24 13 21 27 43 39 23 6 23 28 12 43 26 45 38 43 24 33 3 50 46 37 16 31 23 28 39 21 25 13 11 27 8 34 6
1 1 1 1 1 1 1 1 1 1 1 1 1 1 1 18 10 37 39 17 50 40 16 20 17 23 30 17 37 44 17 35 39 15 45 24 18 46 6 24 32 23 5 9 25 28 21 19 8 15 37 42 49 37 23 46 15 5 19 28 21 19 46 3 23 15 13 21 30 8 21 33 20 15 20 35 14 34 31 44 48 49 50 45 20
42 42 42 42 42 42 42 42 42 42 42 42 42 42 42 42 42 42 42 42 42 42 42 42 42 42 42 42 42 42 42 42 42 42 42 42 42 42 42 42 42 42 42 42 42 42 42 42 42 42 42 42 42 42 42 42 42 42 42 42 42 42 42 42 42 42 42 42 42 42 42 42 42 42 42 42 42 42 42 42 28 11 50 35 45
48 48 48 48 48 48 48 48 48 48 48 48 48 48 48 25 39 43 18 40 11 21 9 8 41 30 48 12 24 1 11 38 37 46 41 48 43 40 25 8 40 8 19 39 16 16 39 11 37 43 38 18 40 9 8 26 11 32 11 30 6 34 8 1 29 4 34 9 8 41 25 16 5 50 12 3 50 11 6 24 15 14 13 18 24
40 40 40 40 40 40 40 40 40 40 40 40 40 40 40 12 27 6 32 28 48 18 24 46 4 33 41 18 49 45 40 46 45 15 30 6 24 13 12 14 15 25 30 39 8 43 31 49 25 38 40 29 10 11 44 2 34 18 31 36 27 23 17 16 1 43 15 10 21 41 35 29 10 17 18 46 4 40 14 43 21 16 13 15 35
46 46 46 46 46 46 46 46 46 46 46 46 46 46 46 49 37 31 5 31 38 17 32 20 44 45 19 34 34 26 26 21 31 14 45 19 24 39 43 11 27 15 20 25 32 35 8 2 34 43 14 2 18 32 4 21 1 29 4 3 14 33 5 2 21 37 5 33 1 34 2 39 30 50 18 6 18 28 32 38 1 26 29 30 44
43 43 43 43 43 43 43 43 43 43 43 43 43 43 43 29 9 10 41 35 44 34 28 48 26 11 10 11 33 12 2 31 12 39 14 37 15 33 25 25 28 28 3 18 29 28 14 29 50 45 50 33 35 18 37 43 36 27 33 30 24 38 26 3 23 10 25 15 43 44 21 35 31 20 23 38 18 28 11 3 19 3 18 41 45
22 22 22 22 22 22 22 22 22 22 22 22 22 22 22 22 22 22 22 22 22 22 22 22 22 22 22 22 22 22 22 22 22 22 22 22 22 22 22 22 22 22 22 22 22 22 22 22 22 22 22 22 22 22 22 22 22 22 22 22 22 22 22 22 22 22 22 22 22 22 22 22 22 22 22 22 22 22 22 22 20 40 38 18 30
7 7 7 7 7 7 7 7 7 7 7 7 7 7 7 7 7 7 7 7 7 7 7 7 7 7 7 7 7 7 7 7 7 7 7 7 7 7 7 7 7 7 7 7 7 7 7 7 7 7 7 7 7 7 7 7 7 7 7 7 7 7 7 7 7 7 7 7 7 7 7 7 7 7 7 7 7 7 7 7 20 38 39 2 20
2 2 2 2 2 2 2 2 2 2 2 2 2 2 2 32 33 10 32 50 16 43 29 35 7 25 14 24 38 11 13 45 39 8 11 7 25 27 26 2 46 18 13 40 19 6 50 30 37 32 14 4 34 25 25 18 18 4 37 16 4 35 12 48 8 14 31 48 43 30 46 29 6 5 34 48 35 39 12 27 27 25 8 18 23
12 12 12 12 12 12 12 12 12 12 12 12 12 12 12 23 49 14 23 45 49 34 33 4 39 25 32 31 50 34 50 23 12 43 2 49 38 10 16 46 14 40 5 9 12 10 13 13 5 26 44 1 6 46 2 28 14 34 5 24 49 30 1 41 4 11 10 41 44 1 3 3 16 8 12 13 40 17 39 22 24 2 12 17 35
13 13 13 13 13 13 13 13 13 13 13 13 13 13 13 44 26 30 29 14 30 38 38 36 18 46 2 33 46 5 5 1 23 24 43 1 4 16 39 40 5 5 35 11 45 4 49 46 6 1 24 27 46 25 10 46 1 32 11 10 28 3 29 50 13 45 5 17 10 6 9 5 20 45 9 44 17 15 9 20 25 20 21 40 5
3 3 3 3 3 3 3 3 3 3 3 3 3 3 3 3 19 49 21 49 22 34 13 8 43 15 40 13 49 39 48 48 45 11 13 26 43 38 27 38 15 23 35 21 35 37 43 43 49 15 24 27 44 40 12 34 2 14 28 27 6 5 35 6 3 35 37 44 39 20 34 21 1 3 39 19 25 37 46 20 2 37 30 23 2
10 10 10 10 10 10 10 10 10 10 10 10 10 10 10 48 15 45 42 50 12 38 31 13 9 2 30 43 18 25 32 33 43 13 29 48 16 31 29 45 30 19 17 9 28 8 50 17 13 32 21 46 49 10 3 9 49 37 49 8 34 8 46 6 34 4 11 50 32 31 13 3 12 37 9 28 39 41 28 11 38 48 49 18 31
38 38 38 38 38 38 38 38 38 38 38 38 38 38 38 17 6 35 21 12 49 24 45 10 35 49 21 25 10 1 8 38 6 33 48 21 27 28 40 3 13 23 9 23 47 27 23 31 15 26 43 38 41 40 3 21 27 27 19 34 2 46 9 23 30 18 28 5 9 13 41 1 39 33 50 25 33 33 19 13 3 16 8 23 26
44 44 44 44 44 44 44 44 44 44 44 44 44 44 44 1 35 6 44 44 25 8 2 24 33 25 30 3 30 27 30 27 21 40 35 6 6 9 10 46 16 48 6 49 39 44 50 40 17 3 25 49 38 32 41 15 37 16 44 41 41 11 2 6 38 9 1 14 1 17 35 24 20 3 11 45 23 11 11 9 41 34 28 49 40
50 50 50 50 50 50 50 50 50 50 50 50 50 50 50 35 43 14 6 25 34 19 48 3 40 9 45 40 6 9 26 26 24 6 46 44 37 41 12 11 23 23 10 43 49 16 28 11 41 11 18 31 34 45 44 4 4 4 33 32 1 9 35 25 6 14 15 37 15 40 50 37 46 18 25 25 12 20 48 35 38 38 9 41 47
4 4 4 4 4 4 4 4 4 4 4 4 4 4 4 27 46 27 21 33 2 30 4 2 20 29 17 27 12 11 13 3 29 4 34 44 26 40 38 10 33 17 19 4 27 19 11 18 12 6 26 31 48 46 49 12 48 46 37 8 13 15 50 3 28 3 21 37 5 49 33 43 18 37 44 20 31 4 38 17 50 14 39 3 43
29 29 29 29 29 29 29 29 29 29 29 29 29 29 29 40 13 15 24 18 45 13 27 15 16 34 9 31 48 3 38 44 11 13 44 14 21 41 17 5 20 44 6 2 10 50 21 20 19 25 30 35 5 34 27 15 40 45 17 45 50 38 14 13 12 16 17 35 46 21 5 45 26 4 25 37 10 32 27 14 20 29 16 3 9
30 30 30 30 30 30 30 30 30 30 30 30 30 30 30 46 4 30 35 18 41 18 25 33 13 3 3 35 32 24 43 23 26 12 35 2 50 30 29 38 8 37 13 44 7 39 17 6 1 1 46 20 12 9 49 24 1 18 41 38 44 35 29 14 11 1 15 14 19 44 39 7 17 32 44 9 3 33 26 14 31 20 16 9 34
14 14 14 14 14 14 14 14 14 14 14 14 14 14 14 30 4 35 23 33 16 48 31 4 33 36 8 49 32 30 25 21 39 47 34 26 21 16 34 23 17 4 15 41 45 45 5 47 13 26 3 45 28 34 12 23 33 5 23 37 38 6 35 48 44 8 32 37 24 45 20 48 41 18 17 28 33 20 24 50 49 46 28 34 1
35 35 35 35 35 35 35 35 35 35 35 35 35 35 35 40 9 27 50 20 33 28 14 26 31 26 1 50 45 33 37 12 37 41 14 38 15 13 6 32 14 28 6 14 27 44 12 32 48 1 40 38 14 49 17 5 15 11 13 11 23 12 37 30 13 9 18 37 31 45 50 43 48 40 41 23 30 5 45 4 24 26 1 43 15
31 31 31 31 31 31 31 31 31 31 31 31 31 31 31 35 9 23 8 17 39 50 34 17 19 44 43 26 10 50 16 25 4 46 29 45 32 8 33 13 35 24 34 11 41 20 12 2 33 48 40 49 5 33 41 29 40 28 30 30 37 15 15 49 17 31 6 46 41 40 15 29 48 41 40 45 16 50 33 4 21 33 44 46 41
5 5 5 5 5 5 5 5 5 5 5 5 5 5 5 50 12 14 28 20 43 8 2 37 24 28 12 19 1 46 50 8 33 2 2 5 14 3 44 6 8 16 27 25 37 18 18 1 25 11 16 8 49 30 31 48 49 8 9 44 26 2 5 16 27 1 45 24 32 38 40 39 5 50 38 19 14 31 10 43 10 1 28 10 2
16 16 16 16 16 16 16 16 16 16 16 16 16 16 16 27 39 45 28 37 29 17 20 11 11 25 48 10 29 32 50 46 6 45 21 14 35 38 48 50 34 20 19 5 12 10 6 8 26 6 24 23 21 18 20 10 43 40 39 18 33 43 6 27 9 1 2 18 9 21 20 5 5 26 26 16 25 31 14 20 46 50 20 38 1
18 18 18 18 18 18 18 18 18 18 18 18 18 18 18 29 3 45 46 8 12 14 8 35 41 31 1 32 39 8 14 48 29 2 35 21 2 37 44 44 21 14 5 3 19 49 39 38 39 4 37 12 48 21 19 13 38 44 11 18 14 19 11 48 35 20 37 2 33 50 32 46 5 46 16 28 17 48 50 10 41 10 4 39 25
9 9 9 9 9 9 9 9 9 9 9 9 9 9 9 41 5 49 40 29 17 24 1 32 49 43 31 17 23 47 4 41 48 21 20 26 48 29 5 20 16 28 43 10 24 49 3 12 3 4 40 38 20 31 13 27 5 39 41 40 2 39 11 10 28 14 21 23 29 17 30 3 29 48 41 29 28 30 27 16 16 28 24 38 9
33 33 33 33 33 33 33 33 33 33 33 33 33 33 33 2 37 44 37 46 33 16 33 19 38 27 45 39 46 14 9 6 16 45 12 27 45 34 46 29 12 15 26 35 25 1 39 50 17 12 48 11 46 8 29 9 43 31 6 18 4 35 43 10 32 41 29 19 19 8 16 23 44 20 45 9 49 46 2 17 8 41 25 9 31
20 20 20 20 20 20 20 20 20 20 20 20 20 20 20 43 23 44 3 26 12 12 15 10 43 24 33 27 20 44 30 14 9 26 25 46 14 43 16 5 19 5 9 16 29 49 33 12 31 48 6 30 15 26 31 34 37 27 23 23 48 4 1 24 20 32 33 40 27 4 46 43 44 21 29 6 44 3 23 8 3 11 45 37 14
21 21 21 21 21 21 21 21 21 21 21 21 21 21 21 14 44 40 34 21 10 28 48 46 13 18 28 32 30 38 31 48 22 2 27 5 48 30 17 35 27 26 26 38 23 2 33 50 31 32 25 38 6 24 24 46 14 5 48 46 15 26 14 46 2 12 11 28 39 34 45 9 1 2 11 19 40 6 39 21 13 41 13 12 26
28 28 28 28 28 28 28 28 28 28 28 28 28 28 28 21 28 28 18 16 48 33 43 38 5 9 44 40 10 12 16 10 29 26 45 4 24 25 9 29 31 35 12 4 40 21 17 20 25 26 20 2 44 44 28 25 18 14 44 29 17 15 9 44 24 10 46 8 4 43 45 46 16 27 28 9 31 2 38 1 14 45 15 17 18
8 8 8 8 8 8 8 8 8 8 8 8 8 8 8 14 12 6 30 8 37 21 14 35 49 44 17 37 32 26 6 41 24 2 3 5 48 35 41 13 39 37 32 49 8 26 19 10 9 17 19 50 43 48 31 16 4 31 32 6 24 1 44 5 3 25 24 19 5 12 3 6 5 23 26 6 38 9 29 13 26 8 34 30 15
49 49 49 49 49 49 49 49 49 49 49 49 49 49 49 15 29 39 24 11 29 28 13 6 45 13 43 50 26 9 30 40 9 37 17 28 16 25 17 40 9 23 11 32 9 23 35 32 26 32 27 39 48 23 31 41 33 46 2 11 12 14 32 15 12 49 45 16 33 13 34 37 29 25 48 30 12 19 29 15 2 18 48 4 27
27 27 27 27 27 27 27 27 27 27 27 27 27 27 27 4 12 5 40 45 23 32 34 10 25 23 3 17 27 35 8 34 21 19 40 31 20 25 25 46 24 30 15 20 4 14 39 15 38 44 46 34 24 9 39 6 48 45 15 1 4 34 16 20 35 3 6 40 19 41 10 43 43 18 16 24 16 34 1 17 18 19 33 31 13
15 15 15 15 15 15 15 15 15 15 15 15 15 15 15 17 12 9 2 31 35 33 30 10 16 35 15 33 50 44 30 5 6 4 32 30 9 41 23 24 11 40 9 19 2 24 15 10 37 4 17 50 35 34 24 10 13 45 39 17 37 29 41 40 11 33 29 12 35 16 39 49 28 2 32 10 6 28 44 29 39 1 11 49 46
41 41 41 41 41 41 41 41 41 41 41 41 41 41 41 8 50 2 31 3 32 13 17 3 4 18 44 26 3 13 3 16 10 8 2 11 19 34 14 38 14 50 27 41 20 45 23 13 16 15 49 40 8 41 40 12 6 38 21 44 21 20 27 17 30 32 30 24 3 2 1 19 48 18 11 9 41 30 2 45 44 25 23 27 30
37 37 37 37 37 37 37 37 37 37 37 37 37 37 37 6 35 5 28 41 12 29 3 50 19 43 23 2 27 8 37 21 25 43 10 30 29 33 43 29 1 8 26 39 36 8 19 39 4 40 31 20 24 4 12 39 12 34 28 34 10 37 23 28 6 8 5 20 32 40 5 13 5 20 29 21 6 45 16 23 41 46 9 49 8
6 6 6 6 6 6 6 6 6 6 6 6 6 6 6 21 48 32 16 2 11 10 1 35 15 1 38 28 33 15 33 9 46 4 14 1 16 18 34 38 34 29 2 35 19 44 24 41 27 19 20 29 23 6 11 26 40 6 28 29 49 4 50 38 32 31 48 2 23 50 18 40 26 18 46 49 35 17 24 5 10 19 41 32 32
17 17 17 17 17 17 17 17 17 17 17 17 17 17 17 23 11 31 29 41 19 18 33 20 46 15 50 28 18 26 11 29 4 3 26 46 23 28 17 46 2 15 39 37 8 8 30 16 34 30 31 31 48 29 12 46 27 13 21 26 35 39 12 41 20 16 43 13 32 13 35 20 1 40 29 49 12 14 34 49 27 13 25 5 11
