50 85
13 13 13 13 13 13 13 13 13 13 13 13 13 13 13 13 13 13 13 13 13 13 13 13 13 13 13 13 13 13 13 13 13 13 13 13 13 13 13 13 13 13 13 13 13 13 13 13 13 13 13 13 13 13 13 13 13 13 13 13 13 13 13 13 13 13 13 13 13 13 13 13 13 13 13 13 13 13 13 13 44 35 37 50 30
19 19 19 19 19 19 19 19 19 19 19 19 19 19 19 1 12 24 31 45 30 4 36 9 43 10 43 32 34 24 30 19 7 2 19 20 42 38 10 9 7 6 24 36 43 21 31 30 37 23 6 42 3 30 38 44 32 9 12 21 1 44 45 27 19 29 28 15 2 36 21 1 12 45 25 19 11 45 11 26 10 3 41 42 12
49 49 49 49 49 49 49 49 49 49 49 49 49 49 49 47 50 45 26 9 9 47 35 45 25 26 47 30 43 12 28 5 21 19 21 49 11 20 21 14 3 46 10 25 25 44 35 40 44 45 39 1 10 30 12 15 23 21 43 6 12 46 46 8 43 17 48 9 39 50 29 45 30 19 10 38 38 17 35 10 50 48 10 31 39
40 40 40 40 40 40 40 40 40 40 40 40 40 40 40 24 28 38 2 15 20 39 21 46 8 35 15 28 43 38 7 4 40 41 40 39 24 19 44 41 37 10 3 34 31 17 15 5 3 23 7 3 38 50 11 11 24 2 12 5 11 44 21 26 45 45 9 19 26 32 32 26 25 35 8 2 32 30 43 1 28 8 44 32 19
1 1 1 1 1 1 1 1 1 1 1 1 1 1 1 41 31 1 4 35 37 24 24 49 5 34 2 8 7 47 27 8 21 17 34 8 6 11 7 8 39 21 7 8 45 37 41 23 42 46 1 44 32 42 47 6 3 46 42 28 48 20 39 12 37 40 32 31 28 27 14 32 31 27 19 46 49 6 45 24 45 30 6 1 49
25 25 25 25 25 25 25 25 25 25 25 25 25 25 25 11 44 10 48 44 35 21 18 25 18 2 37 30 18 20 50 44 40 24 6 36 14 46 6 28 2 30 38 45 29 35 30 43 34 12 32 24 24 8 31 37 23 18 3 24 1 17 32 7 25 21 5 50 38 25 17 27 43 17 14 32 17 18 14 39 37 28 44 4 36
47 47 47 47 47 47 47 47 47 47 47 47 47 47 47 18 17 4 46 31 35 10 42 27 23 27 17 24 41 37 28 49 6 41 17 29 30 45 12 48 34 41 31 46 49 5 48 38 5 41 25 39 10 2 19 35 2 29 24 40 8 48 1 32 43 7 8 5 21 41 12 9 44 47 4 24 31 38 15 46 50 38 11 47 48
50 50 50 50 50 50 50 50 50 50 50 50 50 50 50 45 42 1 9 20 31 18 17 25 49 36 35 26 48 12 4 14 46 19 49 26 42 3 39 8 3 6 21 6 6 14 48 43 21 34 40 43 25 14 41 36 47 42 21 10 35 29 6 24 9 14 32 36 35 34 35 39 5 46 3 34 4 36 38 49 46 44 30 38 10
6 6 6 6 6 6 6 6 6 6 6 6 6 6 6 29 24 31 34 32 8 9 37 37 49 34 11 26 20 8 27 19 40 29 2 43 49 48 27 49 5 15 19 28 15 34 43 32 21 18 7 20 6 47 48 47 3 36 17 15 5 48 25 29 35 10 6 10 5 3 25 37 14 32 34 50 44 8 41 40 47 2 6 7 11
46 46 46 46 46 46 46 46 46 46 46 46 46 46 46 48 49 35 21 5 29 23 18 31 4 34 17 4 37 35 25 41 40 49 1 24 14 14 48 31 18 4 25 46 28 26 49 46 31 6 14 48 30 29 1 19 10 36 2 38 43 10 5 15 4 36 5 23 28 35 14 40 9 4 28 38 35 3 9 24 48 11 47 9 34
16 16 16 16 16 16 16 16 16 16 16 16 16 16 16 16 16 16 16 16 16 16 16 16 16 16 16 16 16 16 16 16 16 16 16 16 16 16 16 16 16 16 16 16 16 16 16 16 16 16 16 16 16 16 16 16 16 16 16 16 16 16 16 16 16 16 16 16 16 16 16 16 16 16 16 16 16 16 16 16 41 10 24 11 37
9 9 9 9 9 9 9 9 9 9 9 9 9 9 9 12 40 10 15 12 50 50 45 49 41 18 25 7 46 49 17 9 26 36 10 49 46 37 4 30 50 37 9 37 43 4 5 40 12 3 4 26 8 1 38 36 10 25 45 35 11 11 42 24 40 29 46 8 35 27 21 2 50 9 49 8 46 1 34 10 29 26 16 38 34
33 33 33 33 33 33 33 33 33 33 33 33 33 33 33 33 33 33 33 33 33 33 33 33 33 33 33 33 33 33 33 33 33 33 33 33 33 33 33 33 33 33 33 33 33 33 33 33 33 33 33 33 33 33 33 33 33 33 33 33 33 33 33 33 33 33 33 33 33 33 33 33 33 33 33 33 33 33 33 33 42 15 45 50 23
14 14 14 14 14 14 14 14 14 14 14 14 14 14 14 49 19 24 30 20 29 21 10 38 1 37 29 2 40 28 5 5 21 31 9 30 11 29 6 9 8 20 7 40 47 23 35 8 36 47 41 49 38 6 14 2 27 18 3 21 34 17 43 43 5 27 35 9 25 34 23 46 43 25 40 40 27 18 20 39 14 35 31 7 17
23 23 23 23 23 23 23 23 23 23 23 23 23 23 23 34 3 15 46 47 30 30 15 46 47 30 32 47 48 4 50 11 41 7 31 21 3 10 38 30 9 1 19 49 4 28 50 10 39 35 31 15 23 25 48 14 9 4 19 44 48 15 20 37 37 26 36 27 38 36 11 28 36 32 3 38 45 1 7 30 29 50 30 43 47
36 36 36 36 36 36 36 36 36 36 36 36 36 36 36 14 23 4 39 47 32 19 44 25 45 43 46 27 23 46 26 2 39 40 15 7 6 47 8 13 32 21 21 41 22 20 28 44 9 35 46 37 32 32 50 5 9 11 46 9 31 19 6 31 11 38 3 35 32 3 3 1 47 10 27 14 35 6 28 29 45 17 26 26 7
38 38 38 38 38 38 38 38 38 38 38 38 38 38 38 19 9 27 14 38 10 18 31 3 45 23 34 42 15 35 11 39 28 43 44 35 42 47 35 17 23 28 14 7 40 47 44 45 5 49 39 8 15 38 2 17 10 25 1 45 45 39 26 8 38 24 25 4 29 21 17 14 28 22 14 44 14 43 35 1 49 50 5 41 28
34 34 34 34 34 34 34 34 34 34 34 34 34 34 34 41 49 50 36 47 25 30 39 50 48 29 18 12 1 39 9 34 46 48 37 32 14 46 11 2 5 30 35 42 40 19 43 23 28 47 46 7 49 8 3 29 32 21 49 12 50 41 40 5 42 47 25 28 17 43 34 23 50 37 5 21 27 7 47 40 36 31 30 40 49
20 20 20 20 20 20 20 20 20 20 20 20 20 20 20 20 21 39 28 35 50 5 8 19 16 6 25 2 42 41 47 7 4 39 46 1 48 3 25 38 42 26 7 3 36 20 15 46 27 32 41 23 34 17 5 39 17 42 29 43 26 37 42 2 32 29 3 6 45 35 32 37 15 30 18 32 29 38 18 30 10 42 23 50 44
8 8 8 8 8 8 8 8 8 8 8 8 8 8 8 3 44 6 8 42 8 44 46 46 34 39 5 2 45 31 21 41 19 37 49 36 42 18 1 6 6 29 13 37 21 24 27 21 26 27 39 23 50 20 18 41 27 18 30 12 28 45 42 27 15 14 18 14 7 30 11 26 8 6 24 29 38 4 29 5 23 39 16 38 49
43 43 43 43 43 43 43 43 43 43 43 43 43 43 43 1 21 42 29 10 25 18 21 1 24 18 30 7 9 50 12 11 18 2 6 36 31 37 4 48 47 2 44 28 40 26 34 39 43 39 18 23 8 10 50 47 28 36 35 34 14 26 38 29 29 1 4 42 1 4 30 27 3 10 11 11 36 11 48 36 15 14 17 28 41
37 37 37 37 37 37 37 37 37 37 37 37 37 37 37 25 48 2 7 5 27 39 50 3 41 3 8 47 9 41 42 41 27 48 19 37 42 27 48 37 34 30 29 36 33 20 6 33 34 38 48 31 2 37 2 23 15 32 38 37 24 19 30 20 34 12 45 12 4 2 17 38 11 11 32 9 34 44 2 3 7 25 47 3 15
27 27 27 27 27 27 27 27 27 27 27 27 27 27 27 19 41 23 26 44 8 50 38 2 35 31 41 25 41 30 23 3 32 24 28 43 23 29 37 45 3 45 23 27 11 44 49 28 25 14 32 40 44 20 36 43 24 7 50 5 3 48 11 27 14 50 45 4 34 50 14 34 37 35 36 15 36 3 7 6 18 20 46 10 35
28 28 28 28 28 28 28 28 28 28 28 28 28 28 28 30 32 33 37 44 25 28 10 31 41 38 35 3 20 19 10 11 48 35 10 8 7 49 46 18 36 10 38 3 34 15 46 30 20 25 12 8 48 7 9 26 27 18 8 35 2 31 12 20 42 15 8 48 41 50 10 43 17 31 8 45 18 48 5 25 1 11 10 5 24
32 32 32 32 32 32 32 32 32 32 32 32 32 32 32 43 41 18 32 31 27 46 26 48 44 12 5 2 25 9 30 49 20 24 12 26 25 31 40 9 27 29 24 47 6 19 50 30 3 5 18 12 25 6 48 39 49 11 24 1 29 45 8 41 4 50 1 6 24 12 48 50 14 32 27 20 27 29 25 35 42 8 23 34 18
35 35 35 35 35 35 35 35 35 35 35 35 35 35 35 44 37 20 47 17 47 3 14 31 45 44 15 37 39 29 12 48 14 37 46 27 14 7 39 46 37 14 11 41 9 17 9 14 46 7 20 41 7 45 10 19 31 17 25 38 34 42 31 34 14 20 45 28 19 5 1 8 30 25 23 50 45 8 1 10 45 44 24 44 4
4 4 4 4 4 4 4 4 4 4 4 4 4 4 4 9 7 49 39 49 13 40 43 12 15 43 45 31 35 44 3 2 46 47 17 11 46 41 32 25 11 4 30 49 19 42 36 11 40 49 41 11 37 6 46 5 7 23 45 44 49 30 6 34 48 2 15 23 45 19 1 29 15 30 23 11 26 48 6 42 6 49 50 44 26
41 41 41 41 41 41 41 41 41 41 41 41 41 41 41 39 50 34 50 9 4 36 9 13 17 49 45 19 19 15 48 29 38 4 39 34 3 44 18 12 50 39 38 17 11 17 44 24 36 12 27 40 30 39 17 27 20 10 17 32 15 6 21 11 39 48 25 30 20 31 46 35 6 4 48 9 24 18 48 15 24 7 14 18 2
12 12 12 12 12 12 12 12 12 12 12 12 12 12 12 46 41 12 46 44 43 7 4 19 20 50 24 7 30 45 14 42 36 35 36 26 21 36 50 9 20 38 26 2 44 50 43 9 50 45 19 12 26 40 15 36 46 7 47 20 31 24 34 39 12 29 49 32 8 8 25 10 8 15 28 23 45 39 15 49 2 17 27 27 44
24 24 24 24 24 24 24 24 24 24 24 24 24 24 24 49 47 5 45 20 9 26 29 38 24 40 46 10 9 3 3 18 34 18 20 48 8 42 41 15 6 40 34 31 46 49 39 31 39 44 42 39 21 47 24 44 38 21 47 40 36 39 14 38 1 37 28 36 26 1 32 36 41 23 9 44 9 30 1 2 50 39 4 40 5
7 7 7 7 7 7 7 7 7 7 7 7 7 7 7 27 7 10 45 14 43 46 27 23 38 36 35 48 49 31 15 36 45 32 19 50 43 45 12 41 7 48 12 4 14 45 2 45 49 38 31 41 17 15 27 36 42 18 20 40 14 44 36 21 48 37 20 35 41 47 19 37 20 50 11 23 43 12 12 39 21 12 7 12 10
10 10 10 10 10 10 10 10 10 10 10 10 10 10 10 26 49 47 14 4 14 17 12 1 30 29 31 46 37 30 6 46 12 9 32 48 41 43 15 29 7 43 41 8 9 37 31 23 15 28 4 30 11 42 4 19 4 35 26 44 39 11 50 37 47 42 8 18 50 35 34 30 38 4 10 23 30 11 40 41 38 44 38 38 5
2 2 2 2 2 2 2 2 2 2 2 2 2 2 2 27 3 21 34 6 49 18 7 47 29 40 1 2 46 18 35 12 19 20 50 14 36 36 21 20 18 42 17 48 41 41 4 47 12 38 35 25 28 28 42 5 23 12 11 25 39 46 28 41 17 1 15 41 8 47 39 1 9 50 21 36 35 34 12 21 6 17 7 31 8
17 17 17 17 17 17 17 17 17 17 17 17 17 17 17 9 2 40 23 20 38 20 32 11 35 26 32 3 26 6 34 40 50 46 10 32 38 34 28 21 24 42 20 28 24 3 20 27 11 43 26 27 42 35 24 44 14 4 17 4 15 10 26 36 42 8 34 49 43 25 39 24 41 41 24 26 43 20 8 24 19 31 2 23 15
5 5 5 5 5 5 5 5 5 5 5 5 5 5 5 28 23 49 1 7 48 3 23 6 2 20 15 23 41 4 42 31 2 35 32 14 26 14 29 20 29 17 36 27 50 4 26 12 18 48 27 37 28 28 32 42 15 17 38 24 50 7 40 40 9 34 12 29 49 35 15 48 32 28 4 4 9 47 21 19 35 19 18 1 8
45 45 45 45 45 45 45 45 45 45 45 45 45 45 45 4 40 43 10 29 40 11 39 42 41 23 30 32 2 5 39 4 4 21 29 47 18 5 1 2 20 43 24 10 27 5 11 29 29 13 15 1 40 47 28 3 29 2 7 49 19 24 12 16 6 4 44 15 30 44 39 23 27 24 20 1 42 2 10 7 44 32 47 5 9
44 44 44 44 44 44 44 44 44 44 44 44 44 44 44 25 36 23 6 39 37 32 49 31 21 40 43 8 30 39 15 21 36 45 35 21 10 10 40 9 25 21 11 44 15 1 28 4 2 23 21 44 41 43 15 28 17 21 37 50 28 26 38 36 6 36 28 9 34 50 39 2 20 41 45 28 31 27 43 41 18 2 27 28 32
22 22 22 22 22 22 22 22 22 22 22 22 22 22 22 22 22 22 22 22 22 22 22 22 22 22 22 22 22 22 22 22 22 22 22 22 22 22 22 22 22 22 22 22 22 22 22 22 22 22 22 22 22 22 22 22 22 22 22 22 22 22 22 22 22 22 22 22 22 22 22 22 22 22 22 22 22 22 22 22 5 25 45 9 14
42 42 42 42 42 42 42 42 42 42 42 42 42 42 42 31 3 2 8 28 3 22 18 10 41 31 46 26 32 9 2 17 24 48 48 48 42 38 19 47 20 47 47 19 49 26 28 5 20 44 23 25 34 28 26 7 40 19 26 17 45 23 11 8 4 11 12 37 4 29 43 31 19 43 30 21 39 7 43 15 1 3 24 29 9
39 39 39 39 39 39 39 39 39 39 39 39 39 39 39 18 25 30 34 19 4 37 26 31 23 34 34 37 34 29 24 47 46 4 35 28 15 40 19 5 1 10 6 23 26 38 24 35 25 34 37 5 5 5 43 1 38 12 5 2 12 24 18 41 38 5 48 21 28 41 1 3 10 6 15 29 8 29 38 36 32 27 21 26 42
21 21 21 21 21 21 21 21 21 21 21 21 21 21 21 27 7 47 26 32 21 5 25 17 40 40 28 36 30 31 35 31 36 24 18 30 39 27 24 23 32 1 9 50 3 18 40 26 15 28 25 40 3 18 6 9 37 18 45 7 1 27 3 43 27 15 49 9 37 26 19 46 34 28 46 39 30 17 18 1 17 25 8 48 40
31 31 31 31 31 31 31 31 31 31 31 31 31 31 31 29 2 43 14 17 25 43 49 6 19 44 40 4 46 9 47 49 47 7 29 20 17 44 37 5 20 15 14 47 41 7 14 9 36 47 12 8 6 17 11 29 37 42 21 7 32 1 18 40 32 46 45 3 27 19 38 9 1 40 11 25 48 4 31 44 5 15 36 31 31
15 15 15 15 15 15 15 15 15 15 15 15 15 15 15 21 37 19 4 15 50 45 2 44 42 3 2 19 43 21 9 24 23 27 43 33 45 10 14 19 46 40 42 17 42 43 26 15 19 38 49 30 26 7 5 23 6 38 2 12 34 24 31 31 31 36 31 14 44 26 31 47 46 49 47 32 35 20 5 27 46 3 40 25 8
18 18 18 18 18 18 18 18 18 18 18 18 18 18 18 49 15 36 39 12 18 2 27 6 40 17 37 8 32 18 18 34 11 42 17 10 19 6 26 43 40 34 7 29 24 6 3 40 45 31 18 18 6 43 4 48 21 50 18 37 47 49 34 27 21 10 36 44 15 25 23 28 1 25 9 42 37 5 37 6 50 7 10 18 45
48 48 48 48 48 48 48 48 48 48 48 48 48 48 48 11 50 14 25 8 21 42 28 4 34 15 1 11 22 7 27 24 28 49 25 18 43 45 11 29 12 43 32 19 17 39 27 6 7 1 41 12 20 23 30 1 5 14 19 27 2 26 3 42 44 3 2 2 37 11 9 48 18 20 10 47 48 8 42 23 45 50 25 6 39
3 3 3 3 3 3 3 3 3 3 3 3 3 3 3 26 23 20 23 39 44 29 17 46 20 5 11 12 43 32 18 23 39 38 36 48 14 46 15 35 28 43 12 20 22 46 5 3 12 26 45 26 26 14 14 33 40 38 30 39 21 17 50 21 35 35 29 12 18 37 10 48 23 42 8 10 28 40 21 48 14 50 19 26 25
26 26 26 26 26 26 26 26 26 26 26 26 26 26 26 40 38 43 1 3 1 40 30 5 26 43 35 5 4 28 26 8 47 11 49 24 17 6 2 39 37 19 12 3 12 29 49 19 4 5 7 41 6 21 50 36 34 42 12 5 39 17 24 39 36 14 44 20 34 50 23 31 2 20 47 10 9 44 49 47 43 3 5 6 42
11 11 11 11 11 11 11 11 11 11 11 11 11 11 11 17 48 8 20 32 25 45 40 48 29 17 36 24 23 5 4 4 26 28 47 45 5 34 4 40 12 42 23 4 37 3 25 25 21 20 30 11 14 7 2 21 19 12 39 45 18 2 6 32 7 41 14 26 27 30 48 3 7 15 44 6 27 17 8 25 49 11 9 42 1
30 30 30 30 30 30 30 30 30 30 30 30 30 30 30 41 9 14 27 12 48 11 27 1 50 27 32 11 44 19 23 14 4 17 18 31 20 2 7 42 36 27 28 10 36 1 30 11 35 34 43 17 14 46 20 7 32 23 40 20 23 20 10 42 37 2 8 19 8 3 37 42 1 6 47 38 45 47 18 29 7 12 34 47 29
29 29 29 29 29 29 29 29 29 29 29 29 29 29 29 1 50 20 38 41 24 18 16 49 49 41 31 19 10 37 19 17 42 32 42 11 8 32 29 32 1 17 30 28 10 35 36 11 36 38 23 49 19 15 39 14 9 20 43 34 29 15 1 6 40 29 5 31 17 1 7 26 8 24 2 34 12 48 44 24 25 46 2 31 42
