5
2 6 45
16 1 150009 183489 171982 50184 1 58293 48879 1 1 98813 1 16668 98813 1 150009
2 98813 1
4 150009
3 98813
1 16668
3 48879
4 16668
3 1
5 183489
4 48879
2 183489
2 16668
3 50184
5 58293
1 98813
3 16668
2 58293
2 48879
1 183489
5 10604
2 1
1 150009
4 50184
2 171982
1 1
1 58293
5 171982
3 183489
5 50184
1 171982
2 150009
4 171982
5 150009
3 150009
5 16668
3 58293
5 98813
4 58293
4 98813
2 1
1 50184
2 50184
5 1
5 48879
3 171982
1 48879
4 1
4 2 50
11 165356 136609 69497 91756 85484 1 165356 1 1 121168 1
2 85484 1
4 151281 91756 187031 1
2 196713 151281
1 1
3 91756
4 151281
4 187031
1 196713
5 85484
2 69497
3 187031
3 1
4 91756
2 165356
5 69497
3 136609
1 91756
2 196713
4 1
1 1
5 187031
5 121168
4 121168
5 165356
3 196713
5 1
1 69497
1 151281
4 165356
4 196713
5 151281
5 196713
4 136609
1 85484
2 1
1 187031
3 121168
2 187031
1 121168
2 121168
4 85484
3 85484
3 165356
5 196713
3 69497
1 136609
3 151281
5 91756
2 136609
2 91756
1 165356
2 151281
5 136609
2 2 55
14 1 78231 67583 1 1 19201 198130 41071 1 1 1 38096 1 101537
5 38096 1 133438 185394 156253
5 1
3 19201
1 38096
1 41071
2 185394
4 38096
4 198130
3 185394
5 101537
4 133438
1 19201
5 67583
2 133438
3 38096
2 156253
5 78231
4 67583
4 41071
1 133438
1 156253
3 133438
2 1
1 101537
5 185394
3 101537
2 23106
5 133438
2 67583
3 41071
5 156253
2 101537
1 1
5 38096
2 19201
4 156253
5 198130
3 1
1 198130
1 67583
4 101537
5 19201
4 133438
1 78231
1 185394
4 1
2 198130
3 67583
3 156253
2 41071
5 41071
3 78231
4 185394
3 198130
2 38096
2 78231
2 3 45
12 104098 10405 1 1 18664 11183 81731 1 159199 25015 11183 1
7 10405 115123 81731 1 18664 81731 104098
2 115123
3 18664
1 11183
3 1
1 10405
2 104098
5 115123
1 104098
5 159199
1 115123
5 81731
4 81731
1 159199
2 159199
5 11183
5 1
2 18664
5 10604
3 11183
5 104098
2 25015
2 1
1 1
1 81731
4 159199
5 25015
4 25015
2 11183
4 18664
4 11183
4 115123
3 81731
5 10405
3 11183
4 104098
3 115123
3 25015
2 81731
1 25015
2 10405
4 10405
5 18664
3 104098
1 18664
4 1
3 2 45
3 65875 21964 1
14 199234 1 75574 199234 1 157742 1 65875 65875 65875 137022 137022 1 66279
3 104830 1 1
3 65875
3 75574
5 157742
5 137022
4 157742
3 21964
1 157742
4 104830
1 199234
1 21964
5 1
4 137022
2 21964
1 65875
2 104830
1 104830
2 199234
5 10604
1 66279
3 157742
3 157742
4 66279
4 75574
3 66279
4 1
3 137022
5 65875
2 66279
5 104830
3 1
3 199234
2 157742
5 66279
2 65875
2 75574
5 75574
4 65875
2 137022
1 75574
5 199234
4 21964
1 1
1 66279
3 104830
2 1
