4 6 6 60
195982977 303897138 437154869 81559605 365511323 302808478
342942401 297976421 445071632 83871721 304067809 427239638
6 6
3 20666649
1 599175376
6 287382408
5 421035992
2 805423796
4 767604039
3 284182396
1 732011630
4 934948587
2 840870596
6 557335931
5 388591777
6 6
6 909678381
4 966742067
1 950087990
2 922968889
5 834991722
3 880355772
6 845896874
3 791681101
4 956185939
1 918655047
5 941339699
2 930778126
6 6
4 912972658
6 855511382
1 908769963
5 681355925
3 695274448
2 747202998
3 753807716
1 741380908
6 688016923
5 827516564
4 615096979
2 725577864
6 6
2 709412409
6 653828129
5 643798448
3 612211607
1 733240780
4 735258449
6 647061645
3 643966232
2 728921298
4 593922876
5 648416881
1 696438628
6 6
3 949788359
5 647479261
4 437310035
2 355634249
1 901379139
6 728720620
3 342413674
4 846486226
2 914671412
5 448004423
1 362969511
6 709310577
6 6
1 588505924
3 600919013
4 587707447
2 572576439
6 591139329
5 573288617
1 578277016
5 591213504
2 598714107
4 587825836
6 564344344
3 557004829
6 6
4 703547613
1 888211710
3 742371390
6 233287783
5 510787265
2 754438381
4 152117195
5 226271763
3 150860075
1 51455166
2 103514862
6 233287783
6 6
5 153269963
6 224407726
4 272835731
3 151734881
1 222861061
2 242601834
3 150462007
2 231218857
5 183686469
4 163590194
1 186644982
6 176488311
6 6
2 384343670
1 362366788
5 416393138
3 401505411
6 346234929
4 336312344
2 369941993
3 418031756
4 410969539
1 388763653
6 384851203
5 375656266
6 6
2 535822732
3 200003376
1 534372055
6 469723170
4 226088074
5 492826234
2 481851481
4 465588688
1 545597504
3 640185583
6 488530990
5 552357946
6 6
4 645692146
2 837634725
5 781371915
3 779844957
6 840293628
1 840293628
1 645692145
4 840293627
6 645692145
3 694305996
2 658078391
5 676839730
6 6
1 563373212
4 653070692
6 454558458
2 242962734
5 427192742
3 714016965
2 642267303
1 536684605
3 219649151
6 370294240
4 710196816
5 377430352
6 6
5 734421255
2 238437962
1 664910646
6 876791052
4 996079443
3 104878474
3 19025106
2 662933946
5 514447899
4 914937779
1 125121691
6 771637700
6 6
1 904546732
6 905790202
4 893391019
3 891027200
5 910094666
2 905321973
1 907505223
4 902671863
6 908206007
2 904153789
5 893197416
3 910661558
6 6
3 154305730
1 331657130
2 445194229
6 338029618
5 425709412
4 590211553
6 383673722
2 566782722
5 367020091
1 383957979
3 205048786
4 650170651
6 6
2 281932120
6 272715509
3 217766766
1 266711687
5 223881282
4 285926232
4 279223530
1 263927180
5 218077186
3 216742703
6 241510578
2 269813059
6 6
2 391083374
3 364432590
6 671145256
4 685933204
1 649739304
5 269912729
5 557447219
4 584247635
2 681879926
6 513090714
3 36327128
1 177790686
6 6
6 939537428
1 688652443
2 769464102
5 880778742
4 810951367
3 806135985
6 6990060
1 688652443
5 199825655
4 199984977
2 608588402
3 570087036
6 6
3 591620884
4 114910903
2 336123775
6 210527739
1 531447135
5 239075320
2 364790337
6 498529926
1 546173139
5 222787751
4 122934262
3 608249828
6 6
1 993344825
2 762874412
5 121403928
6 57673521
3 552094026
4 263239015
3 432726448
1 63511478
4 453873978
6 772176985
2 150949172
5 509923678
6 6
4 239934438
5 850567007
2 906122427
6 317070184
3 699053885
1 469301248
1 941352891
5 492262250
4 958900271
2 843440041
6 498844281
3 366079287
6 6
1 609104674
4 963260154
2 900358500
5 485904841
3 481738408
6 746019573
1 574360169
3 635348969
5 530572771
4 364871145
2 604813996
6 507957114
6 6
3 526425922
4 501370283
1 540611259
2 552591447
6 567346673
5 582422840
2 551843884
3 531912245
1 574098526
5 503807334
4 614160766
6 596242204
6 6
2 746529214
6 789967529
4 446291955
1 496455805
5 913235502
3 937862696
4 760945516
3 961645242
1 794088310
5 921808292
6 886869312
2 716894236
6 6
2 637954148
5 926427289
3 927786316
6 679835844
1 662929309
4 305219061
4 305094212
6 596548563
5 719781549
1 432048017
3 734568563
2 644431460
6 6
6 347561407
5 287884729
2 417297009
3 293643874
1 532816185
4 784552604
6 323091284
2 527021812
3 374862449
1 520269301
5 346321206
4 241273749
6 6
2 354012670
5 209533471
4 652446021
3 233063014
1 560500920
6 597759314
3 198107030
5 213004599
1 269835542
6 211980099
2 382399125
4 231497075
6 6
5 875861613
4 220737371
2 225246538
6 265839246
1 458944330
3 945852517
3 131819217
2 387808209
4 232185489
6 243482303
1 313454078
5 459258877
6 6
5 227128236
1 177089398
6 206755877
3 77226272
4 229593466
2 209517245
2 181208958
5 217815848
3 236693127
6 218481965
1 201789401
4 213669485
6 6
4 219710152
3 393931904
1 356582325
5 387858541
6 313378320
2 420104070
3 324054383
4 431400627
5 256698987
6 428979479
2 428129081
1 384024630
6 6
3 307465283
1 498329031
4 572849570
6 467444973
2 547881859
5 453219435
4 288754954
3 438502104
5 484743899
6 450902161
2 518194426
1 456310270
6 6
2 429604831
5 148791756
6 88404248
1 329137291
4 397206468
3 23043727
2 202149470
3 524107692
6 414275792
5 325712616
4 59610696
1 511148515
6 6
5 671247422
2 697178777
6 649996524
1 667829352
4 594912860
3 754834397
2 743465496
1 754259493
3 734951535
4 755421074
5 613312580
6 745614752
6 6
3 940271053
1 947100706
5 952265826
6 951384406
2 966561930
4 943785017
4 941332703
1 952471908
3 974753389
2 949006363
5 951964702
6 953345145
6 6
2 241275300
5 244364047
3 547583416
4 101912503
1 214433006
6 234555342
1 498073198
4 172183623
2 245623727
6 587733160
5 235127208
3 710097913
6 6
4 769440406
3 345265347
1 491469216
5 100014322
6 556211702
2 419437295
3 554626946
4 58407959
2 333548244
6 307346281
5 524023488
1 199248518
6 6
5 655852544
4 203522470
1 325986005
3 804313377
6 633925561
2 486738373
4 973349579
2 457385064
1 661228485
5 218466539
3 997371636
6 683698420
6 6
1 503924353
3 497438926
5 516361366
6 515825647
2 509322563
4 510826228
4 507267723
3 543871235
6 528392916
2 498095227
1 534569024
5 512463140
6 6
2 778742506
4 343698748
1 406441008
5 754373197
6 672105245
3 512928912
2 379280719
3 925833132
6 756204144
1 578189939
4 423454253
5 698718329
6 6
1 813865932
4 845568021
2 766438608
3 847019725
5 798031397
6 814122359
1 790114749
3 767075627
2 821785944
6 803805268
4 765250011
5 822816785
6 6
4 803220379
1 748941820
2 697369294
6 775059035
3 590579558
5 616881088
3 655146846
1 596332122
2 640677046
5 784254146
6 589286686
4 562487168
6 6
6 703428773
3 440735743
2 717906015
5 763007587
4 557013550
1 671097932
6 851987867
1 856237732
2 522056841
3 882593507
5 685059949
4 534632000
6 6
2 593372124
4 786172280
3 575700587
6 505955706
1 633848076
5 225543936
3 417975905
4 8619688
1 570818356
5 440718183
6 422227066
2 765653738
6 6
6 546318897
5 348672745
3 339094354
2 365361625
4 635376924
1 585723154
2 388964723
3 558650458
1 352473984
4 330860780
5 485975033
6 352521056
6 6
2 121185679
1 277657248
4 101183162
3 333387454
6 145625653
5 276509538
4 259069083
3 71289415
1 178842622
5 136004058
2 180247431
6 107770482
6 6
2 406720520
1 113722404
5 748584739
4 34516956
6 87188251
3 108382044
6 378314474
2 715695672
1 260661618
5 248595322
4 793631810
3 51608231
6 6
3 148220812
2 356255139
5 518073869
1 350780756
4 807274065
6 413461815
4 442254857
3 892623681
2 239892376
6 445281092
5 442856859
1 538317600
6 6
1 191803256
4 366577947
6 406385084
3 106850267
2 224124541
5 443305156
1 335166049
6 456330213
3 525157682
5 161542148
2 120832436
4 125130451
6 6
5 122555313
6 153687430
3 235933776
1 197722223
2 196090807
4 237743166
4 105025921
5 152759049
3 149806541
1 188418049
6 148245509
2 231179921
6 6
4 523490691
1 543228035
2 522761135
3 665002463
5 476122444
6 646851214
1 531947391
6 530865641
4 408632330
5 651804812
2 656815838
3 544013814
6 6
1 755416397
3 291036571
6 342243552
4 847748554
2 858731709
5 342551597
1 914596765
2 807204360
4 993124446
3 507546366
6 844279987
5 796610702
6 6
4 298362408
5 707239265
3 718226546
1 664240952
2 434388377
6 667449753
4 469752811
3 765409849
2 640967736
6 736257801
1 715730835
5 687487796
6 6
2 284781613
1 237352643
4 67668343
3 497149093
6 102498391
5 511899934
3 159431769
5 72929141
1 540399849
6 233377679
4 636054515
2 513665527
6 6
1 733700141
2 852350589
4 856938461
5 769873672
3 617616510
6 846142861
3 721034314
2 808815194
4 609421277
6 803135873
1 716267089
5 837479102
6 6
2 431681371
3 358694252
1 393521633
6 415981536
5 414400326
4 440900109
1 362403013
4 306829238
6 405983066
5 438654266
2 425682318
3 352092675
6 6
4 175127076
3 717087978
1 485313758
6 712030059
2 226259815
5 508615422
6 415664046
2 176781072
5 716832256
4 166326535
1 351217139
3 578839266
6 6
2 623680977
4 720910935
6 708095950
1 577034523
5 458897108
3 449422573
4 712681606
1 473877687
5 401522747
3 390399016
6 645004881
2 664553923
6 6
6 192103991
4 583420853
2 643801665
5 578902530
3 599069527
1 849572509
3 353610296
6 251588344
1 479583591
5 262493982
4 317789109
2 444869497
6 6
1 805301226
5 913892751
2 933302718
4 769513254
3 973792285
6 853421398
3 987213178
5 843962496
1 930058241
4 974497760
6 867341974
2 770071214
6 6
2 657189004
1 663755102
5 528745709
6 566432145
3 709314906
4 714662651
2 700836233
5 586372793
4 629245539
3 527351226
1 631931687
6 562012704
