300 760 0
464 142 318 86 813 165 178 458 406 17 620 67 300 609 39 839 108 254 746 556 383 72 361 288 411 557 18 114 809 113 369 647 181 793 677 830 408 263 632 333 457 457 219 130 80 18 295 66 298 703 613 629 320 764 191 191 792 380 381 561 130 580 457 775 684 697 715 16 439 709 294 233 432 343 97 505 608 656 463 662 628 823 247 671 693 301 564 128 120 217 806 522 760 805 696 824 24 199 152 378 393 361 419 430 338 242 342 738 786 731 429 12 592 627 200 730 12 419 793 194 748 426 487 219 560 459 670 306 150 706 133 622 190 826 103 821 719 282 610 37 25 628 499 763 152 668 448 271 343 223 676 837 451 73 575 302 404 446 580 142 751 58 553 220 151 809 578 60 759 272 230 504 642 73 512 179 579 139 592 837 237 672 359 466 789 398 135 98 819 574 808 610 316 528 708 450 139 372 252 421 107 283 665 525 366 380 21 60 138 319 734 340 223 678 505 455 258 495 437 368 821 4 740 48 356 810 478 626 458 757 286 648 578 115 355 467 622 580 512 247 796 377 452 324 347 570 467 822 475 766 483 462 90 102 816 600 56 674 120 443 276 211 687 475 12 744 677 450 809 10 643 43 121 39 578 237 363 10 772 423 62 217 640 222 291 214 274 416 78 352 241 133 745 95 256 320 241 218 77
234 76
196 289
48 81
163 230
96 126
232 256
124 145
299 232
79 71
252 196
146 236
98 257
56 42
55 295
50 134
198 289
180 89
116 139
210 40
116 158
56 105
16 283
135 252
53 152
118 150
178 97
277 41
258 69
181 54
277 2
206 298
143 77
59 146
254 83
90 283
211 65
242 110
92 213
203 145
285 83
281 112
10 145
13 250
99 259
259 289
128 48
50 29
241 87
107 298
152 147
43 57
278 251
292 75
146 159
60 58
106 29
6 166
255 193
91 89
237 141
250 32
229 169
116 115
297 277
269 213
232 26
17 246
59 117
4 95
149 284
94 226
172 6
196 299
109 203
133 260
104 210
54 298
90 278
115 153
70 230
56 92
201 169
220 87
269 122
177 155
141 248
246 49
155 99
291 175
53 17
153 154
113 103
148 83
253 134
239 290
224 230
96 150
243 286
1 134
172 102
7 133
243 91
287 184
180 267
92 275
130 103
147 7
35 194
187 147
257 129
105 82
259 121
129 111
206 211
99 73
241 153
155 191
153 226
89 153
246 38
194 137
40 123
229 288
106 205
47 98
163 283
80 2
76 64
283 107
71 23
270 39
159 123
272 72
185 64
217 138
149 176
221 187
127 163
101 76
235 71
120 273
261 141
68 276
197 218
215 230
37 103
190 45
114 149
142 253
267 153
117 167
133 194
157 116
108 10
246 287
288 289
283 35
285 146
165 42
264 195
92 149
4 145
96 18
130 186
85 48
113 154
55 226
11 175
63 269
242 76
156 273
23 33
191 156
50 18
192 123
201 76
158 299
144 243
83 230
40 59
281 171
129 105
146 209
298 27
274 197
81 122
116 11
224 101
156 97
25 93
244 12
82 151
294 237
290 40
251 297
47 174
151 129
274 36
167 91
42 10
130 243
9 202
268 108
141 253
191 272
64 244
213 139
257 202
90 29
41 217
180 67
295 285
270 263
164 59
53 76
87 237
19 210
207 202
270 280
228 139
58 103
259 34
201 33
216 13
113 4
199 73
264 159
111 203
4 20
56 181
258 219
130 247
129 234
282 27
28 257
3 170
235 30
14 8
110 266
292 144
95 27
231 158
143 68
88 59
20 265
168 161
294 80
18 156
25 68
214 134
141 134
105 259
215 243
67 94
89 227
168 158
61 53
32 174
23 161
15 118
270 165
125 264
251 260
279 48
155 174
272 99
219 146
21 108
35 150
237 206
281 283
242 176
77 159
54 105
268 40
223 52
110 252
96 286
197 244
169 75
233 147
67 216
157 156
29 33
197 94
282 154
49 85
150 111
166 220
86 36
212 298
14 242
208 187
269 278
229 269
249 263
99 229
8 240
7 151
12 199
273 229
60 69
125 221
169 235
123 206
55 159
284 244
225 244
58 24
194 211
82 131
217 128
218 6
183 102
69 204
3 156
71 90
183 160
193 186
65 263
186 183
139 99
83 109
95 292
232 58
4 80
252 205
224 275
38 107
135 123
98 45
10 237
160 107
101 155
206 221
172 256
92 144
72 294
107 1
291 143
152 14
171 16
52 271
20 5
262 43
245 180
185 13
242 74
46 3
249 176
284 90
189 276
64 256
118 201
273 16
260 154
8 166
280 91
57 61
121 239
296 299
100 241
145 172
16 286
201 211
178 57
55 79
267 238
96 203
117 23
19 183
210 80
58 217
122 254
91 13
3 51
20 170
188 212
67 254
67 146
18 114
177 258
224 7
110 77
118 54
226 196
259 133
218 181
45 212
249 276
74 229
127 227
268 72
113 23
21 216
231 276
36 88
149 241
170 23
278 154
113 148
216 188
145 86
234 117
202 205
261 269
255 140
216 6
282 145
172 101
29 21
16 222
127 5
2 292
93 229
300 171
202 197
188 204
99 111
212 221
267 282
111 142
20 10
238 88
297 166
76 30
218 169
187 223
171 13
144 174
45 27
203 83
119 133
212 147
119 166
20 107
94 282
173 5
28 168
218 290
137 30
137 226
21 272
251 56
181 25
235 183
75 52
155 134
110 9
22 73
216 77
32 81
102 234
242 136
20 60
259 55
54 85
243 274
28 107
84 28
63 200
252 72
26 277
76 36
210 299
5 198
146 76
146 143
200 140
75 210
189 100
17 43
93 7
107 233
97 60
286 230
19 206
222 68
114 300
147 74
51 161
177 239
206 65
233 171
138 30
174 204
297 145
52 43
287 73
122 45
97 12
145 43
88 123
207 219
27 83
38 226
297 291
58 275
217 160
196 66
140 205
274 122
294 25
207 194
174 118
287 144
186 241
214 189
136 31
26 103
62 46
12 94
250 298
147 127
10 248
270 96
266 171
165 26
285 266
163 253
269 135
231 272
115 59
66 279
154 15
183 155
14 208
235 257
125 208
258 243
257 20
64 45
93 216
204 82
66 254
65 284
20 250
248 64
246 131
130 221
161 18
79 298
296 87
25 270
197 298
8 282
168 201
217 168
165 224
192 229
96 282
164 106
238 210
91 239
90 259
283 131
205 208
97 259
70 173
146 86
118 64
105 208
217 109
171 128
228 190
19 115
221 63
6 256
110 160
140 243
45 118
289 221
282 18
293 283
225 174
17 234
61 113
283 85
143 95
182 278
55 187
284 233
142 168
173 178
255 225
27 245
170 181
205 201
212 207
246 274
213 90
120 74
148 82
155 233
195 249
14 105
88 140
13 166
5 220
186 123
93 221
175 135
81 22
129 125
223 123
181 137
46 57
165 300
93 246
55 24
88 15
127 226
206 163
24 126
181 23
263 87
204 160
176 100
300 47
51 140
192 102
292 295
25 12
223 222
74 5
101 147
150 51
81 294
249 222
68 282
159 185
186 118
48 103
19 40
89 295
2 162
278 228
201 296
9 210
78 127
232 45
69 7
253 298
249 64
50 57
297 155
198 201
290 293
18 104
247 219
215 231
109 186
147 264
26 163
68 203
78 125
225 6
246 50
190 109
251 158
264 123
261 280
163 123
89 138
63 135
74 277
256 196
281 151
186 48
61 212
166 267
292 270
154 294
79 240
228 180
38 183
192 188
178 8
218 56
25 179
78 269
218 211
171 272
71 56
135 195
125 263
85 18
51 282
57 190
50 62
24 229
258 46
253 244
137 3
198 104
175 223
141 254
36 192
111 211
37 129
94 234
253 16
67 229
49 9
79 270
49 222
272 154
64 68
140 66
115 72
94 125
174 211
203 29
121 82
20 98
76 181
11 181
228 128
167 163
56 282
191 286
15 140
264 251
277 83
77 295
158 48
272 230
183 180
283 300
196 19
219 50
30 37
19 22
49 209
67 130
254 289
90 218
276 9
75 280
73 113
183 177
219 38
216 263
31 300
265 57
149 247
196 31
86 241
39 255
209 77
19 144
71 32
136 63
223 31
86 105
222 202
218 30
111 148
135 165
116 169
