150 280 0
404 472 438 356 213 705 88 338 46 377 710 697 300 99 579 119 708 314 116 76 473 402 331 678 471 227 528 384 599 473 189 557 391 673 287 710 498 623 572 183 517 247 489 160 500 738 685 156 298 73 493 119 620 674 371 161 612 140 21 231 10 610 517 175 144 667 295 346 409 319 354 323 582 583 427 25 218 656 283 632 448 43 67 101 333 121 624 68 240 637 116 432 340 745 696 404 24 229 302 258 33 361 149 130 698 272 342 348 156 461 9 312 322 477 530 220 402 89 613 704 748 216 697 189 170 579 400 666 240 436 343 442 700 316 73 41 479 372 310 517 355 328 709 193 152 38 148 481 103
103 106
57 91
133 5
2 134
86 100
142 61
148 43
40 31
149 38
150 69
32 110
54 72
43 32
59 99
19 52
27 147
132 59
16 99
8 75
68 99
34 28
10 106
78 18
150 49
42 12
61 77
103 65
135 96
110 51
90 108
19 104
10 43
78 145
95 48
15 77
98 11
124 110
78 26
120 58
146 38
97 16
48 8
77 82
100 92
127 106
77 32
24 47
120 107
42 25
76 123
42 120
42 36
30 56
74 60
23 6
31 57
25 72
144 107
60 149
130 73
103 121
39 38
87 93
130 52
123 2
37 10
102 21
116 78
52 1
13 55
125 76
50 61
128 47
84 76
46 139
48 81
13 80
96 126
82 106
124 145
149 82
79 71
102 46
146 86
98 107
56 42
55 145
50 134
48 139
30 89
116 139
60 40
116 8
56 105
16 133
135 102
53 2
118 150
28 97
127 41
108 69
31 54
127 2
56 148
143 77
59 146
104 83
90 133
61 65
92 110
92 63
53 145
135 83
131 112
10 145
13 100
99 109
109 139
128 48
50 29
91 87
107 148
2 147
43 57
128 101
142 75
146 9
60 58
106 29
6 16
105 43
91 89
87 141
100 32
79 19
116 115
147 127
119 63
82 26
17 96
59 117
4 95
149 134
94 76
22 6
46 149
109 53
133 110
104 60
54 148
90 128
115 3
70 80
56 92
51 19
70 87
119 122
27 5
141 98
96 49
5 99
141 25
53 17
3 4
113 103
148 83
103 134
89 140
74 80
96 150
93 136
1 134
22 102
7 133
93 91
137 34
30 117
92 125
130 103
147 7
35 44
37 147
107 129
105 82
109 121
129 111
56 61
99 73
91 3
5 41
3 76
89 3
96 38
44 137
40 123
79 138
106 55
47 98
13 133
80 2
76 64
133 107
71 23
120 39
9 123
122 72
35 64
67 138
149 26
71 37
127 13
101 76
85 71
120 123
111 141
68 126
47 68
65 80
37 103
40 45
114 149
142 103
117 3
117 17
133 44
7 116
108 10
96 137
138 139
133 35
135 146
15 42
114 45
92 149
4 145
96 18
130 36
85 48
113 4
55 76
11 25
92 76
6 123
23 33
41 6
50 18
42 123
51 76
8 149
144 93
83 80
40 59
131 21
129 105
148 27
124 47
81 122
116 11
74 101
6 97
25 93
94 12
82 1
144 87
140 40
101 147
1 129
124 36
17 91
42 10
130 93
9 52
118 108
141 103
41 122
64 94
63 139
107 52
90 29
41 67
