300 1000 0
544 630 102 766 205 621 402 186 1014 769 740 427 548 457 87 79 172 422 338 804 63 592 617 456 987 357 562 1042 897 177 849 583 949 873 301 1030 128 327 56 845 657 185 891 810 560 346 207 362 482 7 533 549 592 356 551 255 544 716 677 777 418 300 793 871 276 1009 259 840 567 197 854 873 152 47 553 1009 80 792 871 502 596 991 503 655 245 221 620 240 1048 977 326 498 1000 597 568 912 16 239 464 66 721 881 867 662 242 682 110 410 210 355 525 940 96 91 400 282 380 11 409 858 156 402 319 907 864 379 126 962 942 490 1045 742 38 450 431 925 1023 498 746 821 289 788 451 307 984 716 1016 1047 823 399 316 349 35 313 567 926 100 246 884 358 1047 474 281 516 583 161 970 804 655 184 62 584 938 977 904 771 619 147 320 893 845 1008 695 978 725 1030 183 690 235 438 344 322 252 520 788 938 187 60 116 853 763 723 937 1021 446 172 661 684 442 655 798 1036 431 1014 689 575 882 799 493 256 421 708 764 392 900 946 286 1034 354 917 262 856 642 427 683 955 966 564 952 687 796 777 628 468 779 2 939 278 67 990 811 598 858 926 216 912 656 546 712 131 124 803 775 803 220 80 493 178 505 802 1035 1019 137 287 114 245 627 698 708 15 726 257 568 366 299 1014 794 200 534 528 745 757 233 855 576 200 401 10 1100
234 76
48 81
163 230
96 126
124 145
79 71
146 236
56 42
50 134
180 89
116 139
210 40
116 158
56 105
53 152
118 150
178 97
181 54
143 77
59 146
211 65
92 213
203 145
10 145
259 289
128 48
50 29
152 147
43 57
278 251
146 159
60 58
106 29
6 166
91 89
237 141
229 169
116 115
297 277
232 26
59 117
4 95
94 226
172 6
109 203
104 210
115 153
70 230
56 92
201 169
220 87
177 155
155 99
53 17
153 154
113 103
148 83
224 230
96 150
243 286
1 134
172 102
7 133
130 103
147 7
35 194
187 147
105 82
129 111
206 211
99 73
155 191
153 226
89 153
194 137
40 123
106 205
47 98
80 2
76 64
71 23
159 123
185 64
217 138
149 176
221 187
127 163
101 76
235 71
197 218
215 230
37 103
190 45
114 149
117 167
133 194
157 116
108 10
246 287
288 289
165 42
92 149
4 145
96 18
130 186
85 48
113 154
55 226
11 175
23 33
191 156
50 18
192 123
201 76
83 230
40 59
129 105
146 209
81 122
116 11
224 101
156 97
25 93
82 151
251 297
47 174
151 129
167 91
42 10
9 202
213 139
90 29
41 217
180 67
295 285
270 263
164 59
53 76
87 237
19 210
207 202
270 280
228 139
58 103
201 33
216 13
113 4
199 73
111 203
4 20
56 181
129 234
3 170
235 30
14 8
95 27
231 158
143 68
88 59
168 161
18 156
25 68
214 134
141 134
67 94
89 227
168 158
61 53
32 174
23 161
15 118
251 260
155 174
219 146
21 108
35 150
237 206
281 283
77 159
54 105
223 52
169 75
233 147
67 216
157 156
29 33
197 94
49 85
150 111
166 220
86 36
208 187
269 278
249 263
99 229
7 151
12 199
60 69
125 221
169 235
123 206
55 159
284 244
58 24
194 211
82 131
217 128
218 6
183 102
69 204
3 156
71 90
183 160
193 186
186 183
139 99
83 109
232 58
4 80
38 107
135 123
98 45
10 237
160 107
101 155
206 221
92 144
107 1
152 14
171 16
20 5
185 13
46 3
118 201
8 166
57 61
121 239
296 299
145 172
201 211
178 57
55 79
96 203
117 23
19 183
210 80
58 217
91 13
3 51
20 170
188 212
67 146
18 114
224 7
110 77
118 54
226 196
218 181
45 212
249 276
74 229
127 227
113 23
21 216
36 88
170 23
113 148
216 188
145 86
234 117
202 205
261 269
216 6
172 101
29 21
16 222
127 5
93 229
202 197
188 204
99 111
212 221
267 282
111 142
20 10
238 88
76 30
218 169
187 223
171 13
144 174
45 27
203 83
119 133
212 147
119 166
20 107
173 5
28 168
137 30
137 226
181 25
235 183
75 52
155 134
110 9
22 73
216 77
32 81
102 234
20 60
54 85
243 274
28 107
84 28
63 200
76 36
5 198
146 76
146 143
200 140
75 210
189 100
17 43
93 7
107 233
97 60
19 206
222 68
147 74
51 161
177 239
206 65
233 171
138 30
174 204
52 43
122 45
97 12
145 43
88 123
207 219
27 83
38 226
297 291
217 160
196 66
140 205
207 194
174 118
214 189
136 31
26 103
62 46
12 94
250 298
147 127
165 26
285 266
115 59
154 15
183 155
14 208
125 208
258 243
64 45
93 216
204 82
130 221
161 18
168 201
217 168
165 224
192 229
164 106
238 210
91 239
205 208
70 173
146 86
118 64
105 208
217 109
171 128
228 190
19 115
221 63
110 160
45 118
293 283
225 174
17 234
61 113
143 95
55 187
142 168
173 178
170 181
205 201
212 207
246 274
213 90
120 74
148 82
155 233
14 105
88 140
13 166
5 220
186 123
93 221
175 135
81 22
129 125
223 123
181 137
46 57
55 24
88 15
127 226
206 163
24 126
181 23
204 160
176 100
51 140
192 102
292 295
25 12
223 222
74 5
101 147
150 51
159 185
186 118
48 103
19 40
2 162
9 210
78 127
232 45
69 7
253 298
50 57
198 201
290 293
18 104
215 231
109 186
26 163
68 203
78 125
225 6
190 109
261 280
163 123
89 138
63 135
186 48
61 212
292 270
228 180
38 183
192 188
178 8
218 56
25 179
218 211
71 56
135 195
85 18
57 190
50 62
24 229
253 244
137 3
198 104
175 223
36 192
111 211
37 129
94 234
67 229
49 9
49 222
64 68
140 66
115 72
94 125
174 211
203 29
121 82
20 98
76 181
11 181
228 128
167 163
15 140
264 251
158 48
183 180
283 300
196 19
219 50
30 37
19 22
49 209
67 130
254 289
90 218
73 113
183 177
219 38
196 31
209 77
19 144
71 32
136 63
223 31
86 105
222 202
218 30
111 148
135 165
116 169
217 102
154 195
248 283
230 197
250 283
212 163
169 145
15 75
159 192
220 40
9 174
238 34
126 95
147 35
139 231
111 7
57 59
120 70
152 195
202 95
238 36
84 43
191 15
204 55
253 275
96 121
121 156
215 71
223 217
208 151
24 198
52 14
219 132
137 156
128 111
68 74
73 184
114 189
6 178
209 106
44 211
3 191
102 93
37 225
55 69
14 161
104 78
185 68
132 11
180 26
165 202
17 46
203 65
237 230
159 35
54 46
86 75
201 132
122 216
13 19
193 39
227 26
77 94
53 162
189 146
155 117
56 162
13 81
43 77
125 121
239 20
133 122
54 55
198 50
218 47
205 115
147 117
211 161
117 116
229 181
164 198
126 76
53 82
235 185
242 247
246 243
37 7
20 208
119 103
156 230
287 241
54 114
229 26
9 21
12 171
231 209
44 89
48 220
93 70
170 196
224 187
17 190
29 32
19 191
88 93
29 59
107 53
50 182
143 135
84 123
21 138
48 136
119 139
219 5
105 94
95 40
42 8
171 65
45 203
26 117
178 218
16 170
133 196
175 217
33 2
71 52
72 167
26 166
275 281
113 106
62 68
239 77
81 230
117 22
184 87
176 57
13 163
193 192
12 39
189 159
186 192
175 120
137 189
148 33
45 134
108 187
28 185
269 285
116 8
255 241
170 206
33 219
211 193
64 158
67 11
29 147
141 203
167 174
109 84
194 172
19 154
73 110
273 267
33 182
236 115
216 138
77 56
243 293
40 4
81 170
128 86
174 126
83 164
106 153
76 11
227 93
55 119
187 213
103 154
238 105
121 70
159 23
87 181
169 162
206 223
242 241
94 208
296 265
92 101
106 101
200 173
205 4
256 248
283 258
6 5
255 254
107 46
128 67
235 231
137 57
223 137
107 78
78 71
224 171
36 222
219 95
23 10
61 175
49 79
239 74
192 40
107 127
13 40
221 223
18 221
262 256
225 73
74 34
203 108
214 99
48 61
67 140
152 134
121 117
182 234
73 78
62 121
14 238
57 39
134 112
137 221
127 238
155 180
177 193
181 43
21 99
91 62
111 35
85 70
75 160
15 215
158 227
85 138
66 208
172 85
217 188
2 22
219 127
108 109
213 185
88 9
91 200
83 207
34 81
78 16
71 188
222 156
26 238
293 294
114 87
154 145
64 101
168 100
55 183
25 166
36 83
280 253
230 212
193 52
89 66
21 124
186 138
49 74
280 291
223 63
205 213
68 66
68 29
191 10
167 165
124 116
137 139
199 188
88 81
204 216
167 106
2 156
161 216
31 192
13 219
71 107
73 192
232 220
21 12
35 113
241 268
177 185
217 20
136 83
217 98
4 75
29 169
298 241
2 107
143 109
109 57
5 2
147 139
105 100
183 50
132 146
240 245
61 30
190 108
217 39
95 138
27 225
186 55
219 191
180 206
223 162
172 110
28 95
193 100
120 62
218 107
218 89
95 13
5 77
117 13
94 121
206 10
89 120
14 3
226 189
241 295
105 3
162 96
89 4
184 182
176 226
53 3
144 11
277 293
25 27
74 35
47 138
155 57
28 136
195 184
93 179
146 82
233 7
200 52
236 19
123 83
147 48
181 34
184 183
64 34
202 11
89 165
101 93
192 29
272 289
85 83
142 172
144 237
85 174
182 237
168 77
70 212
140 216
82 65
68 162
205 89
261 253
58 1
113 220
46 143
108 116
216 137
203 155
21 165
11 135
144 62
207 210
148 128
14 184
122 178
180 29
217 228
82 133
70 76
153 199
65 92
183 152
234 109
60 106
11 103
224 227
220 153
213 36
78 38
92 184
239 102
46 182
195 122
171 59
86 129
76 156
132 110
221 100
79 194
197 167
215 119
51 66
19 211
268 262
79 87
296 280
225 223
158 32
53 9
25 43
52 19
140 189
139 203
27 155
85 17
192 98
135 229
206 116
178 129
289 283
210 73
169 119
79 70
182 162
12 76
132 156
107 220
222 167
191 238
28 16
99 9
150 119
228 223
100 143
8 128
187 97
81 26
228 75
11 121
7 204
8 167
76 45
35 11
14 113
32 129
178 232
114 80
117 174
37 173
205 9
221 208
11 18
133 228
169 120
181 203
94 20
72 146
1 225
193 156
48 176
