300 1000 31
44 32 14 5 120 59 74 2 90 78 142 26 33 44 28 107 99 50 139 53 148 85 102 143 105 100 89 2 145 92 100 1258 86 135 42 98 21 104 2 87 31 16 26 98 58 2 1 90 24 123 15 131 14 126 9 100 101 48 65 47 155 12 69 1479 43 109 138 69 94 21 3 90 84 153 152 45 143 100 133 114 87 10 61 50 78 2 135 137 68 2 45 45 92 45 78 1393 79 114 132 21 144 83 140 148 119 141 66 67 64 126 16 106 68 125 128 118 40 95 2 10 126 41 152 66 114 137 1 1434 122 128 28 9 3 51 93 88 106 153 73 13 38 36 147 155 68 43 6 157 75 54 126 79 82 43 41 68 125 142 50 1317 88 63 11 99 151 50 61 29 140 51 85 41 26 142 45 17 143 92 117 6 3 87 75 147 129 51 23 93 6 87 8 1558 120 108 154 57 76 77 28 78 6 135 60 69 86 93 55 141 12 101 60 82 33 47 74 107 62 73 79 156 88 157 110 1374 10 83 105 6 33 11 98 48 13 154 149 70 154 80 32 156 10 62 79 68 144 6 78 138 104 154 66 6 141 50 13 1447 23 88 108 145 17 84 46 132 134 79 149 146 17 40 136 61 47 85 31 32 59 123 75 135 16 139 139 79 151 106 70 136 152 67 66 18 81 30 78 33 118 34 7
1 2
2 3
3 4
4 5
5 6
6 7
7 8
8 9
9 10
10 11
11 12
12 13
13 14
14 15
15 16
16 17
17 18
18 19
19 20
20 21
21 22
22 23
23 24
24 25
25 26
26 27
27 28
28 29
29 30
30 31
31 32
32 33
33 34
34 35
35 36
36 37
37 38
38 39
39 40
40 41
41 42
42 43
43 44
44 45
45 46
46 47
47 48
48 49
49 50
50 51
51 52
52 53
53 54
54 55
55 56
56 57
57 58
58 59
59 60
60 61
61 62
62 63
63 64
64 65
1 3
2 4
3 5
4 6
5 7
6 8
7 9
8 10
9 11
10 12
11 13
12 14
13 15
14 16
15 17
16 18
17 19
18 20
19 21
20 22
21 23
22 24
23 25
24 26
25 27
26 28
27 29
28 30
29 31
30 32
31 33
32 34
33 35
34 36
35 37
36 38
37 39
38 40
39 41
40 42
41 43
42 44
43 45
44 46
45 47
46 48
47 49
48 50
49 51
50 52
51 53
52 54
53 55
54 56
55 57
56 58
57 59
58 60
59 61
60 62
61 63
62 64
63 65
1 66
66 67
67 68
68 69
69 70
70 71
71 72
72 73
73 74
74 75
75 76
76 77
77 78
78 79
79 80
80 81
81 82
82 83
83 84
84 85
85 86
86 87
87 88
88 89
89 90
90 91
91 92
92 93
93 94
94 95
95 96
96 97
97 98
98 99
99 100
100 101
101 102
102 103
103 104
104 105
105 106
106 107
107 108
108 109
109 110
110 111
111 112
112 113
113 114
114 115
115 116
116 117
117 118
118 119
119 120
120 121
121 122
122 123
123 124
124 125
125 126
126 127
127 128
128 129
1 67
66 68
67 69
68 70
69 71
70 72
71 73
72 74
73 75
74 76
75 77
76 78
77 79
78 80
79 81
80 82
81 83
82 84
83 85
84 86
85 87
86 88
87 89
88 90
89 91
90 92
91 93
92 94
93 95
94 96
95 97
96 98
97 99
98 100
99 101
100 102
101 103
102 104
103 105
104 106
105 107
106 108
107 109
108 110
109 111
110 112
111 113
112 114
113 115
114 116
115 117
116 118
117 119
118 120
119 121
120 122
121 123
122 124
123 125
124 126
125 127
126 128
127 129
1 130
130 131
131 132
132 133
133 134
134 135
135 136
136 137
137 138
138 139
139 140
140 141
141 142
142 143
143 144
144 145
145 146
146 147
147 148
148 149
149 150
150 151
151 152
152 153
153 154
154 155
155 156
156 157
157 158
158 159
159 160
160 161
161 162
162 163
163 164
164 165
165 166
166 167
167 168
168 169
169 170
170 171
171 172
172 173
173 174
174 175
175 176
176 177
177 178
178 179
179 180
180 181
181 182
182 183
183 184
184 185
185 186
186 187
187 188
188 189
189 190
190 191
191 192
192 193
1 131
130 132
131 133
132 134
133 135
134 136
135 137
136 138
137 139
138 140
139 141
140 142
141 143
142 144
143 145
144 146
145 147
146 148
147 149
148 150
149 151
150 152
151 153
152 154
153 155
154 156
155 157
156 158
157 159
158 160
159 161
160 162
161 163
162 164
163 165
164 166
165 167
166 168
167 169
168 170
169 171
170 172
171 173
172 174
173 175
174 176
175 177
176 178
177 179
178 180
179 181
180 182
181 183
182 184
183 185
184 186
185 187
186 188
187 189
188 190
189 191
190 192
191 193
1 194
194 195
195 196
196 197
197 198
198 199
199 200
200 201
201 202
202 203
203 204
204 205
205 206
206 207
207 208
208 209
209 210
210 211
211 212
212 213
213 214
214 215
215 216
216 217
217 218
218 219
219 220
220 221
221 222
222 223
223 224
224 225
225 226
226 227
227 228
228 229
229 230
230 231
231 232
232 233
233 234
234 235
235 236
236 237
237 238
238 239
239 240
240 241
241 242
242 243
243 244
244 245
245 246
246 247
247 248
248 249
249 250
250 251
251 252
252 253
253 254
254 255
255 256
256 257
1 195
194 196
195 197
196 198
197 199
198 200
199 201
200 202
201 203
202 204
203 205
204 206
205 207
206 208
207 209
208 210
209 211
210 212
211 213
212 214
213 215
214 216
215 217
216 218
217 219
218 220
219 221
220 222
221 223
222 224
223 225
224 226
225 227
226 228
227 229
228 230
229 231
230 232
231 233
232 234
233 235
234 236
235 237
236 238
237 239
238 240
239 241
240 242
241 243
242 244
243 245
244 246
245 247
246 248
247 249
248 250
249 251
250 252
251 253
252 254
253 255
254 256
255 257
266 269
259 278
275 299
258 294
280 287
273 262
297 276
260 297
280 273
272 282
274 286
285 283
291 258
286 284
282 283
266 265
265 297
260 289
294 289
265 279
282 284
285 279
289 284
274 291
1 266
293 267
1 274
263 288
295 263
285 280
286 294
289 291
280 290
260 269
1 260
283 259
272 275
274 267
294 268
295 293
298 261
1 300
277 263
1 296
1 299
292 275
277 264
300 277
268 292
291 275
298 273
259 280
287 274
269 262
298 260
259 295
280 266
295 273
285 267
271 294
283 260
1 262
295 281
283 277
276 298
283 292
290 259
265 294
295 292
295 262
292 272
280 264
268 296
280 283
268 300
287 263
286 275
292 285
298 266
1 297
290 264
264 289
293 268
299 295
295 297
265 275
280 294
270 294
270 277
300 298
281 274
278 268
264 270
294 281
273 274
270 280
282 299
269 275
297 284
276 282
272 280
292 299
277 296
270 299
260 277
265 259
259 277
278 286
283 297
1 275
290 285
289 290
276 286
1 284
296 285
277 278
1 282
294 262
274 278
273 299
281 278
277 273
298 277
290 278
267 298
266 281
299 287
269 261
273 261
281 297
281 276
281 284
296 282
268 289
297 267
279 295
260 266
270 274
258 265
292 300
1 267
258 278
280 276
274 260
261 293
283 270
299 294
1 271
283 295
280 271
258 267
273 296
260 288
282 265
284 263
265 270
261 292
265 299
278 263
296 281
285 260
269 282
283 290
300 297
264 260
274 295
266 277
263 272
280 282
277 261
265 287
271 269
299 260
262 270
1 289
300 288
283 289
269 290
258 296
259 291
1 290
300 276
293 271
290 281
283 300
287 273
263 270
285 276
288 271
288 269
282 277
289 261
295 300
1 278
1 270
263 283
270 288
264 269
1 286
274 258
263 299
267 283
293 294
297 274
275 285
280 281
276 272
295 270
1 258
265 272
1 263
264 259
271 285
297 269
263 285
292 267
281 264
283 298
283 272
277 299
294 296
298 272
292 279
288 283
268 284
273 279
259 286
291 300
293 291
277 291
297 286
263 282
287 295
278 300
270 298
285 274
265 267
280 260
279 270
266 270
263 279
286 299
289 281
271 282
299 266
266 275
1 273
295 265
296 267
293 259
299 279
294 266
276 274
1 265
267 275
268 283
288 290
288 294
286 295
296 259
281 288
300 287
268 299
284 261
290 282
275 289
272 270
259 258
268 279
283 265
299 274
284 292
1 277
289 278
285 278
287 298
265 289
274 279
294 276
282 260
267 278
299 283
262 300
266 300
300 267
277 269
283 262
260 273
290 272
275 262
271 267
1 283
272 264
277 295
260 267
295 261
290 287
262 274
280 262
293 300
258 293
297 273
263 268
290 292
274 261
271 268
263 292
282 281
288 289
1 292
273 285
274 300
267 281
1 295
280 291
270 267
285 259
277 275
271 295
263 262
268 274
295 266
282 295
286 263
275 270
289 297
262 267
1 259
1 268
258 270
271 296
261 258
262 271
268 288
288 293
284 259
283 264
290 270
263 259
1 280
263 274
265 293
266 283
264 300
278 287
296 289
288 278
292 273
291 266
288 291
270 278
265 261
283 287
274 289
281 271
289 266
262 259
260 290
295 298
264 292
291 285
297 288
273 259
284 276
283 294
280 299
271 266
275 279
269 263
296 269
277 279
294 300
276 287
276 261
271 259
259 268
276 258
264 261
1 294
258 286
278 292
1 264
284 290
290 299
292 277
269 299
296 292
278 276
294 275
267 280
264 297
291 273
261 285
296 265
279 259
292 293
286 292
288 286
279 287
262 260
1 276
285 300
260 286
291 267
265 284
261 281
1 293
295 267
293 297
296 276
285 268
272 291
288 272
294 273
281 258
258 275
289 279
277 265
298 293
278 282
275 298
292 287
279 290
290 275
290 263
273 281
289 267
262 266
282 273
275 278
280 296
265 291
1 281
265 280
285 284
282 262
284 293
272 293
266 279
1 287
268 264
281 287
271 291
297 277
284 283
269 281
268 265
286 279
268 258
272 260
292 266
281 275
295 269
1 269
286 270
259 275
280 275
298 284
287 258
276 290
299 298
261 290
294 282
287 289
275 300
289 258
291 269
279 260
264 274
1 279
278 269
289 292
293 260
284 291
1 261
281 292
263 296
295 289
261 268
274 296
268 266
289 285
289 282
274 290
268 276
289 271
298 280
282 275
293 269
270 296
278 273
281 270
