300 600 20
4 56 15 24 83 80 29 49 36 74 81 69 39 86 42 12 66 46 30 187 217 44 13 75 59 48 70 61 18 77 76 9 32 52 55 52 82 43 2 60 53 230 67 62 52 73 44 68 83 8 64 33 37 3 33 15 23 20 3 65 24 4 12 74 84 34 79 18 78 61 58 45 86 21 1 60 36 74 66 3 19 4 38 51 17 60 30 7 3 56 23 25 65 75 22 34 186 65 67 55 21 65 40 28 56 81 27 1 55 59 63 68 23 77 41 32 56 47 79 79 60 5 7 40 49 64 18 19 14 25 37 48 66 4 53 43 16 14 33 33 56 64 74 42 57 56 58 80 70 42 355 10 46 29 64 12 47 42 85 78 56 25 40 63 21 417 17 10 81 407 9 13 61 12 77 82 49 80 86 49 84 27 62 76 51 9 18 4 12 75 35 429 29 51 33 43 62 71 43 45 33 21 66 2 17 79 77 86 8 31 47 40 61 74 46 51 59 67 27 51 26 29 63 11 48 40 23 79 14 55 67 9 81 19 56 67 85 56 16 28 75 50 70 34 78 5 63 56 83 73 11 66 1 86 55 10 25 13 20 3 73 39 69 43 16 23 32 48 66 6 6 77 48 69 59 8 12 85 72 57 68 21 60 65 46 54 80 74 56 81 49 12 63 30 55 45 31 38 363
1 26
26 279
279 3
3 160
160 162
162 62
62 150
150 277
277 73
73 11
11 176
176 13
13 283
283 155
155 133
133 298
298 18
18 30
30 214
214 246
246 22
22 23
23 242
242 32
32 177
177 226
226 213
213 29
29 210
210 181
181 97
97 201
201 38
38 199
199 36
36 71
71 254
254 260
260 127
127 164
164 42
42 43
43 132
132 123
123 253
253 182
182 117
117 266
266 238
238 168
168 149
149 184
184 223
223 179
179 56
56 33
33 7
7 59
59 276
276 170
170 39
39 218
218 21
21 156
156 55
55 52
52 68
68 37
37 44
44 129
129 227
227 216
216 296
296 2
2 76
76 49
49 4
4 232
232 50
50 10
10 16
16 209
209 100
100 98
98 86
86 87
87 151
151 252
252 25
25 203
203 271
271 121
121 94
94 84
84 46
46 251
251 75
75 106
106 122
122 105
105 208
208 206
206 70
70 255
255 1
1 157
157 197
197 108
108 109
109 143
143 40
40 148
148 8
8 114
114 82
82 67
67 290
290 54
54 119
119 120
120 236
236 225
225 297
297 247
247 125
125 31
31 167
167 235
235 285
285 130
130 112
112 99
99 6
6 134
134 146
146 35
35 96
96 139
139 138
138 263
263 69
69 58
58 110
110 131
131 195
195 91
91 291
291 258
258 300
300 24
24 111
111 185
185 136
136 186
186 145
145 292
292 103
103 196
196 80
80 270
270 161
161 90
90 144
144 14
14 5
5 166
166 256
256 286
286 175
175 163
163 171
171 57
57 202
202 180
180 250
250 222
222 268
268 45
45 243
243 19
19 154
154 205
205 95
95 172
172 165
165 159
159 187
187 74
74 204
204 93
93 272
272 192
192 193
193 85
85 88
88 274
274 34
34 198
198 281
281 17
17 66
66 249
249 61
61 27
27 173
173 174
174 207
207 116
116 137
137 65
65 211
211 217
217 288
288 64
64 1
43 140
140 115
115 135
135 72
72 219
219 220
220 221
221 257
257 104
104 224
224 141
141 63
63 81
81 295
295 229
229 230
230 231
231 299
299 147
147 264
264 152
152 245
245 200
200 77
77 47
47 240
240 233
233 15
15 237
237 9
9 239
239 278
278 12
12 191
191 190
190 212
212 78
78 289
289 124
124 79
79 293
293 21
153 169
107 215
1 189
215 89
142 48
89 20
1 101
83 178
28 294
153 282
241 20
113 269
275 89
158 228
294 89
284 126
158 248
189 267
265 188
1 51
48 20
60 20
267 60
128 228
194 287
1 267
284 128
189 53
51 102
51 158
28 273
113 248
1 280
269 287
244 41
1 153
118 102
189 169
294 234
20 101
178 102
51 265
265 118
280 188
142 269
51 60
92 153
261 280
269 53
259 267
228 28
1 53
215 102
215 244
1 269
273 248
275 228
269 282
262 244
178 265
273 188
189 128
1 234
275 284
248 228
28 265
1 92
248 169
189 261
126 287
102 188
158 142
228 259
28 215
53 265
51 262
262 265
287 294
265 60
113 244
262 118
92 158
241 262
20 169
107 89
287 53
259 60
183 153
275 267
113 215
92 51
267 102
142 113
53 113
1 275
228 284
1 128
269 273
92 228
228 41
48 294
51 126
284 89
101 265
287 128
158 41
1 287
60 280
189 282
269 169
275 241
267 169
265 83
248 28
294 248
107 48
267 178
89 261
118 188
275 188
280 244
241 48
189 244
102 273
89 83
158 118
1 282
244 282
28 107
92 284
282 294
107 244
269 188
83 241
280 113
241 282
169 294
158 102
92 113
241 158
142 189
102 83
265 48
48 267
126 83
275 153
265 284
169 183
269 228
188 28
284 215
178 282
51 153
118 153
282 259
113 265
83 60
153 126
153 248
1 183
280 107
234 169
89 244
158 262
269 20
269 158
259 48
259 262
113 261
294 126
215 194
53 169
1 228
1 83
48 51
267 265
51 41
189 102
248 282
126 267
275 102
241 101
142 228
269 178
269 107
259 194
102 248
248 142
273 128
287 244
169 194
188 215
101 41
118 269
89 158
20 228
48 269
183 28
1 102
265 228
142 41
273 89
248 41
92 215
189 48
261 287
284 280
101 169
113 275
83 51
51 275
1 142
273 153
128 244
262 294
158 169
101 128
284 158
259 153
248 118
51 284
101 92
228 267
60 48
20 142
92 267
128 169
259 28
178 92
183 189
188 282
234 275
275 20
183 282
51 261
153 294
20 158
1 248
113 259
215 282
215 169
189 41
183 158
113 28
126 92
53 89
282 126
194 178
244 228
83 267
194 269
101 153
20 273
275 101
51 183
107 128
241 142
273 48
284 262
1 284
158 107
101 261
234 265
273 126
215 287
248 269
280 102
128 51
83 107
89 102
107 189
1 169
267 282
287 107
294 102
267 128
101 188
41 126
183 280
101 262
241 126
234 153
261 158
60 53
267 284
83 118
183 262
48 280
51 215
294 269
107 113
101 248
118 53
51 89
183 261
265 183
241 60
128 92
51 280
259 126
241 188
178 183
1 60
51 228
53 48
51 107
241 244
41 92
1 48
261 228
118 60
20 267
53 194
287 102
280 215
294 142
113 234
83 244
60 194
128 261
118 284
261 188
128 126
92 188
228 183
228 48
101 189
262 215
194 48
269 41
158 126
1 244
118 234
1 215
89 189
169 89
118 20
51 28
248 280
241 51
142 282
280 262
284 188
