300 300 100
194 302 38 196 143 195 308 158 46 287 230 287 220 29 309 309 208 294 176 56 173 262 71 48 31 237 148 264 69 113 229 7 111 83 177 310 28 203 22 283 17 77 179 60 60 108 5 296 188 193 103 109 210 134 1 181 82 50 101 231 270 30 207 75 64 187 125 86 149 39 194 243 132 213 227 5 168 146 83 132 148 243 117 101 33 281 124 88 240 247 176 92 70 285 16 144 84 39 152 198 63 121 39 60 188 112 232 298 246 301 89 302 32 157 10 200 82 259 43 304 198 196 97 249 270 149 150 276 70 116 253 22 70 176 133 131 49 302 240 307 125 18 189 73 162 28 68 231 53 283 286 27 21 43 205 182 124 196 50 132 201 278 233 270 131 89 278 260 259 112 20 264 2 253 272 269 209 9 22 297 137 2 239 196 299 148 35 108 129 104 48 80 226 8 148 190 49 302 32 221 187 193 115 285 16 270 11 250 58 129 34 100 33 278 155 135 198 285 207 188 1 44 240 308 16 220 298 56 278 207 126 258 128 275 15 107 182 100 282 97 306 197 112 54 177 240 7 162 185 196 163 52 20 32 216 10 246 214 90 83 6 151 207 15 192 174 137 30 109 20 263 133 221 119 48 167 53 310 262 223 232 147 120 262 91 304 64 236 258 282 71 143 215 115 206 140 181 238 187
234 76
196 289
48 81
163 230
96 126
232 256
124 145
299 232
79 71
252 196
146 236
98 257
56 42
55 295
50 134
198 289
180 89
116 139
210 40
116 158
56 105
16 283
135 252
53 152
118 150
178 97
277 41
258 69
181 54
277 2
206 298
143 77
59 146
254 83
90 283
211 65
242 110
92 213
203 145
285 83
281 112
10 145
13 250
99 259
259 289
128 48
50 29
241 87
107 298
152 147
43 57
278 251
292 75
146 159
60 58
106 29
6 166
255 193
91 89
237 141
250 32
229 169
116 115
297 277
269 213
232 26
17 246
59 117
4 95
149 284
94 226
172 6
196 299
109 203
133 260
104 210
54 298
90 278
115 153
70 230
56 92
201 169
220 87
269 122
177 155
141 248
246 49
155 99
291 175
53 17
153 154
113 103
148 83
253 134
239 290
224 230
96 150
243 286
1 134
172 102
7 133
243 91
287 184
180 267
92 275
130 103
147 7
35 194
187 147
257 129
105 82
259 121
129 111
206 211
99 73
241 153
155 191
153 226
89 153
246 38
194 137
40 123
229 288
106 205
47 98
163 283
80 2
76 64
283 107
71 23
270 39
159 123
272 72
185 64
217 138
149 176
221 187
127 163
101 76
235 71
120 273
261 141
68 276
197 218
215 230
37 103
190 45
114 149
142 253
267 153
117 167
133 194
157 116
108 10
246 287
288 289
283 35
285 146
165 42
264 195
92 149
4 145
96 18
130 186
85 48
113 154
55 226
11 175
63 269
242 76
156 273
23 33
191 156
50 18
192 123
201 76
158 299
144 243
83 230
40 59
281 171
129 105
146 209
298 27
274 197
81 122
116 11
224 101
156 97
25 93
244 12
82 151
294 237
290 40
251 297
47 174
151 129
274 36
167 91
42 10
130 243
9 202
268 108
141 253
191 272
64 244
213 139
257 202
90 29
41 217
180 67
295 285
270 263
164 59
53 76
87 237
19 210
207 202
270 280
228 139
58 103
259 34
201 33
216 13
113 4
199 73
264 159
111 203
4 20
56 181
258 219
130 247
129 234
282 27
28 257
3 170
235 30
14 8
110 266
292 144
95 27
231 158
143 68
88 59
20 265
168 161
294 80
18 156
25 68
214 134
141 134
105 259
215 243
67 94
89 227
168 158
61 53
32 174
23 161
15 118
270 165
125 264
251 260
279 48
155 174
272 99
219 146
21 108
35 150
237 206
281 283
242 176
77 159
54 105
268 40
223 52
110 252
96 286
197 244
169 75
233 147
67 216
157 156
29 33
197 94
282 154
49 85
150 111
166 220
86 36
212 298
14 242
208 187
269 278
229 269
249 263
99 229
8 240
7 151
12 199
