5
1 997 92
1 588 0
.........x............xx....x.........x................x..xx.x......x...................x..x....x....x........x.........................x.x...........xxx......x............................................x.x..................x.......x...x.................................................x..x......x....................x.................x...................x............................x....x..xx.....x..............x........x...x...............x....................x............................x....x...x........x........x...x.x.....x..x....x...x..............x..x.............x....x..............x......x.......x.xx.x............x......x..........................x...................................x..x........x.........................x.............x.x.....x........x........................................................x..............x..x..........x....xx..x.................................x....x...........x.............x................x...........x........x................x..x..xx.....
1 1000 1120
1 344 3
.............................x............x....................x..x........x..............x...x...x..........x...x..x..x.............................x................................................x.......x..x............................................x....x........................x.......x..x....xx...........................................x......xxx.....x................x...................x....x.x...........x.............x..x..x....x.....x......x.....x..x..............x.........x...............x...x.............................x...x....................x...........x...........x.....x.x.....................................x...........x............x.x...........x............................x.........x............x.............xx..............x.........x.....................xx.x...........x..........x.x......x.....x..........x.....x...........x.......................xx.x..x..................x...........x...............x..........x.....x.x................x...................x......x...
1 998 529
1 293 0
.......x..xxx....x......xxx......x.x..x.xx......xx.x..xx............x.x...xx.....x.x..xx......x....x..x......xx...x....xxx....xx.xx..x.xx.x...........xx..xx....x..x.x.x...xx.x.xxx.x.......x...x.............x.....x..........x....x..x......xx.....x...........xx.xxx....x..x.x....x........x.x.........................................................................................................................................................................................................................................................................................................................................................................................................................................................................................................................................................................................x........xx......x.x...xx...x.....xx.x..x.x.....xx.x..x......x.x....x..x..x......x.x.......x.........x...........x.x.x....x....x.x......x..x
1 997 14
1 203 0
x.....x....x.x...x.x..x.x.x...xx.x...x.....x......x.x....x..xx.....x..............x.x.x..x.x.....x...x...................x.....x.xxx.x...xxxxx.....xxx.........x.x.....x....xxx.x.x.....xx.......x..xx................................................................................................x................................................................................................................................................................................................................................................................................................................................................................................................................................................................................................xxx.x....x..........x....x..x.x....xx..x....x.x..xx........x..x.......x.x..x.x..........x.x........x.x.....x.xx...xx...x..x.......x.........x.x.x.....x..x.x...x..xx...xxxx...x.....x..xx.......x.x..x....xx.xx..............x
1 999 90
1 583 3
x..............xx.x...........x.x....x.......xx.xx.x..........x.xxx....x...x.x...x....x.x..x...x.x..x......x.x.....xx..x..xx.......xxxxxxx..x...x..x.x....xxxx.xx..x.x.xxx.x.x.x........x.....x.....x.x.xx....x......x.x..x..xx.....xx...x...x..x.x.x.x...x...x..x.....x......x.x......x.x..xx.x...x......x...x...xxx.xx....x...x.x..........x.....x....x...x....x.........xx.x..xxx..x....x..x..x.....x......x....x..x.....x..xx.......xx..x.........xx.......x...xx.......xxx..x.......x.x...x.x..x.....xx...x.........x.x..x.....x.x..x...xx.......x..x....x.xxx......x.x....x.......x.xxxxxxxx...x..........................................................................................................................................................................................................................................................................................x.xxxx....x...x...x............x...........x...x...x........x.xx........x...x......xx......x....xxxx.x..x..........xxx..........x..x...
