182955
182954
182953
182951
182951
183069
182949
461
461
182948
183066
182946
182949
182947
182944
182943
182944
182941
182941
182945
182943
183056
182937
182942
182938
182934
183077
462
182931
182939
182929
460
182928
183058
182925
461
182929
183047
183052
182923
182929
182926
182925
182919
183040
182925
183034
183019
182923
462
182928
182914
182919
463
182920
182912
182911
182909
182909
182909
183025
182906
182911
182909
182907
182903
182900
182898
462
182902
183030
182898
182903
182990
183001
461
182894
182956
182891
464
182909
182888
182902
182888
341
182886
182884
183013
461
182895
183024
182953
182880
182884
182881
182994
462
182878
182892
182997
182894
182880
182881
182871
182869
182857
182883
182866
182866
182871
182862
182874
182864
182877
462
182859
182863
182884
182858
182976
182854
182864
182967
182854
182870
182868
182916
182885
182970
182852
182985
182856
182840
182840
182845
182843
182871
182837
182857
182834
182952
462
182976
462
182832
182838
182976
182840
182942
182985
182833
182831
182934
182823
460
208
182834
182839
182920
182826
182824
462
182920
182878
182940
182843
182838
182812
182819
182810
182817
182818
182807
182892
182920
182871
182846
182861
182802
182812
182873
182817
182931
182924
182809
182949
182806
182794
182956
182794
182946
182900
182785
182799
182786
182900
182890
182929
182818
182917
182823
182779
182791
182792
182790
182878
182789
182908
182775
182916
182787
182752
461
182797
182782
182772
182769
182768
182779
182777
461
182876
182845
182786
182772
182877
182892
182772
182871
182806
182875
182798
182800
182754
182794
47
182801
182770
182762
182749
182879
182746
182758
182874
182872
182755
182703
182776
461
182880
182876
182750
182770
182853
182748
182787
182737
182736
182765
182750
182732
182745
182765
182743
182862
182730
182728
182756
182760
182755
182740
182735
182733
182733
462
182731
182730
182888
182716
182827
462
182803
182750
182725
182773
182723
182847
182755
323
182721
182748
182712
182840
182723
813
182717
405
182741
182756
317
182706
460
182822
182746
182736
182818
182730
182702
182826
182708
182685
461
182699
182815
182758
182815
182721
182736
182700
182732
182698
182692
221
182775
182690
182695
182764
462
182775
182687
182748
182692
461
462
461
182690
182813
182725
182793
221
182704
182706
182778
182720
134
182715
182678
182740
182741
205
182675
182791
182676
182673
182781
182779
182670
182691
182667
182666
257
182766
182647
182696
182667
182673
182707
463
182724
182712
182660
182803
182680
182749
462
182774
182655
182698
182756
182651
182648
182651
182762
242
182816
182685
182765
182646
182722
182665
182606
182744
182739
182695
182824
182617
182638
182638
182665
182731
182723
182797
182639
182630
182628
182699
182712
182750
182624
182630
198
182622
182629
182748
182620
182736
182514
182622
182649
182616
182631
182614
721
182634
182618
182612
408
182657
182659
182659
182612
182603
182609
182615
182607
182627
182623
182773
182771
182596
182651
182671
182721
182721
182638
462
182651
182625
182627
182594
182647
305
182777
182584
182499
182712
182617
182658
182642
182644
182584
461
182701
182673
182647
182660
182582
182579
182578
182600
182449
182577
182480
182568
182479
182566
182643
182653
182563
182625
81
182571
182669
182562
182600
182568
182714
182565
182557
385
182623
182669
182555
182561
182561
182553
182558
182498
182557
351
182554
182553
182590
182663
418
182641
182496
182558
182622
182548
182582
182549
182548
182547
182546
182717
182608
182523
182614
182671
182610
182541
182542
182538
182590
182616
182604
182537
182466
182536
182481
182534
182533
182531
182380
182547
182528
182433
182601
182528
182560
182525
182622
461
182648
182522
182523
182522
182592
182694
182517
176
182518
182516
182515
182685
182674
182515
182491
182510
182559
182508
182512
182550
182664
182562
182529
182503
182560
182604
182561
182558
182563
182334
182610
182516
182498
182501
182545
182499
182626
182508
182510
182492
182557
182490
182551
182548
428
182558
182536
182327
182484
182483
182621
182387
182598
182560
182485
182479
182566
182476
182458
57
180
182506
182592
182591
182538
182532
182540
182321
182487
182522
301
182487
182655
182494
182464
431
182302
83
182517
182461
182514
182488
182398
182457
182514
182465
42
182611
182589
182520
182492
182459
182306
182350
182457
182453
182509
182502
182539
182451
182498
182447
182499
182483
182522
182447
182379
182447
182441
182482
83
182502
182343
182443
182256
182610
182476
182346
182488
182436
182435
182386
182471
182518
460
182238
182338
182473
182419
182327
182346
182428
182427
182432
182431
182436
182424
182424
182411
182334
182425
461
182435
80
182424
182422
182420
207
182427
182456
182419
92
182418
182417
182544
182504
182463
95
182473
182273
182495
462
182411
182410
182469
182416
182482
182406
182210
182404
182466
182454
182440
182514
182506
429
182421
182492
182397
182483
182576
182344
182499
182390
182419
182405
182415
182384
182480
182375
182401
182212
182399
182402
182403
182520
182403
182410
182235
182422
182393
182533
182497
182383
182286
263
182206
182387
182435
182439
182382
182365
182363
182378
182440
182360
182466
182428
182376
182438
182358
182374
182421
182222
182389
182451
182440
182466
182366
182438
182418
182379
182190
182360
182437
182462
182348
305
182194
182356
182167
182425
182450
182428
182342
182341
182460
182349
182211
182191
182363
182345
182321
182334
153
182439
182342
182342
182332
182398
182448
182340
182133
182431
182411
182524
182352
182328
182300
182410
182333
182377
182413
182348
182260
182328
182384
182382
182384
182314
182319
182472
182268
182317
182374
182309
182315
182258
182340
182372
182309
182301
182308
182307
182174
182306
182425
182305
182303
182357
182301
182330
182300
182409
182413
182313
118
182301
182203
182294
182057
182399
182337
135
182345
182292
182399
182344
182396
182389
182099
195
182297
450
182193
182285
182103
182411
182020
182282
182285
182245
182369
182281
182165
182278
182210
182276
182277
182277
182276
182274
182318
182334
182295
182273
182271
182030
182109
182069
182269
359
182372
182368
182069
182393
182169
182460
343
182266
182264
182288
461
182376
182095
182083
182333
182375
182380
182107
182309
182338
117
182256
182311
182262
182377
182251
182257
182273
164
182256
182250
182297
182093
182268
182254
182227
182304
182245
182258
182296
181988
182046
182017
182308
182242
182241
182248
182274
182195
182305
182311
182308
182234
182352
182232
182288
182231
182259
182248
182241
182239
182141
182256
182238
182156
182290
182227
182235
182235
182346
182170
182244
182166
182338
182302
182250
182220
453
178
182218
182100
182249
182400
182224
182304
182212
182219
182384
182218
181967
181890
182208
182042
182314
182117
182204
182215
182215
182202
182300
181990
182213
182267
182212
182219
182323
182004
182195
181921
182192
182208
182206
182292
182191
182312
182124
182203
182203
182116
182242
182141
182262
182080
182198
182200
181868
182196
182263
182112
182280
182263
181918
213
182181
182142
182236
182176
182175
182131
182176
182090
182174
182277
182187
182172
181973
182187
182086
182239
182080
182335
182166
182217
136
182174
182165
182164
182256
182275
182211
181891
182158
182180
182257
182196
182184
182208
182156
182151
182257
182205
182147
182172
182270
182178
182169
81
182109
182108
182141
182225
182227
284
182209
182375
182179
182135
182287
181873
182168
182132
182162
182160
182211
84
82
182117
182159
182130
182130
182128
182157
182215
182239
182123
182175
182196
182155
182199
182200
182151
182152
182117
181801
182151
182019
182114
182113
182112
181942
182111
182110
181890
181761
181810
181922
182149
181890
182105
182148
181866
181772
182135
182145
182145
182302
182219
182141
182099
182099
182165
182143
182109
182230
181921
182133
182174
181876
361
182133
181869
182086
181972
182048
264
182161
182126
181747
182124
182124
182122
182131
182121
182175
181792
181876
182117
182090
182198
182079
182078
182115
168
182027
182009
182089
182114
301
49
182113
181926
182093
182076
182111
140
181687
182074
181960
182244
182101
182175
182127
182068
182110
181824
181687
182109
182108
182187
182105
182104
182065
181729
182039
182103
182093
182061
182159
349
182166
175
182086
182059
182100
182100
182059
182058
181846
182101
182103
181645
182095
182181
182052
181905
181668
181627
182050
181844
182049
182188
182048
182091
182108
182063
182088
182085
182049
181637
182118
181729
181748
182093
182047
182045
288
20
181727
182095
181975
182101
182115
181947
181666
181955
203
181593
181833
182077
181658
182036
182091
182071
182070
181613
181726
182032
182149
182030
182064
181717
182028
182064
182127
182080
181732
182060
182065
182060
181739
182058
181871
182050
69
182061
181827
182022
181639
55
205
182012
182111
181777
181564
86
182128
182081
182020
182055
182019
181910
182048
182054
182017
181624
181882
181544
182136
182012
182012
182094
182050
182099
182009
182127
181713
202
42
182046
182008
182081
182099
182042
182052
182054
173
182077
182142
182037
182001
181713
182093
181999
182036
182035
182033
182032
182049
182031
181505
181996
181904
182057
182023
181814
182047
28
182093
182076
182025
182023
181876
187
342
182022
182065
181856
182039
181480
181762
181720
181682
181975
182018
182057
181984
182071
181679
182063
181979
181977
182010
182009
181777
171
181974
181483
182007
182006
182004
181969
182018
143
181586
182002
181528
181826
181932
182063
181975
181448
182017
182030
181961
182116
395
181961
181996
181996
181959
181524
181967
181918
181899
181992
181495
181668
181689
181955
181713
69
461
181987
182065
181910
181886
181573
181949
181556
181449
181986
182043
181985
181993
181945
181976
181985
182079
181942
181838
181983
181939
182107
181618
181981
181979
230
182013
181595
181986
181518
181937
181545
181975
181971
181931
426
181974
181936
181674
181972
181977
181930
182080
181912
181967
181460
181923
181840
181965
181771
420
181931
181507
181967
181960
181658
181972
181922
181872
181990
181958
181919
175
181958
181513
181473
181952
181940
181914
181567
181419
182066
181463
181948
181912
423
181918
181911
181910
182017
181571
181950
181927
181954
181961
181903
181507
181911
181899
181938
181924
181899
182005
181898
181877
182005
181912
181893
181883
181579
181935
181375
181407
181968
181951
181608
181658
181888
181928
181888
22
181998
181529
462
181943
181823
181771
181787
181906
181905
181330
181406
181919
181890
181902
181872
181972
181320
181918
181778
181911
182007
181606
181871
181904
181897
128
181599
181817
181904
181868
181317
64
181682
218
181873
181945
181900
181916
181870
154
237
181932
181897
181440
181895
181553
60
181592
181864
101
181921
181935
181859
181239
181857
181600
181855
181949
181654
181608
181884
181376
181430
181884
181351
181850
181617
182008
181555
181531
181369
181595
181844
181886
181844
330
307
181634
181853
181882
181841
181929
181949
181918
181879
181878
181887
181937
181667
181883
181834
181409
181935
181886
181891
395
181749
181831
181418
181655
181827
181869
181869
181868
181915
181850
122
181829
181947
181348
181910
181317
181830
181928
181823
181301
138
181821
181550
181904
181863
181199
181399
393
181182
181898
181848
181520
181653
181625
181268
181903
181811
181858
181189
181240
181856
181856
181742
181832
181917
181853
181910
181804
181850
181714
181701
181802
181431
181801
181845
181798
181847
181797
181795
181794
181793
181793
181929
181793
181339
181792
181857
181153
181845
181893
181441
181786
181407
181853
181780
181778
73
181781
181838
181920
181868
181836
181858
181373
181776
181762
181768
181774
181368
181475
181696
69
181831
181224
181770
181769
181630
181495
181174
41
181748
181141
181454
181826
181233
181506
181857
181869
181768
181791
181845
181819
181765
181469
181399
181443
181761
181944
181760
181860
195
181761
181793
181469
134
181383
181421
181757
181756
181756
181756
181754
181872
181813
31
181811
181810
181528
181865
181862
181108
181459
181432
181804
181745
181744
181415
181322
37
181308
181068
181799
181799
181737
181372
181535
21
181798
181419
181731
181193
181814
181792
181576
181745
181795
181222
181025
181793
79
181793
181
181471
181731
181729
181728
181794
181735
181792
181557
181021
181768
181613
181439
181776
181288
181788
44
181257
181230
181786
181102
181800
181776
181780
181016
181665
181314
181722
181238
181720
181844
181535
181778
181134
181254
181766
254
181776
181719
181631
181327
181181
181717
181758
146
181772
180954
148
181771
181771
181789
181697
180985
181769
181800
181576
181716
181722
181343
181714
181717
181736
181712
181763
181
462
181763
181794
181711
181728
181594
181760
181759
181757
181385
181796
181280
181266
181764
294
181659
181707
181341
181704
230
181748
181747
181761
181249
181821
181569
181782
181291
181748
181701
181661
180982
180997
181747
181668
181699
181743
181154
181742
181627
181738
181415
181668
181155
181695
181109
181128
181693
180900
181738
181391
180935
180956
181022
181734
181404
287
181733
181690
181241
181732
152
38
181607
181733
181785
181688
56
181686
181731
170
181308
181698
181692
181398
181092
181379
181726
181725
181683
181727
181723
181682
181683
181681
181229
194
181441
181271
180872
181741
181720
181447
181672
181671
181582
233
181699
181355
181175
181541
181668
181332
181581
181709
30
181708
181707
181670
181477
181685
181668
181712
181725
181501
181671
181176
181105
181051
181304
181062
181027
181707
180868
181249
181585
181698
181666
181664
181230
180858
205
181662
181744
181259
181257
181169
181179
181494
181180
181758
181659
181058
181153
181536
181658
181657
181308
271
181138
183424
183189
183401
183188
183399
183185
183396
868
183183
183184
183397
183180
183255
183179
183405
183175
183181
183174
183173
183394
183169
183176
183178
183169
183169
867
183166
868
183166
183165
183377
183163
183166
183159
183159
183159
183158
183385
183356
183160
867
183156
183153
183152
183158
183149
183149
183369
183149
654
183151
183153
183146
183149
183342
183145
183152
183371
867
183154
183355
867
183141
183136
183137
183135
183134
183138
183318
183132
183130
183132
183138
183215
183146
183269
183269
183334
183126
183136
183122
183121
183342
183119
183340
183322
183131
183335
183120
867
183113
183357
183316
183117
183276
183134
183113
183113
867
183107
183326
183105
183257
183129
183126
183312
183274
183111
183107
183102
183097
183095
183104
183096
183318
183100
183100
183320
183098
411
183096
183207
183095
183088
183122
183220
701
183295
183092
183310
183308
183290
183102
183326
183104
183107
183080
183098
183074
183076
183319
183074
183064
183075
704
183092
183274
183071
183067
208
183065
183104
183071
183101
183067
183065
183062
183063
183083
183079
410
183058
183058
183058
183058
183052
867
183050
183053
183059
183217
183250
183076
183301
183043
183064
871
183040
183305
183060
183277
183040
183272
183124
183069
246
183292
183068
183032
183241
868
868
183163
183034
183030
183234
183072
183037
183039
183027
183050
183071
183022
183025
183041
183220
183019
868
183021
183021
183094
713
183029
183018
183259
183035
183079
183011
183055
386
183232
522
739
183012
183219
183009
183277
546
183021
183004
183208
183042
183046
183205
183002
182999
183033
182995
183026
182992
183082
182990
563
183073
182988
183196
183116
182992
182992
183017
183002
867
183199
182987
182986
466
183207
183150
182959
183034
183061
183156
182980
868
182977
182975
183186
183047
868
182978
182978
183160
182970
868
183022
183170
183161
183197
182976
182970
183000
182967
183114
182921
182964
183001
481
182962
182960
182986
182959
183084
182957
182956
183134
182953
183166
182956
182992
312
182951
182949
182947
182951
183003
183020
182994
183155
182941
182955
183083
182967
182943
182948
183041
182947
182936
183010
182934
182979
182954
182930
183046
183097
182987
532
182922
182963
433
183092
686
182961
182957
183139
182942
182876
183123
183093
182920
182919
182964
182970
182913
182910
523
182908
182947
182905
182911
183021
183141
182910
182908
182902
182900
182906
182997
182821
183078
182937
183109
182959
182947
183016
182900
182803
182898
183032
183112
182921
867
182885
183138
182808
206
182962
182908
437
182922
182878
182887
182927
183096
182872
182871
182841
183006
182907
182880
182879
182878
182915
182987
182907
182920
182865
182926
182872
182873
182885
182868
182905
183093
182781
182903
182854
182920
182852
182910
182916
182861
183113
182809
182858
182930
182926
306
182903
182854
183071
182844
182773
182851
182851
182849
182888
182991
182924
182753
182840
182860
619
182903
182862
484
182833
183031
182873
182849
182855
182906
182888
182838
182837
182835
182859
182804
182830
182833
182828
124
182848
182825
183008
182852
182885
182801
182821
182893
362
182896
182875
182890
182820
182830
182812
182816
182863
191
182815
182858
182929
182812
182879
182810
182843
182968
182913
182806
182859
868
182870
182967
182863
182679
182801
182996
182835
182795
182678
182792
182801
182819
182794
182792
182809
182787
182864
183027
182783
182840
182785
182779
182816
182777
182782
182780
148
182778
182778
182872
182790
182825
182824
182770
182888
182797
182772
182768
182832
182992
182770
182784
182831
182764
182703
182767
379
182775
182854
182763
182774
182761
182761
867
182761
182849
182759
182759
182674
182831
182644
182919
182757
183012
182836
182937
182751
596
182749
182767
182854
182828
182978
182923
182834
182941
182756
182971
182742
182760
182742
182837
182738
182753
182857
182737
52
182987
182735
182733
183018
182733
182867
182752
182834
182612
182731
182729
182730
182728
182755
182726
182791
182740
182720
182718
182776
182790
182735
182717
182714
521
631
182960
182712
182746
182714
182712
182711
182749
182709
378
182708
182788
182640
182745
182796
182789
182710
182716
182579
182875
407
182701
182697
182734
182696
182817
182849
182769
182890
182697
182695
182693
182692
182692
182692
182690
182705
182719
182687
182822
182731
182842
182740
182515
182717
182737
182772
182680
579
182670
182680
182732
182767
182795
182696
182675
182828
182698
182900
182841
182671
182713
182691
182668
483
182666
182651
182566
182670
182701
182663
182730
182758
182634
156
182603
182747
182718
182703
182692
182695
182654
182724
182658
461
182658
182651
182651
182656
182655
182648
182685
182715
182652
182651
182645
182554
182732
182610
182715
182640
182645
182645
182532
182493
182853
182706
182699
182638
182921
182635
182634
182637
182632
182713
182897
182708
182681
182627
182866
541
182626
182596
182628
182719
324
182660
182630
182567
182624
182478
182710
182620
182618
182620
182619
182617
182637
182615
182408
182618
182589
182720
182679
182610
182671
182713
182743
182607
182606
182704
475
182604
182632
182604
182629
182608
182602
182636
453
182678
182667
182532
182655
182451
182603
182596
182598
182642
182652
182832
182688
182587
182703
182685
182605
182667
182623
182582
181
182663
182655
431
182578
182627
182684
182584
182620
182573
182638
182600
182571
182579
182670
182576
182622
182647
182573
182568
182514
182572
182396
182672
182702
182585
182591
182408
182537
182341
182574
182689
182723
244
182635
182689
182578
182787
182743
182498
182606
182588
182647
182664
182568
182542
182540
182674
308
182819
182484
182484
182543
182570
331
182665
182541
182711
182538
182533
182537
182531
182627
182533
505
182532
182593
182779
182529
182566
208
182528
182527
182374
182525
182526
74
182615
182585
182523
182321
14
182634
182579
182537
182585
182458
182278
182518
182609
182413
182516
182519
182587
182516
182513
560
182348
182574
182362
182287
182548
182513
182685
182479
182555
182585
182717
182506
182545
182565
182335
182576
182505
182498
182503
182497
182334
182502
182497
303
182556
182501
182495
182381
182500
182596
182269
182579
182671
182497
182490
182370
182567
182488
182493
182492
182490
182485
182516
182554
182482
182304
215
182598
182481
182545
182480
182563
182234
182489
182475
182274
182484
182488
182487
155
182472
182472
182541
182418
182412
182523
182571
182506
182518
84
172
182287
182583
162
182585
182478
182501
182478
182477
182466
182248
182422
182464
182627
182475
182461
182491
182459
182506
87
182329
182458
182472
182472
182456
182462
182446
182459
182333
182442
182372
182456
182439
182416
182437
182328
182358
182452
182452
182450
182451
182173
182210
182531
182540
159
182449
182449
182488
182158
182447
182431
182493
182472
182428
182170
182494
570
182531
182361
182486
182470
182418
182416
182438
182489
182681
182437
182438
182341
182487
182407
182481
182150
182192
182462
182403
182431
182575
182070
182403
182460
182305
182428
182521
182459
182400
336
182398
182487
182427
182459
182423
182510
182395
182423
182447
182522
182367
182400
182416
182198
182415
182447
182513
182411
182236
182409
182143
182387
182407
182424
182446
182388
182406
182076
182451
182466
182148
182199
235
460
182399
372
182381
182409
182439
182429
182301
182466
182376
182493
182500
182569
182478
89
182371
182371
182495
182368
182369
182366
182396
182391
182450
182318
182458
182270
182387
182191
182389
182148
169
175
254
182438
447
134
182420
201
182066
182386
182092
182258
182385
182497
182380
182458
182461
182389
182354
181997
182375
182162
182375
182374
182372
182370
182412
182394
182409
182489
182067
182386
182479
181983
182360
182185
182016
182338
182337
182073
182354
182394
182353
182352
210
182334
182517
181973
182159
182206
182418
182348
182103
182183
182347
182346
182508
182344
182548
182343
182407
182324
182323
182268
182375
182323
182342
182376
182350
182363
182319
111
182318
182338
181975
182539
182315
182076
182350
182333
88
182425
182125
182309
182330
182426
182374
182395
181933
182326
182326
182303
182314
182151
182108
182217
182344
182301
182326
181931
182406
182298
182352
182318
182081
497
182379
182293
182366
182352
182288
182287
182387
182312
182328
43
182285
182312
182283
182309
182068
182026
182309
181907
182309
182279
182197
182279
182328
182305
181956
182275
182274
182388
181876
182421
182301
182104
182299
182269
182267
182296
182294
182424
182292
182163
182267
182265
182203
182184
181964
182263
182313
182262
182289
182048
182300
182384
181860
182163
182259
182334
182337
182230
182384
182252
182249
220
171
182394
181833
182303
182167
182037
110
182016
182344
182273
182351
182357
182243
182263
181969
181870
182269
182268
182385
182033
182292
181939
182350
182302
182241
182316
182240
182193
182261
182310
182256
182420
182313
182234
182017
182300
182234
182256
182180
181917
182253
182205
182383
182028
182256
182247
184
182247
182257
182025
182245
182244
181940
182224
182245
181944
181916
182243
181830
182394
182360
182220
182219
181930
182027
182237
181986
181761
182267
182212
182235
182233
182233
182231
182210
182232
181912
182348
182250
182273
181912
182056
182251
182238
181947
182327
182222
182220
182068
182269
182265
182263
182203
181838
182202
181919
182216
182295
182214
182200
182199
181820
182197
181761
182088
182239
181696
161
182293
182224
182219
182191
182190
182203
182267
182200
181680
193
182246
120
181678
182061
182200
182256
242
181708
181704
182196
107
182225
474
182183
182290
182323
182180
182195
182195
182179
156
182181
182179
107
181718
181716
182180
182191
182190
182341
182219
181902
181883
182173
182273
181757
182187
182186
182197
182171
182184
181782
182290
182170
182317
182024
182170
182062
181785
181815
182198
182167
182248
182186
182162
182186
182194
182160
182174
181952
181903
181796
182169
181720
182174
182172
182155
182193
680
181659
181864
182130
182153
182197
182166
182357
182010
182149
181697
182211
182081
182146
182145
182173
182109
181915
182195
181826
182159
22
182158
181773
356
181579
181576
65
182142
181822
181770
182166
182155
182199
181663
182152
181994
182145
182241
182148
182039
182219
182191
181601
182132
182146
182183
168
181734
182027
182185
181671
182141
182140
182009
503
35
181643
182238
181839
182135
181729
181834
182060
181698
182123
181897
181520
386
182119
181805
181534
182115
182113
245
182126
182197
182040
181556
182110
181789
181786
157
182096
182280
182118
182066
182116
182370
182039
182173
182174
181857
181846
181968
182110
181886
181497
182015
182104
181882
182157
181512
182120
182066
181890
181878
181979
182210
181691
181617
305
181830
182211
182115
182053
182150
182098
182091
182096
182090
181995
182088
182158
182087
181634
181499
181932
182091
181905
181932
181493
252
181739
182096
182081
181743
182089
25
56
182132
181771
181888
182078
182121
182133
181955
182150
181720
182131
182147
181742
182104
182218
182071
182070
182096
182094
182118
182217
181672
182076
182076
396
182073
181707
181572
182071
80
182154
182066
182133
181730
182062
181610
182173
182069
182059
182068
181975
182066
181820
182078
182062
182054
182073
182083
182089
182088
183
181377
181397
182051
182050
182115
182047
182046
182057
182089
181765
181818
182055
182048
181591
182120
182044
181607
181764
182071
181921
182051
182057
182129
181839
182049
181381
182065
112
181817
181364
181772
181573
182035
182042
182032
182042
182069
182079
125
182035
181894
181492
181786
181735
181755
181974
182035
181640
182052
210
181392
182082
181802
182055
182033
182068
181991
182139
182027
182025
182029
182064
182024
181503
182044
182025
182024
182116
182021
181939
181517
182089
182064
182017
181938
181371
19
182015
181578
181385
182013
181837
182011
181809
181636
181516
181460
142
182012
181699
181834
181331
182009
181439
182007
182028
250
182008
182000
181443
409
181729
181578
182033
181344
181957
182003
182000
181620
139
182002
181514
182000
181999
153
181999
181729
181870
181828
173
181995
181894
182004
182048
181306
181714
182008
182002
182078
181997
181526
181294
25
181605
182069
181521
181987
181723
181986
181978
181985
181979
181776
181649
181982
181972
181353
143
181971
181687
249
181970
181968
181969
181984
182016
181968
181501
181982
181922
182026
181969
182040
181982
181986
181961
413
181324
181839
181981
181957
181956
181715
181978
181977
181977
181976
181355
181956
181973
181972
181955
181832
104
181624
181954
181758
182055
181952
181969
181952
181968
181497
181953
181594
181670
181952
181965
181949
181948
181947
181566
182026
181277
181944
181224
181829
181332
181958
181964
263
181940
181846
181231
181542
181962
181940
181963
234
181964
181599
67
181254
181939
181946
182065
181856
181937
181711
181955
181845
181931
181588
181936
181981
181928
181619
181404
181504
181954
181164
181954
181954
181987
181741
181925
181259
181951
181951
181540
181847
181924
181948
97
181946
181975
182013
181541
181942
181942
181783
181943
182046
181940
181922
181192
181921
181943
181940
181488
181923
182034
215
545
181540
181943
181914
181674
181297
181326
181824
182029
181736
181088
181933
181909
181253
149
181595
181907
181906
181502
181930
181904
181132
181426
181927
181388
181134
181899
181899
181102
181676
181966
181285
181865
181923
453
181896
181894
22
181316
181184
181198
181892
353
145
181922
181956
181917
181022
181115
181375
181887
181497
181919
181918
181886
181885
181918
181884
181344
181687
181163
181885
181941
219
181886
181069
181939
181967
181963
181884
181914
181884
181913
181737
181913
181700
181912
181632
181968
181534
116
181658
181878
181343
181915
181876
181896
181793
181874
181911
181092
181157
199924
199551
199541
199480
199481
199462
199457
199455
199453
199450
199446
199443
199330
196858
196854
196188
196186
196185
196183
196159
196121
196012
196010
196004
195999
196001
195995
195973
195972
195974
195966
195177
194558
194557
194546
194544
194541
194508
194502
194506
194504
194502
194474
194474
194461
194460
194449
194448
194453
194452
194448
194449
194446
194424
194428
193871
193866
193833
193829
193827
193828
193815
193814
193821
193813
372
193663
193664
193661
193646
372
180009
179966
612
13638
179962
179961
4328
175632
665
175554
175525
175539
175441
175442
175411
175421
175403
175405
175392
175266
175269
175241
175239
175123
175122
175121
175125
174820
174810
4323
174256
174272
174279
174263
174227
174225
174235
174228
174123
174129
173792
173762
13641
173767
173759
173707
173695
173692
173691
173711
173207
173206
173215
173214
173216
173218
173214
173198
173139
173148
173135
13635
173132
789
173130
173154
173078
173076
173068
173069
173068
173083
173040
172952
164493
164395
164398
164392
164390
164320
164334
164334
164303
8439
164325
371
164305
164292
164292
164290
163978
163969
163738
163760
163749
163186
163175
163188
163170
163173
163162
163161
163131
163138
163136
8409
163144
163094
163124
163108
163122
13629
13628
163109
163079
163077
13632
8408
163111
163071
163029
162995
163033
162894
161342
161328
161334
658
4322
161317
8406
161334
150
13627
161281
161257
161274
161273
161254
4320
13627
161249
161242
161220
161218
161220
161253
161206
161176
161167
160127
160114
160143
160058
159989
159991
159957
159832
159463
8382
159427
159411
4285
159416
159407
4274
159454
159404
13622
159396
159215
159194
159194
159180
1050
159186
159189
159168
159180
159182
159201
159170
159162
159144
152113
555
4275
152133
149194
149162
149195
149203
149155
149063
546
149076
149079
149051
149088
148945
7063
148962
148943
148977
8384
94812
8230
94111
94150
94102
13621
13619
8216
94119
54151
53755
13618
94077
94098
94133
7064
94038
53758
2469
53747
93986
13606
53730
94032
7061
13595
53738
94035
94008
40221
8132
13513
93812
7060
93788
93793
93809
112
93783
2913
93780
93782
93774
364
93791
93772
385
93761
2410
40222
93763
93770
2892
93751
93726
93725
93767
93764
40209
93769
93353
93350
93344
40128
536
7059
40131
13586
40128
40134
40007
93255
40003
39951
13421
39938
39949
13407
39516
93280
8131
93278
93307
13331
93295
93264
104
1545
13591
4870
647
93261
93262
93259
39518
92804
92780
39497
92790
92760
39503
92757
13330
92774
13304
92729
91842
91849
13563
39499
4269
3603
39012
91818
91813
91812
4275
39011
91810
38991
38985
13531
1543
91759
4529
91757
30015
2410
91752
13527
13319
91781
91750
91737
8952
91658
24
8956
13303
2405
30035
91677
21
91626
4267
91627
2892
4866
30029
91597
91597
91595
148
30022
30024
91609
3602
91589
3599
91619
91564
91495
8955
30019
8886
91494
91464
674
91462
91456
13519
89155
13504
30020
555
89118
146
89178
89031
89012
88996
13298
13298
4865
89053
30018
894
30016
88995
30018
89009
364
4860
23875
89010
89010
89042
23879
13494
23879
89028
2863
8884
89003
13296
88980
88957
89001
13481
2863
88949
88976
2861
13481
13264
88948
88862
88856
88855
47861
13261
41009
13250
4265
47740
3139
47713
47722
2468
47706
23859
370
47567
3587
47573
23868
8880
41003
47569
8883
47561
260
2194
10778
2182
305
23860
40960
18
506
13483
2263
40959
10670
23813
40899
1979
23811
13478
19
23810
23809
47560
47568
13477
47575
47564
47556
23808
10658
47559
23784
40905
40895
4517
13221
40891
23784
40852
368
47535
47521
47500
47470
47466
2181
2468
23794
3558
13182
23778
40819
3524
352
39602
4501
47450
47454
23760
23772
39529
1126
47438
47401
8875
23699
47414
47424
8870
64
420
10657
6130
416
23702
362
39528
2167
39522
47289
39530
7858
4859
47288
9504
39531
1540
47286
47292
10657
47046
785
9499
39521
9498
39524
2262
14170
9506
39510
47019
2465
3525
47018
150
46958
14168
3523
1518
46973
39480
39484
13185
12740
46975
46988
12736
12736
39499
442
39509
12668
4498
46969
44906
44667
44670
44637
39518
360
39466
39493
39486
14161
39464
39497
2848
44622
10112
10109
12665
14167
44620
14162
12659
44602
44633
350
39443
39489
4855
44611
14158
39498
39448
2172
7855
13885
12649
9497
44607
13863
39476
381
349
9494
2468
44598
7460
9493
44602
44609
39494
4501
327
7453
39473
39467
7401
44596
6130
347
44592
39444
1109
7384
8715
8680
32
39461
1978
244
351
44588
39462
12671
39477
39456
39454
10097
44587
44586
44531
13860
12658
44583
13647
3
39345
6126
39233
13634
10106
936
39224
8687
2845
2162
6125
2063
39243
44556
43879
39249
39231
39217
2171
12658
39201
5922
10093
39163
2068
43823
9770
39166
39194
39148
2164
38075
1976
5920
8683
9739
8678
61
38070
12656
12659
5778
38013
8668
5776
38061
2065
2821
12653
1017
3558
1113
38019
9739
9737
7703
2148
37995
12641
2060
5918
5901
39160
39145
68
39158
8672
2055
4495
39143
39146
5913
39126
37933
7373
7376
37963
39086
39107
7354
39123
8673
246
68
37931
2069
18008
4405
7349
12638
3525
37947
5772
37941
314
1048
17961
4503
6115
6113
2027
4500
2727
451
6112
100
20880
37943
12647
12309
37935
17972
345
37933
7670
20852
9737
5769
888
7350
37935
37707
8668
20808
5766
9728
1245
20811
37641
37636
8518
17978
17923
572
37635
36596
12317
2051
7241
17556
70
570
20806
7234
5584
36593
17550
36423
1029
36408
262
4480
5763
36399
145
545
9728
5764
12293
3140
4399
62
17532
315
36388
12275
13
17550
32905
546
7668
753
7659
17526
2293
4466
20796
32902
20792
17529
32893
20792
61
5580
32894
310
32915
32921
783
17512
32948
1976
20781
379
9728
415
20788
888
7239
20803
4475
32870
4396
3450
1516
387
5667
12269
7659
12268
12261
32
338
393
143
4386
7649
14
32539
20723
5582
5662
4475
2893
32519
5456
32488
9727
3152
32513
32529
24
8504
7236
3516
17512
12259
8511
32493
5662
32341
3137
4
313
32351
20757
7647
1026
32381
2758
7643
32386
20742
3514
7641
4144
9705
142
529
17499
32249
8480
32230
486
17504
2753
3145
7222
2693
326
2026
32215
7643
384
32189
20719
9715
5489
17449
20754
20745
418
134
932
304
20749
20622
5451
2296
17442
8495
5477
32243
17456
32223
692
3438
919
1058
4467
9146
4467
20634
8495
4463
3136
2892
5486
3134
3433
28497
267
16379
669
16350
28464
2278
2125
327
9508
4468
28470
20617
932
265
1037
7632
3130
391
4112
568
16396
2691
20625
14728
4108
7219
9129
13740
10098
364
3624
20536
9463
545
3674
9461
8893
8490
5390
8486
7222
3603
523
9117
4108
16374
29
7217
32
1503
20553
8484
2276
5259
20560
2120
15249
7604
14723
2206
15069
667
8479
8884
30
2750
260
14715
7196
7603
7604
574
5480
3432
577
14564
2280
1541
169
20527
5480
9796
546
20548
9128
14568
7497
20555
363
2892
14217
9791
360
14201
20554
9737
2726
9727
2270
3610
14183
503
109
14347
14327
7496
14160
1473
3990
14312
5229
14311
1238
398
14197
497
8875
346
529
9725
8476
2708
4386
20547
9699
20559
690
3132
9117
8814
922
527
6775
14260
4394
14222
14212
544
3979
14236
3958
14232
20561
6769
1518
4817
8809
12
116
9103
14207
4809
20524
79
4188
20545
6663
95
9088
8794
772
12
8346
9687
202
7484
14188
7922
20543
21
20454
2890
4738
9796
9006
292
113
20437
4554
9765
4550
3863
3127
8811
424
13
14184
14157
3433
20399
4183
20425
541
2695
6642
9791
20415
1232
12
9633
7919
1103
302
360
6624
9619
89
743
10331
20417
8797
10249
4732
322
4468
1279
2266
8790
1276
9600
132
3414
107
4186
2273
20373
9005
20410
1232
20402
138
9255
3832
7920
9639
20411
20197
3864
8960
7919
8796
3122
3149
519
4722
266
9639
4536
417
907
1507
2047
4545
47
2050
8962
6609
3411
3607
755
889
248
4144
127
4151
1057
8946
1517
199
9632
3537
159
768
7435
2516
6600
335
7900
20186
8953
4727
421
4377
8782
20160
98
8795
3595
6603
7874
87
4452
7428
28
7386
4378
3
9210
2879
9207
4725
2001
20135
9167
8789
9137
7866
873
844
11049
11046
46
8963
7867
72
486
6602
7907
3110
1029
6
9119
9127
1024
555
8902
769
15
2267
6599
4533
4129
1232
354
291
3148
7906
8875
1998
780
3599
6658
4542
4131
6653
8879
8876
7908
572
419
2660
4376
243
524
7804
242
3016
215
7380
979
743
234
4136
13
3020
7690
7360
7904
11010
10980
2517
1508
1470
7352
1972
764
493
782
7370
7365
6657
1972
7300
4139
831
4134
9948
1274
2004
8870
1973
1470
3415
7366
7687
8854
8822
9634
1972
326
737
9575
7344
689
3133
3385
4377
415
4565
138
3019
9941
4563
285
579
2880
7312
6477
1504
7223
1538
402
2708
1020
7700
742
9963
258
2974
2648
309
2707
9136
9291
4138
322
7640
9132
4506
42
8852
143
485
2469
7234
6598
6598
686
4371
3
6595
981
7228
2866
1101
1504
2008
1506
2468
280
58
4529
2706
2507
1506
1459
92
4718
153
8747
4538
2685
2467
7231
9308
4926
1451
213
3844
11
92
213
64
1156
927
9535
6603
7640
3412
353
4749
91
770
152
1045
6657
94
2854
6600
9505
6646
223
3386
2978
579
3126
6104
3386
7631
9180
3852
4504
1535
5372
9128
6582
9105
9112
7637
4020
5371
2506
5890
7615
9106
8971
769
9489
173
8994
5900
4717
9497
789
2471
5207
20
3299
6594
3378
144
34
3791
9253
495
3338
4025
4710
3751
4133
2206
2505
19
2138
290
3852
2169
3845
2502
5900
4493
380
273
294
582
271
98
4143
4714
504
576
770
5892
7239
12
8728
3127
1508
4077
279
378
4074
2061
7247
8728
798
40
752
148
1400
2809
1526
2137
2494
3967
3710
3773
7247
1059
3622
5194
3014
176
21
3347
6599
7209
1126
3965
44
5893
2683
102
137
523
1130
8744
7618
1514
7211
118
37
3004
2978
5891
8
924
2056
5086
5376
4696
2670
3625
6576
5390
4495
8733
2437
3338
7626
471
3967
2464
3413
2928
2012
5089
2669
397
5890
4704
570
8737
7624
3393
2010
7604
5372
7631
7648
684
6586
2934
161
515
2394
9
2598
24
4
581
20
2399
3678
1074
234
4690
303
2805
4125
2461
1438
31
251
2001
1505
5084
3739
183
6563
5034
3964
7233
3272
5383
266
2811
3020
513
512
4746
1361
4048
2459
4701
7212
5332
7208
2912
2456
3617
183
872
1360
3945
1472
5322
5272
1278
327
5045
2282
6564
886
3358
3355
2279
65
415
5044
1471
1478
750
142
32
177
1017
3689
2166
15
498
3685
6589
4338
782
1442
2905
693
3337
351
2453
98
3361
1477
6564
2099
6576
308
708
7233
3612
1990
3334
4741
5010
2065
300
1032
415
2276
2904
3956
136
1042
213
2104
6502
1742
10
3360
713
3449
44
4330
4313
238
4751
5273
493
7111
7588
4493
686
4493
6486
483
3448
1271
2056
871
3954
3359
2448
328
532
1549
4699
296
641
410
4995
448
7595
3332
695
687
7214
1100
4700
467
4312
1745
972
2909
4133
2763
4492
6507
57
841
4310
3918
897
1995
507
892
7209
4686
61
2761
1472
59
170
7094
1464
7406
7412
3082
2593
2860
2170
7079
3275
1041
1738
6505
133
181
642
214
5
2901
4486
869
651
42
61
693
155
3358
1735
892
1961
2493
123
478
4289
3809
1539
886
4943
1320
141
4617
4276
33
174
137
7103
350
632
141
894
317
6496
1453
15
115
2901
484
2059
2452
181
4672
926
2603
120
1032
1814
6501
1535
1447
3187
118
2665
2900
5291
4620
7092
2907
6502
324
203
7415
2492
6470
2639
7109
677
7086
2443
4486
3686
7221
473
2594
634
6490
2447
2777
2278
2284
2052
3676
5255
678
1501
234
2489
2819
3796
1454
248
1099
843
2776
1940
78
92
6459
922
2028
5287
69
3093
196030
196029
196028
196029
196028
196027
196026
196027
196026
196026
196024
196022
196021
196020
196021
196018
196021
196016
196021
196016
196015
196011
196014
196013
196012
196006
196008
196010
196003
196004
196003
195999
195998
196001
195996
196000
195999
4
195999
195998
195990
195989
195988
195986
195994
195991
195986
195991
195988
195989
195982
195982
195994
195979
195978
195986
195977
195976
195985
195988
195983
195974
195987
195984
195974
195977
195969
195977
195986
195982
195965
195976
195972
195962
195961
195963
195974
195970
195959
195958
195982
195967
195956
195954
195964
195955
195952
195962
195960
195949
195938
195958
195957
195948
195954
195946
195953
195963
195959
195942
195961
195956
195959
195940
195955
195954
195957
4
195933
195933
195941
195931
195929
195928
195927
195924
195950
195945
195936
195953
195921
195920
195919
195933
195932
195945
195937
195916
195915
7
195944
195954
195912
195927
195926
195948
195947
195940
195931
195907
195930
5
195920
195905
4
195907
195918
195931
195902
195901
195917
195938
195914
195924
195895
195911
195910
195922
195908
195924
195893
195935
195890
195888
195923
195894
195902
195882
195916
195890
195894
195893
195904
195876
195875
195874
195890
195889
195912
195887
195886
195911
195870
195883
195894
195881
195894
195868
195864
195901
195879
195866
195873
195880
195857
195857
195869
195855
195855
195878
195881
195851
195858
195849
195882
195864
195827
195863
195846
195862
195845
195861
195844
195860
195859
195857
195841
195867
195855
195883
195879
195883
195888
195835
6
195827
195849
3
195848
195864
195838
195799
195868
195831
195868
195830
195828
195826
195825
195842
195840
195839
195824
195863
195844
195868
195820
195827
195817
195851
195819
195858
195865
195829
195812
195828
195827
195818
195849
195823
195830
195847
195806
195805
195793
195819
195804
195803
195854
195860
195818
195817
195771
195799
195849
195845
195813
195823
195810
195859
195792
195792
195826
195813
195788
195806
195814
195797
195801
195788
195782
195781
195780
195799
195849
195838
195793
195821
195835
195836
195772
195811
195814
195790
195743
195789
195769
195769
195782
195701
195783
195782
195765
195764
195786
195780
195779
195778
195762
195761
195777
195776
195680
195759
195775
195802
195786
195821
195829
195771
5
195770
195769
195754
195753
195768
195752
195751
195788
195749
195824
195765
195764
195792
195818
195762
195771
195760
195744
195744
195759
195758
195757
195742
195782
195802
195777
195737
195749
195818
195781
195749
195746
195750
195730
195729
195782
195742
195739
195740
195739
195737
195725
195736
195735
195724
195705
195733
195628
195725
195732
195731
195718
195628
195729
195735
195732
195724
195713
195712
195723
195722
195748
195710
195709
195720
195772
195768
195717
195780
195713
195769
195749
195724
195676
195732
195698
195678
195755
195777
195695
195700
195688
195751
195710
195685
195718
195651
195757
195756
195695
195694
195680
195694
195720
195602
195675
6
195696
195668
195667
195760
6
195685
195703
195738
195697
195677
195671
195657
195656
195675
195656
195593
195674
195646
195673
195649
195658
195683
195646
195668
195646
195556
195555
195693
195642
195718
195665
195667
195640
195639
195619
195638
195656
195555
195703
195660
195634
195633
195720
195689
195679
195648
195598
195650
4
195622
195678
195602
195652
195473
195593
195626
195609
195614
195589
195656
195586
195671
195514
195584
195535
195608
195665
195633
195632
195609
195490
195603
195578
195577
195479
195598
195573
195599
195598
195597
195629
195571
195595
195593
195570
195592
195591
6
195569
195567
195654
195565
195588
195600
195563
195636
195581
195625
195579
195608
195556
195556
195577
195517
195573
195632
195552
195574
195550
195657
195568
195547
195550
195513
195566
195613
195649
195543
195561
195540
195539
195563
195502
195537
195593
195535
195565
195556
195555
195533
195554
195599
195531
195607
195575
195529
195527
195536
195422
195549
195495
195549
195588
195517
195516
195510
195540
195498
195380
195538
195575
195337
195537
195536
195543
195511
195534
195533
195546
195509
195341
195516
195529
195528
195507
195354
195561
195589
195345
195598
195463
195389
195582
195529
195518
195493
195493
195451
195587
195524
195534
195495
195486
195533
195511
195509
195507
195307
195507
195482
195519
195541
195486
195484
195497
195474
195545
195472
195595
195559
195491
195478
195558
195490
195489
195467
195535
195465
195545
195501
195463
195585
195499
195457
195262
195456
195554
195481
195454
195393
195495
195549
195478
195451
195478
195477
195507
195449
195492
195559
195427
195446
195295
195544
195469
195468
195467
195452
195442
195506
195440
195374
195525
195515
195445
195435
195357
195373
195556
195459
195467
195458
195452
195427
195426
195517
195424
4
195452
195511
195456
195436
195408
195353
195447
195353
195445
195491
195468
195441
195487
195439
195413
195210
195291
195328
195411
195295
195436
195410
195409
195435
195409
195288
195407
195423
195424
195257
195492
195400
195265
195430
195443
195429
195397
195479
195427
195395
195324
195393
195427
195392
195385
195422
195450
195421
195419
195418
195520
195338
195421
195413
195165
195412
195525
195419
195382
195381
195465
195376
195516
195374
195408
195457
195370
195501
195401
195469
195367
195366
195174
195398
195397
195396
195365
195146
1
195494
195453
195483
195358
195357
195359
195389
195196
195262
195457
195438
195422
195383
195426
195266
195164
195426
195434
4
195377
195132
195455
195375
195368
195219
195344
195463
195470
195411
195338
195468
195336
195389
195363
195293
195361
195226
195332
195360
195150
195403
195356
195327
195326
195389
195324
195322
195412
195416
195396
195316
195189
195349
195348
195314
195347
195078
195344
195111
195372
195309
195424
195342
195115
195320
195233
2
195332
195339
195338
195337
195375
195164
195334
195333
195303
195300
195371
195300
195299
195329
195298
195328
195330
195196
195099
195070
195109
195296
195103
195182
195079
195320
195379
195319
195291
195364
195377
195316
195397
195028
195285
195313
195312
195355
195311
195310
195283
195215
195280
195245
195308
195307
195362
195277
195235
195304
195276
195350
195337
195300
195298
195294
195368
195271
5
195268
195295
195293
195402
195200
195290
195396
195289
195288
195287
195267
195266
195287
195265
195291
195390
195262
195261
195259
195140
195369
195258
195283
194979
195256
195306
5
195319
195275
195343
195252
195251
195274
195061
195339
195240
195268
195268
195247
195267
195266
195293
195245
195122
195227
195260
195259
195258
195256
195237
195355
195235
195234
195234
195252
195122
195251
194905
195357
195249
195229
195240
195247
195226
195225
195245
195225
195244
195223
195243
194891
195049
195220
194909
194962
195346
194999
195214
195234
194946
195288
195231
195099
195213
195212
195228
195209
195209
195228
195178
4
195206
195225
195205
195221
195265
195199
195179
195319
195195
195193
195192
195259
6
195234
195188
194894
194932
195328
195186
195187
195317
195177
195184
195068
195184
195183
195219
195070
195273
195294
195179
195178
195139
195241
195174
195195
194830
195193
194917
195265
194887
194943
195187
194952
195033
195246
195166
195221
195182
195086
195181
195201
195180
195194
195021
194962
195277
195160
195160
195012
195159
195202
195158
194940
195177
195175
195174
195157
195172
195155
194934
195172
195154
195196
195152
195170
195150
195148
195167
195166
195165
195164
195157
195254
195160
195159
195145
195159
195237
194869
195178
195158
194890
4
195156
195155
195177
195154
194744
195182
195151
195142
194909
195147
195146
195146
194804
195233
195134
195255
195239
195141
195131
194896
195235
195242
195138
195198
195126
195135
194979
195134
194955
195132
194765
195122
195128
195201
194862
195120
195143
195124
195123
195119
6
195095
195054
194811
194917
195118
195158
195115
195105
195207
195135
194716
195111
194836
194737
195109
195108
195146
195105
4
194968
195102
195115
194852
195110
195109
195098
195097
195096
195108
195192
195094
195106
195105
194924
194939
195100
195148
195094
195093
195128
195110
195036
194795
195163
195087
195149
194892
195094
195094
195093
194828
195067
195083
195091
195090
195081
195080
195088
195079
195078
195083
195137
195086
3
195085
195199
195084
195083
195077
195159
195148
194692
195105
195080
195079
195078
195078
195077
195110
195055
195072
195177
194886
195073
194657
195099
194806
195070
195069
195069
194686
194808
195069
194885
194799
195065
195135
195063
195133
195134
195093
195167
195057
195148
195057
195150
194662
195055
195054
195053
195049
194965
195104
195051
194849
195114
195049
195097
195049
195047
195096
195158
195143
195108
195042
195045
194725
194549
195040
195122
195151
195042
5
195037
194802
194706
195038
195096
5
194853
195003
194890
195033
195048
195143
195035
194940
195030
10
195084
194757
195058
194726
195023
194841
195029
194613
5
195019
195098
194567
194687
194540
194953
195044
194809
194866
195021
195015
195014
195013
195022
195012
195011
195051
194518
195008
194527
195083
195006
195004
195095
195010
194799
194996
194806
195006
195083
195113
195011
194940
194766
195002
194990
194953
194827
195001
194944
194542
194482
195085
194997
194989
4
194996
195083
194508
195005
194986
194994
194597
194985
194715
194992
194983
194786
194991
194576
194608
194979
5
194866
5
194759
194987
195062
194985
195029
194975
194444
194970
195081
194967
194978
195017
194872
194863
194975
194974
194961
195002
194712
194972
194641
195071
194761
194723
194971
194490
194960
195075
194444
194432
194970
194957
194956
194970
194969
194956
194757
194954
194952
194967
5
194896
194948
194967
194947
194946
194945
194518
194841
194939
194450
194962
194940
194779
194960
194956
194936
195004
194955
195040
194934
194900
6
194873
194766
194933
194501
194954
195032
194930
194953
194929
194409
194648
194950
194941
194938
194928
194946
194945
194944
195042
194760
194926
194943
194923
194922
194939
194997
194748
194937
194858
194340
194921
194484
194923
194977
194934
194922
194797
194422
5
194876
194934
194504
194929
194931
194443
194924
194923
195005
194954
194930
194919
194918
5
194929
194927
194717
195000
194731
194923
194748
194914
194923
194763
194912
194911
194922
194921
194920
194459
194919
194468
194917
194917
194909
194916
194798
194915
194834
194909
194661
194641
194914
194760
194912
194912
194906
194912
194630
194623
194973
194450
194904
194959
194927
194903
194922
194929
194909
194492
194377
194828
194716
194990
194960
194310
194901
194272
194413
194332
194898
194896
194894
194519
194895
194849
194893
194695
194894
194880
194818
194893
194582
194939
194460
194874
194277
194346
194872
194871
194869
194667
194868
194869
194876
194452
194875
194874
194866
194460
194251
194648
194562
194940
194437
194880
194869
194263
194862
194852
194452
194807
194775
194197
194670
194861
194857
194855
194651
194481
194266
194924
194694
194859
194850
194810
194303
194858
194857
194473
194856
194856
194931
194837
194300
194836
194847
194426
194570
194728
194831
194831
194830
194177
194239
194827
194827
194824
194824
194395
194843
194822
194857
194820
194622
194797
194902
194878
194816
194814
194813
194430
194312
194244
194808
194206
194868
194803
194853
194800
194799
194230
194794
194794
194211
194204
194892
194792
194788
194695
194587
194461
194424
194168
194186
194824
194783
194831
194779
194819
194272
194777
194815
194814
194575
194773
194812
194811
194645
194764
194810
194592
194771
194770
194808
194807
194771
194807
194769
194438
194766
194804
194804
194802
194836
194767
194364
194765
194764
194159
194800
194287
194797
194797
194046
194797
194060
194387
194794
194312
194764
194652
194793
4
194184
194482
194245
194495
194676
194791
194776
194762
194372
194789
194761
194760
194811
194788
194167
194530
194755
194786
194785
194754
194753
194348
194069
194783
194534
194209
194750
194603
194220
194781
194178
194058
194749
194775
194587
194052
194747
194772
194771
194822
194769
194666
194768
194601
194686
194745
194298
194285
194126
194772
194743
194740
6
194389
194125
194738
194442
194738
194652
194763
194763
194762
194027
194763
194735
4
194734
194299
194358
194736
194587
194479
194228
194560
194760
194747
194719
194717
194748
194747
194536
194747
194746
194745
3
194001
194743
194396
194743
194742
194740
194210
194715
194713
194711
194710
194022
194055
194095
194706
194558
194704
194370
194360
194704
194703
194702
194737
194340
194062
194065
194699
194736
194700
194633
194699
194733
194698
194351
194434
193979
194205
194728
194727
194411
194698
194727
194416
194696
194591
194601
194652
194756
194721
194707
194746
194718
194122
194697
194716
194061
194691
194184
194330
194659
194689
3
194715
194689
194714
194713
194639
194688
194720
194398
194644
194733
194684
193905
194682
194709
194681
194257
194391
194708
194677
194676
194363
194708
194678
194677
194173
194682
194677
194708
194708
194284
194676
194320
6
194659
194049
194708
194676
194707
194328
193993
194410
193807
194032
194704
194039
194089
194720
194539
193855
194705
194669
194668
194649
194526
194640
194705
194045
194664
5
194663
194397
194702
194664
194330
194663
194695
194695
194694
194658
194657
194693
194008
194341
194677
194655
193855
194695
194525
194685
194493
194048
194289
194650
194146
194683
194624
194427
194613
194647
194681
194680
194680
194679
194008
194646
194109
194644
194437
194642
194080
194641
194675
194038
194639
194638
194637
194107
194674
194672
193994
194637
194638
194639
194670
194669
194022
194401
194637
194095
194671
193892
194423
193722
194366
193735
194634
194050
194633
194667
194666
194665
193790
194064
194633
194663
193787
194631
193737
194035
194662
194244
194629
193977
194040
194627
194434
194626
194231
193934
194660
193775
194659
194625
194313
194452
194625
194195
194251
194622
194655
194030
194620
194654
194620
194619
194618
194618
194575
193939
194162
194332
194216
194615
194614
194652
194613
193711
195566
195565
195564
195563
195563
195562
195563
195563
195562
195559
195558
195557
195560
195557
195553
195555
195554
195548
195557
195545
195546
195545
195543
195536
195535
195540
195535
195534
195537
195537
195530
195536
195546
195546
195525
195524
195527
195524
195520
195530
195524
195521
195540
195517
195537
195534
4
195530
195515
195526
195526
195518
195533
195514
195525
195513
195505
195504
195509
195515
195525
195504
195512
195529
195503
195498
195493
195499
195507
195498
195508
195520
195508
195495
195485
195494
195480
195486
195479
195477
195501
195509
195479
195511
195478
195485
195494
195501
195473
195470
195484
195490
195481
195480
195476
195483
195473
195457
195458
195476
195459
195502
195497
195499
195494
195471
195479
195440
195466
195495
195467
195478
195438
195451
195468
195470
195444
195475
195456
195444
195483
195463
2
195474
195418
195462
195472
195424
195457
195464
195472
195479
195454
195466
195434
195421
195439
195442
195443
195437
195407
195462
195436
195400
195410
195459
195403
195407
195437
195466
195429
195430
195447
195401
195440
195458
195451
195391
195405
195459
195389
195398
195437
195416
195388
195443
195441
195415
195417
195412
195427
195426
195426
195366
195398
195373
195442
195442
195435
195416
195400
195439
195402
195384
195430
195413
195428
195382
195392
195425
195392
195408
3
195346
195398
195432
195376
195416
195414
195432
195429
195403
195376
195366
195416
195390
195331
195358
195341
195349
195393
195362
195400
195396
195316
195370
195363
195398
195312
195329
195349
195371
195394
195375
195355
195309
195351
195392
195358
195304
195356
195299
195372
195316
195384
195321
195315
195341
195308
195290
195329
195346
195343
195348
195326
195321
195370
195353
195393
195340
195364
195364
195286
195280
195378
195266
195396
195285
195322
195288
195320
195357
195258
195303
195340
195308
195312
195298
195336
195257
195299
195282
195382
195246
195329
195320
195289
195304
195288
195300
195302
195318
195282
195282
195234
195370
195351
195339
195295
195291
195276
195359
195320
6
195370
195347
195257
195218
195276
195216
195245
195301
195225
195339
4
195342
195310
195360
195223
195240
195340
195274
195237
195204
195271
195195
195204
195263
195245
195205
195272
195214
195290
195332
195198
4
195267
195225
195194
195215
195271
195195
195196
195240
195338
195239
195342
195241
195242
195238
195231
195275
195294
195258
195272
195307
195164
195306
195231
195223
195319
195250
195163
195235
195184
195214
195218
195298
195245
195189
195224
195155
195270
195156
195182
195263
195251
195229
195148
195226
195244
195163
195155
195321
195319
195237
195188
195268
195202
195168
195158
195279
195197
195165
195134
195311
195137
195204
195260
195279
195267
195269
195118
195169
195265
195291
195259
195134
195188
195125
195086
195255
195187
195264
195278
195267
195206
195213
195246
195227
195185
195125
195088
195096
195133
195124
195228
195173
195284
195252
195162
195197
195184
195081
195143
195243
195185
195200
5
195229
195153
195058
195135
195086
195137
195098
195203
195131
195130
195204
195083
195147
195236
195157
195223
195115
195053
195054
195180
195031
5
195116
195086
195146
195164
195153
195103
195035
195049
195033
195179
195057
195241
195204
195045
195078
195021
195205
195023
195124
195122
195129
195091
195171
195031
195202
195071
194994
195073
195061
195063
195063
195194
194991
195189
195140
195031
195095
195099
195094
194979
195197
195148
195188
195075
195155
195007
195034
195125
195187
195009
195095
195161
195209
194963
195170
195172
195018
195116
195165
195028
195136
195085
195127
195211
195025
194960
195169
195125
195184
195090
195027
194963
194960
195068
5
195068
194939
195020
195067
194976
195023
195055
195178
195003
195046
195172
194994
195155
194997
195125
195060
195020
194996
195032
194982
194974
194927
195153
194915
194935
194912
194914
4
195092
195185
194995
195012
195110
195100
195053
194978
195145
195048
195108
195072
195009
194929
195042
195051
194904
195100
194981
194956
194894
195075
195113
195079
195084
194986
194894
194985
195000
194973
194897
195040
195008
194995
194960
195031
194973
194958
194904
195096
194900
195119
195067
195155
195030
194972
194859
194957
194875
194870
194959
194894
194927
195105
195089
194943
194938
194832
194890
194854
194855
194911
195122
195098
194912
194851
194821
194973
195008
194920
195002
194946
194840
195087
194886
194939
194843
194810
194958
195015
194879
195040
195093
195063
195024
195040
194805
194910
195037
195024
195060
194903
194850
195021
195056
194994
194880
194993
195064
194807
194982
194957
195009
195099
195046
195017
194788
194841
194960
194850
194813
195013
195059
194850
194880
194970
194880
195084
194836
194838
194872
195010
195020
194997
194922
194995
194939
194779
194732
195025
194811
194779
194996
194981
195038
194729
194986
194726
194875
194902
194851
194770
194729
194921
194767
194989
194995
194987
195068
194806
4
195020
194857
194889
194755
3
194767
194761
194988
194929
195048
194823
194882
194721
194763
194969
194951
194947
194695
194831
194770
194920
194995
194732
194879
194863
194881
3
194773
194982
194975
194733
194932
194735
194806
194986
194919
194733
194939
194929
195005
194785
194997
194863
195006
194886
194982
194915
4
194712
194942
194864
194901
5
194678
195008
194763
194854
194810
194686
194666
194731
7
195006
194678
194722
194892
194853
194830
194845
194821
194786
194720
195004
194805
194660
194932
194915
194725
194745
194875
194675
194682
194826
194845
194785
194824
195001
194830
194630
194945
194777
194945
194909
194806
194601
194731
194711
194802
194928
194900
194907
194666
194973
194782
194666
194622
194653
194952
194904
194679
194726
194853
194890
194675
194762
194607
194759
194741
194899
194603
194710
194581
194883
194796
194728
194578
194716
194794
194753
194638
194918
194624
194910
6
194658
194871
194678
194754
194676
194685
194551
194946
194834
194625
194652
194966
194724
194624
194733
194542
194662
194842
194894
194662
194659
194868
4
194537
194882
194865
194905
194723
194823
194912
194831
194566
194696
194617
194653
194655
194814
194526
194518
194851
194671
194834
194855
194597
194856
194513
194681
194557
194723
194656
194884
194762
194603
194618
194913
194706
194875
194693
194715
194793
194665
194834
194660
194725
194902
194684
194754
194916
194877
194536
194563
194863
194633
194597
194786
194625
194751
194733
194761
194538
194513
194483
194593
194499
194652
194533
4
194560
194890
194576
194558
194718
194526
194679
194615
194793
194791
194650
194675
194739
194858
194876
194658
4
194861
194638
194493
194751
194438
194550
194644
194634
194683
194556
194715
194813
194423
194848
194493
194708
194486
194612
194831
194725
194773
194689
194448
194504
194574
194632
194684
194737
194549
194522
194801
194595
194836
194663
194525
194759
194692
194618
194855
194801
194571
194588
194803
194800
194569
6
194706
194865
194662
194508
194391
194395
194562
194662
194862
194579
194764
194609
194715
194643
194455
194792
3
194574
194647
194832
194563
194615
194434
194513
194458
194614
194570
194422
194641
194709
194517
194349
194659
194628
194503
194434
194599
194452
194621
194354
194564
194442
194533
194448
194504
194443
2
194423
194432
194603
194767
194372
194460
194649
194426
194752
194698
194349
194475
194611
194499
194643
194772
194810
194426
194799
194623
194704
194357
194628
194384
194665
194499
194781
194521
194626
194799
194521
194607
194627
5
194660
194763
194556
194388
194417
194459
194670
194705
194772
194384
194500
194540
194359
194535
194740
4
194762
194490
194539
194655
194408
194328
194632
194293
194581
4
194663
194542
194346
194395
194338
194708
194383
194332
194488
194282
194544
194745
194395
194245
194766
194561
194441
194631
194293
194542
194500
194741
194699
194291
194715
194649
194492
194482
194754
194332
194570
194723
194699
194387
194442
194535
194769
194365
194355
194613
194555
194365
194387
194443
194334
194531
194704
194516
194409
194704
194303
194402
194497
194213
194287
194214
194498
194602
194688
194448
194293
194524
194261
194680
194646
194431
194193
194646
194325
194377
194218
194217
194384
194710
194623
194601
194475
194213
194599
4
194652
194250
194389
194306
194615
194659
194300
194732
194282
194319
194545
194259
12
194146
194181
194238
194382
194275
194434
194668
194723
194272
194398
194251
194510
194546
194184
194433
194424
194219
194434
194398
194507
194144
194720
194307
194332
194653
194200
194253
194474
194267
194382
194587
194280
194673
194439
194363
194146
194566
194328
194611
194489
194263
194531
194255
194672
194266
194386
194306
194454
194225
194340
194365
194138
194575
194655
194134
194415
194384
194543
194562
194146
194225
194573
194321
194231
194123
194078
194339
2
194631
194649
194395
194564
194510
194157
194395
194093
194321
3
194480
194211
194145
194123
194197
194187
194649
194046
194506
194269
194385
194141
194597
194514
194298
194113
194659
194629
194542
194599
194159
194577
194488
194275
194450
194272
194106
194290
194289
194604
194519
194578
194224
194348
194297
194300
194569
194209
194348
194034
194586
194490
194580
194409
194148
194431
194446
194026
194354
194122
194558
194401
194071
194444
194539
194144
194494
194612
194535
194431
194508
194225
194422
194467
194055
193977
194517
194266
194346
194516
194344
194288
194544
194117
194098
194467
194194
194574
194405
194242
194323
194275
193994
194341
193952
194427
194004
193990
194334
194124
194218
194155
194458
194023
194191
194017
194101
194073
194281
193940
194456
194463
194451
194525
194131
194389
194426
194019
194418
194025
194317
193948
194027
194362
194301
194233
5
194090
193976
194281
194088
194551
194373
194503
194145
194122
194276
194517
193997
193958
194100
194557
194500
194164
194278
194161
194430
194041
193993
193950
194122
194043
194570
194182
194016
194540
194421
194538
194142
194285
194024
194414
194563
194172
194254
194543
194126
194052
194523
194310
194274
194260
194208
194283
194485
194513
193966
194076
194178
193986
194302
193905
194232
194391
194161
194020
194200
194519
194446
193974
194020
194009
193969
194031
193834
194018
193932
193941
194029
194438
194482
194386
194421
194216
194421
193843
193895
194018
193859
194102
194267
194528
194087
194299
194257
193945
194043
194194
193849
193868
193888
193871
194014
194087
193920
194306
193912
194147
194460
194217
194322
194053
193920
193855
194172
194446
194231
194209
194296
3
193820
194076
194372
194464
194454
194439
194183
194086
193945
194362
194153
194185
193892
193923
194374
194354
194100
194247
194084
193817
194248
194328
194123
193928
193971
4
194021
194415
194192
194084
193948
193755
193777
193943
194220
194217
194318
193849
3
193836
193819
194419
194320
4
194015
193816
194401
193902
194047
194331
193760
194191
194071
194160
194374
194465
193747
194083
193947
194211
194189
194135
194002
194199
194405
194388
194040
194338
194212
3
194461
193894
193751
193929
193865
193995
194243
194077
194139
194108
194260
194359
193904
194214
194342
193978
194225
194302
193988
193787
193966
194447
194327
194270
193774
194462
194071
194066
194183
194149
194403
194054
194139
194397
193941
193669
194001
193775
194464
194193
194256
193928
193668
193940
5
194337
193676
194194
194383
193684
194213
194147
194135
193987
193844
194181
193779
193758
193799
193807
194367
194100
194009
193765
193950
193862
194104
194288
194315
194076
193869
193833
194071
194276
193738
194271
193683
193831
194328
193634
193724
193947
193621
193764
194333
194086
193807
194304
194309
193680
194008
194174
193662
193833
194341
194303
194092
193903
193952
193607
193937
193613
194423
193874
193582
193729
194139
193700
194212
194404
193587
194087
193793
194267
193805
193635
194086
194211
193967
193909
193605
194297
193834
194241
194339
193971
193983
194220
194229
194324
194307
193766
193677
193716
193560
193885
193998
193758
193734
193999
193997
193767
194200
194337
194136
194305
193884
193633
193657
193721
193970
193909
193668
193715
193983
193797
193852
194131
193977
193601
193688
193580
194117
194215
193852
194330
193703
194132
194206
194246
194360
193641
193910
194328
193864
194034
193924
194022
193843
194242
194118
193973
194226
194061
193775
193703
193812
193600
193559
193953
193736
193953
193607
194238
193702
193604
194210
193734
193742
194071
194332
194136
193796
194081
193498
193566
193624
193714
194043
193928
193593
193974
193809
193879
193857
193889
193760
193890
193440
193444
193655
194138
193451
193784
193698
194286
193745
193519
193666
194209
193895
194019
193797
194017
193539
194182
194235
193936
193599
193586
193440
193755
193436
193562
193795
194133
193959
193634
194038
193416
193932
193646
194229
193519
194072
194291
193589
193826
193916
193559
193624
193788
193528
193538
193814
5
193895
193954
193423
193727
193763
193874
194224
193960
193618
194074
193430
194164
193745
193608
193648
193734
193564
193377
194042
193672
193605
193879
193655
193582
193471
193580
193494
193640
193676
193918
193650
193591
193936
193835
194141
194094
193502
193861
193571
193949
194057
193421
193863
193946
193898
193812
193586
193609
193569
194182
193872
193940
193963
193329
193641
193977
193923
193795
194169
193517
193650
193674
193980
194128
193898
193526
194129
193622
193540
194081
193716
193982
193656
193951
193515
193694
193433
193675
194181
193580
193855
193630
194172
193312
193886
193318
193999
193274
193762
194182
193783
193832
193900
193769
193731
193873
193258
193373
193767
193764
193271
193606
193945
193976
194012
193631
193622
193375
193932
194062
193819
193722
193443
194146
193748
194061
193630
194183
193365
193764
193497
193222
193248
193361
193354
193347
193711
194009
193742
194176
193280
193336
193509
193235
193864
193213
193882
194028
194118
193520
193868
194046
193836
193975
193214
193381
194153
193711
193786
193527
193267
193745
193588
194074
193969
194120
194063
193894
193967
193764
7
193592
193840
193977
193652
193482
193333
