50
47
98
2
67
44
70
67
90
4
32
27
27
67
77
21
72
16
3
68
0
10
6
4
65
2
60
16
49
31
1
25
10
4
11
10
5
6
10
6
4
2
0
1
1
2
14
5
12
3
66
64
62
58
54
52
52
47
45
3
43
38
35
7
33
5
28
4
1
21
15
5
13
6
4
4
49
0
2
4
3
2
44
2
1
3
1
40
6
1
2
1
3
32
32
3
11
17
4
13
91
89
15
13
19
82
74
11
72
69
69
67
68
67
66
60
59
5
12
3
52
6
51
47
47
55
47
44
42
34
27
14
2
11
16
2
3
8
9
1
3
11
6
3
12
2
6
5
10
1
92
92
91
90
88
41
39
47
40
46
46
44
39
4
34
37
4
35
17
25
12
8
17
16
3
4
5
3
4
12
10
3
3
15
13
11
10
11
11
2
3
9
9
10
10
10
4
6
7
2
93
92
86
85
85
49
47
48
5
35
6
3
46
48
39
0
27
1
37
35
34
23
31
26
7
35
19
14
18
21
9
8
17
5
11
20
1
0
15
2
13
4
14
4
11
4
2
13
7
7
