182982
182982
182981
183049
182979
183041
182978
182977
183045
182977
266
182975
182971
183217
182968
182968
182969
182967
182962
182968
182964
182959
182962
267
183037
182960
267
182962
182958
183022
182956
182957
182955
183017
182950
182948
182946
267
182945
182943
183015
182944
182943
182947
182940
183016
182981
182947
183003
182937
182942
182941
182933
182935
182991
182929
182927
268
182935
182991
182926
183004
182927
182923
182919
266
182920
182932
267
268
267
182996
182998
182915
182924
182914
182913
182912
182916
182909
182908
182971
182905
182909
182968
182918
182902
182906
182902
182967
182912
182895
231
182973
182907
182904
182891
182891
182909
182907
182894
182892
267
182883
268
182881
182881
182860
182879
182932
182957
182881
182889
182897
182890
182899
267
182909
182928
182877
182947
182891
182913
182890
182935
182928
182881
182927
182895
182918
182938
182867
182920
182879
182865
182863
182861
182911
182947
182857
182865
182942
182859
182848
182847
182849
182917
182847
182845
182854
182865
182871
182818
182860
182907
182857
182927
182813
182835
182835
182832
705
182809
182839
182913
182912
182917
182826
182868
182823
182848
182842
182830
182818
182803
182871
182821
182839
182924
182877
182822
182890
182812
182838
182811
182806
182804
182820
182806
182801
182805
182865
182803
182825
182813
182798
182855
182797
182792
182815
182788
182793
182796
268
182786
182784
182803
182790
182838
182781
182783
182852
182798
182812
182861
182773
182791
182852
182771
182790
267
267
182727
182821
182791
182815
182791
182773
182772
182831
182781
182781
182788
182758
182824
182755
182754
182801
182757
182763
204
182787
182812
182819
182747
182809
182764
182805
182866
182830
182788
267
182798
182750
182770
182777
182746
182791
182784
182831
182733
182784
182820
199
182805
182744
182763
182736
182754
267
182790
182740
182725
182740
182742
182750
182737
182717
182758
182752
182787
182738
182711
182723
182722
182792
182720
182728
182793
182785
182715
182693
182796
182703
182740
182717
182710
182678
182709
182717
182705
182703
182704
182723
270
182763
182692
182708
182690
182797
182701
182722
182698
182747
182715
182695
182732
182764
182684
182683
182693
182682
182711
182746
182691
182677
182676
182689
182667
182688
182687
182753
182703
182685
182808
182714
182740
182804
182678
267
182677
182691
182666
182716
182736
182686
182704
182670
267
182669
182773
182658
182705
182682
182653
182661
182757
81
182710
182711
267
182648
182792
182678
267
182713
182659
182693
182704
182740
268
182724
182662
270
182721
267
182712
182700
182708
182725
268
182637
182693
182712
182633
182722
256
182665
182635
182629
182649
182616
182656
182681
182690
182688
182641
182592
182602
182691
182657
182585
182698
182660
182557
182688
182624
182623
182616
182621
182756
182713
182632
182643
266
182610
182618
182608
215
182607
182615
163
267
182613
182672
182625
182642
182580
182580
182606
182608
182604
182604
182604
182628
182486
267
182512
182628
182723
144
182596
182610
182617
182634
182591
182590
182657
182603
182632
182590
182585
206
182584
182716
182582
182632
182586
182646
182632
182539
182626
182584
182584
24
182574
182581
182572
182648
182626
182631
250
267
182579
182577
182567
182668
182627
182564
182554
182561
182560
182675
182637
182620
182568
267
160
182586
167
182567
182657
182553
182615
182551
182549
182500
266
182613
266
182612
182425
182544
182558
182658
182601
267
182540
182472
182539
182601
182562
182596
182553
182552
182505
182590
182549
182547
182574
182453
182625
182528
182611
361
182527
182622
182524
182625
182608
182543
182585
182540
182615
182571
182535
182535
182479
182568
182532
182663
267
206
182452
182596
182601
182608
182431
182525
182553
182628
182522
182474
182506
182581
182603
182519
182503
182502
182512
182500
182576
182552
182513
182502
266
182573
182495
182659
182549
182408
182508
182522
182505
182504
182502
182578
182488
182500
182558
182557
182537
182511
267
182582
182495
182481
182403
182526
182479
182425
267
182507
182428
182551
182543
182493
182492
182500
182529
182505
182472
182487
182470
182487
182486
182506
182467
182466
182483
182532
182483
182462
182480
182512
182502
182477
182458
182458
182465
182600
182442
182524
182348
182532
182469
158
182526
182383
182451
182465
267
182393
182568
182447
182446
182445
182481
182464
148
182524
182538
182497
182406
182565
182461
182465
182501
182497
182457
182437
182399
182480
182453
182434
182451
182339
182431
182336
182450
182471
182608
182506
182400
182506
182486
182289
182512
182483
182482
182238
208
182441
182499
182486
267
182412
182349
182471
204
182411
182298
182435
182549
182476
182435
182552
182472
182466
182406
199
177
182473
182483
182404
182430
182404
182455
182428
182401
267
182427
182546
182382
182448
182308
182459
182515
182422
182421
182480
113
182420
267
182523
182418
182454
256
266
182417
182392
266
182462
182485
182489
182477
182413
182412
182316
182229
182469
182387
182409
182257
182296
182439
267
182406
182398
182404
182382
182381
182381
75
182363
182379
182402
182507
182462
182376
182399
182469
182373
182396
182437
267
182444
182410
182372
182371
182370
182424
182323
182421
182285
182466
182431
182439
182434
182393
182392
182335
182202
182361
182418
182393
182439
182392
182358
182437
182452
182384
182419
182334
182352
182350
182350
182438
182348
182489
182171
182249
182381
182379
182378
267
182455
182343
182408
182375
267
182429
182424
182518
182434
182338
182454
182334
182448
182099
182361
182363
182362
182335
182088
182424
182109
267
35
182322
182377
182403
182367
182355
182317
182070
182414
182312
182217
182349
182348
182271
182313
182345
182317
182345
182426
182453
182397
182339
182396
182280
182306
182400
182306
182077
182047
109
182100
182317
182328
182301
182413
182385
182077
182296
182444
182332
182310
182388
182322
34
182367
182319
182290
182314
182374
182161
182315
182284
182283
182339
182339
182310
182052
182270
182401
182374
182332
182342
182305
182384
182333
182321
182311
182269
182268
182267
182266
182217
182265
182300
182310
182300
182301
182274
182262
182384
182330
61
182328
182294
182327
182352
182292
181992
182344
182310
182340
182287
182255
182286
182285
182370
182087
182122
182323
182248
182282
266
182195
181958
182212
182249
182248
181974
182247
182306
182244
182229
182313
182241
181976
182135
182263
182328
182346
182236
182235
182302
182353
182274
181965
182278
182229
182227
125
182271
182227
182330
182269
182172
182285
242
182220
267
182267
182340
95
182181
203
182410
182005
182029
182228
182223
182297
182258
182255
182256
182389
182254
182124
182336
182250
182295
182247
182303
182144
182301
182244
182104
182252
182212
182202
182215
182240
182292
182239
182274
182236
147
182235
182235
266
182345
182199
182261
182236
182178
182349
182194
182193
182229
181919
182170
182226
182301
182278
207
181976
182282
182187
182288
182185
182257
182236
182306
182283
182178
182313
182211
182143
182039
148
182232
182209
182299
63
182226
182172
182286
182247
182169
182169
182173
267
181995
181957
182210
181845
182278
182200
182185
182157
182197
182150
182194
29
182337
182193
182192
182151
182192
182027
182035
182164
182144
182087
182242
182203
182211
182072
181966
182230
267
182139
182138
182187
182136
182135
182134
182250
182191
182130
182130
182182
182026
181994
182247
182180
182126
182126
182158
182178
182176
182124
182122
182155
182120
182189
182184
182277
182171
182170
182116
182189
182221
181913
182166
182206
182109
181990
182159
182167
182057
181976
182177
182181
181740
182056
143
182071
266
181772
182143
181930
182103
182103
182174
182159
181735
182156
181792
182159
265
182235
182127
181809
182149
182096
182095
181978
106
182003
182092
182147
182146
182105
182093
68
182121
182093
182149
182148
182161
182227
181897
182161
182073
182145
182183
195
74
182201
182085
182226
182082
181698
181781
182139
182107
182095
182066
182223
181715
182189
182077
182124
182075
570
182099
182078
182165
182101
182135
182073
181707
182136
182136
182146
181847
181898
181894
182065
181763
182130
182129
182137
182080
182127
181891
182124
181777
181743
182123
182219
182055
181839
182055
181787
182067
182053
218
182109
182111
182010
182052
182115
182166
182179
182110
182049
255
182110
267
182103
182126
181877
64
250
182141
181682
182089
182023
182005
182171
269
182183
181656
182041
182116
182101
182039
182064
182050
182264
182099
182072
182098
182096
182095
182094
181929
182140
181656
182090
182099
182088
182030
182028
182086
182085
182133
181800
182082
181721
97
182081
179
182143
182109
181728
146
182131
182064
182075
182024
182093
182074
182070
182082
181798
181826
182021
182069
182097
182067
181580
182127
181923
182063
182078
181614
182013
182060
182023
181927
182084
182045
182008
182052
182052
182112
182064
181709
181655
182181
182114
181580
181764
181996
182044
182042
211
182041
182085
181993
182128
182018
90
181802
181825
181989
181572
181987
181535
181808
181777
181736
182033
182023
182096
181712
181982
267
181980
181865
181739
182030
181965
181759
182121
182180
182046
181975
107
181974
182026
182084
182023
181969
182064
182034
182019
181969
181818
181857
181490
182015
181843
182013
181862
182009
182014
182007
181479
181956
181951
263
182005
181955
182006
181982
87
182086
181954
181703
181969
206
182062
181990
182045
181951
245
181950
181948
181948
181947
181944
181941
182031
181957
46
181997
241
181996
181941
181940
181995
181973
181938
181937
181936
181894
181551
181615
181993
181931
181930
268
181897
181930
182062
181994
175
181430
181697
181964
181732
181654
181539
181529
182026
181919
181997
181917
182034
181515
182060
181987
181980
181957
181980
181552
181728
181909
181977
181809
181881
181402
181909
181983
181924
182034
181907
181907
181905
181917
181905
181753
181902
181781
181572
181871
181440
181920
181900
181595
181851
179
181966
181989
181964
181897
181965
181963
181896
181875
181924
181914
181964
181927
181958
181967
159
181960
181995
182038
181350
181986
181473
181366
181543
181936
181980
181931
180
181889
181458
58
182066
181887
89
181917
181423
181884
137
181930
181919
181992
181953
181357
181877
181673
179
181942
181983
181875
181443
181990
181804
181672
181998
150
181933
181806
181988
181780
181895
182044
181929
181532
181866
181865
73
181454
181473
181862
181942
181792
181631
181854
181899
181802
181807
181849
181630
181848
181484
181860
181846
181964
181953
181915
181844
181913
135
181844
181646
181844
181909
181842
181666
181543
181908
181306
181944
82
181950
181917
181326
181864
181901
181870
181915
181833
181236
181922
44
181945
181897
181870
181895
181902
181892
181891
181905
181830
181700
181855
181929
181887
181876
181885
181431
181512
50
181694
181857
262
181883
181819
181857
181723
181897
181212
267
181879
181898
181817
181815
181893
181340
181893
181875
181813
181936
195
181850
181885
181810
104
78
181811
37
181613
87
181837
181868
181937
181811
181866
181318
181864
181918
181564
181885
181460
181861
181802
181801
181557
181857
181842
143
181855
181853
181183
181249
181854
181900
181799
181853
181287
181189
181847
181796
202
181291
181848
181217
181773
181793
181770
181848
181508
181816
181861
181287
181623
181478
181845
181708
181844
181217
181788
181495
181341
181786
181253
181803
181840
181515
181426
181833
181779
181374
181485
181806
181777
181833
181315
181295
181670
181696
181840
181159
62
181872
181829
181773
181158
181290
181890
181826
181131
181769
181767
181859
181822
181470
181607
181781
181290
181824
181773
181773
216
181121
181618
181847
181763
181724
181342
181840
181715
181620
144
181763
181762
181684
181811
181319
181345
181811
181590
181759
262
181809
181809
181411
181757
181739
181602
181880
181756
181803
181803
181324
181577
181807
181082
181653
181751
181750
181797
181347
181597
181175
181797
181383
181095
181649
181770
181379
181793
181745
181270
133
181875
181797
181745
181048
181339
181205
181835
181588
181741
181825
181740
181022
181300
45
181755
181736
181117
181277
181113
181732
134
181518
181686
181789
181730
181204
181728
181343
181787
181088
181805
181785
181806
181723
181723
181782
181371
181045
181454
181633
181785
181719
181572
181651
181718
181773
9
181568
181493
24
181717
181774
181267
181716
181773
181110
181715
181708
71
181480
181372
181714
181458
181102
181699
181206
181745
169
181708
181537
181546
234
181785
181705
180993
181049
181759
113
181706
181759
181531
267
181707
225
181009
181757
181793
181378
181705
181633
181754
43
181702
181598
181649
181804
24
181290
181433
181001
181730
181697
181730
181696
181133
181696
181762
181748
181695
181748
181694
181692
181691
181747
231
181269
181718
181712
181000
181754
181098
181692
181092
181701
181271
181180
181745
181689
86
181743
181482
181011
181741
181719
181690
181739
77
181691
181053
181689
181165
181737
181685
181651
181046
181683
181499
181480
181331
181736
52
183
181695
181730
181704
154
181688
181696
181679
181261
181728
180882
180898
181123
181675
181580
181342
181315
181671
181746
181722
181721
181489
181720
181729
181160
163
180990
181674
181066
181673
181705
181673
180881
181452
181151
181060
180862
181717
181643
181288
181666
41
180933
180861
181008
181064
181758
181376
224
181379
229
180877
156
181269
181207
50
181722
181130
181701
181260
181467
180908
181656
180988
181391
181658
181644
181686
181748
181658
181084
181705
142
12
181004
181240
181692
181704
181703
181654
126
181701
181469
181715
181699
181698
181344
181685
181707
180864
181653
181695
180987
181694
181693
181726
181692
180798
181264
183395
183394
183394
183393
183392
183390
183391
183450
183386
183446
183384
183384
183444
183382
243
183381
183380
183383
183382
183432
183378
183376
183438
242
1063
183377
183370
183372
183367
243
183370
183368
183365
183430
183440
183402
243
183364
183362
183363
183360
183367
183361
183356
183354
183353
183357
183350
183350
183348
183347
183408
243
183344
183344
183349
183346
183415
183339
183342
183341
183347
183349
183333
244
183339
183402
183386
183332
183328
183407
183334
183381
183338
183338
183324
183387
183330
183382
183318
183325
183321
244
183314
183376
183313
183326
183315
183309
183322
183370
183313
183318
183310
183309
183301
183391
183375
183363
183318
183324
183295
183323
183280
183300
183372
183298
183305
183291
183358
183293
183300
183284
183283
183285
183290
183338
183345
183281
183306
183279
183286
243
244
183277
243
183284
183336
183275
183274
183283
183272
183305
183270
183333
183337
183289
243
183318
183266
183282
183295
183335
183327
244
183273
183259
183284
183356
183255
183268
243
183265
183271
183333
183272
244
183289
183248
127
183324
183278
183249
183243
183254
183330
183247
183251
242
183277
183259
227
183248
183252
183270
243
183264
183269
183266
183231
183308
183240
183242
183238
183266
183228
243
183232
183192
183247
183292
183247
183241
183230
183221
183227
183295
183271
183241
183225
183271
183224
183237
183215
183262
183239
183262
183259
183250
183212
183238
183268
183208
183234
183241
183204
183202
183287
183200
183202
183232
243
183196
183232
183206
183174
183216
183193
183153
183207
183191
183261
183189
183213
183236
244
183202
183235
183196
209
243
183245
183180
183197
183195
183231
183193
183221
183229
115
183148
183188
183186
183248
183172
183236
183256
183169
183257
183180
183248
211
183191
183221
183177
183194
183228
183177
183238
183236
183196
183193
183170
242
183191
183250
183229
183165
183279
183241
183240
183159
183149
183147
183220
183144
243
183129
183157
183162
231
120
183212
183203
183178
183142
183136
183148
183133
183210
183146
183144
183143
183185
242
183182
183205
183194
183089
183138
183179
183137
183128
183247
183126
183125
183157
183124
183133
183123
183123
183253
183066
183176
183129
183209
183126
183167
183210
183122
183228
183120
183120
183112
183167
183110
183133
183153
183114
183113
183112
242
183039
183107
183140
183109
183105
183151
183103
183161
183163
183102
64
183149
183099
242
183108
183069
183168
183132
243
183104
183098
183150
183147
183150
183160
183211
183140
183002
183091
183133
183205
183134
183077
183087
183086
183147
183130
182990
110
183154
183080
183087
183078
183140
183072
242
183107
182991
183141
183022
183103
183135
183082
183068
245
183085
183129
183126
135
183118
183119
183179
182974
183060
183070
183058
183108
183125
183084
183051
183097
183102
183164
183169
183046
183049
183077
183074
183041
183155
183040
183038
182989
183326
183115
183093
183021
183036
183103
131
183036
183135
243
183035
183033
183075
183033
182962
183075
183080
183036
182931
183096
183026
183066
183085
183042
183022
183096
157
183068
182937
183063
183047
183017
77
44
182988
183079
182948
182928
183075
183014
183057
183011
183044
183041
183067
183080
222
183034
183085
183071
183072
183058
183037
183000
182999
183005
182998
183045
183000
183089
97
183054
182998
183114
183054
183051
183027
183002
183036
182986
182989
243
183056
183041
182985
182984
183063
183148
182984
183069
182979
182978
183033
182976
182979
182979
182974
183018
183024
183008
183027
182999
183001
182974
182885
182969
182977
183013
183049
182993
182970
183049
182962
182966
182960
182959
182958
182956
183030
183028
183026
182962
183047
183008
183018
182958
182983
182988
182977
182984
182953
242
182813
183005
183012
149
183068
182850
183058
183004
183007
241
183011
183010
183008
182999
182954
243
182941
182961
243
182937
183026
182781
182933
182939
182994
182930
182929
183015
183002
182936
182910
182986
182994
182985
182950
182924
183015
182921
182919
182964
241
182769
182916
182952
182967
182937
99
183020
182923
183026
182980
182919
182787
182937
182958
182999
182908
182970
182877
182840
182949
183050
182857
243
182929
182894
182941
182898
182915
182854
182894
182868
188
182904
182951
182844
182902
203
182901
182923
182901
182888
182969
182886
182895
182941
182708
182969
182898
182877
82
182888
182888
182983
182916
182952
79
182873
182893
182925
182881
182905
182869
182887
182843
182867
182873
182878
182972
182864
182950
182937
183007
182895
182958
182858
182949
182672
182869
182919
182931
182953
182915
182920
212
183015
182908
182811
182857
182659
182894
182892
182855
182871
182853
182889
183007
182940
182886
182839
182846
182865
109
182654
182843
182857
182873
182898
182982
182833
182939
182841
182898
182867
182834
182909
182825
182834
182648
182868
182882
182831
182830
182852
182723
182648
182803
182825
182822
182887
182813
182822
182821
182820
182900
182817
182906
182709
182784
182816
182742
182860
182846
182681
182884
182811
182793
97
182652
182810
242
182806
182935
182803
182806
182806
182804
182767
182691
182866
182806
182902
182773
182638
182852
182844
182882
182798
182798
182791
182826
243
182656
32
182796
182675
182786
182855
182628
182580
182911
182754
182766
182889
182701
182826
121
182789
243
182895
182897
182847
182719
182721
182784
182769
182865
182571
182776
182784
110
244
182718
110
182679
182773
182685
182778
148
182704
182776
182787
182583
182822
182773
182858
182766
182770
182827
182769
242
182841
182890
182814
182817
243
182765
243
182727
182761
182801
182695
182801
109
182872
182759
182756
182731
182852
182753
182738
182756
182784
182771
182820
182801
182863
182774
182552
182797
220
182785
182798
182818
182742
182914
243
182793
182700
182555
182784
182596
182805
182882
182739
182674
182536
182612
182871
182825
182655
182732
182755
182770
242
182747
182733
243
182724
182744
182732
182844
182790
182729
215
182842
182846
243
182761
182733
242
182904
182719
182723
182769
182721
243
182750
182485
182896
182688
182574
182581
182716
182761
187
182828
182770
182728
182710
182708
182768
182737
134
182753
182707
222
182706
182725
182723
182754
182706
182704
182739
182661
182699
182603
182698
89
182701
182489
182697
182745
182767
182693
182692
182825
182398
182587
182604
201
182687
182726
182549
182692
182518
182689
182752
182707
182484
182685
182680
182706
182789
182684
182801
182682
182677
182775
182409
182793
182385
182677
182676
182713
72
182673
182671
182627
182668
182668
182508
182575
182475
182725
182739
182418
182665
182655
182462
182665
182581
182408
182661
182692
182665
182630
182700
182662
242
182661
182661
182660
182545
168
182535
182400
399
182561
182658
182661
182754
182658
182656
37
182665
182653
182658
182647
182770
182735
182606
182646
229
182497
182668
182654
182644
182703
182700
182701
182726
182650
182638
182650
182457
182711
182586
182647
182637
182653
182636
182645
182644
160
182633
182419
182512
182630
182296
182566
182629
115
182774
182306
182441
182687
182644
182722
182625
182675
182641
182745
182475
182640
182504
182621
182427
182351
182619
182687
182711
182675
182616
228
182673
182636
182471
182296
182654
182339
182700
108
182651
182563
182496
34
182652
182608
182683
206
182606
182582
182602
93
182601
182600
182627
182682
182612
182463
182629
182656
182596
182595
182440
182771
182501
182483
182626
182624
182640
182621
182589
182621
200
182620
182369
182621
182427
182568
182636
169
182657
182265
182584
182583
182629
182352
182579
243
182352
182659
129
182578
182612
182646
172
182691
182635
182667
182573
182574
244
182606
182604
182653
182664
182601
182601
182639
182615
182359
182618
182568
182593
182736
182565
182593
182600
182609
182561
182590
182207
182559
182588
182546
182372
182556
182639
182680
182554
67
182650
182552
244
182539
182582
91
182656
182640
182568
133
182547
182644
182632
182636
182541
144
182578
182578
182577
182463
182177
182576
182574
182655
182445
182179
182666
182575
39
182539
182144
46
182570
182527
182649
182450
182157
182571
182563
182562
182228
219
182564
182230
182267
182449
182384
182531
182303
182529
182315
182476
182556
182526
182565
182586
182395
182614
182572
182552
182609
182551
182550
182549
182522
182178
182546
182384
182591
182268
182580
182541
182581
182617
182546
182517
182517
182610
182565
182313
182597
182269
182440
182401
182148
182279
182535
182346
182507
182510
182458
182637
182531
182461
182580
182507
104
182506
182528
63
242
182504
182186
182519
182501
182500
182546
182498
182211
182549
182520
182527
182595
182572
140
182514
182514
182492
182540
182561
182222
182488
79
182487
182488
182516
182512
182533
182483
182601
182661
182506
182504
182507
182369
182479
182129
182094
182480
182476
243
182479
87
182555
182317
182505
182118
182473
182489
182496
182561
182493
182468
182484
182517
182144
182101
182462
182509
182065
182525
182571
182550
182439
182462
182372
182212
182512
182092
182453
92
182469
182549
182601
182005
182213
182448
182027
182475
182446
182445
182560
182474
182082
182503
197
182566
182330
182435
182499
182539
182464
182435
182540
188
182466
182004
182525
88
182519
182520
182462
182433
182448
73
182462
181944
182456
182538
182522
182027
182427
182176
182427
182030
182463
182425
181982
182234
182219
182424
182424
182538
182454
182422
182330
182123
182318
182056
182465
182221
243
182040
182439
182498
182365
182445
75
234
182441
182432
182469
182079
244
182038
182015
182409
182347
182434
181938
182562
95
182466
182086
182407
182425
339
182406
182435
182319
182433
182425
182431
182403
182400
69
182404
182428
182431
38
182430
182347
182427
182425
182423
182422
181922
182439
182399
182463
182418
182432
14
182427
182416
238
182396
182419
181875
243
181990
182393
182221
182135
182279
182452
182472
182512
182495
182386
182472
19
182401
182155
182412
182410
182458
182385
182383
182262
227
182457
182110
182363
161
89
182405
182404
182403
182385
182426
182384
182380
182411
243
11
182436
181920
182126
182363
182001
182012
209
182372
182056
182415
182388
182384
182156
182032
182391
182384
182257
182379
182126
182005
107
182417
182363
182098
181821
182255
182183
182375
182376
182418
166
182378
203
182430
182402
182130
182392
182062
182352
203
181943
182422
182411
182435
182180
181950
182347
182346
182374
182409
182405
182415
182370
182423
181958
182352
182368
31
182368
182167
182067
182342
182368
182366
182367
182366
181804
182363
182343
182374
182340
181760
182159
181909
181913
182424
182378
181833
182357
182334
182332
182384
182330
182360
182326
182446
182361
182406
182350
182403
181899
182408
182061
182364
182317
182383
182361
182342
182406
182369
182013
122
182315
182315
182343
181719
182402
182076
182311
182310
182324
181831
182308
182338
24
181732
182385
182332
182324
182332
181785
182248
182300
182255
182331
181910
69
182120
182298
61
181715
181966
36
182329
181803
182327
182362
182316
182135
181664
182227
182327
181875
182325
182315
182290
181877
181986
182326
181828
182338
181941
182287
182286
182288
181671
213
182255
182017
182201
182320
182325
181783
182279
182278
182315
182335
182267
182112
181649
182314
182350
182272
182159
182271
182210
182012
182270
182071
182267
182311
182150
182308
181605
182264
42
182261
182261
182040
182288
181952
181683
181938
182309
182307
182335
181622
181923
182304
181763
181877
182344
181950
181881
182250
182250
182282
182247
182091
182298
182277
182297
182297
182243
56
182314
181680
182096
239
182024
182269
182238
182262
182335
176
181921
153
182314
182293
182332
181898
182233
181740
85
182291
181897
182289
181821
182274
182305
123
182288
182060
182149
182286
182095
182081
181986
182232
182284
182313
15
182287
181613
167
182281
182070
182278
182020
182006
181537
182063
181599
182227
182156
182276
181899
182274
181658
181644
181914
182288
182273
182274
182272
182270
182268
182319
182015
143
37
181516
182266
181527
182222
182220
182272
182259
182257
182305
182255
182250
182255
182253
182254
182296
182259
182251
182034
181811
181618
181880
182249
182241
112
182245
182297
181669
181972
182208
182208
182241
182238
182246
182221
182267
55
181851
181619
181944
182085
181597
182249
242
182206
151
182123
182204
182202
181824
182199
181656
182233
244
182198
182097
182264
40
182198
182209
182196
182288
181982
182194
182020
181519
181743
68
182240
181783
182224
182223
182221
182257
145
182186
182185
181742
182219
182218
182256
181872
218
181965
182185
182235
182274
181665
107
181986
182233
182203
182147
181697
182201
182178
182184
181479
182176
182188
182199
181903
182196
121
181827
182195
182196
181588
182205
182194
181520
182255
182205
182164
182022
181359
182156
182171
182154
181601
182223
182220
182152
182152
181508
182151
181385
105
182065
182187
182188
182151
182174
182171
182162
181462
168
182174
182179
182098
78
181334
182135
182141
236
182133
181537
182169
181430
6
181430
181520
182130
181778
181567
97
181387
153
181780
181541
182163
181937
182127
182176
182159
181653
182125
110
182157
181836
182164
182120
181923
62
182222
182132
181628
182168
182161
181384
181459
23
181773
182113
195
181789
182146
181410
182145
243
182144
181646
181823
182055
181714
181430
182141
182113
181562
181825
181609
182111
181777
182179
181852
182137
181467
192
182138
182106
182105
182104
181724
182136
181869
182104
181757
181514
182148
182145
182132
182130
182173
182130
181735
182099
181758
182098
181831
182127
182098
182138
182119
181670
182129
181619
181284
182105
181431
182092
182127
182126
182059
181717
199745
199745
199739
199535
199529
199528
199525
199524
199517
199515
199512
199506
199479
199476
199477
199465
199465
199463
199364
199356
199353
199360
199351
199309
199292
199295
199290
199293
199288
199173
199175
199172
199171
199174
199170
199171
186902
186897
186879
186881
186877
186881
186882
186874
186873
186878
186872
184696
184700
183993
183982
183983
183988
183976
183967
183958
183905
113
183904
183904
183916
183903
183904
183899
183887
183893
183883
183891
183879
183881
183892
183844
183843
183848
12268
183854
12266
183852
183834
183829
183831
183845
183808
183806
183819
2170
183806
183805
183801
183741
183731
183729
182894
12264
182903
182576
182561
182552
182547
182549
182543
182544
182516
182486
182480
182411
182392
182375
182173
182146
182150
182157
182076
182060
181988
181965
181963
181967
181971
181972
181958
12192
181957
181954
181951
181950
181951
181371
181352
181351
181271
181266
12192
181267
181265
181266
181280
181254
181243
181240
181224
181224
180270
180268
180157
180153
176281
176279
176253
2169
176231
176243
176224
176254
176194
952
176214
176211
176151
176143
176162
176071
176051
176067
176079
176036
176045
176044
175891
175884
175886
175878
28
175891
175853
175850
175857
12167
175846
175781
175712
175717
12165
175704
175680
175679
593
175675
175592
173017
172992
100
172977
172919
172938
172910
98531
98511
98153
98143
98171
3861
98144
98137
3617
2169
98145
98132
74398
98126
98067
98047
98038
74402
12164
98033
12163
98032
94817
74391
94617
94611
2603
12157
94609
12154
74393
74371
94601
74380
74386
94622
94617
74384
94594
239
54
74381
73980
73982
73979
94612
73977
12125
94470
94450
94443
73946
73955
73953
94437
364
94369
94392
2600
94366
73937
91409
91389
952
73937
1449
3206
1438
73943
91398
12123
90867
3207
73895
90870
12114
3615
3613
944
90864
73887
2599
73883
2949
2598
90871
2574
73890
90836
90821
90818
90816
90815
90842
73871
73858
90794
3206
90722
90755
73881
12115
90717
90648
90618
73874
73846
90655
90614
73867
90552
11960
90560
90576
73866
73847
73863
90535
73785
11808
73805
73738
90534
514
73733
146
73741
11808
73750
90506
73579
11805
69183
3609
68703
68683
68690
3580
1436
90522
68692
90505
2575
3204
90504
68663
90488
68679
90518
68638
90483
90450
90472
90481
11807
90480
68639
11807
90462
68631
68634
90455
90472
90457
68642
68625
4404
2885
90455
68631
90454
68616
90442
90446
90374
90371
90346
90357
112
90357
90344
68573
68570
90332
4403
68509
1360
68527
68463
90354
90335
68502
68442
90334
90332
11788
68444
4367
90344
90341
4358
68457
90373
90334
11783
90306
68402
68410
90312
90268
90227
68386
68400
90271
90259
68399
90258
90266
90265
90256
1034
90116
10744
4361
1362
90090
68387
90094
3202
90133
90085
68342
68357
68118
2567
90128
82783
79
82766
82764
82733
82767
68077
82742
68122
68036
4348
2549
68046
68034
718
68050
67968
67952
4349
67956
82620
82663
4346
67940
67933
82594
709
82607
67928
81557
81582
717
81576
67817
81608
81560
53123
81548
81525
81566
10745
1031
10747
81508
365
81538
81508
53092
81496
81537
10746
81455
10737
81453
53084
7316
593
81145
81153
53106
307
53076
53071
10735
81089
81072
634
81102
79133
79142
79114
4348
53088
3579
79129
74331
10727
53094
53036
14707
74316
74315
74323
14700
74317
14698
1945
74313
74298
68
73808
73468
10728
73470
73467
2885
1338
73424
73495
73458
14382
51911
360
51908
51893
73246
51920
73244
73237
51829
14379
73274
10723
51847
72669
72553
72566
72553
72430
4787
510
4784
629
51833
14377
2575
51812
72377
72371
72405
72354
72299
51816
72340
72346
51816
72109
72079
4781
72032
3579
14365
72066
2474
72013
51793
14371
7326
71997
485
72023
44915
71806
14364
71816
71823
68121
68113
3690
44885
3689
1944
3686
1032
68107
44895
68106
68157
68137
44886
68117
14343
3679
44877
4776
68061
7319
68065
68128
68092
68112
7324
14342
68090
44873
66393
66042
14341
64988
7318
44846
44846
14115
75
4776
388
64943
10720
1880
64976
64962
34
10719
64990
64963
44815
44831
13899
64954
10702
64954
6907
64975
64958
44810
64948
64943
44776
1839
64872
44741
7298
3674
13895
64921
64878
832
13886
7
44747
64886
64897
3678
64737
3672
363
64723
64677
4775
64726
64705
10707
64676
64603
44754
869
64665
64654
7297
2304
13874
7287
3578
44752
13873
64644
10672
1211
44726
44710
10676
44704
13752
44710
44677
44663
44636
44608
7284
44618
579
13752
44585
44590
44546
7281
2471
44552
64653
3576
64603
2304
44578
44588
6904
44460
626
64588
13729
6730
44428
44350
64618
2288
204
44321
64603
63402
13729
13692
31
4336
10648
63395
10654
44312
63378
63367
44293
63359
63347
21
44260
44298
1073
44290
2733
41545
73
63306
41581
357
41542
63328
63295
362
63305
40893
1207
1303
40890
6719
40852
40837
123
3569
40858
2731
63284
10642
433
63313
40729
218
40763
1028
207
63296
63216
40767
13676
6907
40753
10624
40736
4338
63288
923
10610
40760
97
6716
10622
40732
1306
40718
62996
62988
237
7717
467
62995
40735
40693
40739
62974
40731
62909
62963
40710
7710
7461
40717
1722
40654
16
62941
40549
2463
40612
10620
40587
831
40597
62857
62832
40605
3107
1562
40584
6904
40599
48
40574
62768
2727
66
7455
1177
62830
40424
40470
62839
62608
6357
4
6900
62573
62507
415
60559
60549
60517
4333
60519
60513
6258
2473
60519
40453
40448
40399
2005
6256
10596
60497
40394
395
2261
3569
60461
40359
2726
40358
7457
5970
65
10381
10130
40228
348
40217
556
4328
60469
6234
60365
3548
60429
158
2002
6234
60433
10087
10087
60396
60415
60393
10076
40177
673
60385
10029
40208
60384
7454
1138
2858
7445
40180
60367
3548
40190
2447
40190
40164
6237
40163
2852
211
3328
202
3314
449
40163
233
348
60377
810
6226
60366
2405
40164
2259
67
10028
1561
40160
60407
60367
5967
6225
3313
1995
55
24547
2469
759
4327
799
60363
15597
24065
225
4
2015
3327
7450
45014
3320
24030
4323
306
45030
416
220
6220
65
10025
468
44915
6171
347
24059
44962
4317
44976
15622
1205
44923
386
9975
24060
44824
4
1559
24017
44815
1717
44823
24051
44814
676
907
7350
44832
7349
310
44814
2467
15609
3314
5821
24047
15334
22206
44735
904
15342
2456
44773
15334
15586
15580
22143
5811
15349
29
5967
2012
159
1391
15582
22127
10529
44793
555
22116
9967
15577
44753
1546
5818
5820
21989
2275
21934
44792
1909
4793
21858
5963
9972
4316
905
21858
2364
9959
44741
5810
3674
44787
44707
465
44764
44706
21848
1381
25
1389
44728
5960
868
44720
44767
124
133
44692
38
1684
9970
44670
4301
21842
9948
44669
3307
14
2013
1386
44668
15575
4789
2805
44658
3
15564
10534
9943
44579
5695
21793
21837
44673
15275
2801
44563
259
9935
44536
44562
5959
1204
44560
5708
44560
44557
3413
1853
44553
2684
1672
21835
5958
6551
44563
867
44572
4287
8741
146
44532
433
1138
3417
4279
8724
21820
44485
265
44530
9941
4279
72
10554
1910
1906
44526
7886
44530
44315
21824
10529
287
1960
5955
9936
21720
1462
10542
4792
309
1072
44306
44385
834
21727
21695
10539
904
285
4274
26
44383
44389
7875
44375
44365
4792
3409
5960
78
5966
44279
21675
1378
584
1670
432
2267
1372
1135
4785
21697
9261
126
9260
21696
5946
1662
5954
10515
797
6550
10521
21702
2261
9271
1067
256
10507
21633
820
44346
10495
21585
10058
9239
7880
9221
44337
10046
2252
44229
44317
6541
44314
21642
21598
44307
201
21581
3296
21631
44299
3313
1232
7866
1410
21599
10045
5910
808
791
2683
477
1229
1017
44298
9242
9232
1659
21549
9241
8618
4272
21589
44200
44159
44184
309
44154
21581
8611
331
44047
10041
320
129
10029
44136
10033
1203
1854
21587
8617
44151
5906
21466
44150
1427
2481
678
6525
44173
1380
44084
44143
5917
21472
21088
7834
44118
3406
2214
5951
498
2688
21079
44102
44012
274
634
10017
44100
10007
1851
2480
5693
499
44096
1077
657
230
44047
44050
4781
1320
21078
7876
21051
1989
7830
44052
1229
6198
44033
3408
12838
780
44022
43975
12838
4776
42329
4264
42317
10380
5951
4206
42338
393
5633
629
4213
452
4786
5683
5950
3408
8215
5623
1405
4782
8211
5643
5639
1304
9996
453
244
10384
42310
19
4783
42267
3398
4199
42349
6123
1426
33801
557
124
3291
9995
9045
8195
33786
745
33776
9979
570
1083
33784
2480
9040
4776
8533
27760
629
1378
9987
699
493
1650
1404
7872
64
9015
9031
7866
8205
27792
5976
5941
5698
921
9965
8529
1357
719
205
2480
1987
27728
575
1368
414
8192
5961
27789
5921
222
5941
26207
2188
540
5920
26217
147
11
619
1128
4779
573
1850
26220
23
236
5972
5635
5690
4190
1322
26197
26195
26214
2182
168
1059
9973
4772
5855
1919
26165
20180
288
233
8176
5925
8174
723
1917
744
20217
9026
172
1645
8
2452
2445
1874
493
7865
678
5931
61
8528
128
7845
699
924
2685
46
673
5466
1581
8500
7845
5978
1543
1220
9016
20203
19310
1052
1400
9961
882
8093
746
5467
1849
19273
671
19312
19310
19308
1873
5696
9004
5689
8061
7116
7824
8523
19306
7125
909
438
2451
19249
686
5688
5882
7119
8695
3282
1044
22
5459
5974
5913
36
48
17
231
5632
5623
1367
5880
743
742
5970
1311
5927
814
8514
2431
9960
9943
5598
2749
5603
1128
5879
584
58
5932
9003
73
584
5909
5963
2370
3280
676
8977
5457
2149
1848
5938
5945
8984
503
7841
5929
4763
204
5695
5056
5943
9970
10592
2773
469
8388
5461
10573
10435
5878
5681
537
3282
5973
7136
5307
348
2765
2435
573
2682
9959
623
3
887
2395
5848
5966
582
2351
7139
9958
2142
239
64
2385
9921
9935
152
215
10458
10293
2374
2440
8381
8983
1967
235
215
4179
7136
5872
5907
5900
2677
5548
122
5285
1843
8974
396
10317
1970
5848
2205
2206
834
2752
21
855
7123
717
8947
2754
5867
3278
5883
5543
363
8380
4
1956
5058
5856
7110
5810
623
1920
2747
2395
5063
10292
2384
10270
8814
2761
8353
1299
4761
532
5295
3279
5261
4180
47
148
2759
5834
5850
903
8947
3
199
1566
8946
1568
227
59
10
2149
334
430
233
2629
11
9933
3241
8632
883
8821
576
815
5848
4766
226
3253
325
4738
9900
944
59
8602
239
2627
5248
1126
2623
497
652
5796
2146
5551
52
8344
325
8607
1831
2610
4
1696
5934
289
2198
571
1828
8825
8728
5855
9931
9915
335
8717
16
124
9899
5942
4728
8331
4732
2206
1459
8341
939
223
8336
4731
4715
7121
7116
671
8715
1949
5547
5798
1323
5867
2600
5246
1794
2981
1641
468
1914
1826
218
1283
8701
761
5430
722
5419
1365
1539
4365
2747
5427
8343
4364
1127
249
35
104
1465
9899
504
856
123
2094
1108
35
5842
8298
452
5417
2331
5820
8353
1464
675
8311
598
794
13
2273
8318
5800
14
93
8684
1290
371
8668
60
201
1018
5863
250
5259
41
5828
5
5412
5865
9895
3215
986
28
8279
5815
5855
4
5810
1923
850
8348
3218
9895
7114
4682
709
874
5794
4173
1014
5854
5855
900
8686
374
65
427
4674
319
535
8298
9886
8320
7115
9
7112
8314
6092
4681
41
9
438
1438
5924
183
360
662
5387
1043
8280
4173
4177
327
831
5801
5399
6114
5385
2184
792
763
8409
5396
5802
1335
7108
5807
6091
2739
2987
2397
346
5856
45
2984
8261
495
8416
5866
5254
54
4673
5854
8305
2325
3761
8315
46
1465
1042
1914
5982
683
5853
17
5844
5242
670
1457
621
5851
7722
1279
621
637
1140
1022
5813
5774
5773
2378
7116
7375
43
361
228
7108
53
763
5407
54
5808
2373
201
8285
5905
283
14
226
922
5809
4639
1447
5443
182
842
5808
6
8288
4628
7219
8289
5403
634
704
4642
2181
43
7692
2091
197
711
673
273
902
308
836
1821
1540
1912
542
2169
195100
195100
195099
195099
195098
195096
195095
195095
195094
195093
195092
195092
195091
195090
195090
195088
195089
195087
195088
195088
195088
195085
195087
195084
195083
195081
195079
195083
5
195082
195081
195076
195082
195074
195074
195072
195081
195076
195079
195069
195077
195066
195071
195066
195068
195065
195062
195061
195062
195061
195061
195059
195060
195059
195057
195057
195060
195054
195060
195058
195057
195073
195062
195048
195057
195052
195059
195051
195055
195048
7
195048
195046
195044
195043
195054
195041
195052
195039
195037
195048
195033
195046
195043
195032
195031
195038
195033
195028
195047
195027
195025
195037
195021
195020
195018
195029
195020
195016
195015
195019
195035
195012
195015
195015
195036
195013
195035
194995
195013
195016
195006
195017
195021
195007
195008
195002
195019
195014
195007
195007
194996
194996
195024
195009
194990
194996
194992
195011
195002
195005
194990
194984
194988
194969
194986
194988
194984
194983
195000
194998
194980
194997
194979
194982
194980
194976
194975
195000
194984
194969
195008
194944
194967
194967
194966
194970
194963
194961
194960
194990
194962
194969
194960
194959
194957
194956
194954
194957
194952
194977
194951
194955
194962
7
194979
194997
194951
194950
194968
194947
194946
194945
194945
194945
194982
194960
194962
194941
194941
194918
194939
194916
194937
194953
194949
194934
194934
194932
194936
6
194930
194958
194954
194928
194926
194925
194938
194964
4
194930
194922
194932
194960
194919
194918
194934
194928
194938
194915
194965
194929
194912
194956
194931
194962
194935
194907
194906
194900
194904
194916
194903
194917
194901
194937
194917
194921
194865
194895
194894
194893
194894
194891
194891
194911
194910
194832
194909
194908
194888
194907
3
194912
194856
194886
194903
194902
194884
194883
4
194900
194885
194872
194897
194896
194919
194895
194893
194914
194927
194877
194844
194860
194917
194885
194904
194883
194920
194867
194902
194876
194887
194866
194906
194895
194871
194870
194869
194859
194866
194863
194879
194886
194847
194843
194842
194851
2
194850
194882
194882
194847
194840
194775
194846
194856
194844
194837
194846
194842
4
194836
194806
194841
194857
194856
194838
194831
194864
194887
194835
194900
194856
194852
194870
194837
194829
194822
194827
194813
194869
194821
194880
194820
194819
194818
194817
194816
194833
194874
194815
194813
194816
194813
194810
194812
194809
194845
194810
194841
194808
194857
194805
194804
194812
194802
194751
194799
194803
194835
194714
194857
194839
194794
194793
194792
194846
194803
194789
194789
194820
194789
194787
194790
194785
194784
194783
194784
194783
194781
194781
194833
194779
194808
194750
194777
194823
194775
194798
194717
194773
194840
194820
4
194770
194814
194768
194830
194765
194766
194796
194662
194648
194761
194760
194759
194840
194764
194787
194669
194788
194759
194790
194768
194686
194832
194753
194751
194685
194792
194820
194782
194747
194624
194744
194806
194792
194742
194740
194823
194739
194738
194736
194734
5
194733
194736
194733
194732
194739
194733
194732
194729
194754
194779
194794
194723
194721
194758
194724
194719
194782
194715
194720
194712
194719
194779
194717
5
194717
194710
3
194582
194758
194706
194705
194733
194703
194702
194718
194701
194711
194765
194698
194756
194738
194694
194710
194693
194706
194730
194637
194702
194703
194720
194687
194690
194685
194590
194643
194700
194603
194682
194771
194697
194782
194678
194741
194676
194692
194730
194670
194728
194670
194669
194537
194667
194698
194687
194686
194685
194711
194764
194655
194661
194681
194681
194558
194698
194656
194676
194739
194675
194747
194670
194669
194652
4
194651
194650
194649
194668
194648
194656
194645
194689
194652
194567
194641
194686
194639
194638
194662
194661
194637
194716
194720
194578
194704
194632
194631
194630
194695
194652
194626
194617
194648
194459
194628
3
194645
194626
194617
194662
194616
194640
194612
194659
194611
194639
194520
194501
194679
194687
194606
194697
194604
194616
194666
194730
194694
194487
194643
194674
194584
194596
194596
194626
194595
194647
194619
194592
194420
194613
194589
194543
194621
194653
194460
194581
194585
194549
194709
194614
194619
194612
194404
3
194611
194610
194701
194576
194574
194607
194606
194574
194606
194578
194604
194615
194572
194602
194647
194582
194406
194600
194598
194663
194623
194513
194631
194408
2
194593
194640
194563
194592
194651
194643
194588
194659
194608
194384
194583
194617
194612
194580
194570
194556
194528
194594
194583
194658
194549
194572
194546
194565
194545
194544
194542
194525
194541
194650
194642
194611
194537
194508
194576
194564
194563
194628
194570
194530
194660
194458
194556
194602
194526
194466
194524
194555
194522
194553
194615
194520
194344
194467
194556
194542
194349
194511
194414
194482
194614
194536
194463
194507
194535
194474
194640
194356
194532
194585
194526
194533
194496
194524
194572
194521
194493
194491
194531
194518
194557
194517
194569
5
194539
194483
194567
194510
194563
194493
194507
194550
194478
194477
194506
194509
194489
194474
194548
194472
194503
194502
194580
194500
194325
194252
194468
194497
194325
194466
194495
194494
194493
194509
194367
194349
194347
194228
194461
194460
194492
194494
194429
194456
194455
194298
194488
194536
194452
194394
194483
194482
194451
194443
194442
194338
194536
194432
194438
194446
194238
194474
194468
194530
194466
194465
194490
194435
194464
194446
194432
194520
194473
194454
194458
194457
3
194430
194478
194429
194429
194274
194427
194425
194457
194461
194420
194528
194419
194418
194448
194411
194354
194465
194411
194443
194556
194147
194466
194530
194449
194229
194403
194401
194435
194145
194499
194470
194430
194397
194339
194430
194133
194395
194429
194428
194393
194477
194425
194501
194422
194481
194328
194166
194418
194390
194474
194513
194415
194472
194413
194296
194384
194415
194409
194381
194173
194288
194390
194430
194439
194399
194398
194397
194463
194395
194394
194478
194393
194373
194492
194392
194403
194418
194098
194367
194338
194364
194424
194386
194362
194121
194384
194447
194356
194381
194360
194204
194358
194357
194356
194356
194233
194433
194376
194376
194281
194375
194352
194371
194367
194348
194348
194346
194161
194280
194343
194380
7
194342
194079
194414
194341
194367
194410
194406
194339
194272
194414
194371
194362
194361
194462
194334
194333
194330
194329
194328
194416
194327
194419
194354
194181
194353
194355
194175
194351
194323
194202
194285
194320
194326
194441
194337
194346
194367
194341
194340
194400
194135
194336
194311
194335
194335
194152
194333
194308
194310
194333
194307
194263
194380
194329
194325
194329
194369
194234
194299
194241
194346
194322
194378
194296
194320
194294
194087
194292
194077
194290
194290
194266
194326
194426
194315
194314
194313
194397
194310
194287
194286
194285
194366
194057
194281
194166
194309
194307
194396
194278
194281
194333
194274
194392
194302
194361
194209
194325
194259
194269
194268
194267
194266
194297
194309
194321
193952
194261
194329
194290
194260
194260
194258
194258
194145
194019
194255
194387
194254
194289
194275
194289
194146
194287
194153
194287
194286
193917
194250
194068
193960
194249
194281
194302
194247
193941
194279
194278
194246
194250
194245
194276
194245
194279
194274
194172
193951
194026
194328
194242
193869
194240
194239
193875
194361
194268
194267
194150
194285
194235
194265
194264
194234
194263
194091
194232
194174
194247
194288
194228
194261
194260
193967
194309
194021
194344
194226
194066
194253
194290
194251
194306
194251
194102
194344
194303
194267
194271
6
194336
194128
193933
194335
194215
194047
193824
194240
194210
193915
193805
194344
194236
194231
194235
194234
194231
194277
194100
194229
194305
194099
194199
193874
194198
194290
194223
194222
194007
194221
194195
194220
194219
194194
194064
194192
194191
193775
194190
194218
194205
194216
193768
193771
193845
194071
194272
193969
194226
194033
3
193935
194183
194216
193968
8
193962
194215
194214
194148
194179
194223
194177
193886
194212
194210
194211
194177
194176
194188
193948
194175
194234
193771
193782
194255
194165
194197
193804
194162
193862
194167
194264
194158
194157
194018
194195
194071
193936
193727
193857
193952
194234
194186
194185
194145
194075
194183
194181
194180
194166
194219
194178
193779
194014
194201
193775
194176
194150
194181
194173
194139
194220
194170
194137
194186
194136
7
194133
194168
194129
194164
194227
193667
194267
194278
194122
194158
194153
193974
194116
193952
194154
194134
194110
194109
194143
194142
194107
194196
193952
193925
194138
194134
194118
194039
193928
194208
4
194129
194101
193877
194099
194098
193892
194066
194094
194127
194093
194093
194126
194125
194150
194094
194129
194121
194092
193786
194200
194118
193714
194117
193953
194147
194113
194089
194113
194088
194087
194086
193879
194083
193807
194079
4
194079
194206
194051
194077
194107
194076
194106
194105
194077
194104
194147
194102
193782
194100
193993
194178
5
194161
193859
194086
194070
193637
194138
194068
194127
194092
193714
194091
194112
193592
194168
194063
193567
194107
194060
194135
194116
194080
194053
194116
194051
194078
193829
194077
194049
194047
193755
194076
194075
194073
193672
193965
194069
194069
194044
193744
6
193738
194042
194066
193880
194145
194040
193913
193909
5
194038
194095
193567
194061
194037
194035
194059
194034
194033
193887
194079
194032
194031
193716
194054
194037
193950
194052
194024
194051
194019
193518
193639
193734
193767
194018
193988
193968
193944
193945
194094
193485
194037
193789
194007
194036
194006
194102
194006
194099
5
194066
194150
193712
194002
193714
194032
193576
194002
194001
194018
193987
193750
194115
194015
193994
194015
193975
194008
193975
193568
194007
193973
194054
193971
194086
194001
193969
193969
193530
194004
193968
193965
194094
194001
193546
193964
194001
193940
193998
193997
193662
193799
193816
193656
193959
193423
193958
193625
193986
193747
193996
193982
194009
193956
194053
193941
193733
193962
193990
193953
193474
193989
193770
193812
193815
193934
193682
193943
193729
193924
193979
193848
193897
193977
193946
193977
193977
193402
193565
193579
194002
193889
193937
193936
193933
193942
193841
193972
193641
193929
5
194047
193585
193997
193925
193924
4
193967
193838
193878
193923
193792
193323
193963
193396
194007
194000
194014
193435
193884
193958
193916
193899
193956
193955
193500
193916
4
193917
193730
193502
193953
193939
193416
193914
193864
193910
2
193405
193651
193908
193318
193727
193946
193945
193778
193900
193441
193914
193937
193267
193936
193369
193935
193454
193895
193957
193895
193742
193894
193893
193894
193972
193929
193892
193942
193938
193926
193926
193891
193890
193687
193887
193924
193607
193607
193885
193834
193927
193598
193920
193835
193885
193883
193920
193539
193883
193913
193881
193880
193843
193659
193879
193742
193503
193878
193877
194001
193966
193731
193914
193721
193896
193835
193972
193521
193907
193652
193907
193872
193871
193908
193620
193481
193935
193906
193905
193869
193868
193867
193402
193916
193367
193395
4
193903
193231
193922
193609
193523
193900
193861
193899
193860
193601
193876
193834
193326
193903
193189
193341
193431
193689
193234
193313
193475
193837
193852
193861
193889
193385
193842
193726
193903
193447
193782
193879
193426
193836
193835
193834
193609
193834
193876
193729
193830
193435
193829
193717
193336
193828
193827
193854
193825
193873
193592
193830
193866
193164
193829
193887
193392
193541
193862
193861
193890
193276
193253
193231
193190
193450
193568
193857
193861
193094
193493
193806
193805
193853
193601
193804
193856
193785
193804
193170
193267
193855
193855
193165
193799
193798
193469
4
193209
193797
193736
193850
193216
193859
193499
193850
193321
193346
193146
193690
193846
193842
193841
193842
193839
193384
193789
193301
193287
193427
193307
193836
193720
193710
193093
193131
193509
193181
193833
193533
193664
193832
193782
193781
193028
193831
193824
193828
193779
193827
193779
193778
193220
193771
193209
193770
193227
193820
193406
193819
193818
193817
193773
193816
193815
193815
193772
193625
193830
193813
193769
193262
193767
193734
193813
193766
193507
193812
193765
193499
193089
193286
193765
193765
193427
193688
193404
193809
193807
193806
3
193763
193806
193805
193804
193741
193327
193084
193573
5
193554
193838
193760
193760
193759
193423
193573
193395
193788
193748
193747
193788
193423
193744
193784
193810
4
193782
193351
193240
193121
193742
193742
193195
193783
193782
193343
193780
193133
193739
193738
193778
193549
193778
193206
193007
193775
193775
193772
193772
193732
193004
193540
193769
193768
193031
193645
193729
193728
193046
193803
193727
193765
193728
193727
193041
193733
193763
193752
193403
193761
193724
193759
193724
193723
193494
193759
193720
193753
193485
193752
193302
193122
193750
193749
193018
193525
193713
193712
193109
193772
193709
193576
193352
193566
193706
193160
193607
193703
193744
193373
193404
193698
193022
193164
193743
193164
193055
193743
193742
193064
193742
193738
193277
192926
192969
193334
193693
192937
192866
193733
193732
193762
193690
193732
193691
193690
193019
193733
193188
193686
193732
193685
193427
193731
193446
193554
192867
193659
193730
7
193685
193457
193173
193686
193685
193681
193727
193742
193724
193742
193268
193259
193034
193356
193614
193296
193676
193274
193675
193502
193719
193643
193548
193718
193120
193673
193672
193717
193597
193715
193674
192982
193671
192777
193715
192829
193668
193667
193396
193666
193713
193665
192979
193665
193664
193005
193549
193487
193009
193714
193334
193305
192824
193710
193532
193677
193708
193256
192748
193658
193706
193657
193706
193656
193656
193394
192882
193094
193307
192997
193655
193394
193653
193707
193706
193652
193651
193651
192738
193581
193328
192899
193708
192816
193706
193650
192926
193649
193705
193276
196013
196013
196010
196009
196009
196008
196009
196009
196005
196003
196004
196007
196002
196002
196002
195999
195995
195999
196001
195997
195996
195993
195992
195995
195993
195994
195987
195992
195986
195988
195978
195979
2
195988
195979
195980
195989
195981
195980
195985
195977
195978
195968
195963
195962
195963
195978
195964
195976
195968
195962
195969
195970
195972
195950
195960
195966
195958
195943
195942
195955
195962
195940
195944
195953
195935
195952
195949
195948
4
195941
195934
195948
195956
195944
195939
195954
195926
195950
195954
195926
195922
195941
195947
195946
195927
195911
195926
195923
195947
195912
195913
195947
195931
195942
195919
195908
195919
195921
195921
195909
195906
195932
195904
195904
195894
195888
195932
195932
4
195893
195925
195921
195916
195923
195899
195927
195901
195891
195910
195888
195903
195888
195918
195873
195908
195893
195900
195885
195857
195909
195893
195901
195876
195870
195886
195868
195899
195848
195860
195854
195849
195868
195860
195848
195847
195882
195863
195852
195849
195874
195838
195831
195869
195838
195861
195859
195847
195885
195851
195898
195836
195864
195845
195880
195860
195824
195868
195895
195845
195847
195810
195816
195806
195829
195881
195806
195802
195847
195889
195860
195815
195811
195815
195800
195824
195812
195856
195809
195801
195856
195855
195878
195838
195845
195807
195811
195846
195783
195843
195813
195788
195837
195868
195785
195818
195832
195776
195831
195762
195787
195796
195762
195825
195786
12
12
195818
195754
195834
195828
195845
195816
195838
195774
195786
4
195803
195814
195791
195821
195846
195758
195739
195778
195744
195735
195833
195734
195726
195763
195781
195815
195752
195824
195759
195771
195782
195781
195781
195781
195825
195831
195712
195728
195724
195763
195743
195755
195730
195697
195759
195743
195709
195717
195685
195759
195724
195698
195713
195682
195753
195727
195795
195709
195785
195775
195718
195709
195685
195727
195716
195683
195745
195698
195673
195675
195774
195721
195697
195751
195709
195681
195724
195795
195668
195747
195733
195680
195738
195795
195782
195725
195643
195772
195780
195692
195704
195740
195722
195774
195663
195721
195771
195707
3
195764
195628
195706
195710
195653
195626
195740
195764
195765
195713
195755
195625
195676
195745
195648
3
195729
195768
195640
195652
195652
195702
195741
195681
195620
195659
195691
195671
195641
195645
195759
195711
195611
195670
195669
195748
195746
195596
195714
195752
195617
195752
195612
195752
195612
195646
195669
195673
195630
5
195755
195574
195588
195724
195730
195697
195588
195710
195699
195564
195674
195722
195660
195676
195656
195568
195726
195726
195679
195682
195667
195680
195655
195583
195718
195571
195645
195653
195616
195677
195585
195676
195625
195567
195556
195581
195664
195643
195680
195650
195664
195669
195609
195617
195579
195697
195666
195653
195645
195546
195519
195698
195625
195580
195704
195514
195616
195537
195532
195547
195677
195593
195690
195538
195698
195617
195678
195521
195637
195666
195506
195526
195648
195572
195499
195661
195624
195678
195523
195482
195611
195693
195600
195548
195513
195587
195681
195498
195546
195575
195479
195511
195521
195571
195537
195520
195523
195684
195639
195637
195589
195603
195634
195586
195599
195570
195531
195644
195447
195667
195608
195647
195585
195484
195460
195618
195594
195463
195448
195528
195662
195613
195634
195537
195453
195564
195543
195632
195439
195457
2
195470
195504
195527
195458
195576
195445
195578
195502
195455
195586
195586
195636
195558
195583
195656
195506
195545
195626
195537
195408
195394
195616
195477
195435
195493
195399
195403
195412
195526
195584
195632
195448
195465
195569
195435
195371
195573
195376
195385
195435
195412
195382
195584
195621
195528
195528
195451
195496
195365
195467
195506
4
195352
195572
195513
195488
195538
195533
195481
195397
195447
195516
195575
195455
195514
195490
7
195496
195454
195567
195361
195544
195504
195451
195581
195336
195399
195507
195456
195541
3
195504
195349
195433
195351
195531
195457
195568
195596
195319
195561
195533
195492
195544
195326
195463
195556
195458
195396
195483
195532
195509
195535
195475
195368
195514
195528
195512
195465
195474
195329
195284
195426
195478
195553
195438
195505
195396
195456
195309
195490
195306
195438
195412
195495
195506
195534
195483
195266
195286
195378
195539
195506
195354
195381
195351
195537
195270
195396
195266
195561
195554
195529
195538
195523
195466
195325
195405
195537
195479
195383
195277
195512
195458
195442
195312
195336
195232
195400
195403
195543
195451
195241
4
195232
195281
195307
195542
195231
195385
195404
195384
195358
195317
195370
195446
195414
195508
195518
195372
195499
195502
195497
195313
195232
195207
195497
195436
195507
195459
195244
7
195432
195206
195503
195456
195295
195494
195465
195329
195261
195217
195423
195205
195493
195267
195423
195327
195348
195276
195443
195402
195325
195194
195276
195401
195343
195345
195358
195339
195434
195277
195343
195259
195161
195195
195398
195326
195273
195214
195186
195214
195255
195254
195391
195352
195348
4
195144
195196
195424
195491
195279
195239
195383
195215
195360
195389
195326
195130
195315
195239
195208
195380
195409
195174
195256
195285
195307
195345
195398
195250
195129
195440
195185
195116
195397
195126
195460
195225
195238
195341
195388
195478
195216
195157
195240
195366
195463
4
195321
195308
195115
195246
195100
195200
195140
195221
195177
195091
195138
195403
195236
195111
195400
195283
195096
195338
4
195387
195097
195192
195242
195424
195057
195076
195198
195293
195291
195053
195113
195366
195388
195236
195183
195068
195143
195141
195139
195433
195340
195151
195339
195244
195138
195275
195378
195075
195080
195288
195346
195384
195190
195384
195325
195106
195151
195396
195125
195280
195092
195219
195070
195236
195293
195230
195053
195093
195181
195239
195131
195033
195258
195163
195189
195168
195391
195310
195212
195340
195142
195418
195293
195381
195302
195238
195247
195009
194986
195388
195102
195173
195311
195337
195093
195156
195290
195074
195021
195040
195090
195089
195310
195146
195279
195331
195249
195376
195260
195210
195020
195276
195291
195090
195161
195202
195357
195168
195203
194971
195279
195355
195237
195064
195080
195047
195324
195219
195094
194971
195092
195287
195021
195026
194999
195158
194970
194941
195268
195378
195220
195064
195350
195198
195330
195085
194989
195043
195142
195289
194960
195234
194955
194964
195318
194961
195011
195183
195226
194937
195000
195225
195357
194985
194900
195295
194912
194918
195252
195352
194930
194956
195149
195289
195240
194919
195048
195161
194952
195235
195188
195146
195240
195035
195333
195181
194982
195026
195343
195019
195194
194869
195340
195187
194908
194880
195001
195308
194902
195051
195097
194973
195302
195046
195015
195227
195007
195176
194947
195198
194885
195188
195073
195266
195011
195149
194991
194972
195252
195280
195083
194816
195095
195207
195276
195104
194837
195212
195030
194809
194994
195176
195221
194953
195155
195111
194984
195177
194821
195263
195172
194914
195121
195101
194857
194956
195263
195043
194947
195192
194858
195035
194848
195027
194991
195166
194992
195089
195109
194816
195269
194810
195171
195007
195244
195167
194854
195127
194987
194756
195149
195183
195174
195080
195041
194856
194874
195155
194958
10
195120
195254
195180
194803
194761
194901
195218
194754
4
194970
195054
195213
194820
195086
195055
194742
195216
195048
195097
194886
195014
195215
195165
195218
194991
195182
194935
195002
194829
195205
194879
6
194930
195092
194826
194968
194997
194905
194768
195239
195131
194978
194833
195033
194897
195197
195140
194871
195139
195020
194725
194956
194773
194985
195153
194989
195189
195074
195186
194838
194788
194889
195107
194761
194972
194678
195125
194880
194780
195007
195141
195083
194907
194987
194747
195086
3
195140
195088
195191
194863
194745
194860
195189
194979
194919
195112
194856
194875
194857
194756
195083
195147
194826
195095
194745
194777
195073
194770
194984
194888
194874
195048
195075
195048
195107
194646
194987
195152
194986
195076
195097
194958
195113
194899
194996
194893
195137
195040
194756
194622
194905
194916
194646
194943
194975
195155
194671
195133
194709
195085
194817
194776
194947
194806
194735
194841
194572
194620
194672
194793
195141
194624
195138
195105
194885
194597
194742
194799
195104
194808
194942
194873
194841
194641
194806
194771
194985
194934
195041
195096
194608
194821
194860
194930
195111
194652
194548
194543
195080
195121
194782
194705
194809
195107
194730
195095
194698
194959
194902
194928
194664
194786
194686
194936
194624
195038
195081
194746
194908
194731
194613
194840
194642
194614
194627
194839
194613
194632
194547
194578
194492
194843
194904
195034
194684
194543
4
195065
194969
195027
195083
194735
194657
194754
194853
194721
195021
194953
194889
4
194491
194951
13
194855
195080
194534
194462
194610
194926
194795
195011
195091
194672
194798
194937
194615
194806
194710
6
194929
194847
194982
194458
194913
194735
194630
194498
195039
194467
194446
194793
194911
194631
194628
194796
194499
194573
194786
194654
194594
194614
194810
195029
194935
194500
194519
195027
194513
195032
194673
195019
194998
194830
194440
194764
194761
194811
194785
194512
194585
195002
194494
194563
194600
194450
194507
194987
194752
194454
194560
194935
194704
194665
194608
194433
194825
194797
194605
194915
194723
194918
194744
194861
194861
194383
194386
195039
194561
195034
194939
194578
194413
194821
194708
195001
194463
194917
194899
194886
194415
194715
194732
194965
194988
194396
194515
194909
194498
194400
194362
194484
194421
194451
194535
194916
194360
194839
194870
194564
194959
194513
194469
194512
194488
194734
194872
194509
194644
194949
194761
194691
194610
194660
194905
194434
194994
194870
194961
194602
194330
194634
194648
194904
194512
194926
194344
194643
194785
194606
194622
194889
194975
194834
194652
194679
194406
194789
194647
194437
194434
194360
194310
194564
194367
194686
194905
194750
194403
194520
194814
194296
194351
194570
194836
194648
194687
194863
194763
194310
194834
194322
194606
194602
194648
194348
194702
194479
194651
194319
194331
194845
194609
194966
194814
194659
194590
194718
194879
194847
194870
194712
194627
194493
194385
194944
194417
194815
194746
194842
194863
194434
194246
194741
194843
194874
194728
194886
194334
194716
194270
194310
194754
4
194467
194402
5
194888
194729
194449
194414
194445
194680
194277
194543
194202
194869
194385
194254
194622
194367
194920
194898
194515
194261
194524
194534
194465
194736
194310
194840
194860
194702
194610
194496
194890
194311
194418
194245
194804
194346
194925
194229
194207
194536
194903
194647
194293
3
194898
194527
194612
194817
194828
194301
194521
194692
194351
194712
194236
194314
194387
194573
194500
194373
194888
194311
194631
194620
194452
194666
194254
194596
194845
194813
194459
194345
194211
194228
194212
194517
194298
194876
194258
4
194590
194224
194658
194791
194677
4
194622
194303
194692
194105
194408
194539
194798
194286
194864
194242
194381
194589
194353
194501
194348
194109
194201
194192
194241
194800
194580
194760
194213
194119
194264
194411
194606
194550
194849
194255
194267
194768
194078
194591
194734
194797
194181
194638
194265
194831
194493
194775
194565
194809
194300
194668
194428
194803
194782
194625
194100
194439
194153
194102
194685
194440
194593
194495
194352
194574
194759
194161
194474
194443
194166
194044
194544
194336
194467
194113
6
194147
194494
194184
194332
194436
194730
194156
194735
194253
194265
194217
194519
194669
194380
194600
194279
194651
194123
194018
194741
194412
194580
194075
194327
194662
194009
194169
194148
194232
194300
194149
194151
194273
194606
194440
194228
194319
194373
194607
194442
194417
194277
194266
194559
194642
194360
194031
194430
194750
194805
2
194577
194679
193968
193958
194445
194052
194020
194283
194209
194238
194722
194112
194379
194440
194323
194397
194297
194304
194329
194188
194182
193987
194099
194380
194220
194694
194458
194208
194048
194684
194740
193995
193980
194200
193922
194093
194056
194575
194581
194273
194123
194551
194207
194261
193905
194073
194508
194663
194360
194166
194589
194325
193981
194054
194697
194224
194651
194101
194723
194195
194590
194083
194155
194188
194680
194467
194124
194414
194073
194316
194291
194681
194016
194439
193885
194062
194313
193869
193930
193997
194364
194372
5
7
194194
194684
194637
194502
194350
194400
193858
194505
194365
194300
194227
194241
194298
193927
194214
194591
194374
194272
194392
194582
194329
194452
193871
194728
194439
193881
193914
194632
193929
194402
194175
193937
194709
193905
194314
194402
194376
194502
194371
194670
194142
194588
194329
194389
194242
194702
194258
194035
194661
194588
193802
194246
193883
194593
193860
194697
194562
194279
194060
194680
193878
194016
194369
194599
194050
194313
194222
194081
193967
194179
194175
194062
194411
194421
193889
194214
194162
194369
194443
194624
194235
194208
194395
194372
194121
194679
194316
194365
193809
194490
194370
194586
193862
194273
193795
194621
194009
194097
193847
3
194611
194404
194142
194497
193911
194576
194139
194245
194107
193808
193800
194093
194048
193735
194588
194199
193817
194623
194004
194381
194624
193852
193932
194532
194579
194523
193996
194032
194054
193943
194564
194534
194493
193813
193853
194151
194217
194423
194614
193893
194377
194018
194332
193929
194553
194224
194225
194631
194628
194527
193737
194477
194564
194305
194090
3
194083
194440
194157
193958
193713
194207
194120
194083
194544
193687
194430
194041
194555
194426
194617
4
194020
194587
194568
194484
193908
194459
194069
194068
193819
194180
194470
194332
193709
193803
194439
194439
194013
194269
194188
193923
193771
194415
193848
194024
193785
193812
193858
194327
194308
193842
194304
194236
193822
194388
