4999
2499
4996
2495
2493
4993
2489
2486
1
4986
2480
2480
2479
4981
3341
2471
2468
2
4974
2464
4
2461
4967
2
2454
4961
0
4957
2
2445
2441
4954
2
2436
4951
2431
2427
2426
2424
3334
2422
4936
4936
2414
3332
3331
4929
3332
0
4931
2399
2399
2396
2394
2
1
5
4917
2383
4906
2380
2377
1
3333
3
4897
4891
2
4898
4895
3
6
2360
3324
2
4880
0
2350
4871
2342
4876
4879
2337
4
2334
2329
4866
2326
3324
3317
4855
3319
4857
4848
2313
3
2309
2306
4841
1
4845
2299
2
2297
6
3311
2293
2
2286
2281
2281
2278
3
4814
2272
1
4819
5
2267
2263
2259
4814
7
2257
2252
4
2
4801
7
3309
2245
2238
2236
6
2233
4791
3301
2229
4783
2223
2221
3314
5
2219
0
4786
3298
2
2209
4756
2
2202
4
2196
3300
2193
3
2190
4741
2183
4
2
3300
2180
2173
2171
2
3
2168
4747
4
2161
3308
4740
2153
2149
2148
3
2145
4706
2
2141
2135
4720
2132
4712
2129
2125
4718
2124
3290
4702
4682
3282
2115
2110
2
4699
2104
4678
2100
2099
3285
2097
2091
2091
4
2088
2086
2082
1
2080
2075
2074
3287
3303
2
4666
2063
2061
1
2060
2057
2053
4661
2051
1
2
4634
3
2043
2039
2037
2033
2032
2030
2027
4620
2025
5
4
2023
3306
3
2017
4622
2008
4606
2
3274
2005
3291
1998
6
4612
3269
1992
1986
1984
1981
1982
4578
1979
3
3271
4597
3256
3
4586
1964
3269
4567
4594
3294
2
4581
3252
1948
4557
4588
4564
1938
4544
2
3
7
1935
8
1927
1923
1922
1918
4
3290
1915
3
3262
1911
1905
1903
1902
1897
1897
4518
1892
4513
3
1889
3260
3284
1884
4
1879
1875
3280
1872
1
2
3258
1868
1859
3249
4487
1854
6
1852
1849
3274
1845
1842
4494
1838
3272
4453
4488
2
3236
7
4463
3232
1823
1818
4442
4487
4453
1810
3235
1808
1805
2
3280
4429
4465
7
1794
4444
1789
1787
4
4455
1779
1778
1777
4422
1772
1771
1768
1766
4416
1762
1760
3269
3238
1759
1752
1752
4387
1746
4431
1741
1741
4392
3258
1
6
4385
1730
1
1727
1723
1719
1718
1715
3254
3208
1715
1707
4347
3251
4387
3218
6
1
4346
4
1
3
3259
1692
1
4
1681
4390
3233
4
1675
3229
1667
4327
4
1
1661
4364
4332
3
1652
1650
3227
1648
1642
2
1640
4324
1633
1632
4284
7
1630
2
1624
1621
1617
1617
3
4282
1610
1609
1
3202
7
1606
3272
1600
3266
4
1594
4250
0
1588
1584
1580
1578
4286
1574
1573
2
1572
1567
1565
1563
1561
1560
1556
1556
4265
1550
1547
1546
1543
1542
4269
1538
4243
4247
1532
3222
1529
4265
1523
4193
4212
1519
4189
6
1514
4253
1509
0
1
2
3221
1505
4219
1495
3264
4232
3
4
1
4207
4
0
4201
1475
1
1472
4198
1466
4192
1462
1462
1
1460
3206
1455
2
1450
1447
4178
1443
1439
3199
1439
1435
1431
1429
3178
4162
1
4140
1
4121
1415
3225
1416
5
1
4144
4128
1
3198
1402
4170
1394
3198
3
1394
4093
1386
3245
1383
3254
1378
4080
1
3230
3
4
2
3190
4103
4080
1357
4131
3217
1351
4075
4089
4
4091
1339
1337
4
1336
1331
4
1330
1326
1323
1323
1321
3150
1317
1314
1312
1310
3188
11
1308
4001
4060
1298
2
1296
3174
1292
4012
1286
1286
3241
1
1283
8
1277
3979
1269
3
3983
4011
3238
2
1262
4030
1254
4
3964
1248
3971
3226
1244
3968
1239
1237
6
1236
1230
3998
4
1228
1224
3982
4
3229
1217
3179
3173
1212
1208
4016
3984
2
1200
1197
1193
2
1192
3975
3980
1185
1182
4001
2
1177
4
4
1175
3134
3929
1164
1161
3963
3910
1155
1155
1153
3872
3977
1147
1145
3147
3
3
1143
1134
1134
1131
3962
1127
1124
1123
1
1
1
1120
5
4
1111
1106
1106
1104
1
1101
1097
3897
1093
1090
1
1088
1085
3
1082
1079
0
1
1076
1070
1069
1065
3155
1064
1061
1058
1057
3866
3176
1052
3228
1048
1046
3831
1041
1039
1036
6
4
1035
1028
3875
6
4
3215
1024
3802
1014
1011
3781
1007
3839
1006
1004
1000
3791
3845
6
3108
3841
989
3115
988
982
2
3110
3166
982
3775
3172
970
967
3842
962
962
0
958
2
2
955
949
946
3090
944
3
3740
936
3795
932
3757
3118
8
3725
1
922
918
3088
3717
4
2
5
3777
904
3720
3192
4
901
3779
3077
891
888
3772
885
3700
881
879
877
3782
1
873
3099
3661
1
3759
4
3747
3123
857
3671
3674
3166
5
1
3731
839
838
3729
834
4
3111
832
3659
825
823
9
820
4
3663
814
810
3641
3
3717
3718
3658
3645
797
795
3136
3726
789
786
785
783
780
3640
3687
3700
771
3
1
772
3
4
2
7
4
4
3703
750
1
749
744
1
3
3671
3683
3625
3597
731
730
3554
3188
725
1
2
720
3
3662
710
4
3633
0
5
3521
2
3
698
694
4
1
12
691
3195
3565
3574
3540
3497
3101
3042
672
666
664
663
5
661
1
3120
656
652
3099
5
649
641
2
641
3103
3480
1
3540
3492
3553
3467
622
2
620
616
614
612
610
610
608
605
602
602
600
3
595
593
591
3025
3531
1
584
580
3532
3483
3517
1
0
3162
572
564
562
5
3406
3081
4
1
557
3489
546
3148
3
2
1
2
0
544
532
3100
529
3066
526
520
8
3186
519
512
3405
510
3160
3055
505
3126
2014
1
185
3
1060
3
501
2
1090
1852
1002
823
257
386
448
51
837
747
649
70
247
739
540
161
164
397
198
195
178
455
90
214
355
31
155
82
99
185
129
32
98
449
24
11
190
44
301
135
73
36
288
165
5
8
71
128
157
26
142
285
249
57
257
174
40
156
105
224
31
1
123
3
112
2
16
182
155
12
63
2
64
1
324
253
131
194
128
55
64
16
36
43
191
45
202
1
212
80
55
143
161
115
32
3
124
22
41
20
17
159
57
137
70
38
2
48
47
101
149
32
36
85
76
47
182
11
1
17
1
34
168
31
121
117
23
37
26
120
3
12
32
110
14
76
94
51
54
89
104
3
2
6
91
22
110
77
43
5
4
29
37
9
95
6
60
27
133
19
49
35
17
2
10
52
4
61
46
39
74
43
3
47
29
0
2
20
78
65
2
8
10
19
14
10
24
27
2
107
3
15
90
59
57
29
25
18
42
62
69
12
113
22
80
13
71
19
29
35
39
18
3
2
3
4
18
15
57
2
58
63
56
2
19
51
71
3
45
2
75
2
6
59
44
7
27
69
26
14
20
3
83
48
2
54
2
4
41
13
3
5
56
1
76
23
21
26
2
6
31
9
14
10
8
27
27
2
37
53
13
38
18
19
14
86
27
7
39
9
28
38
98
34
105
81
59
99
22
58
3
1
1
49
8
20
10
21
1
16
92
4
20
12
36
4
1
12
4
10
2
2
71
17
33
19
89
13
55
33
46
24
19
36
28
55
10
21
12
20
20
50
37
3
4
49
32
2
7
1
8
31
50
1
95
16
16
9
15
13
14
25
12
1
36
21
32
44
30
9
3
11
1
10
55
21
4
13
2
12
11
16
22
41
13
21
2
6
36
79
30
21
0
1
1
17
16
5
14
31
9
15
26
57
0
30
21
10
4
36
14
46
24
12
29
17
5
3
2
27
24
17
48
30
12
11
62
36
19
17
22
7
2
6
19
18
4
30
8
1
36
30
16
24
27
52
17
2
22
10
12
20
4
24
22
5
10
53
1
19
6
6
14
11
11
32
25
13
23
2
29
43
9
13
72
2
14
16
3
21
1
9
11
11
4
29
5
26
34
17
2
48
13
25
10
2
4
3
9
5
2
21
1
45
31
15
25
39
0
13
37
19
19
10
4
3
4
35
6
8
20
6
21
28
20
11
1
22
56
21
16
5
13
9
24
32
7
0
2
26
20
17
47
7
21
2
0
14
10
7
23
17
16
33
6
9
18
7
0
2
1
17
3
33
8
6
20
20
4
21
20
2
4
9
19
23
5
11
7
1
20
7
15
39
7
7
4
26
1
5
4
5
3
6
1
2
10
2
44
3
1
4
20
21
5
3
15
5
4
30
23
10
9
11
22
18
9
29
3
20
4
7
10
4
39
11
15
11
17
8
11
33
2
18
14
6
13
15
7
3
19
62
17
30
12
4
12
24
5
12
3
2
23
8
2
6
24
1
15
5
6
1
22
16
1
11
4
9
19
3
2
8
2
41
5
16
4
1
12
12
4
16
10
4
2
10
1
1
2
4
7
15
9
11
14
5
2
24
1
2
14
14
13
1
3
20
0
28
22
1
35
10
17
9
2
14
3
12
8
2
3
3
5
1
13
6
2
3
25
10
9
2
2
30
6
8
6
2
1
11
15
5
9
8
7
2
1
6
7
3
2
21
8
18
8
9
3
22
4
30
1
6
16
16
6
5
4
25
1
14
19
12
2
1
10
3
8
3
37
11
4
1
5
7
8
8
9
2
2
7
30
15
11
9
4
1
12
4
14
12
2
5
16
3
8
4
12
23
13
8
9
10
2
3
3
1
3
5
21
5
22
4
14
1
1
4
24
24
9
3
1
11
5
2
10
4
3
24
3
12
11
12
6
21
3
6
0
1
8
5
9
16
1
0
25
10
9
13
4
19
2
16
25
20
20
6
14
22
6
5
18
3
9
8
10
1
1
29
7
0
3
11
17
0
12
7
16
1
0
2
1
3
24
17
19
8
1
25
1
0
24
18
14
12
12
7
30
1
10
21
5
3
13
3
15
26
12
0
5
5
9
10
4
16
5
5
7
1
3
20
16
7
8
4
2
13
3
16
11
14
3
6
23
1
10
1
20
4
2
17
3
10
41
2
2
2
15
8
20
4
9
5
8
2
10
13
13
6
10
5
19
12
0
4
11
12
8
0
5
10
0
20
18
1
15
8
9
7
3
20
7
11
7
12
18
19
3
8
2
4
16
3359
3355
3353
3350
3348
3344
3342
3339
3337
3333
2
3331
3325
3321
4
2
3320
6
3312
6
4
3308
3299
3296
7
3292
3289
3288
3283
3280
3277
6
3273
1
3270
3
2
3265
3
3256
3250
3248
4
3244
1
3240
3234
3230
3228
3226
3223
3221
3218
3217
3212
1
3210
1
0
3205
3197
3195
3190
3189
3187
3184
3181
3176
1
4
2
3174
3
3165
4
3160
3154
1
3
3151
3145
3142
7
4
3137
3131
4
3129
3121
2
3120
3116
7
3115
3106
3106
3102
3
1
3098
3091
3088
2
3085
3079
3077
3076
1
3071
3066
3067
5
3063
3056
3054
3050
3049
3046
3042
6
1
3038
3032
3028
4
6
3
5
3026
3012
2
3008
3003
1
3000
2996
2996
3
2
2992
8
2983
9
2979
2972
2969
5
2
2968
2961
2957
2954
2953
2951
5
2
2945
4
2939
2933
2930
5
2927
2922
2920
2919
2914
2912
2910
2907
3
2904
2898
2896
4
2894
2890
1
2889
2883
2881
2877
4
1
2874
2867
2864
2860
2856
2
2854
2850
2
3
2848
2841
2836
2834
4
2834
2825
2823
2822
3
6
2
2818
2808
2
4
2807
1
2796
2792
1
2789
2786
4
2783
7
2775
2771
2769
2767
1
2
2765
2756
3
2753
4
5
2748
2741
2737
2733
2732
2728
2728
2723
2721
2719
5
2716
2709
1
1
2708
2701
2697
4
3
0
2692
2683
2680
2675
2673
2672
14
2668
2661
2659
5
7
2658
10
2651
2644
5
2642
2639
1
7
2634
7
2626
2621
2621
2617
2613
2611
2607
2
2605
2599
4
2596
2591
2588
2586
2584
2580
2577
2576
2572
2570
2566
2564
2561
2559
2557
2
9
2555
2547
2545
2540
2539
2538
2534
2531
3
2528
2523
1
2520
2514
2512
2510
2506
2504
4
3
2503
2494
4
3
2
2492
3
2482
2
2476
2472
2469
2465
2463
2460
2
2458
2452
2451
1
2
1
2446
2438
2433
7
3
2432
2423
2421
2418
2
2414
5
8
2408
1
2402
2397
2
2395
2389
2388
2385
2382
1
1
5
2
2380
2366
3
5
2363
2
2358
3
2350
3
1
2347
2338
2336
2333
2332
2327
2326
1
2322
2319
4
2317
3
3
2310
2301
2300
1
2297
3
2293
2
2
2289
2279
2277
1
2275
2267
10
14
2266
4
4
2258
2
2249
2243
2240
2237
2
2234
2231
2228
3
2227
3
2
2223
4
2212
2207
2206
1
4
2201
2195
4
2190
2184
2182
2181
2175
4
2175
2169
4
2
3
2166
2154
2151
2148
2146
2143
2141
7
2137
2132
2130
2
2127
7
2120
2114
6
1
6
2112
4
2102
2095
2092
2089
2087
2084
8
2081
2077
3
2076
6
2071
3
2066
2059
2057
2054
2051
5
2046
2041
2038
2038
2033
2031
4
3
2028
2022
2018
2017
2013
2011
2
3
2007
2001
1997
1994
1994
1989
1988
5
1984
1979
2
2
1975
1968
1965
1964
2
4
1960
1951
3
1949
2
6
1944
1
1938
6
1934
1927
1924
1
3
1921
1912
1
1908
5
1903
1
7
1898
1891
1890
1886
3
2
1885
3
1
1877
1868
1864
1860
1859
1857
1854
2
1851
2
12
6
1847
1835
1831
4
1830
1824
1821
1817
1
6
1817
1808
1803
1801
1799
1795
5
1
3
1795
1782
3
1781
8
1774
1767
1765
1763
1762
1759
1756
1754
1748
1748
1745
1742
1739
1736
2
6
0
10
1736
2
5
1721
1713
1712
1708
1707
1702
7
1702
1696
1693
1
1692
8
1684
1
1
1681
1671
1669
1666
1663
1661
1661
1656
3
1652
1647
1646
1641
1640
4
1
1638
1628
4
1627
2
1619
1616
1614
1611
1606
1606
1601
0
1601
1593
1590
2
0
1587
1579
1576
4
1573
1567
4
3
4
1565
1555
1553
1550
1548
1544
1541
2
1539
1
3
7
6
1533
4
1520
1515
1513
1511
1508
5
3
4
3
1505
1493
1490
1489
1487
1485
1483
1480
4
1477
1473
1467
1465
2
1461
1455
1454
1451
5
2
1450
1441
1438
10
1436
1431
6
1
1427
6
1419
7
1416
1407
1404
1404
1403
1398
1394
1390
1388
4
7
3
7
1
1388
1372
1367
1
1365
2
1357
3
1351
1346
1345
1
6
5
1342
6
3
6
1331
1322
2
1318
1313
1311
1306
7
1
3
10
1305
1291
1288
1
6
1
1286
2
2
1275
1267
4
2
1267
1257
1255
1252
1249
1249
1247
1
8
1242
2
1236
1230
6
15
2
1227
1219
1215
1212
5
1208
2
1202
1198
5
7
1195
1187
1
1182
2
1178
1172
1169
1165
6
1162
1157
1155
1152
1150
1
1146
1142
4
1138
2
1134
1126
5
3
4
2
1
1123
1107
2
1105
5
3
1100
1091
5
1090
1084
1082
1077
3
1075
2
4
1069
2
1062
2
1055
1051
1048
3
2
7
5
1045
1
1031
1024
6
1024
0
1015
1010
1007
3
1
8
1005
2
5
2
996
982
5
980
975
972
3
967
963
1
960
956
2
10
952
10
944
937
934
933
931
926
1
925
922
3
917
3
913
907
905
903
4
902
7
896
6
889
885
883
880
876
874
870
867
5
867
861
859
855
852
850
1
847
2
2
841
5
10
836
828
823
1
823
4
819
4
811
5
805
800
797
4
794
789
785
783
2
780
2
3
774
766
764
763
758
756
752
749
746
4
6
4
742
1
6
13
1
6
734
3
8
4
8
2
718
5
700
696
691
0
3
2499
1373
1334
3
1125
481
349
1
641
592
432
129
2
2
985
789
689
162
655
3
1028
349
481
195
299
5
2
143
296
177
373
242
68
157
469
410
89
1
6
101
235
112
0
128
12
416
2
85
2
172
56
7
172
3
37
194
1
51
132
49
196
47
92
1
213
95
241
3
131
53
86
1
5
201
97
57
3
2
46
128
125
70
6
2
208
33
2
180
85
3
7
20
129
127
26
165
19
54
125
194
38
10
65
2
48
30
3
58
32
17
76
145
4
126
126
117
40
8
69
69
110
127
43
30
3
40
182
45
3
157
53
79
95
121
32
19
1
76
2
24
14
65
23
49
47
10
12
38
60
111
4
1
13
78
94
7
25
12
125
19
19
27
45
76
124
15
26
42
35
46
43
64
7
2
40
10
44
2
1
6
2
30
54
16
45
26
77
29
47
85
14
3
7
65
17
90
23
65
117
20
118
7
1
9
29
11
84
79
8
30
5
31
3
37
11
42
2
1
25
37
16
18
76
3
10
4
17
60
4
80
116
77
29
14
37
10
68
39
45
15
17
2
32
24
32
35
39
80
103
19
8
38
14
4
6
28
81
52
61
44
6
4
11
1
14
16
66
20
1
22
9
26
28
1
2
11
4
24
17
6
10
7
25
49
8
34
56
4
46
6
5
63
44
20
1
23
54
30
28
4
52
29
9
39
29
8
7
1
10
24
2
3
26
21
39
86
18
12
8
14
13
15
9
11
1
26
7
10
28
35
7
15
41
20
22
40
8
67
12
0
48
7
16
50
2
3
3
19
21
30
12
6
13
27
22
13
37
37
30
42
43
20
3
11
16
41
4
2
31
24
36
13
61
22
6
75
36
2
2
13
22
3
5
33
38
17
9
12
37
2
21
3
19
1
40
9
1
2
37
5
1
7
30
6
1
17
2
6
2
19
3
2
20
1
24
0
68
22
11
4
7
17
7
31
39
1
14
14
3
14
5
11
1
56
7
2
15
25
10
17
43
28
60
30
1
6
1
9
20
12
1
38
28
23
15
7
17
4
3
16
25
6
23
16
17
6
2
12
7
24
13
3
7
2
6
18
34
3
2
3
3
20
22
2
21
7
33
11
10
43
4
3
8
15
10
13
37
5
5
0
6
1
8
2
2
4
12
11
10
49
3
24
13
23
17
20
26
11
21
11
16
27
0
15
23
19
2
6
5
4
6
30
7
13
4
5
13
6
21
5
5
3
1
2
2
6
13
3
6
6
6
58
2
7
10
10
3
4
13
7
10
8
3
6
9
4
1
3
2
22
9
10
9
2
4
3
1
3
4
24
9
2
1
13
4
8
9
1
4
18
56
0
53
2
0
4
13
3
11
4
22
3
4
11
19
10
0
14
34
25
14
8
1
9
17
1
5
8
6
3
2
0
13
11
23
2
9
4
24
11
8
19
5
25
3
3
43
25
8
6
16
45
5
8
14
29
10
36
4
9
4
11
1
7
8
6
2
2
13
20
1
11
1
11
9
1
2
5
2
7
13
27
3
3
10
3
1
14
3
13
5
1
9
8
4
3
1
11
3
8
7
28
8
3
4
2
12
9
0
20
1
1
3
2
30
7
31
19
11
3
2
4
0
12
7
16
1
7
2
7
1
1
5
10
13
2
25
22
9
11
3
7
11
3
7
6
29
3
39
12
6
6
23
7
4
3
6
14
32
9
2
2
11
15
1
13
10
5
1
5
1
7
1
7
24
54
2
1
9
20
1
3
7
24
7
13
3
2
6
5
15
5
4
10
5
4
12
2
8
12
13
7
10
6
20
13
9
11
4
18
1
8
15
4
29
18
0
3
13
5
14
12
15
4
22
28
6
24
9
2
23
45
17
1
5
1
8
4
31
10
15
2
1
6
4
11
2
6
5
21
0
16
11
14
6
9
8
22
6
22
5
16
20
13
4
7
16
5
9
1
2
8
2
5
3
9
2
5
10
2
2
4
14
10
12
4
15
1
0
13
3
7
4
3
1
14
3
2
26
2
7
4
14
11
6
1
1
7
8
5
1
9
1
1
8
2
1
12
3
1
8
5
2
9
16
2
18
11
13
3
3
6
9
17
0
2
35
7
4
3
3
3
19
0
5
9
8
11
20
0
12
1
11
2
12
6
16
4
16
13
2
18
2
3
14
25
11
19
4
3
15
3
7
6
2
4
4
5
5
19
2
5
8
7
0
6
3
7
1
6
8
4
9
10
2
1
14
6
2
5
5
5
2
13
8
0
14
3
7
4
4497
4497
4518
4495
4494
4492
4495
4493
4489
4490
4510
4486
4489
4486
4489
4500
4484
4482
4512
4479
4478
4476
4476
4495
4473
4485
4487
4476
4469
4473
4467
4472
4466
4481
4498
4463
4463
82
4464
4462
4485
4494
4465
81
4456
4462
4459
4451
4453
4457
4470
4454
4467
81
4446
4468
4452
4455
4465
4458
4440
4446
4445
4453
4441
4433
4461
17
4441
4431
4465
4440
4439
38
4438
4432
4426
4429
4453
4425
4444
4433
4426
4421
4440
4427
4423
4415
51
4450
4418
4413
4432
4425
4438
4433
4411
4430
4421
4408
4411
4431
4420
4401
4405
4433
4400
4397
4437
4410
4412
4390
4405
4392
4398
4409
4397
4399
4411
20
4377
4398
4393
4386
67
4385
4383
4382
4414
4402
63
4392
4401
4408
4387
4373
4391
4385
4380
4385
4403
4368
4405
4373
9
4362
4367
4370
4403
4367
4365
4372
53
4364
4392
81
4364
34
4361
4394
4359
4357
4364
4357
4386
4392
4311
4360
4375
4386
4390
4365
4358
4343
4368
51
4340
4324
33
4370
4347
4346
4346
4381
4356
16
4342
4341
76
4361
4338
4368
4345
4371
4358
4363
4344
4343
4325
49
4354
4358
4326
4363
16
80
4362
4321
4341
4352
4318
53
4313
4373
41
39
4351
4309
4329
4359
4335
4314
4341
4316
4305
4302
4310
4333
4298
4300
4320
4313
4333
4347
4331
4290
4334
4338
4
4296
4295
4297
4285
4283
4332
4273
4226
4256
4269
4279
4314
45
83
4306
4263
4290
4313
4258
4257
4291
4258
4253
4278
4270
4253
4295
48
4270
4319
4272
4245
4290
4259
65
55
4241
4201
4240
4283
4286
4254
4268
53
4235
4234
4245
4251
4231
4261
4227
16
4214
4213
4233
4210
22
4208
4230
4228
4170
4247
17
4239
4277
4247
4223
14
4218
4202
4194
4155
4254
4147
4272
4231
4189
4217
4217
4197
4189
4266
4198
4222
4171
13
4199
6
20
4224
4200
4167
4166
4165
4213
4197
4163
4160
4253
4156
4225
4157
4155
4153
4242
44
4159
4193
4194
4178
4145
23
4221
4174
4172
4172
4163
34
4087
4181
4136
4170
4166
4191
4163
4221
8
4148
4162
4
33
4162
4218
4164
4201
4159
4193
4148
4194
4152
47
4127
4163
4103
4091
4143
4163
5
32
4115
4114
4114
4196
30
4111
4161
4134
4134
4133
2
4152
4101
4143
4115
20
4090
9
4101
4020
4074
4062
4090
4096
4084
17
4090
4055
4090
4080
4157
4077
4078
4122
4075
4084
4053
10
3965
4044
4043
4051
4130
3991
3991
4096
4108
4039
13
4073
4041
4028
4066
4064
4022
3999
4060
3996
3994
3968
4018
35
4069
3991
4038
3985
4078
4014
4060
3982
3965
3980
3966
3973
4035
4004
4017
4037
3965
13
10
3997
3997
11
3988
45
3957
3917
4017
3985
3961
4001
3952
26
3979
3979
3962
3942
3961
3975
3958
3987
21
3926
3992
15
4025
3947
5
3941
3920
3944
3999
3917
15
3901
3917
32
3879
3950
3939
3938
18
3937
3913
3912
3964
3922
3975
3932
3932
3908
3933
3914
3905
3929
3854
3944
3903
3992
3925
16
3978
3927
3920
3918
31
3898
3919
3897
3794
3913
3911
3939
3911
3906
3907
3920
3903
3888
3918
3881
3886
3930
3950
3955
3850
3949
10
3892
3948
3873
6
7
3949
3893
3886
3758
7
3864
3863
3729
3862
3769
3874
3920
3891
3855
3847
3798
3838
3911
29
3842
18
3908
16
3746
3872
33
3839
3829
3878
9
3899
3729
21
3834
3824
3822
6
3891
3860
3890
3827
3814
4
3894
3799
3788
3647
3659
3799
3770
3816
3632
3742
3741
3790
3657
3778
3660
3705
5
3811
3845
3
3783
3774
3671
3839
3773
3820
4
3846
3811
10
3802
3744
3646
3800
3736
3733
3745
13
3802
3623
3748
8
3811
25
3682
3518
3681
3686
3712
3716
3662
3657
3676
3534
3649
6
3637
3636
3634
24
8
3630
3630
12
3656
3651
3618
3691
3616
3595
20
25
3672
3601
3599
3592
3607
7
3555
20
3569
12
3613
3567
3417
3576
3550
3567
3606
3540
24
3557
3442
3642
3553
3615
12
16
3592
7
5
3550
7
3519
19
3507
3406
3536
3353
3466
14
3590
3433
3486
3473
3461
3321
3471
4
3457
3483
3545
6
3363
3485
3438
3450
3437
3507
3484
3431
3430
3540
3443
3460
3416
3287
3413
57
19
3413
3532
3434
3488
9
3427
3417
3376
3446
3401
3383
3397
3397
7
3369
3302
3302
3302
73
3408
3374
3171
15
5
3172
3074
13
3121
3130
3
3154
3141
3163
3137
3189
3153
3180
3223
3250
3151
3120
3086
3141
3194
3139
3124
16
3209
3117
3133
3058
3123
3121
155
3103
142
2975
3097
11
5
2998
23
3096
8
8
3119
14
55
3052
3193
3109
2999
3097
3091
3108
3089
2996
3159
3081
3100
3099
2981
3171
2993
3094
142
3093
3076
3075
3101
3082
3090
3093
2952
3017
3074
3
5
29
13
3071
2597
8
2570
520
520
2651
2574
2396
2548
2566
2512
2474
2597
2542
7
2
529
22
2541
2384
2386
420
437
145
2526
14
2443
38
2537
71
2564
2494
15
2607
54
2585
2522
17
13
2439
27
2579
2512
2558
2505
416
59
2436
2547
433
2530
2462
2502
9
2521
431
2465
430
2558
946
1563
1535
1547
20
1515
1529
13
430
1509
5
4
1467
1546
428
69
25
9
928
151
12
13
20
1505
1503
3
1525
1498
201
134
5
1332
745
13
1244
1285
1352
739
696
427
1311
1336
426
222
138
213
5
1389
1376
719
22
18
179
1301
8
1298
426
1345
20
79
21
1196
154
19
740
19
187
6
12
725
426
731
5
4
53
723
29
418
6
677
1317
52
1296
654
8
1299
664
1240
5
1185
192
1295
1319
1066
18
68
65
16
6
406
56
4
392
10
395
390
691
180
301
120
221
309
135
2
57
652
12
8
2
44
395
297
302
12
51
11
58
131
7
674
655
65
11
392
5
738
20
394
291
7
9
13
655
15
739
56
137
751
3
6
278
378
291
671
287
734
613
643
661
21
133
661
2
12
279
227
9
43
21
229
116
11
8
14
13
6
683
53
682
109
222
5
12
720
639
647
383
633
132
609
10
641
8
4
9
7
53
51
4
68
11
7
18
664
390
4
649
648
131
149
536
163
521
39
544
18
223
7
223
3
515
502
386
12
502
396
504
5
9
11
516
98
93
500
220
100
382
487
5
287
2
4
9
111
76
468
396
5
101
5
25
16
467
300
475
286
8
456
38
125
16
184
15
12
114
297
11
3
97
6
270
3
107
32
99
16
61
15
49
6
64
6
79
11
95
247
310
93
24
192
7
28
3
26
3
72
25
23
173
59
241
9
9
11
8
22
36
5
12
1
17
7
16
27
9
65
4
101
7
9
141
218
82
4
15
25
5
2
100
177
65
4
59
28
201
54
291
14
157
26
441
40
10
84
4
283
112
11
295
18
14
56
139
108
41
337
6
6
11
107
180
11
32
34
6
309
95
39
75
96
24
5
181
178
139
54
293
104
33
322
271
138
4
326
14
137
5
289
318
45
6
124
316
310
27
309
13
32
116
32
83
34
4
26
5
2
14
3
91
26
7
19
47
10
10
33
29
34
16
12
2
289
6
2
26
54
58
38
16
2
10
134
14
33
2
103
18
10
15
1
287
24
48
127
40
125
79
19
79
126
263
18
2
4
5
250
6
281
285
247
13
69
36
19
275
247
53
37
12
251
78
51
305
19
104
252
7
32
38
1
8
122
105
11
121
246
150
6
256
239
3
76
29
76
237
46
3
101
3
113
234
27
32
105
94
39
73
76
96
64
4
118
22
247
75
2
11
14
4
3
17
10
94
22
62
71
99
196
93
190
12
6
241
241
233
13
7
106
59
27
48
61
31
19
62
7
43
9
53
8
6
19
155
21
3
4
11
12
7
36
238
7
10
16
32
6
13
214
4
8
67
4
10
50
50
10
18
60
39
48
110
44
3
228
2
71
14
6
18
3
113
12
56
23
15
22
33
117
11
7
7
4
4
1
25
15
20
30
8
10
6
32
4
13
15
4
16
10
177
168
159
14
99
26
55
11
110
35
6
17
18
104
5
21
34
46
11
3
75
1
5
213
11
42
15
46
18
5
5
27
35
4
84
42
16
222
15
1
2
17
97
16
63
14
5
76
64
48
192
14
7
9
5
12
94
9
3
7
210
29
7
15
26
69
8
40
34
5
9
95
50
21
23
1
46
3
1
11
20
58
150
4
119
2
30
6
32
39
37
65
59
2
73
2
56
5
72
21
70
4
8
3
139
8
104
111
48
93
3
98
120
21
14
14
15
4
6
3
67
34
96
68
0
5
13
46
21
96
52
56
3
3
5
24
40
16
61
14
93
40
45
13
5
48
56
4
41
4
8
6
8
26
44
21
55
11
11
48
118
4
6
3
48
30
41
4
8
19
12
9
43
6
5
10
8
28
34
34
4
2
43
14
93
6
30
12
10
52
2
3
20
68
3
1
1
7
16
50
4
9
45
55
36
5
14
6
30
15
13
23
2
17
30
11
26
10
9
29
23
42
4
94
55
10
2
61
2
9
6
9
1
4
32
12
30
5
8
34
39
4
68
9
3
32
5
17
8
6
40
7
2
5
57
6
59
7
3
84
4
9
1
12
60
23
54
13
68
9
37
10
32
2
43
11
19
10
22
21
15
6
16
4
5
47
17
46
49
10
54
16
48
28
17
3
66
57
6
6
9
51
3
2
4
4
3
11
55
11
2
26
29
22
10
14
7
8
3
64
4
5
28
6
72
53
45
4
23
14
44
78
63
24
41
3
7
48
3
5
35
3
44
9
34
16
30
29
23
10
8
15
4
2
20
19
23
17
3
23
4
27
7
4
21
35
42
4
3
59
4
3
24
0
21
55
6
15
9
28
4
32
19
13
65
5
16
10
21
3
14
6
19
3
52
19
6
3
29
1
10
4
8
61
22
6
9
4
11
11
45
31
6
5
3
4
3
24
3
27
5
33
17
8
10
10
8
16
7
17
7
4
10
7
22
7
14
29
1
3
4
45
28
2
22
6
5
13
5
3
13
6
6
2
12
12
54
40
21
7
0
1
14
44
20
5
8
10
29
43
5
5
6
9
5
8
9
4875
4872
4871
4870
6
4869
4871
4869
4865
4868
4867
4866
4864
4860
4864
4865
4862
4856
4855
4859
4857
4
4852
4859
4850
4856
4857
4852
21
4844
4850
4843
4852
4847
4846
4844
4839
6
4838
4850
4836
4834
4848
4843
4843
4830
4840
4828
4827
4826
4843
4834
4823
4822
4834
4833
4821
4841
4839
4828
4827
4830
4828
4833
4810
4829
4828
4816
4826
4814
4807
4805
4813
4816
4811
4803
4802
4
4815
4822
4813
4807
4806
4805
4811
4797
4803
4802
4801
4813
4811
4800
4791
4794
4792
4818
5
4792
4791
4804
4795
4784
4796
4782
4805
4786
4801
4779
4780
4778
4784
4780
4795
4781
2
4780
4775
4780
4778
4775
4780
4772
4790
4774
4773
4785
4771
4766
4787
4764
4768
4773
4762
4732
4766
4783
4767
4762
4774
4760
4780
4757
4756
4756
4775
4753
4752
4764
4716
4755
4750
4747
4746
4748
4747
4717
4714
4713
4
4712
4711
4722
4732
4714
4708
4672
4696
4702
4706
4705
4704
4727
4710
4709
4722
4699
4708
4694
4696
4695
4670
4741
4714
4717
4689
4708
4691
4689
4684
4706
4706
4684
4684
4682
4681
4680
4701
4674
4691
4690
4657
5
4697
4667
4692
4703
4668
4663
4673
4696
4664
4687
4
4658
4662
4687
4661
4655
4694
4653
4693
4659
4655
4646
4687
4652
4644
4644
4651
4660
4682
4670
4609
4665
4645
4677
4643
4635
5
4632
4631
4665
4639
4633
4671
4641
4626
32
4625
4636
4664
4634
4688
4629
4656
4627
4614
4618
4603
4601
4600
4639
4594
4598
4592
4587
4587
4582
4581
4580
4584
27
4624
4568
4577
4600
4623
4621
4622
4572
4577
4576
4574
4588
4640
4566
4579
4569
4
4616
4494
2
4600
4564
28
4560
4563
4561
4589
4584
4593
4557
4556
4582
4549
4550
4597
4591
4596
4505
4546
4545
4583
4542
4613
4
4542
4593
4536
4532
4531
4528
4562
4519
4471
4549
4518
4517
4558
4517
4514
4554
4512
4535
4555
4499
4502
4540
4421
4491
4489
4490
4488
4498
4481
4496
4505
4482
4477
4526
4474
4467
12
4528
3
4468
4466
4465
4462
4477
4440
4461
4458
4458
4457
4460
4451
4471
4450
4448
4453
4452
4511
18
4467
4450
4448
28
10
4446
4508
4474
6
4472
4439
4438
4500
4441
4436
4459
4440
4439
4
4473
4469
4449
4436
4453
4466
4
4519
4429
4427
4448
4451
4429
4422
4429
4467
4426
4425
4454
4474
4438
4508
4434
4421
4466
4418
4417
4415
4411
4410
4409
4440
4406
4425
4407
4405
4399
4398
4453
4403
4395
4357
4440
4389
4387
4383
4388
4433
24
4384
4381
4383
4380
4382
4
4367
4398
4379
4395
4360
4359
4436
4347
4409
4377
2
4337
4336
4321
4306
4298
4290
2
4294
4288
4293
4290
4291
4298
4288
4287
4200
4347
4279
4280
4295
4331
4278
4323
4274
4294
4268
19
4264
4269
4266
4314
4261
4275
4271
4258
4275
4257
4251
5
4249
4314
4281
4109
4239
4241
4309
4255
4235
4234
4285
3
4233
4236
4232
4230
4204
4202
4270
3
4189
4250
4193
4191
4187
4190
4153
4189
4127
4230
4186
4203
4186
4158
2
4181
4170
29
4214
4183
4200
3995
40
4069
15
4216
4212
4160
4040
4240
4133
4186
4131
4136
4174
4164
4131
4130
3298
4
851
3339
837
9
3290
3289
836
845
3343
3280
3242
832
3321
3299
3290
3337
3282
3291
3287
3335
3350
3269
844
3179
3168
3187
3271
3236
3225
3278
3229
3217
3263
31
3228
3264
3225
3214
3211
3273
3189
827
3179
3273
3242
3175
3188
3174
829
3178
3252
3221
3198
3178
3174
813
3051
3171
3158
3157
3099
3232
3120
804
3130
3058
3116
12
814
3128
4
801
3114
800
798
3129
30
3114
3139
28
3079
3110
29
3108
3126
3107
3123
3143
3103
22
722
3102
3097
1819
1800
1300
26
1796
1799
1311
1838
1316
766
22
1827
1295
1814
1716
1754
1303
1781
1265
1816
1760
1771
1803
5
1295
1777
741
741
724
1319
1265
1758
11
1290
88
1792
613
1698
1298
10
1809
615
603
1225
1688
1756
1679
1289
601
24
1685
1753
8
9
9
3
1755
28
1303
609
1283
1282
1769
1281
1751
1706
1281
1764
17
1763
1289
1743
3
188
1266
1708
415
33
201
1739
1754
1663
17
1655
1753
1777
1668
1748
1733
1732
186
1770
5
1277
1207
10
1221
1748
1271
1745
178
21
1775
1197
1742
1279
1744
421
1286
1735
1726
23
3
1269
1661
1222
1708
4
1707
1207
15
1707
425
1725
1658
80
1265
1721
1267
1245
1744
27
1701
3
4
25
57
420
4
1264
8
1242
30
398
1730
1257
1699
1719
1268
1698
1749
1720
1693
1713
1698
1666
2
1731
1256
1690
1260
1635
1702
1588
1695
1301
1259
14
1672
1670
53
9
1649
1267
1697
1709
402
1282
1267
1665
1710
1281
1652
1674
23
20
10
1665
1254
397
7
1641
396
2
1661
402
1693
7
18
403
1228
23
1279
1252
1659
400
1573
4
1250
17
1191
31
393
1656
15
1187
13
11
1636
1190
15
2
1666
1588
1587
1240
1246
1627
1244
1245
1582
1609
1530
1196
1184
20
169
1541
1513
48
1476
35
1503
1163
1503
1243
34
378
1239
1243
1517
1533
1512
1469
1405
1242
1241
1473
1238
1236
5
1463
22
1235
1462
4
1478
1238
1500
1455
14
392
4
7
1231
12
80
178
44
1250
1246
1482
78
1483
1454
1480
1151
1197
69
1186
176
4
1178
1453
178
12
1184
1481
1449
1465
1447
1375
11
1498
1459
1181
1179
1177
2
390
6
22
1180
666
161
646
4
520
14
1487
1349
360
1338
646
1336
6
639
1331
506
525
24
1266
638
634
385
633
378
36
2
375
34
1330
6
33
1381
1300
177
508
1358
640
1356
168
637
16
1382
472
564
14
612
1355
609
513
23
3
1351
374
4
4
604
1321
12
2
603
7
1282
1358
46
583
604
510
2
1319
1321
1348
604
14
1373
5
1255
1234
373
84
1252
1313
1312
44
120
1237
594
1238
557
9
17
1311
1340
4
1340
1162
464
256
5
50
83
41
557
155
73
524
167
3
41
1155
1025
10
25
2
1075
480
488
1081
3
177
2
23
154
1060
149
68
3
3
1067
468
1041
359
82
157
1064
171
24
19
356
10
1063
43
974
23
99
18
511
2
170
4
42
3
1038
37
3
506
499
1062
965
1038
1026
1033
3
99
4
157
355
78
451
1003
356
38
3
152
98
25
10
6
76
1027
172
26
2
8
70
501
1016
6
503
1002
26
995
155
330
146
2
20
437
3
958
39
10
1017
929
13
921
20
4
77
96
84
14
30
4
409
151
51
171
430
383
79
64
406
327
5
72
38
589
86
328
410
348
569
345
582
413
97
5
576
527
29
97
103
317
34
2
11
70
15
318
72
11
561
291
6
559
22
22
102
52
7
50
98
301
373
282
66
419
8
279
78
94
406
402
3
387
280
11
62
4
397
90
2
84
3
405
4
41
46
8
268
376
37
259
3
9
15
18
72
9
100
140
399
398
88
5
2
69
3
8
139
93
226
102
86
74
2
355
2
7
2
8
1
235
256
393
21
8
9
358
70
16
97
8
51
211
35
253
370
6
74
2
29
9
207
5
229
79
69
373
368
366
392
356
387
73
63
369
253
76
13
388
363
72
12
137
232
29
221
42
2
386
25
235
89
11
6
138
2
10
379
37
6
184
29
25
42
30
13
45
1
11
8
1
4
382
189
362
27
3
50
3
102
36
7
200
227
3
365
74
43
22
28
8
74
33
43
5
201
380
220
22
4
4
74
198
62
17
6
18
34
16
16
26
1
368
150
7
5
26
8
17
369
102
84
64
39
10
19
2
63
3
366
20
11
13
3
102
41
6
49
29
11
4
23
0
31
288
20
21
210
3
5
49
23
24
1
8
3
38
10
16
212
29
36
5
104
3
41
4
48
1
98
189
31
39
101
68
4
214
63
272
56
2
3
12
4
13
51
268
5
39
38
5
101
3
6
22
36
2
8
38
47
3
23
3
92
189
24
50
7
7
51
49
8
32
47
5
7
41
189
4
15
7
18
39
26
9
11
56
77
30
22
12
252
268
1
46
4
10
46
32
144
7
52
2
8
4
262
38
74
261
7
9
2
4
13
66
27
96
3
26
4
8
235
8
1
260
65
12
49
61
1
3
1
9
97
60
25
42
3
17
5
2
3
11
6
9
254
12
252
17
192
5
31
90
186
3
3
33
11
64
7
6
252
12
7
34
2
62
13
16
26
31
261
6
41
39
46
9
97
13
1
30
26
32
90
10
11
54
12
21
87
85
223
15
8
26
2
5
19
5
10
4
4
42
148
147
36
25
16
10
46
43
2
11
18
11
9
21
31
7
16
5
212
3
12
74
4
194
20
4
8
33
27
49
4
1
13
32
63
5
50
206
100
198
2
4
34
136
3
47
60
28
9
23
5
14
6
6
31
29
208
19
5
48
30
32
12
8
23
15
49
29
28
4
5
150
8
31
4
31
18
7
36
2
5
4
56
9
3
7
5
2
40
43
17
83
27
45
22
85
14
22
82
15
42
16
10
14
37
45
21
48
38
19
18
8
18
45
83
7
25
27
1
22
9
40
10
11
21
0
17
206
3
3
22
4
8
14
27
207
71
35
5
141
4
3
3
10
31
16
10
2
6
32
10
5
3
26
203
25
47
33
33
72
22
7
4
126
38
40
202
93
10
145
9
11
47
64
4
31
4
4
2
3
1
45
14
29
30
21
1
32
19
13
1
1
9
64
5
2
3
4
5
36
8
11
14
7
15
201
20
23
5
4
1
3
3
9
3
3
2
21
1
3
30
2
17
15
2
2
30
42
3
10
30
19
18
26
5
18
93
2
5
17
8
35
28
26
8
5
21
6
3
2
8
12
35
72
21
26
4
7
9
5
7
199
3
11
71
17
167
3
3
2
29
13
7
24
37
15
7
0
20
3
11
6
2
7
3
4
107
16
36
61
33
2
38
4
15
6
32
25
118
17
5
3
6
2
22
27
32
18
8
5
12
9
9
25
22
5
28
13
17
24
13
3
3
4
7
13
28
4
2
3
14
5
2
25
3
2
4
4
17
15
4
13
3
3
6
4
15
25
139
4
2
54
3
42
9
8
1
1
22
6
2
40
6
1
20
2
48
4
3
22
24
4881
4881
4880
4879
4
4879
4877
4875
4875
4874
4875
4874
4870
4876
4868
4867
4866
4866
4866
4866
4864
4867
4866
4864
4866
4861
4861
4863
4859
4861
4853
4853
4852
4856
4851
4849
4857
4860
4853
4850
4851
4843
4839
4837
4844
4846
4845
4845
4835
4828
4828
3
4847
4833
4829
4847
5
4847
4821
4822
4822
4830
4835
4823
4816
4831
4820
4818
4824
4837
4816
4826
4835
4812
4819
4831
4817
4839
4838
4810
4810
4816
4811
4815
4837
4825
4829
4822
4830
4790
4794
4801
4820
4786
4818
4816
4806
4802
4793
4790
4811
4790
4820
4793
4781
4797
4770
7
4791
4788
4792
4811
4797
4805
4762
4761
4812
4780
4789
4752
4779
4763
4770
4794
4781
4769
4773
4777
4789
4777
4770
4784
4760
4743
4743
4737
4777
4751
4755
4779
4770
4792
4771
4773
4745
4730
3
4765
4780
4743
4754
4751
4715
4731
4709
4712
4737
4769
4763
4716
4764
4752
4768
4757
4756
4758
4729
4714
4696
4693
4741
4702
4
4708
4729
4754
4754
4718
4704
4748
4678
4748
4735
4725
4727
4735
5
4742
4732
4677
4676
4720
4691
4704
4646
4711
5
4698
3
4665
4626
4683
4699
4717
4628
4645
4662
4655
4708
4676
4650
4666
4610
4699
4667
4704
4639
4668
4601
4670
4612
4633
4687
4667
4596
35
4599
4668
4655
4605
4598
4616
4615
4685
4619
4678
4614
4623
4601
4601
4578
4637
4628
4573
4616
4618
4586
4596
4631
4654
4639
4563
4555
4591
4552
4589
4634
4582
4566
4603
4590
4613
4589
4612
4535
4541
4591
4611
4615
4585
4608
4597
4631
4575
4572
4610
4569
4535
4523
4575
4563
4589
4576
4550
4560
4618
4540
4623
4515
4510
4593
4618
4612
4589
4571
4581
4533
4546
4526
4570
4544
4551
4542
4574
4490
4475
4567
4513
4453
2
4587
4445
4531
4517
5
4447
4572
4580
4433
4504
4567
4582
4569
6
4526
4489
4542
4489
4551
4455
4542
4522
4533
4516
4447
4484
4408
4525
4506
4467
4497
4523
4396
4528
4426
4431
4432
4
4395
4450
4408
4406
4401
4469
4453
4467
4384
4433
4415
4
4503
4447
4431
4386
4442
4458
4480
4472
4408
4400
4468
4411
4406
37
4459
4469
4424
4434
4480
4445
4430
4492
4376
4424
4452
6
4404
4480
4419
4387
4472
4435
4352
15
4424
4439
4408
4474
2
4372
4
4398
4451
4417
4399
4407
4353
4479
4384
4361
4335
4330
4350
4420
4350
4377
4334
4424
4341
4475
4342
4321
4365
4350
4376
4303
4291
4425
4362
4406
4396
4450
4385
4328
4417
4358
4465
4279
7
4410
4381
4314
4265
4302
4350
4376
4361
4260
4430
4307
4355
4269
4305
4284
4284
4320
4345
4417
4
4302
4288
16
4311
4300
1
4264
4365
4415
4248
4415
4308
4300
4422
4298
4427
4368
4278
4
4353
4310
4324
4204
4200
4
4291
4211
4
4260
4322
4313
4377
4150
3
4187
5
4194
4281
4178
4318
4333
4248
4237
4152
4157
4312
4287
3
4338
4346
4280
12
4189
2
4163
4124
4268
4206
4298
13
4297
4234
4153
4187
2
6
4315
4107
4191
4324
4199
4333
4124
4283
4279
4245
4147
3
4291
4094
4246
4250
4167
4301
4103
4093
4308
4260
4233
4093
4161
4105
1
4230
4100
4221
4300
4243
4114
4045
4207
2
4178
4119
4123
4263
4202
4070
4165
4018
26
4122
4096
4212
4112
4044
4178
4043
4003
3966
4170
10
4112
19
4
4137
3912
3905
4104
3912
3980
4002
3961
4016
3880
4058
5
4096
3980
3
3996
4091
3966
4011
3879
4
4050
3945
3976
3886
3994
3980
3903
4082
3873
4009
40
4004
4012
3843
3866
3912
4044
3998
3841
3921
3978
3932
3
4018
3949
3864
3807
3823
3
3817
3788
3892
3849
3960
3848
4
3977
4004
4017
3984
3917
3813
4009
3838
4022
3958
4006
3864
3768
3774
1
3933
3976
11
3829
3889
3792
54
3792
3915
3747
3742
3815
3908
61
3875
3948
4
3826
46
8
3937
3792
52
9
3949
3912
3916
3959
4
3733
3843
3742
3765
2
3872
3818
3830
13
3963
3947
3942
3738
10
3742
3714
3767
3966
3704
1
3841
3871
4
3916
7
35
3704
3
22
3736
53
3814
3912
3669
3827
46
3837
3837
3657
3747
3828
3871
3945
2
3745
3689
3783
3701
3615
13
3632
3832
3824
0
34
3744
3809
3609
5
3830
3603
3683
3796
3846
3667
3759
3784
3742
3594
3770
3550
15
3571
3729
3353
3285
3456
3265
3364
3427
3463
2
3335
3389
3438
3498
3429
3456
3322
302
3
3231
3442
3211
3309
3243
43
3234
3472
3236
3368
1
3475
261
3308
3211
3313
3366
3453
3238
7
3321
3471
3314
3244
3347
3193
3368
22
3201
3207
3255
3184
3430
3396
3182
3418
3293
3159
3213
274
3271
3379
3268
8
3177
22
43
3164
3236
3197
3173
3329
3099
3242
3108
3214
4
3134
3342
3297
3277
3179
3278
3192
21
3140
3140
3322
8
19
3315
3232
3240
3285
3169
3104
3179
3343
3236
3148
3262
3125
3185
3260
3128
3231
3169
3053
3087
3029
3274
3207
21
3098
3
3181
3251
3142
7
5
3172
3228
32
3070
4
3140
3040
3096
8
267
3303
25
3184
3236
3
24
3162
3285
248
3096
3306
3132
5
3166
2993
3054
3094
3039
3175
2968
3243
3
254
2
3173
3088
3166
3181
20
4
3219
3184
9
277
2968
3153
3220
3264
3167
31
3070
3233
16
3135
3164
3086
3234
39
10
1
2952
3153
3028
11
2981
2879
43
3019
3053
2852
2892
3042
3048
2992
2956
3011
35
2911
2910
4
3031
3055
2824
2904
3023
18
2901
2973
2959
3017
2987
2806
2997
3008
1696
43
5
249
21
1279
1269
1267
1318
1634
248
11
1271
1533
1573
1225
1566
1606
255
1298
229
1598
1656
1591
1519
38
5
18
1567
1309
1285
1568
1249
1504
5
42
1507
1241
1163
1488
50
1561
1620
3
1303
1603
1178
1211
180
1553
1595
38
1258
4
1193
1543
1577
1555
184
1271
1503
30
1216
1173
19
1545
1614
1045
1570
1489
1496
1004
1017
1599
1477
3
6
1478
1518
187
44
1537
23
1571
1003
20
1491
170
22
2
1561
1002
1578
1579
1577
123
1611
1082
1588
1027
1455
134
1037
93
1395
1016
4
45
1080
162
4
1352
1368
1317
1333
121
1198
99
1095
67
5
3
99
1169
4
1196
15
1139
2
1189
1190
1003
62
157
39
1156
2
4
985
1
20
70
1052
1209
156
1180
1006
18
985
2
1062
1179
3
1205
1182
1095
1153
966
1194
1231
1203
6
6
31
14
1087
1016
1011
10
1230
9
28
4
1183
653
1134
11
616
130
2
18
4
1106
132
1073
707
348
632
1101
653
450
9
368
2
33
1018
196
7
136
109
460
2
1099
63
1014
1017
62
1054
2
98
2
3
1021
1009
407
398
12
8
20
1067
101
383
51
5
992
4
94
59
808
45
344
10
7
4
352
89
5
19
6
335
89
3
365
3
785
122
61
17
730
12
43
103
2
9
1
13
2
403
56
1
39
204
386
2
66
741
34
3
49
40
716
48
3
31
45
705
23
18
783
37
87
3
764
4
1
333
359
8
10
193
2
731
57
679
5
6
3
2
46
316
207
318
749
19
9
726
729
725
707
96
322
2
389
360
106
37
96
354
208
208
8
73
68
779
322
372
24
86
231
725
191
32
90
195
95
132
4
679
8
74
120
23
4
25
27
143
747
3
37
35
199
36
3
24
542
4
3
348
39
154
152
28
57
24
184
536
21
22
4
126
2
175
5
47
7
512
341
309
459
10
408
395
14
138
2
112
35
94
121
6
5
4
418
204
155
348
11
8
32
175
0
128
169
128
196
4
5
8
2
353
323
334
112
160
10
11
195
171
398
110
182
19
35
40
15
5
402
0
389
79
9
21
9
406
422
118
3
186
53
19
31
18
25
268
3
9
38
41
179
11
34
173
163
280
313
3
43
66
112
144
430
9
127
183
185
74
373
21
174
80
3
4
107
417
401
390
108
297
261
21
388
3
4
123
376
13
114
399
33
231
116
97
368
52
267
60
30
93
11
256
57
27
3
1
231
90
363
24
173
7
34
10
155
29
23
8
7
3
9
25
128
47
157
17
26
59
4
15
3
33
110
144
2
6
4
12
436
187
120
5
421
33
398
426
48
54
3
2
8
5
386
52
13
27
392
409
2
3
84
43
1
373
2
3
41
104
90
3
349
5
2
4
4
5
16
32
15
17
58
31
72
21
14
64
105
33
50
153
5
2
3
29
4
1
2
7
12
35
337
355
19
370
31
20
110
1
49
16
10
2
192
1
55
3
384
10
18
8
1
9
12
3
93
11
5
29
173
148
140
32
8
2
136
98
4
28
4
53
86
35
8
50
17
133
10
16
23
2
54
13
25
26
327
7
10
6
364
31
5
316
76
23
348
143
22
349
142
80
54
16
7
8
5
315
44
45
149
297
37
59
218
81
17
5
5
9
142
4
26
33
3
33
31
42
4
37
11
121
29
6
11
36
4
42
95
14
40
7
76
12
13
5
91
26
40
16
166
120
14
28
1
40
12
14
33
7
37
8
42
29
2
68
98
21
8
34
11
138
8
9
23
53
7
202
18
7
51
17
5
24
148
23
4
30
10
3
111
4
54
52
28
3
59
3
25
5
5
103
26
45
29
2
3
22
34
4
8
4
25
37
144
10
19
1
12
6
29
37
8
94
5
2
97
29
9
7
16
34
6
60
19
61
2
17
8
1
8
39
33
1
4
8
6
44
40
2
16
0
13
105
82
8
1
1
174
32
95
2
19
2
26
28
53
23
181
30
40
3
14
4
39
4
1
15
4
4
10
4
5
5
15
3
96
13
21
35
9
141
26
1
45
48
2
3
91
27
45
12
41
7
87
4
8
1
9
7
3
29
35
14
3
6
5
2
89
45
11
12
12
2
13
48
4
22
74
2
14
4
58
6
33
12
16
25
16
8
9
26
1
5
22
80
37
3
33
14
0
69
4
72
21
27
21
6
9
2
18
3
6
72
13
29
54
1
20
31
44
12
7
18
21
6
4
11
6
7
39
4
8
6
27
2
9
12
3
1
4
20
63
4
18
11
23
14
2
11
19
11
19
5
4
59
10
52
5
45
39
84
18
67
4
13
2
84
2
0
89
1
3
17
43
4
3
32
97
1
20
77
19
1
2
3
14
6
3
12
11
4
32
67
25
6
7
46
17
5
32
2
8
5
17
3
41
9
18
1
17
47
4
8
