182795
182881
182792
182790
182791
182870
182870
182787
182786
304
182878
182784
182784
182874
182779
182869
182786
182777
182780
182774
182772
182782
182770
182864
182769
182778
182773
182771
182864
182768
182763
182769
182759
182759
182757
182772
182754
337
182842
182752
182759
182752
182841
182826
182830
182764
337
182835
182752
335
182832
182755
182846
337
182748
182746
182828
182756
182754
182740
182750
182749
182749
182736
336
182736
182734
182733
182825
182731
182730
182729
182744
182728
182815
182813
182729
182829
182722
336
182737
182718
182811
182793
182718
182720
182804
182718
182726
182712
182711
182707
182706
182689
182709
182707
182703
337
182899
182701
182783
206
182717
182702
182715
182801
182695
182699
182698
182803
182697
182781
182699
182701
182693
182691
182712
182695
182765
182781
182703
182685
182853
182774
182690
182657
182705
182681
182784
182746
182704
182679
182765
182698
182674
182697
182763
182748
182695
182669
182667
258
336
182678
182695
182762
182665
182756
182747
182773
182771
182667
182667
182693
182650
182734
182689
182659
182743
182657
182670
337
338
182660
182654
182736
182654
182754
182681
182732
182646
182649
182643
182644
182757
337
182762
182641
182650
182670
182724
182735
182678
182659
182676
182675
182825
182654
182630
182717
182736
182668
182699
182627
337
182635
182739
182610
182622
182621
182702
182685
182641
182640
182618
182617
182684
301
182615
182639
182613
337
182613
182617
182630
182621
182721
182608
182597
182687
182650
182652
337
182611
182607
182633
182601
182606
182605
182669
182606
182658
182629
182600
182685
182632
182643
224
182614
337
182598
182612
337
244
182640
182594
182622
182668
182588
182592
182577
182626
182659
182696
182590
182669
182591
337
182678
182621
263
182583
182580
182632
182607
182588
182577
182580
182572
182576
182575
182700
182572
182569
337
182570
182641
182646
182602
182594
338
182566
182620
182560
182574
182557
182566
182555
182553
182719
182550
337
182559
182583
182568
182554
182552
182659
182550
182549
289
182548
182547
182504
182545
335
182542
182588
323
182551
182539
182652
182537
182540
182536
182560
182534
182572
182596
182561
182625
123
182544
182532
182568
182580
182524
236
182607
182531
182581
182522
182573
182580
182531
182544
182473
182514
182522
182584
182648
182575
182516
182512
182571
182511
182583
182555
182507
182471
182476
182543
182589
182521
182504
182544
182501
182547
336
182535
182617
182592
182495
182491
182490
182489
182493
182492
182516
253
182547
326
182531
182487
182486
182587
182569
182482
337
182483
182549
182513
182515
182452
182545
182476
182572
182473
182542
182470
182445
182507
182469
107
182468
182467
182465
182424
182463
182506
182464
182424
182463
337
182533
182442
182456
182459
182440
182529
182477
182387
182526
182554
202
182448
182453
182472
182447
182446
182460
182450
82
182522
182396
182484
182354
182488
182339
182530
182475
182553
182450
182471
182495
182438
182437
182484
182499
182436
182434
182548
182467
182430
182431
182429
182335
182503
182457
182426
182426
182595
182510
336
182437
182430
182423
308
182494
182549
182419
182417
182390
182462
182414
182414
182424
182585
182515
182483
182410
182315
182408
336
182480
182408
182547
182420
182436
182404
111
182482
310
182401
182298
182444
337
182375
182424
182414
127
182398
336
182439
182467
182429
182391
182395
182497
182450
182392
182390
182389
182394
182441
182473
182443
182497
182528
182381
182396
182336
182459
182461
182375
182572
182374
182472
182379
182430
182434
182539
61
182450
182369
182397
182442
182368
182372
182372
182405
336
337
182371
182535
182370
182416
182300
182367
62
182367
182393
182395
182339
182517
182431
182444
182361
182451
182340
182314
182355
182359
182357
182353
182353
337
182351
182328
337
182470
225
182213
182435
182346
182352
182433
182388
182343
182458
182246
182339
182424
182339
182456
182344
182359
182408
182333
182428
182338
182332
182319
182337
223
182269
182239
182479
182373
182414
182331
182389
182413
182326
182330
153
182410
337
182327
77
182327
182214
182382
182405
182393
337
182323
182371
182305
184
182369
182321
182319
182312
182324
182352
182154
182361
182317
182315
199
182326
182260
119
182204
182349
182152
182287
182313
182398
182309
182390
182438
182355
339
224
182307
140
337
182314
182304
182387
182133
182247
182333
182234
182401
339
182300
182381
182217
182318
182370
182294
182373
182373
182460
182291
182291
182100
182164
182288
182362
182285
182284
182364
182131
182303
182302
182283
182322
182370
182365
182349
182322
182341
182277
182358
182276
182233
182379
182274
182274
182304
182273
182272
182271
182327
182233
182179
115
182265
182293
182238
182457
182340
182266
182256
182374
182305
182252
182251
182376
182045
182256
182254
182274
182260
182279
182303
182293
182242
336
182284
182246
182031
337
182139
182329
182136
182282
182338
182307
182111
182233
182240
182240
182249
182096
182316
182331
182237
182231
182231
182265
182387
182235
336
182227
182250
182234
182274
182312
182272
182279
182350
182249
182267
182266
182225
182219
182179
182218
182168
182200
182224
182222
182294
182212
182239
182277
182226
182290
182219
182114
337
182264
182190
182204
182018
337
182289
182192
182212
182258
182211
182200
182198
182145
182293
182289
182267
182385
182274
182207
182051
182247
180
182319
182157
182268
181965
182201
182187
144
182091
182283
181966
408
182242
182242
182352
182272
182183
208
200
182215
182208
182179
182179
182200
182074
211
182104
182178
182173
182189
182172
182170
182283
182168
182019
181977
182250
19
182210
182275
182004
182075
182246
182159
182269
182000
182156
182061
182155
182183
182180
181922
146
182257
182154
336
211
181980
182058
182153
182241
182271
182175
182173
182179
230
181969
182170
182225
182193
182242
182167
182228
182165
181931
181912
182221
182161
182125
182124
181948
182222
182044
182146
235
182187
181988
182212
128
182142
182061
182111
182155
182219
182197
182222
337
182233
182088
182214
36
182131
182146
182287
181992
182239
182143
182146
182140
182156
182197
182137
182152
87
182118
182143
182130
182129
179
182053
182092
182127
182125
337
226
182210
182113
182113
182199
182109
336
182128
182120
182178
182165
182078
182163
308
182191
182169
182115
182101
181970
182099
535
182140
182014
182096
219
182110
182130
181998
182173
182105
182136
182103
181938
182138
181900
181827
182130
182159
182087
182060
182186
182198
182083
182156
182080
182079
181792
182076
182149
182149
182201
182139
182091
182069
132
182089
181946
181983
259
181915
182085
182069
182068
181926
182067
182087
182083
182082
181844
182081
181868
182009
182105
182146
182080
182154
182077
182076
182167
182075
182158
182072
181760
182096
182066
182095
181915
182109
182051
182049
182048
182063
182239
182096
182118
182105
182056
182127
182186
182053
182120
182038
182105
182081
82
182050
182129
181932
181980
182099
181901
182044
182092
182041
181770
182122
182027
181962
182060
181781
182127
182023
182072
181737
182103
182018
182017
182015
182038
181676
182142
182041
182028
182026
182107
182008
182077
182006
217
181856
182088
182032
182007
182093
182021
181713
182018
337
182005
182080
182017
181968
182031
181866
182014
182013
181911
182064
182057
211
181896
181997
182011
181995
181700
181995
182068
181991
181711
182020
338
181687
181663
182005
182003
181694
182087
182061
181998
181657
182059
182021
182060
254
181981
182102
181719
181979
181977
80
132
181675
181976
181829
181990
181673
181839
182043
181986
181973
181738
181986
182036
181729
181970
182090
181983
181994
217
181982
182019
182001
181783
181979
181978
181577
83
181665
181882
182039
181961
181798
181969
181967
181957
181816
181566
181952
182130
181965
181963
182007
181949
182038
181993
181999
181985
181941
181857
181955
181996
181939
182021
181937
182039
181705
182023
181726
182002
181965
181944
181986
181943
181932
181943
181961
181736
181807
181937
182009
182024
181925
181517
181921
181933
181747
182002
181966
182012
182079
181729
336
181928
68
181988
181926
181925
181818
181925
181576
181915
337
181923
181914
181896
181923
181485
181913
181846
181922
181874
176
181967
171
181920
181919
181918
181994
181608
337
181980
181949
181768
181580
181710
181916
182030
150
181988
181555
292
181915
182010
181914
181900
181912
181514
181613
181930
181569
181997
181479
181908
181902
181515
181739
181904
181899
181616
181898
181838
197
181899
181894
181510
181994
181896
181480
181892
181890
181888
181838
181888
181815
181489
181887
181976
181824
273
181837
181934
181876
181875
181939
181930
181531
181600
181885
181765
181872
181858
181871
181906
91
181608
318
181872
181868
181866
181924
181864
181621
181947
181686
181925
182018
181861
181861
181467
181859
181859
181430
181856
181956
181609
181855
181854
181931
181884
181895
181869
181851
181568
181848
181867
181846
181906
336
181930
214
181648
181860
181840
181615
181941
17
181939
181435
181838
181834
181457
181342
181835
181722
181899
181667
81
181832
181401
124
181830
181834
181914
181826
181504
181824
181823
118
181616
181432
181883
181549
181910
181684
181832
181348
181413
181832
115
181912
181826
181825
181824
181489
181845
181815
181814
181822
181949
181819
181545
181870
181663
181824
181761
181816
181814
181693
181537
181469
181811
181875
181802
181358
181561
181799
181451
181881
181423
181367
181803
181854
181784
179
181802
183
181801
181796
181468
181752
181800
181664
181792
181790
181840
181798
181788
181460
181632
181817
181307
181788
181821
181663
181845
181785
181785
181796
181883
181794
181604
135
181813
181608
53
116
175
181433
181440
181820
181780
181835
181366
181788
181778
181777
181775
181774
181784
181868
181232
181772
147
181782
198
181804
181782
181727
181885
181822
181770
181698
181858
181702
181462
412
162
181681
181581
181854
181766
181773
181381
181811
181796
181771
181765
181622
181811
181840
181528
181597
181820
85
224
132
262
181565
181596
181595
181761
181221
181933
181764
181758
181765
181278
34
181757
181762
181301
181760
181760
181757
181775
181756
181765
181756
181305
181806
181623
181439
181751
181752
181687
181770
181249
181760
181369
181816
181793
126
181747
181747
181745
181601
181283
181743
181745
181746
116
181742
181189
181806
181785
181740
181737
181735
337
43
181739
181655
181756
181777
181739
181757
181736
181733
181352
181732
181757
181751
181729
181199
181679
181728
181542
181731
181230
181800
181783
181813
181685
181804
181365
181508
181682
181722
181729
96
181373
181415
181727
181720
181727
181743
181718
181764
181717
181457
181724
181713
181722
181739
181187
33
181601
181712
181097
181140
181311
181760
181714
181714
181234
112
181666
181715
181712
181711
181424
181710
181712
181710
181709
181164
181710
181708
181128
181447
181647
181707
181705
181162
181706
181706
181772
181705
181238
181715
181090
181790
181702
181704
181724
181703
181706
181045
181758
181134
181744
181423
181696
181698
181681
181696
181181
181689
181695
181398
181692
181732
181741
181731
181690
181689
181760
181689
181731
181543
181251
181090
181487
181686
181685
181271
181384
181006
181373
181325
181300
181680
181679
181611
181739
181733
181511
181770
181683
181677
181199
181288
181680
335
181389
181673
181419
181678
181669
181678
181719
130
181022
181676
181712
181668
181710
181455
181666
181039
181547
181715
181664
23
181663
181674
181427
181690
181341
181304
181670
181052
181663
181661
181146
181495
181668
181610
181110
180998
181286
181699
181666
181269
181660
181702
181134
181212
181657
181241
181662
181655
181653
181681
181652
298
181078
181701
180974
181275
181650
181570
181496
181004
181136
181728
181642
181274
181628
181299
181165
181648
181409
180932
181381
181563
181647
181700
181278
181654
181635
181285
181404
181645
181566
181673
181135
181631
49
181643
67
402
181197
181402
181446
181641
181639
181628
181638
181629
181627
181637
22
181682
181026
181434
181622
181449
181627
181685
181354
181042
181710
181130
65
181233
181627
180958
181387
213
181435
181616
181091
181243
181276
181615
181623
181009
181620
181007
181623
181408
181616
181646
181604
181673
37
181616
181593
181641
181631
181634
181351
181061
181646
181613
181698
181661
181610
181109
181656
181673
38
181605
181604
180940
181608
181603
181624
181386
181600
181606
181608
180886
181341
180868
123
181605
333
181669
181603
195
181602
181600
181627
181598
181030
50
181595
181411
181016
181593
181540
181416
181133
180798
181614
180887
181629
181204
181614
43
181586
181300
95
181589
181588
181448
180963
181587
181583
181594
181322
181442
181581
181581
181580
181579
181578
180905
181644
181577
181576
180897
180834
181574
325
181572
181574
181594
180788
181576
181269
181220
181569
180764
181568
181567
181144
181570
181635
180818
180934
181539
88
181276
181212
181606
181109
181566
314
181337
181560
181014
181140
181618
181557
256
181479
181567
180738
181477
114
181555
181394
181553
181568
181557
181554
181384
181147
180758
181425
181526
181484
181427
181525
181200
73
143
181549
158
180899
180728
181343
181543
181545
180714
181544
181544
181541
180969
181599
181486
181538
181540
181538
181537
181538
181096
55
181571
181436
181440
181537
181553
71
181565
181535
181535
181536
181534
181541
181533
181290
181408
181531
181564
180806
181529
181563
180993
181541
58
180965
181597
181401
181525
181529
181303
181522
180779
181547
43
181528
181042
180698
181526
181519
181524
181214
181522
181521
180741
181522
181413
180693
181314
181518
251
181564
180759
180753
181515
53
181514
181512
202
181517
183141
183140
183139
183137
183136
376
183137
183136
183218
183134
183214
183134
183131
183130
183235
183129
183130
183220
183238
183238
183125
183126
183126
183126
183122
183122
183122
183121
183223
183120
183222
183228
183116
183117
183216
377
183121
183111
183115
183109
183110
183110
183109
183105
183187
378
183103
183199
377
183201
378
183102
183209
183187
183096
183104
183103
183091
183099
183194
183187
183099
183088
183090
376
183187
183174
183085
183084
183082
183090
183081
183101
377
183096
377
183087
183186
183098
183062
183169
377
183187
183162
183085
183173
183084
183071
183077
183134
183069
183152
183068
183076
377
183071
183062
183069
183130
376
183069
183077
183083
183066
183064
183069
183067
377
183055
183061
183060
183052
183145
183049
183057
183055
183047
183062
183045
183052
183059
318
183040
183136
183047
183055
183037
183052
183049
183128
183051
183041
183039
287
143
183054
183055
183054
183053
183132
183127
183044
183047
183049
183032
183116
183112
183019
183034
183016
183133
183015
183070
183037
183011
183108
377
183008
183109
183048
377
183113
377
183007
376
183018
183018
183016
183017
183107
183001
182999
183027
183015
183007
182995
183082
183079
183080
183004
183112
182989
183100
182988
183011
183028
182997
182997
183114
182981
183091
183091
183010
182991
182978
183022
182989
183004
182986
182973
182971
182970
182969
182968
182966
182965
182963
182999
183068
182962
183023
183086
182992
182946
183057
182980
183051
182962
182973
182975
182970
183062
182968
182977
182951
182958
182948
183053
182998
182964
377
378
182968
182962
182943
182960
183026
369
182957
182956
182955
182939
182938
183020
377
182935
182934
182924
182963
182950
182932
182942
377
183031
183038
183036
182944
183032
182926
182943
324
182925
182967
182923
182941
182943
182920
182919
182940
183030
183038
377
182936
182950
182995
182948
183057
182912
375
182941
182839
182980
182907
182949
183023
183073
182925
182937
182980
182921
182920
182956
182926
182918
182898
183011
182916
183004
182928
182933
182893
182918
182911
182972
182888
183001
182951
182907
182926
182916
182903
182903
378
182945
182917
182949
182948
182886
182876
182912
182839
182894
182906
182876
182923
182891
182991
182873
182994
182912
182915
182980
182869
182976
182883
182936
182865
182863
182873
182861
182943
182935
182877
182899
182876
182909
182906
182855
182917
182872
182909
182819
182940
182882
182866
377
182865
182864
182904
182846
182975
182917
182881
182843
182842
182840
182980
182857
182839
182840
182856
182888
182835
182852
182853
182849
182847
182889
182829
182858
182866
182873
182916
182841
182862
377
182838
182821
182912
377
182873
182842
182914
182839
182830
182736
182852
182724
182825
182750
182822
182839
182918
182806
182869
182792
182817
182858
182695
182917
182812
182905
182860
182848
182863
182687
182915
182814
182705
182793
182847
182790
182897
182848
182797
182853
182786
377
182783
182747
182885
182781
182780
182848
182782
182842
182665
182776
182866
182885
182859
182824
182772
182771
337
182784
182806
182767
182835
182824
182779
182765
182777
182763
182891
377
182781
55
182861
182776
86
182873
182821
182662
221
182778
182767
182820
182753
182669
182767
182750
182692
182765
182826
182763
182748
182746
182647
182798
182808
182773
182756
182831
182740
182738
182737
182753
182842
182751
182636
289
182738
182828
182816
182734
182834
182748
182853
182831
182800
182744
182744
179
182746
182701
182728
182767
182726
182725
182723
182805
182738
182583
168
182807
91
182877
182718
182736
182735
182791
89
263
182714
182627
182732
182731
182714
182815
182726
182752
353
182709
182707
182730
182705
182680
182703
182744
222
182758
182717
182770
182768
182696
182712
182694
182693
182778
182773
182643
182770
182742
182564
182688
182733
287
347
182828
182716
377
182701
182681
182615
182705
182793
182747
182730
182682
182758
182742
182697
182817
182833
182644
182801
182699
182692
182691
182690
182739
182688
182722
182766
128
182664
377
182688
182700
182779
182685
182705
117
182759
182676
182675
182560
182716
182503
182759
182724
182678
182759
182759
182750
182541
182743
182691
182648
182671
182646
182685
182626
182704
326
182664
182564
182699
182518
182678
182719
182693
182657
182756
182744
182654
182532
182651
182634
182655
182684
182647
91
182696
182645
182776
376
182709
182627
182641
182641
357
182710
182638
186
263
182567
182625
182636
182588
182669
182643
182606
182675
182745
182694
182555
182672
182547
182625
182622
182615
247
182707
182615
182626
182621
182609
182620
182608
182696
182656
182605
182666
182621
182395
182398
182587
182601
182689
377
182699
182611
182610
182510
182532
182662
182597
182531
182701
182644
182604
182603
182689
182613
182551
182664
182599
182661
236
182645
182587
182612
182624
182594
182592
182584
182584
182671
182589
182645
182681
182645
182585
182703
182583
182641
182580
182656
182679
182660
182575
182647
182619
182571
182600
182572
182402
232
182467
182569
182631
182608
182642
182563
182562
182561
182583
182559
251
182627
182570
182557
182631
182555
182654
182553
182618
182551
182533
375
182320
182551
182550
182646
182549
182371
182419
182575
182570
182516
182610
182585
182301
182624
182606
182514
182329
182579
182547
182484
182569
182580
182366
182633
182603
182610
182532
182531
182531
182530
182613
182280
182401
208
43
182527
182549
182394
182525
182552
182600
182550
296
161
182489
182558
182585
182520
206
182524
182572
182572
182596
182615
182603
182531
182500
182463
182410
182517
182554
182515
182523
182297
286
182512
182514
207
182597
182655
182262
182594
182560
182355
182502
182523
182552
182544
182590
380
182494
41
182577
182497
182503
182385
182495
182558
182270
182545
182473
308
182573
182595
182489
182487
182558
284
182520
182481
147
182560
182482
182528
182480
182479
182272
182584
182541
182477
182475
182473
182493
182473
182471
182470
182540
182534
376
182504
182484
182429
182467
363
182466
182468
182502
261
182467
199
182531
182329
182500
182530
182463
182496
182458
182571
182540
182460
182433
182457
182482
182458
182550
182548
182453
182552
182451
182484
182384
182571
182493
91
182450
170
182533
182459
182266
182559
182420
182444
182524
182525
182463
182508
182489
182510
182436
182435
182436
182543
182220
182510
182438
342
182404
182302
182429
182517
182433
182259
182445
182366
182497
182287
182317
182427
182427
276
182427
182435
182323
182424
265
182427
182423
182417
182364
182420
182419
182329
182512
182521
182186
182556
182453
182534
182545
182530
298
231
182413
182498
182086
182250
182411
182409
337
182357
182178
182490
182165
182535
182405
238
182354
182468
182344
182435
182408
182303
182398
182324
182136
182322
182486
182110
182398
182478
270
182396
187
182395
182466
182402
182463
182434
182389
182430
182412
182388
182434
182385
182222
182381
182154
84
182396
182412
24
182114
182379
182468
182374
182401
182449
182298
182174
182415
182395
182475
182372
182297
182366
182230
182303
182397
182490
182446
182276
182366
182486
258
182189
182362
182474
216
182437
182290
182361
352
182260
182408
182036
182392
182356
182355
182348
182227
182299
182399
182392
319
182343
182450
182351
182342
182384
182348
182347
182360
182275
182436
182345
182343
182390
182338
182339
182431
182386
182355
182222
182388
182161
182155
182330
182412
182134
181945
217
182326
182334
182394
182324
182322
182361
254
182391
182349
182244
182318
182181
182322
182118
182393
182396
182310
79
182257
182340
182307
182306
182324
182229
182087
182390
182113
182428
182
182395
182404
182319
182240
182349
182311
182411
182258
182316
182327
182320
182292
182354
182289
182158
182311
182477
182358
182411
100
182371
182002
182395
182303
297
182287
182286
182301
182197
182283
182226
182297
182296
181917
182345
182296
182280
182360
181918
182283
182392
182276
182292
182298
183
182294
182273
182289
181949
182146
182221
182085
181995
182288
181963
182286
182361
182469
222
182363
182143
182265
181859
182303
182363
182288
182012
182263
182228
182315
182303
182278
182169
182328
182289
182226
182115
181829
182266
181984
181832
181878
182341
182279
84
182333
182227
182004
182268
182298
181911
182309
182361
182333
182131
182248
182260
182247
182282
182283
182244
182243
182160
182337
182257
377
139
182100
182327
181952
182257
182252
182303
182250
182249
181911
182305
182334
182247
182246
182217
182140
181975
182259
182057
182317
182000
182226
182343
182248
182151
182276
182318
182238
182237
182327
147
67
182222
182235
182222
182234
182155
182233
182074
181783
182145
182049
182219
182236
182219
182229
182229
182141
182227
182214
16
182220
181981
259
307
182226
182222
182211
182224
182239
182221
182206
52
182052
182206
182142
182242
182202
182077
182210
181823
93
182219
182197
182013
138
182220
181989
181728
182258
182209
182208
182275
182214
181861
182093
182015
182063
182224
182205
182190
181759
182192
182203
182202
181802
182184
181933
182286
181875
182251
182058
182214
247
182178
182196
181850
182175
182174
181890
182174
182122
182168
181890
181779
182245
182171
182169
182191
182237
182186
182247
182216
182182
181819
181694
181956
182180
182211
181819
182171
182158
182227
182178
182177
182010
182215
182174
181886
181844
182232
181815
181899
182153
182170
182250
182169
25
182153
182193
182170
182180
182169
182201
182049
182148
182165
182163
181747
182219
181714
182145
182159
181954
181719
181667
355
181915
181730
182130
182156
377
182016
182048
181925
182139
182163
154
182168
182176
182151
182138
182149
181767
182148
181642
182144
182167
182234
128
182134
182009
181985
182200
182135
182143
182243
182135
182041
182133
43
182211
182158
182141
182130
182001
182172
293
182146
181712
182151
182175
182124
182174
182204
182001
182131
181822
43
181842
182122
181659
59
182127
182217
181549
182182
182124
182120
182159
182120
181705
181828
182114
181918
181968
182176
182111
181734
181760
181705
182108
182114
181712
181525
182111
198
182106
181885
182035
182209
182120
176
181757
181785
181894
377
181752
26
182103
182139
181840
182100
182100
182099
182183
182096
181736
182094
182040
182094
181720
181749
181699
182142
355
182177
234
182148
181828
182086
181574
182111
182009
182085
181761
182085
181578
182142
182116
181498
57
181538
182077
181779
182081
182144
182077
182076
181599
181888
181711
181565
182092
181738
182094
181510
182121
181498
182072
182070
181546
182072
182070
182074
182069
182069
182053
181932
181926
182068
182067
181796
182097
181955
182064
182061
181953
182062
181630
182059
182057
181821
181636
181594
182148
181881
182053
238
182052
182035
126
182054
182094
182088
182106
181561
181879
182047
182048
182046
182044
182045
182136
181928
181923
317
182079
181958
182055
182129
182023
182150
182040
181531
181852
182053
182069
181786
182062
172
182076
181665
181435
182029
182037
182035
182026
181525
182034
182017
181932
182090
181883
182047
182028
358
182026
181484
181392
181391
181699
181597
181355
182101
181541
182015
206
26
182020
181807
181433
181913
57
182018
182013
181721
182014
182029
182012
181797
181879
181455
182014
182047
181950
181618
182010
181720
182008
182006
182010
182002
181878
181998
139
133
181730
181694
181433
181848
182000
181996
182000
182022
182028
181813
181831
181995
181991
182032
181695
182053
181581
182086
181812
167
181925
181988
181859
182012
181314
181706
181489
182002
181986
181619
181588
181902
181985
182084
181350
181985
181976
181982
182061
181296
76
181387
181888
182020
181418
181883
181855
181971
181978
181899
181976
181494
182050
182006
181999
182026
181964
181982
181469
181960
181974
181707
181973
181313
181958
181969
181472
181820
283
181955
181457
181753
181953
181287
181963
181952
181963
181860
181961
181890
181926
181964
181947
181988
181901
181957
181955
181957
181567
181975
181955
181952
181945
181992
181954
181952
181265
181945
181480
181950
181950
181894
181948
182020
181979
181446
182004
181944
181941
181883
181656
52
181898
181938
181968
181986
170
181943
181523
181941
181962
182003
181582
181321
181506
181934
181936
181934
181935
181934
181571
182009
181387
181942
181506
181979
181839
181932
181928
181738
181926
181930
181930
181692
181927
181962
298
181725
181513
181376
181738
181913
181920
181925
181940
181919
181917
181823
181142
181922
181939
181542
181942
181229
181921
181917
181907
181171
181931
181227
181414
345
181621
181915
181924
181349
181907
181906
181912
181974
181903
181910
181475
181912
181492
181917
181154
73
182049
181944
181315
181904
181342
181241
181898
181896
181285
181897
181896
339
100
181979
181913
181896
28
181904
181896
318
109
181907
181436
181894
181538
181608
181889
181445
181088
181915
181905
181097
181895
181954
181313
181886
181984
181864
181890
38
181278
181892
181857
181121
181189
181918
181296
181881
181186
66
181366
71
181877
181648
181874
181427
181839
45
38
181551
181528
181917
181884
181872
181721
181816
181899
181179
181664
181872
181112
181879
181225
181878
181876
181169
181621
181417
181786
181530
181867
181873
181133
181958
181882
157
181234
57
181869
181112
181799
181890
181369
181592
181690
181887
181857
181648
181856
181864
181863
181863
181923
181864
181856
181910
181862
181860
144
181853
181606
181854
275
181860
181851
181859
181849
181646
181466
181710
181847
181683
181806
181077
181854
181142
181376
181839
181837
181105
181820
181746
181911
181635
181394
181526
181832
181832
181844
181401
181646
181363
181845
181843
181855
181825
181414
181824
181569
181872
181838
181821
181132
181782
181835
181833
181665
181819
181214
152
181820
181582
181265
180985
181829
181643
181861
199835
199834
199827
199825
199818
199816
199733
199732
199722
199721
199718
199718
199716
199714
199707
199701
199693
199694
199690
199689
199689
199694
199687
199684
199672
199670
86750
86724
86718
86713
86710
112908
86519
86516
112903
86511
86507
86509
86504
112876
112869
86503
112868
112868
86498
112638
86489
86487
68545
68421
112631
68411
112633
68419
112617
112610
112491
17940
112482
112481
112476
17459
112478
112477
68405
112435
68403
68401
17460
112395
112355
112320
112316
68401
68400
68399
112254
68398
17448
68401
112260
112254
112247
112246
68398
112223
112179
68390
68341
17440
112175
17442
112183
112167
112167
17444
112123
68333
68317
112080
112075
112084
17016
112066
68314
112061
112004
112008
68318
68318
111994
68309
111993
68307
112007
111972
68304
111948
67661
111941
111946
67593
111953
67592
111943
111946
67595
111941
17010
111932
111942
111923
67570
111917
111478
111490
67561
67548
111476
64944
111478
111473
111455
111460
111457
111452
111449
64948
111446
111442
111450
64939
64919
64824
111444
111449
2599
64820
111431
64831
110915
110907
110893
64744
64715
110894
110897
110888
64714
17014
64723
16094
64639
110881
110861
64638
110858
110836
110851
110843
2582
110831
110830
64638
110851
64641
915
16015
16006
110820
110812
110806
110810
110805
110796
110799
64626
64616
64615
64608
64568
110798
110742
64561
110734
64566
2563
110733
64390
110732
110718
110736
64383
110656
110658
64380
110639
64325
64328
110631
64316
64305
64267
512
64246
64244
64246
110637
110621
110633
64264
110568
110576
64252
16011
64247
64239
110488
64255
64236
109758
109767
64234
82
109747
64239
109751
64230
109745
109752
15994
109756
109752
109731
109705
109732
109730
15985
109732
109743
109706
109708
64251
64221
109711
64218
64245
109710
109710
109677
109677
63697
63693
109517
109082
108970
108954
108965
63683
108945
108756
63692
63655
63654
108761
108773
63603
63586
108738
108532
108525
108530
63471
15991
108527
108556
63458
108472
15981
108523
63468
108521
63466
108459
121
108472
108446
108465
15986
108471
108441
108215
108207
439
911
108200
108199
108217
62077
61357
108210
108132
61371
108114
108129
1376
61370
108097
108119
108103
108128
108089
61366
61379
108096
108104
1368
61352
108089
108063
108060
108046
107832
61350
107804
1409
106419
106388
61352
61372
106232
106230
106221
61351
106230
106205
106218
106222
106247
106085
61358
61339
61324
15977
6
702
61311
61300
61281
106050
405
106045
106043
61280
61252
61230
106064
15567
61245
61259
106015
106006
15566
12930
105989
61170
61169
61171
105988
105964
105944
105946
105942
105283
105275
2636
105241
105230
61163
47
61145
61157
105222
61142
105253
105222
105253
105170
12925
105258
61140
105208
105210
105144
105102
61163
105148
60974
60980
60984
105173
102124
60963
102137
102088
60954
1367
2635
102107
1408
102094
12922
60854
60870
60868
99729
60846
60707
99653
2631
193
60734
99660
99625
60734
99606
99605
99604
60739
59950
59947
99604
99610
96303
96297
96290
95800
95784
95758
95757
59385
59416
95749
12930
95750
340
95745
95743
95732
95741
95742
59350
95741
52509
95704
95713
95677
12125
52468
95682
79
95586
95486
95568
95548
6812
95506
95456
52444
95417
95430
70
2531
95404
51440
6811
1093
95451
50868
50855
44820
95
44787
95423
95399
95398
44759
95399
3293
95386
95416
95372
95289
44631
95270
162
44653
44540
6038
6807
93528
44522
44504
44498
93522
1736
3267
44447
93425
5765
44
44052
93445
93413
93404
44073
93405
44026
1474
93414
44066
93397
11031
93450
437
85
93421
44063
93188
93257
93256
93175
93216
93300
93249
2509
2388
93252
93248
93233
5195
93230
93235
44049
93244
93224
11027
93219
44037
6580
43948
93218
93216
43974
3260
43952
93212
43876
93237
93208
93211
42396
42394
1478
42378
42056
42078
93192
93186
93190
93178
42009
34805
34843
259
93103
93200
2389
34819
34818
11025
568
11027
34820
2528
93171
93157
34798
5165
93091
93167
6578
11025
93166
91593
34775
91622
21608
2527
91473
91345
91297
91309
2379
108
91172
91155
1015
91175
642
91189
21600
230
21634
91128
6580
91095
91158
21610
91123
91127
6570
91156
91064
11004
21547
695
21558
91036
138
91137
84682
3043
84604
84667
11014
84687
10978
3030
84663
84147
46
4098
21546
3261
230
84026
227
13137
4
9
13137
1572
84041
83999
21549
83957
84016
83898
83932
7188
83831
6418
1199
83833
83834
13136
21539
83419
83373
83324
6562
83362
83361
560
83351
701
6409
34
6560
628
21547
83338
21375
83301
83298
13126
10977
688
13122
83246
21359
21356
83267
7147
21351
3260
83243
83167
80007
767
79972
1201
7146
5251
6396
79975
495
79974
79861
107
79957
79954
79276
6408
4094
4089
79347
493
79339
79338
120
42
10976
79281
79332
6402
79303
21286
511
3024
79206
10975
13120
21194
100
21049
6401
79231
21054
1574
77925
21052
10965
5250
21075
77924
77665
3024
12
77584
77697
6397
3189
77654
7150
598
21048
5249
6395
77668
1309
22
6392
257
77669
77642
72621
20440
13114
72581
1464
72341
5249
627
16
72342
72340
20439
20416
72339
72349
1461
72122
72007
72041
72019
72000
803
20394
71977
2512
20408
71819
71880
6395
71841
1309
71175
20400
71174
189
13120
667
71189
71213
71145
6396
56667
1306
14479
1464
56663
5
10961
10961
1062
671
1573
54647
7146
10959
54768
14468
1198
1473
5040
14461
20367
54700
14459
54709
1306
14362
3261
5048
3188
51064
551
1308
50906
5044
5249
50898
20388
50864
17792
14361
13106
50926
3022
7
50700
10960
12956
50701
2596
14350
6113
10950
17782
14338
697
6388
5
17803
781
50618
50646
226
5033
4092
4086
438
50693
50434
108
50388
156
2524
17800
50424
5040
561
14333
3258
17788
2232
642
1029
17798
50423
17778
50412
210
50394
1311
12952
573
50389
10946
12967
17785
10947
5244
50400
50368
423
17777
1260
17773
50396
3188
537
14318
4086
50304
6383
36655
1936
10937
461
111
4062
3178
12947
3256
10913
10913
36657
13713
1476
36598
2377
12938
5245
14313
36623
36575
12607
849
12616
12596
12611
1306
6382
13692
2508
3
772
14323
83
10909
5244
7
2233
5017
3634
45
1572
36559
36506
10908
14190
845
2510
12521
9300
243
17714
13700
13685
6387
553
6383
36401
604
13639
5021
14195
1475
17728
36401
13621
9218
36407
13639
14201
35
36377
690
36386
2982
254
2371
36365
17724
9220
14194
106
37
17722
12510
17729
459
36366
2984
3934
135
36361
36359
14160
36357
13637
36341
17720
2983
3180
2458
13637
36370
6388
118
36345
9207
466
36364
461
36352
9213
36343
43
9212
3254
362
156
5243
3176
3
13606
12520
36333
36325
13524
3351
13519
9214
12501
36340
9203
2837
6083
14167
9204
14159
456
17722
13892
17709
12521
36195
458
17678
36153
17707
36149
667
36146
13868
36149
9204
6379
17706
458
36141
36101
1594
12519
17721
36139
13504
36136
6076
36134
1323
36070
12498
13512
15559
13501
115
6303
36068
15550
36132
15533
15532
36095
36140
3174
35835
5241
5012
15527
1322
9199
7720
16
1904
164
11034
35820
2817
5019
11000
35821
226
15511
614
35814
5182
13499
6242
10992
35732
18993
1303
16812
16769
18954
5176
9731
13888
3816
7709
16804
2806
15493
5177
5002
202
18995
16807
16805
18893
16
3804
5995
16763
551
13875
18924
13867
15514
2374
18923
15495
13568
18940
16790
2680
18924
1547
15492
13567
13501
7515
6001
358
9730
1570
18926
9748
1174
13890
16801
16766
3801
3040
5999
5006
18913
13592
18910
34
9733
1933
1904
13891
5001
16794
4998
543
421
1305
489
6230
13485
5167
362
13595
13594
2676
7510
13593
18910
1541
42
7422
9756
418
18913
565
45
13889
5167
5009
558
13866
13877
16785
7288
13848
13591
3811
561
13861
13584
9745
13483
13583
147
13852
18910
1694
3254
16788
7298
3035
2
16778
9729
5994
13502
16747
1303
18604
3800
15879
551
7276
33
600
5172
15855
1309
13582
12419
13588
18
2226
7155
9708
80
1459
393
1478
227
13872
438
13587
7152
3806
13866
13469
1230
195
18641
13500
3337
772
93
18598
18631
1224
3253
13490
5007
13488
131
18626
18631
7155
18500
351
40
1594
9517
13495
1458
18477
13861
18488
4979
1398
13819
12417
625
9698
12405
17
18496
1028
13807
5940
4073
3456
6238
9509
18485
5173
13495
12397
5943
13483
456
2369
488
13799
13457
9684
13471
1262
9507
5170
3783
12376
289
9504
480
413
13798
4071
5170
1392
5926
5925
9494
9689
5908
2002
1300
112
13655
612
20
12390
3250
549
1458
13471
6230
9503
13632
9082
816
1452
18487
1302
13471
13469
13469
2003
5887
1445
13421
9717
12369
4968
13679
3781
216
41
96
340
9084
13294
20
164
1300
5873
3235
5859
6193
3222
2876
9686
12263
9070
9068
2873
390
1436
13649
1509
1174
1230
7153
13298
608
2676
13644
3336
12240
13673
13629
9700
1297
18433
206
1025
10950
17348
6179
10818
17315
109
13292
97
193
6179
13670
9036
8976
426
325
56
11
1293
559
5167
7
537
2366
9
9697
1474
1501
2626
1105
4057
6175
321
3642
1206
2670
384
17343
10782
3333
6163
13290
17334
9670
135
3019
17334
8711
2140
7162
773
279
487
395
7497
13278
6008
3333
549
523
2142
4657
10809
17335
7151
7499
4031
4672
608
1420
3533
13279
10678
635
1014
40
7161
120
767
578
3539
10670
3
7150
3534
9624
351
3999
13276
13261
13235
145
3518
2617
595
389
7128
3012
63
1009
6658
4669
9575
1235
282
12240
11902
73
557
3464
4007
3970
816
101
923
17288
2613
325
9562
5998
16875
7493
96
4033
16853
6656
1263
5873
11902
16862
1301
16865
4
3637
1420
536
4657
4927
341
553
69
155
3007
478
3327
4351
4315
11901
1307
608
30
1416
3319
3005
62
6649
11878
5876
1124
1203
436
4027
9567
1173
4656
468
534
11892
11838
38
6602
3636
6005
3978
1170
16865
134
3401
6616
1998
972
540
3101
1261
401
4028
3981
922
4
3976
489
16857
9
130
1253
13
297
9567
3395
2996
7480
1058
11865
2229
1083
1710
11863
4070
105
1100
1525
11862
2622
3319
6597
16784
7150
16842
11861
1833
6596
4009
11816
9566
2668
4084
3097
3603
9561
11838
655
1796
11808
3275
29
61
15564
3930
7
3323
1078
6008
99
75
4039
1472
6788
72
15421
5913
15377
258
5923
11799
5665
7137
441
971
127
2989
4
2621
720
1221
2606
14
2617
11826
11822
1112
4024
3988
11788
3909
15385
353
3098
3115
15394
1773
100
105
3322
3123
1023
15366
7128
11534
6796
15316
2600
15361
386
11558
5909
552
4667
15359
11520
6
289
15316
15348
5653
274
122
6782
3928
2851
3301
7122
13
11535
556
2764
7109
453
127
2761
7105
6793
3619
6752
3098
3477
877
1455
6740
6761
2745
3293
473
1052
119
29
1249
3261
791
234
3604
4326
15347
609
1621
442
2608
348
2618
376
6884
12
2594
3301
387
4027
250
3278
541
8
4399
6740
4421
2988
3269
140
40
1952
2743
2028
1017
11485
2608
6349
5625
224
4007
134
2763
13
1615
2031
4018
5865
376
2605
15364
869
116
515
3959
3916
1478
1477
651
180
3260
5625
2844
3283
2103
374
6860
417
3303
2593
442
440
4312
245
80
11533
1702
2370
11505
15303
2496
2617
1616
6849
5607
5613
1414
533
21
1506
11527
941
3
1261
5
14397
1218
4306
581
14316
4004
11527
416
5601
1304
6355
6125
399
3949
2603
1949
2846
35
1612
3924
291
14368
11499
2229
6126
1186
348
11451
3255
787
2607
11469
1471
6125
1215
5616
1769
6122
14379
1408
4307
14364
2847
2596
6850
413
6069
6
11460
3237
2106
133
1762
1747
3613
6822
2105
2327
514
3921
1944
1940
5531
1895
1598
2592
1683
4415
374
1547
3984
3300
359
3920
2713
236
84
1951
954
1516
438
2362
5542
341
6040
3996
14309
1944
14313
1731
6072
14335
14228
6056
56
1891
1728
6844
1250
6049
1518
338
535
2846
11438
347
5515
2734
5535
762
5511
232
2507
2604
3245
14066
21
3656
8026
1552
316
5966
14034
318
2828
6830
2174
758
239
26
195750
195750
195749
195748
195748
195748
195747
195744
195744
195742
195738
195740
195737
195738
195735
195734
195732
195731
195730
195728
195727
195728
195732
195729
195724
195724
195719
195722
195724
195717
195720
195713
195713
195716
195712
195720
195714
195703
195709
195717
195706
195710
195706
195709
195707
195704
195701
195699
195698
195700
195699
195699
195698
195695
195696
195696
195702
195705
195690
195689
195693
195703
195691
195690
195694
195688
195686
195698
195697
195693
195681
195681
195679
195677
195684
195676
195678
195689
195673
195662
195674
195677
195671
195668
195668
195667
195666
195676
195671
195663
195662
195661
195660
195665
195659
195657
195662
195657
195666
195660
195665
195667
195649
195638
195647
195654
195671
195669
195659
195656
195652
195638
195624
195637
195636
195635
195634
195645
195643
4
195646
195631
195630
195629
195635
195641
195646
195639
195642
195637
195625
195638
195649
195633
195621
195620
195619
195618
195617
195635
195629
195632
195632
195612
195616
195641
195610
195622
195605
195604
195620
195590
195602
195601
195626
195579
195602
195622
195634
195595
195619
195593
195615
195627
195638
195610
195630
195608
195605
195626
195595
195602
195622
195586
195581
195599
195597
195627
195612
195579
195589
195575
195594
195569
195597
195572
195582
195581
195588
195594
195590
195577
195577
195575
195604
195572
195597
195568
195560
195560
195558
195570
195557
195569
195558
195556
195566
195554
195578
195564
195566
3
195577
195550
195575
195593
195547
195510
195545
195555
195566
195581
195573
195560
195536
195535
195549
195548
195549
195552
195563
195577
195508
195553
7
195541
195555
195524
5
195535
195534
4
195529
195531
195500
195526
4
195558
195518
195517
195516
195522
195512
195510
195520
195556
195519
195507
195537
195538
195514
195542
195558
195531
195509
195508
195530
195539
195498
195497
195496
195505
195495
195494
195493
195519
195502
195490
195508
195534
195487
195523
195536
195496
195483
4
195495
195482
195416
195480
195494
195537
195531
195509
195497
195474
195494
4
195487
195493
195500
195484
195480
195478
195477
195523
195407
195463
195517
195461
195471
195496
195518
195471
195472
195456
195469
195455
195502
195467
195450
195493
195463
195461
195448
195487
195445
195477
195402
195442
195457
195456
195441
195439
195487
195479
195434
195434
195432
195451
195359
195430
195426
195448
195463
195447
195445
195444
195443
195424
195442
195423
195422
195441
195421
195440
195440
195455
195437
195447
195478
195449
195481
195432
195415
195479
195430
195413
195429
195448
195424
195442
195407
195472
195420
195483
195404
195406
195459
195417
195480
195467
195407
195412
195399
195398
195463
195409
195439
195412
195446
195405
195404
195392
195403
195391
195402
195354
195401
195389
195462
195458
195386
195398
195385
195459
195396
195403
195381
195378
195377
195391
195391
195436
195421
195387
195395
195373
195453
195385
195383
195393
195417
195368
195379
195387
195366
195378
195437
195376
195365
195375
195374
195373
195439
195383
195362
195424
195360
195440
195368
195356
195355
195385
195371
195353
195364
195384
195425
195426
195334
195322
195358
195388
195356
195355
195407
195311
195344
195355
195362
195351
195343
195341
195350
195339
195338
195337
195424
195347
195338
195331
195395
195402
195354
195327
195326
195409
195220
195324
195323
195403
195414
195319
195335
195318
195334
195366
195315
195390
195330
195329
195219
195339
195270
195325
195313
195311
195396
195369
195320
195319
195191
195309
195375
195304
195302
195234
195230
195312
195299
195342
195281
195299
195309
195336
195308
195306
195361
195339
195293
195305
195292
195313
195143
195303
195333
195301
195308
195363
195284
195298
195281
195360
195278
195293
3
195277
195291
195226
195290
4
195355
195287
195302
195285
195284
195339
195270
195298
195281
195325
195267
195279
195125
195263
195344
195275
195169
195353
195345
195260
195240
195267
195232
195266
195321
195252
195303
195250
195249
195247
195329
195245
195301
195243
195145
195319
195240
195239
195242
195274
195123
195237
195349
195254
195235
195234
195272
195252
195232
195312
195288
195229
195228
195227
195227
195248
195224
195071
195080
195220
195246
195245
195244
195219
195283
195241
195216
195241
195264
195248
195289
195211
6
195261
195233
195207
195207
195319
195232
195205
195203
195299
195228
195201
195260
195198
195232
195231
195195
195323
195222
195090
4
195263
195228
195253
195156
195218
195187
195191
195139
195189
195188
195141
195184
195244
195298
195255
195180
195008
195179
195211
195252
195271
195177
195242
195264
195173
195195
195306
194974
195245
195170
195199
195243
195201
195200
195168
195081
195166
195200
195165
195228
195233
195198
194986
195298
195141
195196
195159
195038
195158
195196
195157
195196
195194
195231
195204
195207
195151
195067
195187
195193
195145
195181
195180
195142
195225
195249
195080
195137
195135
195134
195133
195132
195157
195169
195168
195167
195166
195252
195226
195201
194944
195127
195001
195126
195125
195215
195124
195159
195158
195156
195156
194908
195121
195142
194936
194972
194980
195152
195118
194911
7
195116
195069
195114
195052
195152
195189
195219
195214
195106
195105
194998
195144
195115
195142
195143
195104
195103
194929
195139
195095
195101
195100
195138
195136
195097
195091
195096
195095
195134
195049
195133
194962
195160
195094
195119
3
195185
194998
195127
194873
195179
195118
195179
195081
195116
194931
195081
195080
194937
195113
195167
195077
195076
194930
194869
195112
195109
195074
194954
195107
195073
195141
195071
195212
194972
195069
194950
195069
194830
195102
195067
195108
194887
195100
195025
195115
194993
195024
195017
195096
194959
194878
195063
195094
195062
195093
195154
5
194853
195061
194891
194961
195093
195056
194818
195072
195054
195097
195051
194777
194932
194968
195080
194909
195047
195078
195046
195164
194939
195002
195085
195042
195041
194806
194996
194941
195038
195037
195081
195103
195062
195150
195065
195091
195090
195030
195134
195027
194906
194922
195056
195120
194980
195140
195019
195054
195121
195071
195092
195015
195014
194857
195081
195068
4
195067
195011
195048
195047
195010
195132
195101
194892
195108
195042
195006
195009
195077
195003
195002
195008
195065
195000
195034
194712
194961
194998
195032
195078
195062
195102
194906
194689
195081
194756
194990
194997
195027
194695
194748
194989
195131
195025
194986
195024
195018
194767
195119
194982
195020
194981
195019
194980
194979
195020
195019
194978
194977
5
195017
194767
195015
195014
4
2
194841
195084
194975
195054
195010
194662
195010
195003
194901
195008
194968
194972
194971
194969
195013
195039
194967
195036
195004
195004
195003
194960
195021
195001
195070
195061
194959
195036
194957
194937
195029
194994
195029
195021
194989
194702
194987
194953
194986
195080
194951
195020
195039
194947
194601
194946
194982
194981
194980
194945
194980
195034
194976
194941
195011
194939
194986
194974
194973
195002
194986
194964
4
194969
194931
194983
194991
194960
194925
194924
194769
194922
194925
194921
194957
4
194956
194955
194751
194955
194954
194918
194941
194982
194746
194950
194598
194948
194695
194947
194923
194558
194908
194946
194943
194731
194980
194927
194821
195018
195001
194935
194934
194899
194934
194932
194567
194930
194976
194927
195008
194897
194877
194917
194923
194657
194535
194920
194895
194931
194957
194609
194885
194915
194911
194517
194910
194821
194557
194551
194810
194991
194729
194766
194652
194989
194546
194891
194839
194967
194869
194887
194886
194885
194882
194867
194678
194854
194838
194837
194835
194800
194875
194833
194850
194849
194850
194839
194490
194958
194856
194844
194901
194846
194828
194558
194825
194841
194824
194880
194632
194788
194865
194821
194839
194835
194918
194871
194908
194833
194777
194831
194501
194832
194860
194830
194729
194813
194813
194750
194675
194828
194821
194805
194819
194805
194808
194541
194804
194803
194802
194883
194543
194535
194814
194815
194799
194694
194850
194486
194793
194807
194447
194397
194687
194491
194837
194801
194799
194785
194668
194623
194797
194810
194855
194799
194493
194490
194812
194796
194792
194779
194788
194746
194778
194786
194815
194784
194843
194584
194777
194781
194862
194633
194610
194776
194455
194775
194601
194873
194767
194773
194772
6
194770
194476
194769
194662
194627
194765
194750
194416
194820
194549
194799
4
194761
194384
194761
194826
194759
194758
194701
194402
194756
194762
194757
194382
194760
194839
194753
194751
194446
194821
194820
194747
194747
194746
194802
194756
194776
194771
194362
194725
194738
3
194751
194751
194737
194736
194735
194331
194735
194749
194294
194736
194750
194763
194744
194743
194742
194262
194839
194851
194713
194731
194495
194847
194727
194391
194738
194609
4
194737
194432
194794
194735
194488
194730
194470
194425
194729
194728
194727
194767
194790
194616
194748
194721
194515
194722
194828
194720
194325
194830
194717
194806
194715
194718
194754
194716
194713
194435
194712
194711
194672
194712
194750
194712
194496
194708
194617
4
194628
194193
194682
194790
194700
194259
194675
194359
194700
194698
194695
194356
194697
194697
194716
194694
194693
194451
194691
4
194795
194716
194796
194529
194690
194285
194691
194589
194691
194690
194481
194482
194688
194674
194687
194574
194685
194684
194376
194701
194324
194680
194664
194435
194679
194684
194479
194674
194727
194147
4
194671
194697
194680
194766
194761
194677
194666
194665
194461
194372
194661
194586
194674
194640
194597
194673
194658
194222
194651
194650
194713
194667
194666
194465
194648
194206
194665
194237
194662
194665
194664
194663
194646
194659
194356
194661
194660
194557
194643
194571
194656
194655
194641
194640
194684
194638
194637
194654
194608
194651
194637
194148
194636
194635
194652
194634
194370
194592
194152
194631
194350
194159
194548
194629
194148
194627
194650
194662
194449
194417
194151
194621
194620
194649
194404
194646
194644
5
194718
194205
194614
194642
194035
194614
194676
194615
194610
194387
194608
194646
194607
194606
194605
5
7
194509
194728
194604
194180
194637
194632
194012
194598
194240
194596
194101
194628
194628
194628
194625
194171
194230
194627
194004
193997
194343
194625
7
194677
194621
194510
194593
194616
194596
194552
194614
194585
194613
194584
194583
194650
194580
194583
194387
194050
194609
194574
194573
194042
194571
194345
194570
193980
194609
194568
194567
194588
194052
194607
194607
4
194566
194221
194564
5
194563
194604
194562
194535
194301
194646
194595
194598
194558
194603
194197
194595
194594
194492
193979
194593
194592
194555
194102
194612
194554
194617
194443
194551
194213
194346
193963
194547
193956
194587
194586
194229
194028
194440
194582
194093
194449
194001
194290
3
193958
194582
194541
194540
194271
5
194583
194539
194654
193987
194568
194325
194086
194531
194548
194140
194008
4
194274
194574
194573
194573
194571
193901
4
194152
194570
194529
194615
194368
194566
194539
194389
194404
194525
194099
194524
193969
194564
194563
194036
194561
194608
194520
193928
194122
193979
194557
194331
194255
194579
194441
194555
194516
193937
194540
194308
194127
194548
194547
194394
194519
194513
194511
194514
194511
194546
194510
193936
194509
194508
194507
194305
194505
5
194556
194545
194505
194318
194425
194542
194424
194331
194540
194101
4
194540
193987
194502
193831
193815
194504
194581
194498
194537
194537
194252
193985
193795
194201
193970
194536
194497
194183
6
194533
193931
194496
194495
194494
194234
194532
194490
193911
194529
194491
194527
194490
194557
194525
194174
194489
194576
193931
194487
194523
193896
194024
194521
194486
194485
194519
193921
194518
194531
194516
194483
193941
194121
194101
194481
194433
194517
194479
194254
194450
194476
194517
194516
194005
193735
194513
194538
194160
194355
194534
194473
194116
193971
193985
193774
194506
194249
194507
193777
194472
194507
194506
194469
194159
194501
194415
194464
194462
194049
193732
194068
193992
194460
193780
194499
194460
194497
194494
194455
193861
194003
194453
194490
194488
194053
193866
194486
194447
194113
194414
194485
194444
193804
194091
194444
194442
194443
194484
194269
194483
194482
194329
194423
194479
194479
194256
194151
194443
194473
193820
193810
194315
194291
194370
194438
193898
194437
194436
194371
194435
194343
193786
193987
194434
194351
194353
193678
194400
194431
194430
194429
194145
194427
194425
194425
193710
194424
194107
193775
194423
194471
193731
194338
194471
194449
194096
194379
194306
194468
194467
194420
193826
194381
194474
193949
194420
194085
194463
194319
194463
194419
194418
193779
194279
194415
194414
194414
194432
194462
194461
194414
4
194417
194414
194461
194358
194415
194337
194414
194460
194414
193905
194409
194408
194047
194457
194406
194455
194404
194302
193645
194340
194402
194451
194402
194451
194407
194399
194399
194449
194447
194398
193744
4
194396
194446
194445
193868
193860
193949
194394
194438
194254
194393
193845
193527
194094
194345
193982
194390
194388
193725
194359
194386
193565
193613
194384
194381
194380
194379
194150
193804
194425
194424
194377
193579
194376
193589
194246
194428
194316
194366
193584
194372
194423
194421
194368
194125
194199
194415
194415
194415
194190
193738
194358
194413
194370
193790
194359
193865
193888
194359
194032
194408
194027
194405
193918
194404
193846
193874
193795
194152
194350
193626
194397
194302
194348
194348
193878
194346
4
193953
194345
194398
194209
194393
194343
194342
194392
194342
193479
194391
194389
194339
194338
193945
193486
194388
194249
194386
194340
194378
193741
193728
194331
194377
194185
194375
194374
194332
194373
193984
194372
194371
193545
194331
194371
193619
194331
194053
193890
194368
194155
194367
193649
193730
193922
194332
194007
4
194330
194365
193898
194364
193738
194363
194327
193443
193948
194361
194327
193635
194042
194202
195714
195712
195711
195712
195712
195710
195708
195708
195706
195709
195704
195702
195705
195701
195701
195707
195698
195697
195696
195706
195704
195703
195702
195692
195690
195701
195700
195697
195686
195698
195693
195680
195683
195675
195681
195672
195670
195679
195686
195677
195672
195685
195685
195684
195665
195673
195677
195679
195670
195657
195657
195661
195675
195680
195656
195664
195667
195667
195655
195653
195652
195641
195650
195663
195641
195641
195631
195661
195630
195646
195662
195626
195625
195648
195626
195626
195654
195652
195651
195643
195610
195642
195629
195616
195639
195644
195621
195635
195611
195644
195603
195611
195632
195617
195623
195608
195627
195624
195603
195638
195623
195586
195584
195593
195617
195621
195621
195595
195586
195622
195596
195620
195579
195607
195590
195587
195588
195574
195578
195575
195575
195622
195589
195588
195581
195576
195592
195578
195612
195575
195621
195554
195589
195607
195615
195607
195569
195566
195562
195564
195548
195591
195540
195549
195597
195596
195608
195542
195592
195593
195534
195574
195558
195526
195537
195555
195604
195564
195587
195528
195582
195541
195568
195580
195582
195531
195588
195508
195521
195506
195539
195544
195577
195533
195580
195525
195576
195529
195575
195524
195568
195523
195543
195503
195565
195561
195508
195543
195490
195508
195496
195548
195553
195516
195497
195541
195499
195566
195485
195563
195550
195505
195503
5
195560
195469
195500
195494
195542
195534
195538
195496
195562
195528
195535
195467
195540
195560
195535
195469
195550
195546
195494
195541
195533
195503
195482
195535
195446
4
195530
195501
195520
195535
195449
3
195547
195439
195498
195461
195494
195482
195536
195516
195511
195528
195480
195477
195483
195529
195437
195523
195446
195498
195466
195490
195526
195449
195453
195447
195467
195523
195502
195465
195496
195510
195499
195425
195486
195425
195494
195489
3
195417
195488
195455
195399
195432
195400
195466
195489
195513
195393
195441
195432
195412
195440
195427
195486
195508
195422
195419
195444
195477
195478
195524
195488
195470
195517
195411
195473
195476
195509
195420
195509
195481
195467
195389
195415
195449
195487
195425
195422
195364
195474
195463
195367
195490
195481
195394
195413
195351
195362
195489
195373
195494
195478
195385
195381
195336
195465
195439
195454
195482
195446
195463
195417
195336
195445
195362
195443
195358
195479
195371
195433
195373
195405
195349
195371
195367
195427
195371
195339
195330
195330
195339
195457
195442
195386
195447
195420
195344
195346
195414
195328
195324
195432
195298
195374
195303
195405
195358
195281
195335
195297
195371
195425
195379
195405
195326
195360
195305
195423
195285
195331
195297
195431
195283
195400
195342
195330
195424
195290
195403
195311
195257
195334
195271
195286
195359
195346
195423
195356
195358
195416
195337
195438
195361
195330
195342
195411
195343
195335
195379
195312
195393
195244
195328
195248
195297
195232
195373
195368
195409
195282
195364
195296
195408
195407
195396
195409
195261
195395
195367
195374
195280
195236
195230
195216
195377
195347
195240
195327
195261
195287
195211
195262
195352
195381
195377
195296
195376
195259
195263
195200
195239
195323
195215
195191
195320
195207
195296
195284
195287
195218
195178
195384
195244
195390
195278
195328
195332
195253
195293
195215
195317
195254
195325
195272
195212
195234
195390
195332
195386
195317
195252
195184
195362
195216
195362
195327
195376
195345
195166
195165
3
195261
195300
195218
195249
195301
195173
195248
195160
195264
195223
195130
195329
195296
195363
195218
195189
195350
195202
195291
3
195346
5
195256
195144
195271
195276
195253
195350
4
195168
195364
195248
195230
195142
195197
195276
7
195302
195274
195170
195246
195300
195183
195246
195156
195089
195265
195166
195090
195125
195150
195256
195304
195206
195174
195271
195174
195174
195111
195197
195319
195292
195175
195301
195083
195072
195276
195155
195063
195203
195317
195281
195171
195150
195061
195072
195076
195162
195162
195057
195138
195133
195181
195088
195261
195089
3
195060
195040
195295
195175
7
195074
195196
195193
195252
195117
195213
195288
195208
195034
195166
195198
195271
195136
195091
195052
195308
195131
195284
195192
195042
195083
195305
195077
195085
195207
195196
195252
195140
195058
195248
195009
195040
195083
195144
195289
5
195210
195224
194994
194991
195251
195249
195230
195258
195078
194997
195009
195205
194998
195176
195143
195042
195046
195086
195253
195234
195072
195090
195105
195000
194993
195104
195230
195158
195164
195056
195259
195245
195085
194992
195125
195214
195234
194948
195064
195131
194981
194950
195108
195192
195191
195213
195008
195210
195012
195071
195243
195157
194932
195012
195118
195207
194920
195154
194969
194926
194977
194912
195046
195195
195039
195215
195021
195005
194967
194976
5
194969
195056
194967
195132
195184
195173
195125
195107
195132
195012
195197
6
195126
195221
195024
194975
195217
195043
195134
194896
194895
195210
195171
195019
195185
194949
194929
195012
194913
195162
195234
195197
194950
194979
195192
195171
195149
194914
194951
194920
195163
194999
195044
194921
194931
194919
194865
195160
195106
194966
194991
195081
194869
194876
195184
194846
195155
195099
195121
194910
195154
195120
195180
195105
194849
195059
195172
194958
195138
194879
195156
194868
195107
195027
194848
194893
195127
195063
194985
194984
195135
194916
195015
194974
194971
194930
194882
195185
194977
195005
194839
194979
195017
194968
194878
194998
194962
195057
195188
195116
195016
194806
194890
194940
194962
194816
194937
195144
195113
194865
195006
194901
194996
194969
12
195033
194991
194991
194872
194791
195089
194990
194876
195037
194840
194800
1
195097
195060
195103
194878
194929
194755
194959
194950
195149
194855
195135
195060
195147
195085
194822
195029
195082
195060
195060
5
195049
194899
194896
194745
195093
195129
194945
194856
195028
195106
194784
194995
195012
195126
195034
194791
194948
194955
194880
194820
194883
194748
194942
195040
194963
195027
194704
194997
194884
194967
195114
195007
195010
195009
194707
194975
195004
194879
195028
194965
195038
194844
195021
194839
194689
194824
195066
194927
194880
195094
194861
194947
194964
194912
194854
194793
194772
194965
4
194709
194859
194726
194915
194674
194780
194860
194881
195042
194676
194818
194993
194951
195067
194997
194692
194755
194855
194916
194876
194766
194881
194910
194966
195023
194830
194983
194773
194772
194726
194643
194710
195057
194719
194633
195028
194894
194625
195075
194674
195050
194913
194835
195050
194746
194607
194679
194994
195035
194801
194647
194929
5
194861
195049
194626
194887
194833
194764
194866
195012
194888
194871
194717
194776
195000
194725
194660
194672
194602
195043
195015
194691
194803
194780
195050
194630
194779
195012
194947
195033
194874
194653
194789
195032
194732
194620
194691
194700
194940
194885
194605
194820
194722
194847
194588
194670
194986
195013
194698
194780
194907
194841
194741
194720
194740
194980
194569
194552
194922
194670
194555
194763
194642
194654
194838
194976
194515
194875
194996
194804
194937
194520
194893
194818
194595
194861
194850
194640
194815
194686
194962
194916
194885
194618
194968
194901
194725
194597
194503
194603
194767
194709
194589
194843
194509
194807
194746
194689
194925
194495
194917
194918
194821
194590
194712
194712
194791
194636
194487
194467
194466
3
194958
194888
194453
194615
6
194906
194774
194934
194724
194450
194705
194521
194566
194828
194839
194493
194959
194807
194586
194648
194872
194752
194943
194689
194679
194654
194449
194727
194500
194619
5
194636
194485
194562
194552
194694
194946
194943
194625
194584
194612
194612
194581
194759
194673
194662
194700
194701
194633
194474
194582
194630
194764
194545
194713
194552
194658
194700
194697
194581
194723
194773
194622
194635
4
194408
194613
194556
194586
194559
194612
194751
194509
194703
194484
194448
194782
194657
194651
194730
194612
3
194380
194717
194370
194589
194506
194580
194407
194858
194439
194346
194417
194363
194654
194838
194718
194847
194577
6
194733
194576
194656
194719
194870
194417
194478
194426
194331
194463
194764
194560
194669
194903
194825
194563
194528
194579
194351
194452
194749
194384
194404
194765
194832
194526
194674
194432
6
194518
3
194366
194467
194604
194712
194742
194511
194832
194769
194493
194684
194767
194370
194700
194743
194686
194462
194828
194412
194369
194876
194745
194326
194783
194323
194536
194334
194425
194732
194300
194803
194318
194524
194622
194560
194499
194799
194769
194310
194487
194651
194405
194557
194769
194786
194699
194487
194401
194475
194288
194322
194649
194363
194788
194576
194706
194455
194596
194311
194408
194512
194578
194767
194377
194510
194493
194740
194786
194415
194795
194736
194741
194519
194266
194270
194709
194237
194300
194447
194634
194302
194766
194516
194619
194699
194449
194481
194489
194697
194513
194603
194704
194420
194675
194678
194636
194380
194265
194816
194694
194232
194548
194554
194672
194747
194194
194619
194814
194351
194340
194584
5
194300
194248
194415
194365
194797
194599
194823
194423
194564
194219
194237
6
194236
194785
194794
194798
194570
194684
194531
194310
194730
194388
194628
194678
194460
194600
194253
194465
194274
194572
194740
194494
194496
3
194678
194599
194806
194729
194306
194586
194635
194537
194709
194786
194761
194341
194563
194636
194475
194255
194408
194390
194585
194687
194314
194160
194457
194185
194179
194789
194446
194187
194526
194383
194652
194666
194274
194542
194234
194435
194636
194602
194481
194379
194543
194540
194395
194323
194322
194636
194404
194534
194643
194595
194570
194159
194288
194690
194611
194268
194500
8
194598
194626
194715
194263
4
194643
194633
194422
194087
194141
194222
194603
194414
194147
194574
194111
194694
194071
194343
194708
194091
194073
194398
194340
194558
194403
194182
194545
194132
194366
194539
194392
194158
194377
194623
194186
194211
194563
194534
194150
194409
194063
194364
194195
194551
194189
194446
194661
6
194106
6
194630
194219
194561
194233
194173
194152
194222
194099
194250
194153
194642
194401
194679
194477
194376
194253
194416
194135
194253
194295
194600
194654
194113
194369
194073
194007
194117
194297
194254
194599
194694
194471
194250
193987
194043
194367
193978
194049
194094
194209
194668
194509
194068
193992
194193
193988
194238
194476
194081
193978
194514
194578
194477
194486
194372
194090
193953
194462
194330
194149
194028
194459
194692
194500
194124
194388
194516
194147
194406
194217
194506
194185
194198
194320
194636
194035
194486
194504
193998
194367
193964
194640
194245
194511
194657
194433
194441
194454
193918
194595
194310
194237
194407
194589
194376
194605
194511
194313
194192
194528
194477
6
193921
194490
194197
193914
194552
194602
194636
194057
194075
193944
194059
194139
194123
194555
194313
194406
193896
194395
4
194224
3
194105
194052
194604
194185
9
194456
194438
194146
194616
194108
194065
194307
194553
194042
193918
194594
194026
194508
193895
194602
194481
194576
193976
194214
194555
194539
193963
194009
194058
194536
194074
194154
194307
194174
194276
194515
194152
194600
194345
194365
194059
194011
194587
194506
194159
194014
194438
194562
194128
193926
194410
194152
194316
194530
194304
194156
194188
194015
193809
194055
193873
194278
194119
194502
194537
194537
194371
194460
194080
193950
194438
194377
194433
193837
194337
193990
194528
194159
193843
194360
194155
194067
194216
194487
194568
193893
194446
193916
193986
194314
193888
193909
193964
193808
193899
194234
193756
194087
193787
193878
194463
194314
194424
194031
194175
194134
194170
194286
194468
193960
193800
194009
193793
194419
193946
194280
194281
193826
194533
194339
194340
194304
194469
194514
194393
193980
194393
193814
194013
194194
194163
194199
193827
193798
194160
193858
194267
194481
194080
194487
194071
193757
194475
193863
194351
193714
193918
193949
194213
193771
193785
193815
193983
194077
194280
194235
194502
194175
194166
193912
194030
194281
193702
193793
194208
193716
7
194198
194492
194197
194106
193782
193804
193957
193988
193809
193671
194053
194098
194121
10
194094
193834
194118
194114
194325
194221
194413
194138
193953
194047
193682
193827
193707
193932
193854
194126
194007
193881
194318
194134
194105
194376
194067
194144
194455
194421
194177
193644
194215
194355
194031
193898
193646
194437
193882
193614
194031
193819
194226
193899
193694
193745
194349
194455
193685
193965
194124
193771
194320
194059
193920
193760
194177
193736
193752
193643
193779
194412
193994
194220
194067
194272
193805
193944
194399
194063
194253
194394
194270
193898
194225
194304
193649
194098
194184
193632
193982
193701
193593
194370
193530
194071
194185
194351
193905
193946
193978
193962
193803
193608
194124
194288
193713
194192
193930
193697
193871
194131
194124
194338
193810
193903
193690
194297
194357
194272
4
193684
193534
193712
193590
194265
194151
193717
194377
194234
194146
194363
193783
193712
194283
194021
194091
193804
193526
193732
194125
194147
193512
193782
193975
193586
193679
193888
193958
193751
194251
194303
193945
193518
193512
193681
194010
193526
193676
194262
194214
194211
194306
194264
193894
193641
193930
194290
193932
193923
194115
194277
194280
194259
194215
193690
193489
6
193787
193626
193468
5
193658
194067
193550
193654
193974
193851
193592
193798
193621
193964
193890
193626
193928
193931
193445
194110
194254
193682
194242
193477
193567
194207
193994
194202
194268
194085
3
193646
194243
193904
193716
193493
193800
193524
193742
193919
193653
194038
194307
193570
193620
3
193678
194083
194215
193376
193707
193461
194239
193726
193437
193905
193760
193781
194154
193460
193877
194277
3
193869
194145
194278
193654
193746
194330
194029
194252
193642
194302
193906
193502
194200
193904
193997
194074
193909
193671
193560
194260
