99
48
47
97
42
0
40
1
36
32
86
84
80
63
23
77
17
62
0
16
3
15
62
3
61
58
1
51
32
17
12
22
8
8
10
9
3
2
4
9
4
3
11
2
8
2
2
6
3
3
69
68
64
60
58
1
2
55
49
45
42
4
43
35
32
30
27
23
1
22
2
15
4
4
10
6
2
8
49
4
29
24
12
24
15
10
5
14
12
2
1
3
8
7
8
4
8
1
1
4
86
84
87
87
81
80
79
79
78
73
71
3
69
68
72
65
66
64
53
1
47
44
41
10
36
7
23
14
13
4
15
3
16
7
4
7
7
8
2
10
10
5
4
6
3
4
6
3
1
1
16
24
8
6
28
27
4
14
4
3
28
18
3
7
22
12
6
4
3
3
12
3
7
7
21
11
5
20
21
12
3
2
10
22
6
3
5
22
1
4
1
8
14
1
9
11
11
3
2
4
82
81
77
77
75
76
74
70
69
68
70
66
67
65
62
58
10
60
61
5
58
1
57
57
53
53
46
50
46
4
44
47
44
42
5
3
2
39
33
27
18
0
0
3
6
12
2
7
1
4
