4999
2499
4999
2493
3308
2493
2488
2486
4986
2483
2
2480
2478
2475
2472
2470
2470
4
3308
3307
2465
2458
3
3
4963
1
2450
2446
2444
2442
2441
4952
2436
4945
2433
2429
2428
2426
2425
4938
7
4935
2415
5
2416
5
4930
2406
4924
2404
2399
2398
2398
4912
2393
3299
4911
3
2387
4909
4
2381
4904
2373
2373
3296
2
2370
4894
2363
2360
4881
2355
4882
3
4875
2348
2347
2345
3287
4877
2338
3286
4
2336
3294
4863
2327
3284
2325
2322
4848
2318
3290
2315
4850
2309
2305
5
2304
2299
2298
1
2297
4
3289
2
3292
2292
1
4823
2278
2
2277
4821
1
3282
2271
4811
2263
4809
4798
2256
2254
3272
3280
2
0
4798
2241
3279
1
1
4781
2233
3
2231
4779
1
2225
2221
2
4766
2214
4
2213
2209
2207
1
2205
3273
3287
2204
2194
9
6
4
4761
7
2184
6
4749
2175
2176
1
4
2
1
4740
4733
9
2161
2157
2155
3266
2153
2148
2147
0
2144
4708
3275
2138
4714
2132
4693
2
2130
3
2124
2121
2120
2117
9
2115
2112
3
3271
4681
2104
2100
1
0
4699
2092
4688
2087
3248
2087
2085
2079
4
2078
2074
2071
4
2071
4647
4667
4650
2
3277
4643
2
4666
4648
2048
4648
2044
2043
4616
2038
4640
2
4612
2029
2028
4635
2024
4
2022
2017
2018
2014
2012
3241
1
4609
2004
3264
5
3236
4605
1995
1992
4579
1
3253
1988
1983
1981
3260
1979
1975
1972
1970
1968
1968
1964
1962
1960
3
2
2
3226
3
4566
4564
1944
1942
4540
3
4565
1934
4551
3225
4552
1926
3270
4540
1921
1919
1916
1916
7
1912
4538
4522
1904
1903
4505
1897
1898
1895
1893
1891
3
1887
5
3
2
4518
1876
1873
1872
3235
1871
1867
4492
4501
1
3
1861
3
7
1854
4507
1846
3248
4472
1841
5
4484
4499
1833
3228
1830
3230
1826
1823
1820
3
3
4453
3
1812
4467
1805
4437
1
1802
3220
4456
1795
1793
1791
4452
4461
3251
1
3238
1784
4409
1774
1772
1770
4409
1766
2
1765
3191
1761
4399
1755
3215
2
1753
1747
1
1745
3
4391
4
7
6
1738
4392
1726
1725
4364
1720
2
4
3242
4347
1711
1710
1
3218
1706
4359
2
1698
3218
1695
2
1690
3201
3215
4342
1
1681
3189
2
1676
4318
5
1669
3
1666
1661
4360
3190
1
1656
2
1650
1647
1644
1643
3
4311
1635
3237
1633
1630
1628
6
1
4335
4
1621
1617
4324
1612
1612
3168
0
2
4293
4268
8
4311
3
4257
1591
1589
1
4245
1582
1580
7
3176
3
2
4
3
1577
2
4224
1559
1557
1
7
1557
1551
2
0
1
1550
2
1540
1538
4241
4
1
4
1533
3
1523
3193
2
9
3201
1520
1509
4247
6
1506
1503
4212
2
3158
4209
1492
1490
1488
1487
1485
4179
6
1
1481
1475
3171
3154
1473
1467
3226
4177
2
1461
4136
9
1
2
3216
4202
1443
3210
3161
1444
1437
3
3188
4128
1428
1425
1424
2
1423
1420
2
1416
4181
1410
5
3
1409
1403
1401
4140
1398
1395
1393
3203
4089
0
1387
1382
0
1380
1377
4137
1372
6
1371
1366
3147
1363
1361
1359
4115
1353
1354
1352
4115
12
3
1346
1339
4097
4123
6
1334
1330
4
1330
4107
3153
3181
1324
3162
5
1316
4029
2
2
4037
1302
1301
1297
4070
4040
1293
1289
9
1288
4078
4005
1281
6
1278
1
3998
1271
1269
3209
1268
3
2
1263
1256
1253
3122
1252
1248
3118
4
2
3187
1248
3993
3980
1233
3
3137
1230
3979
1223
4
7
2
0
3
3162
4
3
1220
3932
3922
1199
1197
4002
1
1193
3935
4
1185
1183
1180
2
3964
1
1175
3916
1168
3897
1164
3992
3939
3975
1157
3
3131
3910
3958
1147
3175
1143
1140
4
1138
3875
6
2
3946
3958
1124
1122
1120
2
3161
3961
1112
3117
1111
3890
1104
3922
1100
3860
3165
2
3844
3
3145
3
3198
1091
1
3862
1076
1075
3911
3841
4
3
4
1069
4
1060
1055
1
1054
1051
1048
1046
1046
4
1042
1039
3892
3153
1033
3129
3
1031
3784
1024
3
1020
1015
1013
1
1013
1008
3858
3811
3156
1002
997
1
3760
994
989
989
0
3081
3
986
2
979
975
974
3795
3781
16
966
3
5
963
3741
3149
954
951
3766
947
3795
3116
3136
2
943
3163
934
3157
931
1
927
923
3084
921
4
1
916
3777
4
3782
905
3675
899
3138
3186
898
4
2
892
11
887
3659
880
2
4
3736
871
3144
3736
2
867
861
860
2
3701
854
854
3728
847
2
847
1
842
839
837
835
832
3
831
826
825
1
3718
818
816
814
812
810
810
807
3
804
802
5
10
2
799
3694
789
3084
788
3665
4
3
781
776
773
3172
772
766
3105
765
760
759
757
753
752
749
3559
3640
3080
5
3064
2
3654
734
3587
732
3582
3137
4
726
3088
719
2
3572
712
2
711
3538
4
3621
700
3159
3588
1
3501
2
690
686
683
3076
682
677
678
3608
674
3082
671
666
665
4
663
1
659
654
2
3095
3068
651
3075
644
641
639
3
636
3578
631
629
625
5
3510
620
617
616
3085
3519
611
608
606
3093
605
599
3
598
3
594
592
589
3472
584
583
7
580
3496
3087
4
3124
3465
568
3025
566
560
3444
3540
1
6
1
554
3439
544
5
1
543
1
1
538
3489
3454
1
526
522
3
3028
2
0
522
5
510
508
3118
503
3127
2
2324
501
410
6
2308
994
1369
1
41
315
1
1100
704
659
282
694
527
89
439
423
1
293
1102
929
430
375
83
434
1
334
161
4
785
264
2
206
93
145
50
756
72
5
301
283
4
750
7
224
669
38
207
246
2
1
602
425
172
362
171
2
150
1
176
5
117
271
107
26
213
151
3
26
76
50
26
3
1
58
3
183
109
5
78
144
1
250
66
263
11
170
110
187
60
284
3
150
26
150
24
84
34
55
275
94
38
33
28
174
28
134
277
78
16
1
261
136
75
127
87
36
94
33
172
137
97
135
90
40
68
241
1
23
99
41
76
19
26
63
20
45
56
27
4
43
44
46
76
36
86
22
3
20
127
127
102
197
10
117
63
59
39
52
5
122
15
40
36
6
13
94
197
22
53
3
26
26
6
64
97
135
32
35
82
75
25
29
93
107
22
7
13
65
201
45
52
4
1
2
91
84
66
178
4
28
3
7
21
14
28
1
7
23
1
20
12
3
2
5
14
54
48
49
23
119
47
42
13
0
73
8
11
108
40
16
29
60
18
62
23
14
42
51
40
20
19
4
23
15
37
21
5
30
23
44
2
84
5
73
22
31
36
66
4
24
7
36
26
4
3
8
26
7
38
32
8
19
5
33
3
72
5
16
34
7
25
26
43
9
69
45
1
11
9
2
34
35
3
5
41
121
5
26
93
37
14
3
32
21
1
10
16
3
68
81
32
21
22
13
83
58
4
9
16
0
2
6
13
18
9
13
33
19
14
1
24
16
4
16
9
79
21
41
1
28
28
13
92
2
22
54
28
1
3
27
5
4
7
15
3
35
19
94
3
7
33
30
16
7
3
30
13
13
8
29
4
56
24
12
34
0
3
5
58
19
16
14
10
24
66
33
37
2
1
14
8
33
21
13
25
21
2
57
2
53
4
20
15
11
12
30
62
20
13
42
30
40
17
60
43
19
26
9
16
19
6
12
17
14
21
8
22
27
44
16
18
41
3
5
9
44
38
4
81
22
10
1
14
9
1
20
10
14
29
12
32
0
0
30
4
23
24
24
25
4
5
0
11
21
9
9
14
25
16
10
3
7
9
9
8
10
2
13
22
24
60
14
6
17
19
45
11
14
29
7
12
1
11
1
29
3
19
25
10
15
4
15
4
2
13
38
24
8
4
1
6
37
17
64
18
36
11
1
45
15
11
28
65
13
30
17
8
3
0
3
16
12
3
18
10
43
5
6
7
8
38
4
18
8
9
23
3
19
5
11
32
44
10
27
2
8
3
11
15
13
0
16
30
0
4
13
2
19
47
26
2
1
9
20
14
1
17
21
57
31
7
15
5
12
3
14
5
9
1
12
4
28
34
9
0
16
15
3
15
12
20
15
7
6
2
12
8
23
30
1
3
8
4
12
22
10
7
1
8
12
13
16
15
32
5
23
7
1
11
10
38
13
40
25
1
3
2
2
24
23
2
16
15
4
2
6
5
32
18
17
11
15
4
11
3
6
35
7
27
2
13
5
8
3
8
31
1
7
2
24
5
9
17
11
19
4
4
16
12
3
7
2
4
24
26
32
16
3
11
6
0
19
4
10
12
16
2
13
20
2
19
15
17
5
22
4
14
2
20
11
21
10
12
5
12
5
19
24
3
9
21
6
18
20
24
7
9
15
2
17
4
9
19
5
2
28
13
13
9
3
14
4
5
8
15
11
2
4
8
11
4
6
3
5
15
7
3
7
20
5
3
1
5
6
16
15
1
7
8
5
0
5
14
6
18
10
11
5
8
19
3
14
3
3
11
9
5
14
16
4
18
1
3
19
3
13
9
24
9
22
2
9
7
7
13
3
4
17
7
5
15
4
7
9
17
9
21
1
7
6
19
6
7
19
13
1
7
8
2
5
11
3
11
11
2
3
8
18
5
15
10
3
3
2
6
2
7
7
4
4
1
0
5
12
12
11
5
15
6
2
6
14
14
14
15
10
15
7
3
29
3
9
4
4
11
15
3
14
4
8
5
9
4
11
3
13
5
6
7
8
8
4
1
17
9
10
6
12
9
10
8
10
7
1
7
15
5
4
5
18
7
5
1
7
0
3
1
9
2
11
3
7
17
2
3
13
1
7
8
13
12
12
7
4
15
4
1
3
8
5
7
3
4
1
1
3
3
6
5
12
0
10
12
11
4
6
8
5
12
1
4
14
4
4
1
3
16
1
2
3
2
3
5
7
2
9
9
1
13
16
2
6
1
15
3
2
2
12
12
8
6
7
3
4
3332
3330
3328
3323
1
2
3321
5
3315
3307
3306
2
3303
4
3299
2
3
3294
3287
3285
3283
3
3279
3273
3271
5
3268
1
3264
2
3262
3252
3248
3249
3244
3241
3240
3236
3233
0
3231
3227
3223
2
1
3221
3218
3212
7
3207
3
3202
3198
3194
4
3191
3187
3183
3178
3175
3174
3172
2
3169
3165
3160
3159
4
3158
5
3151
1
3146
3140
3138
3136
3134
3129
3129
3124
3123
3119
3117
3116
3112
3109
3107
3105
7
4
3100
3094
3092
3090
2
3085
3078
3077
3074
3073
3070
3067
3064
1
3061
1
3054
3050
3047
3044
3045
3040
4
3040
3032
3030
3029
3025
5
1
3022
3015
3011
3010
3007
2
3002
2999
1
2995
2990
3
2
0
8
0
2989
2974
4
2971
2963
2962
2959
2956
2955
1
2951
2948
2943
2941
2939
2935
2933
2932
4
2927
2924
3
2
2
3
1
2921
4
2906
2899
1
2898
2892
2888
2886
2883
17
2882
2
3
2877
5
2869
2861
2858
13
2857
7
1
2851
2843
4
2842
2837
2833
2832
2828
2826
6
2821
2815
2812
3
2810
2803
2801
4
2
2800
2797
0
2789
5
2782
4
2777
1
3
2774
2764
2762
2761
6
1
2757
6
2750
2745
1
5
2743
2734
4
2732
5
3
2726
2
2717
2712
1
2708
2703
2703
2697
2696
7
2693
2686
0
5
2685
2678
2673
2671
2669
2666
2663
2661
9
4
4
2659
4
3
1
15
2648
2632
2631
2627
2624
2622
1
2619
11
2613
2608
5
3
4
2607
8
6
5
2595
12
2584
2
2578
2572
2570
2569
2567
2563
2
2558
2552
14
7
5
2551
2539
2537
2534
2531
2528
2525
3
10
2523
2515
2512
2508
2505
2503
0
2
2502
2493
2488
2487
7
2486
2478
3
2478
2470
2
2466
2462
3
4
5
2459
2448
2446
2443
2440
2437
2434
2432
2429
4
2427
2420
2419
10
5
2417
2407
2404
2402
2399
3
2397
2394
1
2391
2387
2384
7
2379
13
2374
2371
2367
2365
2361
6
2
2360
2352
2
3
0
2
2350
2337
7
2333
2328
2325
2
4
2324
2317
2314
2312
2
2308
2304
1
2301
1
4
2297
2290
2285
2283
2
2281
3
2275
2271
2266
6
1
2264
2255
3
2
2254
2246
2243
2240
2235
2233
2230
2230
2226
2225
12
2220
2215
2211
2209
2206
2204
2201
1
2199
2194
2191
2188
1
2187
8
2181
2176
9
3
1
0
2173
2162
2159
3
2154
2150
2150
2147
7
6
2144
2134
2131
2131
2
2126
2122
3
2117
2111
2
2109
13
4
2106
1
5
2096
2
2088
2085
2080
2076
2074
8
1
2074
2063
2059
1
2057
2052
2050
2046
2043
2040
2037
2034
2033
2028
0
2028
6
6
2
2
2020
2009
2005
3
3
2
0
6
3
2003
1985
1983
1980
1976
1973
2
1972
3
9
1966
3
1957
5
6
1952
1942
1940
1938
1936
0
1932
1925
1925
1
3
5
1920
1910
2
1907
1901
1897
1895
1893
3
5
1890
1882
1879
6
2
1879
0
1869
1864
4
5
1860
3
1851
1847
1844
1841
1838
2
7
1836
1828
1824
3
6
1821
1813
1810
1806
3
1803
1801
0
1798
6
1794
1789
1787
2
1785
1781
1776
1772
1770
1769
3
1767
1761
1760
1757
1754
1752
1751
1748
8
8
7
1745
1735
1732
1729
1729
1725
8
1721
1716
1
1712
1706
2
1705
1699
7
1
2
1697
1688
1
1682
1678
1674
1672
1668
1668
1666
10
2
1663
1656
2
1
3
1651
2
1642
1636
4
1633
1629
1625
1622
1
1619
2
1616
1608
1607
1603
1601
1597
1595
1591
1590
1
1588
1580
1580
3
1576
1571
1569
1566
1562
1559
1557
1554
1552
6
1
5
1550
1538
8
1535
1530
1527
1526
1522
1519
1517
1514
1512
1511
1507
1504
7
1503
1496
3
7
1496
1487
2
1485
9
1480
1475
1470
1469
7
1466
3
1461
1458
1455
2
1
1450
0
1445
1438
2
1433
1429
1
1
1427
1419
1417
1414
1411
1408
1404
1401
1398
1396
4
2
1392
7
1386
0
1381
9
1375
1369
1
1366
10
2
1362
1354
6
2
1351
1342
1338
1
1335
1329
1327
2
2
1325
1
6
1317
1313
1306
1305
1301
2
1299
1293
5
3
1290
2
1284
2
1
4
1279
1268
1266
1264
1260
1259
1256
1254
1251
1248
1246
1245
3
1242
1235
1234
1232
7
10
1229
2
3
6
1222
4
1212
1208
1202
4
6
1201
1192
1192
1188
0
1187
7
1181
6
3
1175
1167
1
1163
2
1161
1
1154
1149
1148
5
1144
1138
1134
4
1133
4
1129
4
1123
1118
1116
1114
8
1110
3
1104
1098
1096
1093
1090
1088
1
2
1
1083
3
1076
1070
1068
1065
1063
1059
1056
1053
2
1050
1044
1043
1038
2
1036
1031
1028
6
1025
2
3
1018
1
1011
1005
0
7
6
1002
3
994
988
984
0
982
977
4
3
975
968
967
2
5
3
2
965
947
946
943
7
941
2
2
936
927
3
923
4
919
913
912
4
3
909
901
898
4
896
890
886
885
7
881
1
1
876
867
867
861
859
856
855
1
1
850
842
842
839
835
832
831
3
829
4
822
819
815
814
812
810
0
5
805
797
7
793
787
784
782
2
779
774
770
768
3
7
4
2
5
765
750
749
746
2
743
739
733
730
730
3
4
728
4
718
8
1
712
1
5
704
697
4
4
692
1
3
6
687
673
669
2499
2456
8
2
1756
5
694
3
255
414
657
3
609
752
568
3
3
1002
14
206
11
582
487
523
1
419
407
382
535
26
348
170
354
350
2
3
5
148
283
205
13
17
11
13
103
1
176
184
131
122
180
190
3
77
314
186
118
85
188
107
3
63
180
61
2
116
85
46
0
92
128
182
119
41
2
0
4
178
179
71
32
66
90
103
4
149
160
104
63
100
19
107
7
5
134
113
109
54
3
120
93
37
116
27
108
4
60
27
3
52
1
3
42
57
118
275
4
53
87
3
19
7
29
60
46
2
14
35
44
133
67
96
47
1
230
80
2
7
8
39
66
15
38
39
94
12
52
49
100
29
18
44
36
36
2
34
1
99
39
190
16
81
41
48
19
1
7
89
76
3
10
32
13
42
21
74
89
40
0
12
15
2
36
7
9
86
31
5
17
36
61
78
102
53
21
45
103
13
26
8
8
44
10
27
15
24
25
36
37
21
11
41
5
94
3
50
85
30
49
0
28
20
10
69
35
3
27
15
15
70
37
18
4
41
17
24
2
31
26
25
0
77
9
7
27
71
9
63
73
67
8
23
26
34
3
13
6
11
4
2
3
5
17
22
68
2
5
7
10
4
10
5
6
50
0
59
2
12
25
4
58
20
31
23
35
54
30
58
2
18
1
18
7
5
24
2
37
5
32
2
66
37
1
46
27
8
1
23
15
1
7
28
17
56
32
0
4
12
30
0
3
40
2
45
17
23
10
17
1
4
22
9
4
33
65
1
7
2
14
0
15
24
31
3
21
20
4
9
13
28
54
20
12
66
9
11
3
16
32
40
46
13
22
4
15
14
46
7
28
55
15
20
33
25
3
25
1
9
7
25
27
27
52
2
11
24
23
21
25
8
1
32
7
19
1
34
12
31
4
3
8
23
1
20
54
11
2
32
8
54
0
23
11
16
29
47
22
5
13
74
6
31
19
18
21
16
8
9
24
4
3
12
38
5
19
13
6
5
15
3
2
16
29
3
15
4
16
38
2
5
9
45
2
7
3
20
5
6
22
31
27
1
34
4
10
11
14
3
1
10
11
10
23
5
5
3
1
10
3
3
30
9
7
42
0
2
3
1
7
4
20
2
6
4
5
8
11
43
35
7
7
6
22
15
1
22
13
1
5
26
5
2
3
10
35
26
12
1
2
3
24
22
24
3
9
6
23
31
3
7
3
23
51
16
20
1
10
0
22
1
9
12
19
8
8
11
14
1
5
26
9
49
15
13
15
4
23
7
0
2
9
4
5
3
1
11
21
4
28
14
2
62
1
26
5
17
28
20
7
4
3
16
7
20
30
41
8
3
27
26
3
10
23
1
3
6
16
10
4
2
15
11
8
9
3
30
4
15
9
0
16
6
19
8
5
1
0
13
4
5
2
6
0
4
23
0
17
5
11
9
3
26
13
13
0
14
4
5
20
3
4
5
22
9
36
61
7
8
2
17
25
3
3
30
2
4
10
2
6
8
13
15
2
12
7
0
34
16
13
20
8
4
27
17
0
10
16
6
7
8
10
26
6
5
6
16
6
16
3
8
4
4
0
2
1
6
3
9
6
11
8
6
4
7
29
2
21
6
1
9
9
3
10
3
9
3
3
21
2
1
12
14
2
21
8
3
3
5
12
32
7
1
11
7
5
6
2
2
31
3
3
5
7
14
5
1
3
7
13
11
4
16
19
21
13
8
6
6
2
4
8
3
4
5
5
18
2
3
24
1
5
15
1
5
15
1
15
2
2
5
17
4
6
13
5
2
0
4
3
10
9
4
6
0
11
8
6
0
16
5
3
2
4
16
16
4
1
5
9
4
1
3
13
10
10
11
0
0
6
17
3
1
3
4
9
14
12
2
7
10
24
7
4
19
0
4
27
4
2
19
2
1
2
5
2
0
23
2
12
19
0
18
6
12
5
7
4
5
8
4
13
4
9
2
9
18
5
10
1
23
6
7
17
1
19
13
7
5
6
11
2
12
10
35
3
5
10
18
11
8
14
10
14
5
7
12
4
11
5
2
1
6
5
6
2
6
1
4
7
1
5
17
3
13
4
2
10
9
2
5
7
3
1
4
1
2
11
4
8
4
3
5
3
6
0
1
5
1
1
11
5
2
3
5
17
6
3
7
2
13
7
0
8
2
2
20
8
28
1
5
13
18
13
3
5
5
8
18
1
1
6
6
4
6
3
9
2
1
11
0
7
24
0
7
2
4
10
2
5
3
9
5
8
4
3
9
0
5
9
4529
4516
4515
4539
4513
4512
4511
4512
4518
4510
4504
64
4505
4504
4517
64
4500
64
4514
4499
64
4497
4520
4497
4495
4499
4492
4491
4496
4503
4492
4487
4486
4487
4491
4483
4483
4484
4481
4479
64
4479
54
4477
4478
4477
64
4474
4475
4475
4477
4478
4478
4471
64
4475
33
4470
4494
4465
4466
4473
46
4463
63
4463
4460
64
4468
4466
4464
4464
4455
4467
4461
4451
4452
4450
4450
4456
68
4448
4448
4446
4456
4444
4450
4442
4441
4448
54
65
4449
4443
4453
4460
4440
4438
4437
4453
4452
4433
4450
4430
4429
4427
4441
4438
4435
4423
4423
4421
4420
4419
4418
4434
41
4420
4417
4426
4416
4416
4422
4421
4414
4430
4412
4421
4415
4406
4405
4419
4416
4407
4435
4420
4409
4416
4400
4409
4420
4397
4401
4396
4409
4398
4394
4392
4410
4432
4391
4389
4390
4411
4401
4397
4385
4390
4380
4379
4381
4405
32
4374
4372
4375
4373
4367
4366
4371
4401
4370
4368
4371
4362
4368
4370
4363
4359
4357
4356
4369
4371
4390
4400
4370
4357
4386
4359
4367
4370
4361
4362
4352
4355
4361
4364
4356
44
4342
4342
4370
4339
4351
4336
4368
4350
4333
27
4340
4305
4309
4342
4365
4367
4325
4323
4345
27
4270
4364
4358
4317
4341
4324
4331
4326
4358
4340
4313
4324
4334
4356
4344
4320
4310
4306
4304
20
4317
4316
4267
4303
4345
4302
4325
4302
4278
4297
4296
4295
4302
4314
4336
4292
4292
4322
45
4309
4320
4319
4298
4321
4332
4314
4298
4301
4306
4299
4314
4269
48
25
23
4270
4313
4267
4227
4309
4254
4281
19
4292
4263
4229
4218
4256
4214
4251
4304
4246
4233
33
4271
4232
4254
4311
4268
4215
4297
4270
4273
4259
4269
3
4287
4279
4281
4190
4231
4247
4261
4226
9
4227
4247
14
4224
4241
4222
4222
4268
4274
49
4249
4235
4260
17
4236
4211
4226
4231
5
4222
4248
4220
4221
4265
4233
4215
4131
4212
12
4197
4211
4195
4242
4199
4246
4190
4182
4240
4204
4202
4219
4215
4148
4198
4197
4196
4195
4181
4227
4192
4211
39
4179
4193
4103
4195
4190
4175
4189
4188
19
4152
4170
4193
4182
4189
21
4204
23
22
4181
4217
4195
4176
16
4093
4188
4162
4220
4158
4063
4221
4220
4219
4178
4148
4162
4117
4191
4144
4146
4155
4191
4158
47
4193
4145
4157
4157
4136
4199
4140
4135
4160
4144
4141
4139
4186
4181
4122
4181
4137
4072
9
4183
4024
4127
4126
4184
4116
4125
4130
4112
4121
10
13
4108
4107
4073
4108
4137
4102
4179
4153
4170
4095
4112
4167
4142
4107
4125
4104
4158
4102
4110
3986
4119
33
4106
4105
35
4138
4078
4144
4093
4091
42
3980
4094
4147
4106
4086
4072
14
4085
4069
4078
4081
10
4067
4088
4080
4066
8
46
4079
4134
4077
3945
4120
4074
4063
4069
4058
4101
10
4111
4086
4056
4041
4108
4049
4039
4127
4047
4036
3949
4044
4073
4040
3905
4089
4100
18
4055
4048
3912
4033
20
4033
4065
23
4031
24
4030
4031
4024
4002
4020
3918
4102
4027
4014
4103
4023
4012
4060
7
4023
4008
4021
4003
4002
4004
3964
4031
4010
4009
3866
3997
4005
4020
3861
4028
3989
4001
3989
4067
3986
3993
3814
3961
3925
4033
3972
3859
3989
3958
3971
14
3953
3947
3958
3944
3960
4009
3982
3957
3968
13
3973
3935
28
15
3933
3922
3919
3930
3916
3929
3899
3915
4003
3912
26
3911
48
3853
3874
3858
3767
3878
3935
3881
3868
7
12
3866
27
3852
3851
3850
3718
3870
3910
11
3850
3863
3826
3837
3853
3854
3863
3853
3850
3849
3841
3905
3849
5
3840
3924
3693
3897
23
3825
3825
3784
3903
3833
16
3916
4
3819
26
3908
3850
3744
3827
3648
3800
3794
3791
14
3703
3789
46
3838
3787
3786
3818
17
3708
10
3787
3781
3781
27
3837
3781
12
3780
10
3798
3772
3791
3751
3816
3749
3692
3746
3756
3741
3781
3740
3741
3813
3739
12
3711
3732
3732
24
3733
14
3827
3796
3714
3788
3555
6
3711
3710
3706
3776
3702
3700
3702
3701
3748
3640
14
3736
3695
3695
3
3749
3586
3573
3693
3692
3696
3686
3696
3687
3685
3687
3742
3680
3682
3678
3654
3484
3562
24
3764
3675
5
3673
3679
3673
3734
3664
3626
3663
3521
3656
3726
3652
3655
3652
3654
11
3674
3681
3690
3577
3732
3725
3639
3637
5
3640
3296
3290
3338
3284
14
16
3273
3279
3277
3069
3178
3248
3092
24
3175
3122
3175
4
3134
3180
368
3165
3157
3127
3145
3179
3157
3084
38
3143
3149
21
2
3
367
18
3140
4
3139
3202
3144
2955
3071
2967
82
3112
3166
3128
2949
3144
3125
3114
7
18
3046
3162
336
14
14
12
14
2
3115
3125
12
3158
3163
3128
24
3010
3107
3115
3076
3190
3184
3111
3111
2991
3100
364
3102
3096
3104
3095
3093
2988
3140
3028
3110
3103
3076
11
3088
3039
14
3076
9
332
3072
325
3030
3084
3081
3076
2878
3030
16
71
3065
24
2293
2243
712
2271
347
762
2270
346
2222
2320
2290
2271
5
2275
2146
88
2266
2306
663
2289
93
2110
8
333
2243
3
2296
2
648
2151
11
2263
2253
675
25
2269
2132
2281
2245
434
236
415
2192
52
29
2314
433
2141
7
14
405
2291
211
2155
2236
347
2238
2282
2214
2137
9
212
342
212
5
19
342
2163
207
16
2213
340
24
2266
20
328
97
2204
2151
2162
17
4
2
2144
2150
208
2162
7
2118
2117
208
2131
2073
2113
328
192
300
2078
2133
2035
2070
1930
2112
2066
1887
1982
2029
6
399
73
2030
9
56
2029
2028
1894
1976
2002
4
7
5
1919
2053
2
27
298
413
1993
2
1993
13
1973
1983
1977
16
1972
410
1803
1976
1998
1971
1980
10
1833
1984
1964
1962
65
1960
1798
16
7
8
22
1958
38
297
1957
1727
1747
1727
4
1686
1651
1709
1621
402
1701
1600
209
207
1671
415
269
1579
62
205
6
1673
1598
110
1659
1523
1630
11
5
1681
1664
279
194
10
1630
4
115
402
16
114
42
1624
1538
2
15
1616
1623
1611
6
1619
1646
14
13
270
30
7
1529
1524
1536
209
80
200
1094
30
53
197
303
196
1091
1094
10
436
4
28
8
4
799
408
797
36
300
3
187
100
366
239
3
115
97
360
473
2
28
34
3
297
183
454
7
6
88
30
4
25
9
9
23
5
21
9
4
0
269
20
239
359
65
21
31
45
4
273
18
34
7
72
16
348
459
2
245
241
175
8
64
5
264
10
10
250
5
25
328
243
156
405
246
40
229
4
4
3
252
226
88
226
5
5
7
221
333
15
219
7
320
277
12
187
200
61
166
320
2
219
57
137
319
58
202
23
203
299
60
12
71
8
187
61
175
225
116
148
188
194
105
26
181
57
86
3
10
10
20
179
77
56
8
5
214
15
8
24
5
3
19
175
25
172
127
58
4
19
6
21
8
14
123
114
152
66
41
63
90
118
6
8
22
211
162
9
132
28
42
2
48
87
158
79
89
126
8
140
8
133
50
16
185
144
56
41
4
150
75
68
7
7
103
89
4
23
17
34
165
34
150
15
25
132
123
4
181
47
82
108
1
139
18
13
102
68
55
139
109
33
139
90
162
50
76
174
74
3
9
37
102
139
18
52
14
40
72
2
161
19
108
153
12
81
9
131
20
39
95
102
46
14
10
12
130
9
35
117
24
8
25
20
104
23
8
17
31
11
83
9
3
103
18
4
91
5
61
75
138
3
97
5
10
79
57
112
144
66
150
39
8
5
29
67
9
41
3
5
30
123
13
108
9
24
154
1
2
29
8
7
28
36
79
24
93
21
9
10
98
35
92
109
12
98
92
36
32
22
51
57
11
33
36
100
35
15
115
7
12
34
36
8
19
73
88
3
1
129
74
65
102
5
22
6
5
9
6
5
13
8
86
10
47
5
34
2
72
61
7
5
82
4
13
11
3
2
15
11
18
61
84
80
63
21
74
39
20
18
2
64
90
3
9
16
47
35
1
70
10
7
9
15
2
13
15
65
3
5
7
64
3
5
115
8
15
70
92
2
98
22
32
14
44
17
41
3
2
114
12
20
32
0
75
6
79
68
20
5
31
3
24
33
1
65
4
89
5
2
87
21
24
18
0
69
28
7
84
4
3
12
79
48
8
6
20
34
25
5
56
29
6
79
2
23
27
63
15
1
15
68
0
2
1
22
17
9
34
14
36
12
5
7
7
19
20
70
78
8
15
90
24
68
45
30
4
6
9
7
17
62
53
82
17
79
36
32
31
9
7
74
41
6
22
17
8
29
6
6
9
4
69
4
84
83
68
15
72
6
57
19
5
14
6
22
8
73
5
61
52
12
36
35
33
44
2
94
27
5
19
20
5
67
19
3
56
19
16
3
24
15
5
53
22
47
8
5
5
80
12
9
15
2
3
29
81
3
2
3
27
11
12
26
16
2
28
4
13
41
6
6
14
12
91
89
3
64
6
58
12
62
9
53
62
43
50
45
5
47
5
73
0
67
6
19
4
70
3
1
75
70
2
4
61
5
29
3
6
72
3
8
5
72
40
15
14
36
67
9
68
7
13
33
9
7
22
22
47
5
66
14
4
34
3
3
17
3
13
33
2
10
17
19
36
5
18
85
27
9
5
8
5
2
1
65
18
4
5
75
2
34
1
85
67
49
22
6
7
2
47
9
12
73
49
5
58
9
87
78
12
5
31
58
14
62
3
17
25
16
23
2
2
5
67
29
61
17
2
51
2
65
33
10
29
3
43
30
9
4
13
28
9
8
44
10
56
5
4
7
53
4
7
39
2
29
10
30
80
23
40
35
19
12
8
3
5
10
2
16
2
8
9
8
9
22
46
4
1
4
27
16
20
33
6
2
21
4
2
10
2
9
20
10
2
6
11
7
3
3
0
0
2
4
1
5
10
3
12
28
7
4
28
16
11
25
28
12
75
9
2
35
34
64
3
4
6
41
9
3
3
47
5
3
5
4
2
8
13
20
29
9
7
27
1
4
11
7
6
10
1
6
21
6
31
16
1
3
18
7
6
15
4
4
30
68
35
5
8
4
6
5
41
17
2
1
1
12
31
2
3
27
7
3
31
1
2
23
42
28
7
25
8
3
4844
4843
4844
4842
4842
4841
4840
4839
4838
4838
4835
4835
4835
4832
4831
4834
4829
4831
4830
4829
4828
4828
4826
4825
4830
4825
4822
4821
4824
4823
4821
4815
4823
4817
4816
4813
4810
4818
4813
4807
4811
4812
4809
4803
4799
4802
4801
4800
4793
4799
4795
4804
4793
4782
4800
4800
4789
4792
4793
4787
4785
4784
4792
4789
4788
4792
4781
4786
4783
4786
4778
4776
4775
4774
4789
4781
4778
4798
4778
4
4778
4770
4768
4784
4773
4765
4764
4774
4763
4774
4761
4768
4761
4770
4764
4761
4767
4765
4789
4754
4753
4752
4751
4764
4750
4758
4763
4777
4747
4760
4759
4758
4757
4746
4758
4755
4759
4753
4770
4742
4751
4750
4749
4741
4766
4757
4745
4757
4743
4738
4742
4740
4756
5
4734
4759
4732
4737
4736
4698
4730
4727
4733
4725
4723
4724
4747
4727
4720
4719
4720
4718
4738
4742
4715
4730
4730
4712
4713
4728
4711
4721
4709
4708
4714
4714
4723
4725
4704
4703
4703
4700
4718
4698
4697
4700
4696
4716
4695
4694
4694
4692
4692
4645
4690
4724
4686
4704
4684
4684
4703
4701
4680
4679
4678
4717
4681
4678
4699
4672
4676
4675
4670
4674
4668
4703
4666
3
4666
4670
4684
4666
4659
4658
4657
4656
4663
4593
4690
4660
6
4694
4668
4656
4668
4670
4655
4646
4645
4689
4643
4669
4640
4651
4659
4635
4631
4666
4626
4639
4625
4624
4624
4622
4621
4599
4619
4569
4554
4638
4624
4635
4657
4646
4632
4630
4637
4628
4627
4661
4610
4628
4621
4552
4604
4644
4608
4608
4639
4592
4611
4633
4632
4607
4566
4645
4632
4555
4569
4602
4580
4610
4591
4603
4572
4621
4570
4569
4599
4586
4607
4566
4566
4564
4608
4578
4561
4516
4580
4553
5
4567
4603
4569
4478
4576
4595
4560
4565
4563
4551
4578
4548
4539
4555
4581
4535
4586
2
4601
4532
4531
4530
4552
4529
4540
4539
4526
4536
4542
4534
4535
4511
4
4423
4584
4505
4539
4577
4498
4497
4497
4538
4494
4555
4
4514
4472
4539
4520
4489
4510
4488
4508
4498
4506
4505
4561
4520
6
4480
4528
4550
4508
3
4514
4466
4469
4463
4512
4479
4464
4457
4508
4472
4471
4450
4505
4520
4457
4436
4484
4445
4451
4515
4471
4431
4510
4425
4335
4
4493
4480
4442
4441
4439
4419
4418
8
4513
4426
4415
4471
1
4452
4435
4482
4408
4408
4407
4433
4318
4470
4461
4400
4422
4399
4
3
4398
4421
4420
4455
5
4418
4416
4490
4397
4435
4366
4411
4
4393
4392
4410
4380
4397
4297
4373
4371
4264
4389
4437
4415
4371
4427
4349
4416
4347
4366
4344
4255
4388
4365
4278
4213
4277
4236
4235
4208
4154
4206
4110
4129
4187
4269
4274
4269
4240
4175
4290
4264
4133
4210
4212
4185
4187
4182
4207
2
4183
5
4281
4
4207
4223
4168
4204
4203
4169
4198
4197
4207
4174
4171
4194
5
4113
3954
114
4153
4104
4103
4100
4130
4157
6
4099
4098
4165
4059
4132
4089
3958
4089
4073
4115
4084
3
4085
4137
110
4116
4
4059
4078
87
1
3952
4123
4
4114
4119
108
4063
3
4062
4062
4043
4042
4061
4148
9
3973
4100
4043
3
3896
4025
11
4071
3
4022
4021
4017
4040
5
4023
87
4000
3999
4060
8
7
4021
3994
4073
4028
4016
3989
3988
4021
3993
3924
3924
4006
3983
4002
4003
15
3978
3818
3845
3829
3828
109
3832
3859
3811
3808
3
3714
3798
3680
3792
3768
111
3785
3785
88
3776
3717
3655
3740
3764
3782
3763
17
3755
3773
3824
3805
6
3810
3680
3763
3763
1772
1798
1989
1987
2014
1932
2
1769
84
1978
1908
2008
1973
1919
1972
1752
1926
1973
1961
1971
1753
85
1993
1890
1971
77
1774
1780
1981
1749
1961
1979
1967
1978
2
1966
160
5
1748
1963
1745
1745
1962
1756
1946
1725
75
1736
1946
1735
1937
5
1734
1905
1963
1973
1739
1749
1753
1942
1941
1941
1947
1750
4
1958
1937
1769
3
1908
166
1942
1771
1721
1953
1925
1641
1638
1897
1629
1923
1739
1727
1922
1742
1922
8
1934
19
1919
1726
1701
1
1888
1165
1725
1209
1645
1557
1653
29
1229
1207
80
1615
167
1674
1164
1
166
2
1218
1613
3
1219
1612
1215
1611
1610
708
11
76
1217
1226
1645
1637
1648
1635
1634
719
721
1606
84
1634
1140
720
1210
1632
83
3
679
1209
1598
703
717
1205
1597
1570
1182
712
1135
1638
1596
1605
1590
1620
1
7
1153
3
1172
2
1571
702
1106
1565
11
1160
697
1594
697
1501
1127
1497
1154
1563
1601
1585
696
1559
1150
10
6
1150
1608
1545
1109
1110
2
164
1
694
1102
1589
1120
1118
1108
1583
1587
684
156
685
688
1115
11
1098
1559
647
1585
1078
1490
8
1583
684
1035
682
1026
682
685
1573
681
19
1598
681
1
1611
1479
1087
1019
1451
74
21
1070
160
6
659
1553
1069
1082
1002
23
1549
63
73
1575
79
992
1384
1008
983
982
66
64
934
953
1351
1285
3
677
1323
1241
680
84
45
1315
674
194
939
1298
684
1253
3
1293
1324
1319
1283
952
644
4
3
1251
1282
3
82
1271
1
159
193
871
1173
873
193
1233
1156
1160
82
4
1154
14
98
7
46
69
945
1140
928
1152
3
652
1120
191
24
928
905
76
670
2
914
652
5
20
1145
0
1094
478
923
586
528
33
15
153
902
599
25
898
44
23
889
5
148
898
583
646
60
4
476
77
510
910
645
598
576
863
3
895
607
495
584
70
21
591
2
893
157
185
4
38
893
3
66
15
13
587
906
901
15
19
506
651
22
81
642
3
24
886
4
630
518
30
570
642
585
5
885
491
891
882
556
882
553
859
879
13
156
513
879
3
628
852
5
852
498
377
2
190
408
2
3
556
572
80
529
152
2
391
505
513
473
410
78
8
851
871
27
848
555
540
796
3
80
3
524
506
848
519
860
409
3
408
61
41
543
110
93
868
543
155
365
852
561
390
164
561
4
60
72
388
79
861
818
28
6
373
14
77
329
7
3
498
161
835
370
842
543
607
4
3
349
539
8
4
597
90
7
149
373
363
542
12
348
5
448
232
337
45
575
102
25
18
106
9
60
339
137
12
528
445
437
23
1
63
581
280
184
92
9
65
8
151
20
3
237
191
144
105
360
15
78
577
442
3
213
23
9
4
207
209
26
415
64
530
571
2
93
442
75
340
395
4
444
576
191
126
575
418
3
143
395
574
104
177
357
552
570
144
5
4
355
352
568
43
501
6
6
87
149
23
475
8
11
520
409
407
353
521
101
344
85
14
19
6
290
417
12
99
186
519
4
25
2
183
12
392
29
394
386
404
4
112
236
100
137
42
143
177
16
212
403
308
324
95
134
40
8
220
7
219
20
145
307
311
4
28
2
62
217
67
81
2
62
114
191
123
75
127
4
90
141
144
115
75
3
181
80
218
11
15
173
4
142
288
110
60
130
87
17
11
20
126
181
3
1
29
3
6
29
15
72
21
160
85
57
55
2
67
65
20
80
46
47
175
139
90
19
3
3
2
21
167
45
43
10
217
3
2
168
30
168
130
249
87
217
115
154
5
86
68
28
218
78
19
17
13
218
11
17
112
5
73
177
9
3
34
22
215
27
70
15
122
167
69
20
2
124
4
4
10
11
3
61
31
22
9
88
116
194
89
56
120
8
133
129
106
76
2
146
34
193
213
18
59
116
50
3
2
14
73
12
21
33
7
37
3
3
21
3
192
3
40
72
55
116
3
160
9
31
85
97
15
110
24
62
131
45
70
22
39
221
9
211
21
3
194
75
59
192
22
6
115
20
36
43
116
2
49
201
5
3
53
71
96
11
42
163
70
104
188
49
28
162
162
67
19
4
24
30
2
5
107
165
39
4
64
103
44
33
88
163
124
10
69
18
3
127
1
122
13
7
24
2
14
54
11
26
6
32
99
142
21
108
15
120
1
4
6
13
10
4
12
3
5
40
10
29
71
121
20
4
5
134
56
7
76
2
122
17
35
8
116
32
1
13
66
15
37
56
114
37
15
2
19
39
38
6
9
9
130
3
55
72
22
13
1
78
2
97
68
62
10
70
57
158
3
3
28
26
105
32
83
19
11
7
15
81
160
14
14
161
16
27
6
47
4
75
12
53
153
3
13
11
98
11
157
101
19
23
77
3
76
67
31
7
16
9
16
3
4
53
49
63
63
44
25
52
16
10
151
32
3
66
4
94
135
22
67
61
71
21
19
39
56
28
135
57
18
7
72
21
4
146
92
4
3
1
47
3
11
24
109
17
31
25
4
53
87
14
7
144
35
29
15
95
5
7
9
68
81
13
59
6
51
48
30
4
23
86
34
5
57
10
5
64
55
2
76
64
8
9
49
146
3
123
15
122
100
11
17
2
34
23
2
1
8
19
4
10
2
4
25
59
3
3
1
58
4
81
27
13
3
57
49
15
0
58
8
41
1
5
4
49
17
66
10
3
17
67
32
4
7
3
16
2
10
34
118
2
61
133
13
23
22
1
110
99
19
1
4
21
31
4
5
51
45
3
48
31
13
2
8
135
106
4
73
2
32
9
3
80
17
57
27
3
27
9
16
8
54
20
6
42
3
4
59
40
29
65
26
5
14
3
6
5
57
15
4
6
15
1
8
16
6
9
55
10
6
37
44
34
27
2
4
29
15
5
46
14
29
1
6
14
47
14
6
3
3
3
18
2
16
8
2
4
3
4
26
6
15
21
14
8
14
36
3
54
9
65
8
56
18
8
10
2
26
41
28
4
7
41
3
11
5
20
2
11
3
61
2
26
5
15
15
76
68
47
68
56
25
59
11
20
12
86
17
5
19
12
53
8
19
5
6
35
36
8
28
9
30
8
18
3
5
4
2
2
1
25
17
5
7
5
3
29
33
18
43
58
2
53
2
29
2
10
34
71
15
14
31
7
4
1
37
2
17
16
21
3
33
77
7
3
5
43
48
2
5
53
2
27
33
11
15
30
42
3
17
11
0
9
12
54
6
4
18
58
2
3
7
5
4
25
3
9
54
4
4
3
9
7
34
20
26
16
3
4838
4836
4835
4834
3
4833
4832
4831
4830
4828
4831
4828
4826
4824
4829
4822
4821
4
4826
4824
4820
4816
4826
4820
4814
4826
4811
4807
4819
4817
4809
4812
4817
4800
4798
4806
4800
4794
4797
4803
4808
4789
4791
4794
4791
4792
4787
4779
4780
4780
4789
4774
4782
4769
4788
4768
4781
4780
4790
4785
4775
4790
4790
4791
4771
4784
4767
4774
4759
4779
4786
4773
4748
4764
4773
4769
4765
4747
4756
4756
4746
4757
4753
4742
4774
4760
4742
4732
4757
4728
4728
4749
4751
4756
4768
3
4732
4737
4729
4739
4754
4725
4762
4755
4733
4765
4759
4748
4757
4735
4760
4703
4758
4757
4710
4731
4709
4750
4707
4706
4715
4680
4717
4689
4686
4712
4696
4712
4671
4711
4688
4702
4708
4681
4661
4678
4700
4656
4650
4689
4688
4
4675
4668
4673
4664
4652
4678
4651
4686
4660
4650
4694
4700
4656
4630
4631
4683
4645
4650
4638
4688
4621
4684
4627
4687
4662
4680
4644
4621
4650
5
4665
4650
4652
4638
7
4669
4622
4648
4603
4666
4610
4674
4657
4630
4637
4654
4658
4570
4609
4585
4567
4606
4566
4633
4574
4636
10
4648
29
4554
4564
4589
4608
4568
4572
4560
4610
4614
4629
4591
4578
4549
4539
4538
4597
4631
4626
4594
4523
4546
4528
23
4594
4624
4609
4546
4545
4558
4617
4588
4542
4594
4542
4551
4513
4548
4574
4585
4499
4533
4511
3
4519
4479
4468
4566
4506
4480
4536
4480
4473
4503
4492
4506
4494
4484
4502
4501
4465
4465
4547
4549
4462
4489
4474
4483
4460
4450
4457
4508
4557
4468
15
4534
4545
4551
4442
4472
4443
4463
4431
4452
4490
4492
4449
4436
4461
4529
4491
4530
15
6
4411
4491
4465
4513
4524
4404
4420
4524
4426
4467
4463
4426
5
4527
4516
4432
4465
4474
4474
4400
4417
4514
4407
4493
4401
4510
4378
4516
4482
4472
4418
6
4398
4459
4417
4498
4428
4407
4358
4356
4474
4390
4454
4358
4465
4401
4479
4471
4404
4398
4375
4
15
4445
4388
4397
4402
4373
4357
4452
4380
4334
4392
4375
4489
5
4484
4468
4396
4385
4411
4356
4338
4379
4271
4261
4
4336
1
4363
4
4306
4297
4375
4347
4384
4302
4310
3903
491
4
3820
490
3802
3805
3894
3843
3854
473
3790
3904
4
3835
470
3
3925
468
3903
3823
3896
3859
3888
474
3761
3797
3771
3877
3778
3758
3774
3805
3858
3874
3820
3903
3880
473
3764
5
3723
3824
3897
3736
147
6
3749
3696
3715
3674
3643
3687
3596
3734
3683
3640
3657
3629
3710
3731
3714
464
3679
3708
3682
3
3611
3594
3560
3643
3699
3590
3580
3637
3550
3657
3701
3624
3594
3590
3668
3615
142
3655
3566
3641
3653
3568
3668
3572
3554
484
3644
3649
3678
478
3579
3509
3596
3610
3608
3596
3642
3582
3
1055
2590
2576
2616
15
56
2560
2573
1012
2481
1524
1015
1012
1505
1024
989
979
1015
1575
1534
1494
1014
999
476
1024
1530
1551
1537
1028
4
1041
1019
1027
1558
1545
1564
1003
1570
1561
1531
975
1535
990
1558
992
2
1004
989
1035
143
990
1533
979
1017
469
993
1491
983
1484
469
5
464
1531
977
1017
958
986
961
970
970
992
459
475
1530
1551
7
1527
980
33
57
947
473
963
992
1458
1510
1538
1003
4
953
1519
979
1522
1488
1009
1456
1438
1526
1004
1530
1458
959
12
985
1516
945
929
1531
465
3
956
961
474
5
973
1523
466
955
953
4
1434
1524
4
1504
932
935
933
3
947
1000
917
926
1487
10
946
1509
458
931
952
961
1434
461
2
3
1502
939
907
1476
903
1460
1479
900
968
4
948
1477
923
1504
12
978
1458
2
15
453
460
55
1438
465
946
462
1495
1440
700
455
4
714
1501
12
66
1
949
917
9
1403
1416
1456
1
705
1392
1416
1390
716
398
946
704
978
7
2
915
666
984
203
981
714
397
1389
1429
967
1410
12
942
927
700
896
1410
200
110
1464
1405
1386
1479
932
1438
939
33
1370
925
913
1394
706
1484
1
1410
1371
60
55
1
674
706
659
1397
206
395
1358
936
1364
1385
1462
389
704
6
1385
932
916
931
1359
691
916
5
942
4
1425
882
658
107
1397
876
4
1447
652
1391
1452
702
1450
386
655
3
701
665
1423
689
844
874
60
1446
1333
885
1407
1381
1382
6
1355
1314
625
381
468
461
855
2
369
1413
3
1348
217
1331
44
1399
901
837
4
1403
1368
157
858
459
1391
149
1353
1359
3
852
37
883
888
139
1106
60
54
124
1123
52
395
289
3
836
1106
1059
364
828
4
871
571
576
1083
1122
273
4
1067
6
1064
1075
80
1114
971
362
964
247
271
11
230
143
17
548
80
373
106
27
253
5
920
284
3
52
15
102
192
926
912
6
932
558
150
55
74
916
959
597
243
3
50
32
402
383
519
883
298
238
930
244
877
224
5
384
26
259
29
105
98
932
863
2
856
51
3
265
525
516
858
4
38
298
155
894
4
209
3
142
35
112
209
501
545
3
891
540
16
291
259
509
183
258
294
296
18
870
183
162
188
250
868
191
241
245
54
142
3
2
51
180
180
175
32
287
509
238
169
277
541
19
28
14
21
24
528
286
29
12
5
46
283
138
142
737
713
143
684
498
31
676
1
246
487
94
31
25
180
41
164
4
179
237
106
729
52
325
124
2
305
10
1
29
159
57
370
536
27
31
35
43
11
243
149
520
78
24
97
366
290
7
96
62
99
357
46
14
150
57
3
28
44
356
77
476
5
145
247
32
477
8
185
159
529
222
2
166
18
340
14
343
7
95
279
28
247
48
1
161
5
2
2
16
37
298
339
319
58
188
31
298
340
148
5
2
339
4
182
38
60
253
13
25
47
34
285
156
29
88
25
162
50
149
283
24
295
243
43
4
306
182
303
136
90
4
42
241
13
105
2
293
324
227
237
5
23
173
3
1
60
28
3
276
8
6
16
214
141
93
11
8
233
37
238
209
1
51
5
3
87
227
23
48
322
13
20
204
35
23
210
82
223
267
205
119
4
4
1
297
40
6
81
3
3
207
3
204
3
2
156
10
183
190
33
112
2
31
38
184
3
169
152
3
4
114
41
236
9
38
217
4
38
10
39
196
84
155
3
6
10
116
51
321
21
13
277
21
25
26
141
127
302
99
32
176
32
23
55
168
35
211
4
299
210
13
139
21
37
183
21
1
264
2
13
126
15
42
292
164
154
164
25
284
25
45
4
23
151
34
1
7
20
280
143
50
42
32
32
129
15
49
53
44
26
39
273
2
41
11
43
48
41
272
238
6
2
39
14
173
13
20
2
22
4
258
5
40
3
49
4
121
75
7
119
48
1
188
1
72
120
3
2
239
20
42
18
1
11
116
127
11
41
38
3
19
24
78
4
69
35
237
13
42
50
112
2
139
5
141
97
66
136
17
125
69
59
108
3
245
217
101
108
44
23
113
6
2
19
37
212
15
92
111
4
3
30
28
17
22
8
173
56
31
164
96
87
179
135
174
122
3
34
29
167
2
43
67
8
32
121
17
22
121
75
35
3
10
94
9
24
23
20
20
64
58
36
52
206
43
6
91
9
8
12
14
5
23
57
99
22
14
162
41
28
30
92
0
20
10
2
14
2
2
95
10
32
46
9
48
6
3
5
148
3
3
13
20
26
3
49
33
36
9
3
46
18
46
119
5
8
11
18
93
35
33
19
90
13
3
3
22
3
5
35
1
1
7
117
35
36
7
44
18
3
91
5
32
97
23
93
92
1
84
90
2
15
6
3
50
28
4
111
213
24
5
0
47
25
53
14
6
11
2
16
2
29
146
20
24
14
27
12
11
23
30
3
13
13
3
4
3
80
158
43
54
3
21
32
89
2
3
16
44
25
26
3
31
84
9
4
13
98
9
93
0
83
15
71
10
10
3
205
12
44
8
2
16
11
70
228
47
37
35
5
96
29
37
182
37
14
18
3
15
4
10
6
10
35
10
4
9
156
143
19
11
157
3
2
3
91
4
3
4
2
3
3
152
21
87
57
15
2
7
86
2
90
32
29
25
5
2
12
31
80
6
4
1
14
3
8
125
12
9
6
65
5
49
88
27
40
130
9
90
42
14
5
40
8
20
86
5
9
86
44
45
5
17
116
62
4
82
5
3
22
13
5
2
82
0
108
4
22
8
32
30
1
79
87
15
9
7
42
50
11
29
85
87
83
30
6
118
30
89
2
1
14
38
114
34
3
2
71
30
11
47
3
85
2
22
26
80
21
55
9
23
27
5
3
23
4
60
16
6
11
15
9
23
3
67
12
4
5
6
8
2
7
14
3
7
85
20
23
54
44
44
6
46
4
31
84
41
4
4
20
8
7
61
1
41
16
0
10
5
2
23
28
2
10
30
2
52
63
58
32
8
24
1
81
6
4
67
3
17
8
91
7
26
34
13
30
34
64
22
9
32
2
3
26
4
1
72
27
54
6
79
3
91
6
6
15
66
48
9
32
5
7
64
41
23
15
71
2
6
15
30
23
6
10
5
51
41
21
44
37
28
25
21
5
19
3
11
26
27
2
22
13
35
20
23
2
6
3
51
6
2
9
4
4
12
29
3
3
6
12
11
6
2
3
9
6
9
71
23
30
2
1
4
5
1
80
4
29
37
29
14
17
9
33
5
85
72
80
70
7
6
15
13
0
2
10
5
32
16
6
4
43
10
29
6
17
62
7
10
3
6
42
23
10
31
7
5
9
5
7
16
38
12
4
22
72
4
20
3
46
72
3
18
17
18
28
43
76
16
22
22
9
9
30
11
75
24
2
57
28
18
13
23
9
55
29
12
26
3
8
24
22
12
6
1
81
6
29
53
75
1
16
3
29
38
4
1
14
4
28
13
4
5
10
6
27
8
10
35
18
3
9
23
17
35
10
22
5
14
24
6
2
9
20
12
5
11
3
9
11
