50 85
17 17 17 17 17 17 17 17 17 17 17 17 17 17 17 17 17 17 17 17 17 17 17 17 17 17 17 17 17 17 17 17 17 17 17 17 17 17 17 17 17 17 17 17 17 17 17 17 17 17 17 17 17 17 17 17 17 17 17 17 17 17 17 17 17 17 17 17 17 17 17 17 17 17 17 17 25 48 26 33 12 19 41 30 22
36 36 36 36 36 1 12 42 15 20 2 32 10 20 28 34 27 23 44 41 35 25 36 50 29 14 42 50 25 25 31 32 2 16 17 37 33 4 20 17 41 47 2 46 1 41 25 10 31 43 26 46 24 36 34 47 32 41 19 22 28 26 37 6 39 18 42 27 5 19 7 2 30 40 36 22 40 21 47 12 21 4 23 37 31
47 47 47 47 47 28 36 38 7 21 30 41 38 3 34 35 46 48 22 34 28 36 14 12 3 45 32 34 1 24 11 22 12 41 48 15 42 14 27 11 38 3 38 22 40 35 26 11 12 15 48 28 32 21 44 2 21 48 22 33 28 34 29 16 26 23 37 6 16 41 24 29 30 27 39 20 20 29 41 25 20 47 12 10 7
37 37 37 37 37 28 10 21 22 34 1 31 23 30 9 23 22 23 46 21 50 29 24 9 28 43 45 9 21 10 29 44 25 49 11 11 32 23 3 47 27 14 3 14 23 26 45 19 40 1 10 10 38 22 38 28 6 3 14 41 10 45 19 25 47 41 39 35 50 50 43 25 47 44 7 14 22 18 1 39 15 40 9 38 47
22 22 22 22 22 26 15 9 1 31 19 36 6 6 16 23 38 28 6 11 48 33 47 6 48 32 50 38 47 41 28 38 40 27 9 26 44 17 36 3 28 29 23 32 46 22 5 37 39 38 15 46 31 39 45 18 19 40 10 25 30 12 46 1 39 31 35 16 31 16 42 2 18 3 33 1 41 43 34 19 32 42 31 45 22
7 7 7 7 7 40 30 48 7 20 40 35 47 48 41 11 38 1 26 31 14 18 3 5 21 23 10 19 42 14 26 45 30 11 47 7 26 43 46 30 25 11 19 12 32 14 35 42 38 28 16 42 24 29 44 9 47 39 6 34 16 24 36 7 25 5 16 30 45 5 36 10 29 35 20 38 38 33 1 36 34 43 3 16 50
8 8 8 8 8 8 8 8 8 8 8 8 8 8 8 8 8 8 8 8 8 8 8 8 8 8 8 8 8 8 8 8 8 8 8 8 8 8 8 8 8 8 8 8 8 8 8 8 8 8 8 8 8 8 8 8 8 8 8 8 8 8 8 8 8 8 8 8 8 8 8 8 8 8 8 8 3 41 50 20 1 49 19 35 24
14 14 14 14 14 33 50 37 23 31 36 2 2 10 32 11 26 28 32 2 47 5 31 45 43 24 32 1 26 30 21 10 44 39 16 42 37 6 12 27 21 10 6 26 41 46 37 24 29 44 12 33 29 25 34 32 46 2 15 23 33 19 28 34 15 12 23 19 45 46 20 43 12 20 42 4 18 23 16 41 3 39 36 16 46
33 33 33 33 33 31 1 10 50 33 46 46 33 48 12 18 3 30 33 19 26 31 16 39 38 32 47 6 22 46 32 17 35 41 5 50 7 46 43 35 10 30 5 38 31 9 43 10 15 29 22 23 6 43 28 2 43 15 25 16 37 39 5 28 9 47 27 17 14 15 19 6 25 41 21 30 12 29 19 7 6 27 14 29 50
41 41 41 41 41 27 19 41 44 42 33 15 48 36 7 30 37 3 33 32 50 29 29 39 32 21 31 27 35 25 22 35 26 9 27 38 6 34 10 48 37 15 12 20 34 20 50 45 23 5 11 37 50 14 14 26 26 16 32 23 37 22 5 14 35 47 28 29 26 20 33 46 31 30 15 34 32 45 5 18 50 23 5 10 11
50 50 50 50 50 45 46 37 43 6 23 20 18 3 2 43 14 39 18 38 28 46 42 28 22 36 18 36 19 40 22 44 6 35 43 29 18 6 1 16 43 22 32 25 40 44 29 25 37 50 38 29 10 2 15 43 33 25 46 40 11 2 4 34 41 32 37 22 30 21 28 10 37 19 38 10 21 7 50 43 24 45 37 37 46
42 42 42 42 42 25 22 24 25 11 40 29 43 43 27 27 30 9 42 15 34 46 10 33 30 18 20 20 18 26 27 41 1 14 9 29 26 38 1 33 20 42 39 1 42 24 12 29 18 23 7 44 15 22 12 27 31 9 35 9 47 7 9 31 24 40 35 32 42 29 14 39 40 41 9 32 45 12 7 36 35 39 21 37 43
3 3 3 3 3 25 45 15 1 31 33 18 11 26 12 16 30 46 7 44 6 22 33 19 26 28 46 11 11 46 36 6 23 5 5 27 31 46 28 41 2 11 23 5 3 42 40 23 32 11 19 9 25 3 5 26 7 42 46 27 12 5 46 16 12 23 2 7 27 31 16 16 26 43 24 38 42 41 7 21 39 20 11 29 26
24 24 24 24 24 16 34 42 21 38 24 6 26 48 35 27 43 48 21 2 41 22 6 38 33 23 14 29 37 15 26 42 40 1 45 37 7 46 34 21 41 43 33 34 41 12 33 20 5 44 46 1 5 45 31 7 24 39 8 37 41 30 44 14 9 20 30 33 18 32 45 44 32 27 48 19 6 1 20 38 22 46 10 13 5
45 45 45 45 45 7 6 5 43 44 35 19 31 16 15 11 19 3 39 35 25 46 18 47 25 21 3 14 42 46 9 43 31 43 43 36 11 16 11 28 16 3 34 3 23 32 32 18 46 45 34 47 27 42 42 6 40 41 44 15 47 24 20 38 26 22 47 21 42 48 14 2 27 39 35 37 26 2 25 29 44 20 50 2 41
11 11 11 11 11 8 2 47 23 28 7 27 31 24 25 13 38 47 39 18 30 23 10 29 27 42 2 6 48 16 38 5 36 12 2 14 9 35 2 10 15 50 29 44 28 18 20 40 2 6 16 48 45 15 25 19 37 45 26 21 11 27 33 2 37 37 45 40 47 32 25 30 33 26 43 24 22 9 3 41 32 40 40 48 1
34 34 34 34 34 41 45 15 21 41 34 3 22 43 15 28 12 35 39 28 15 33 29 33 14 2 5 40 38 1 22 36 5 39 5 2 45 1 28 41 36 16 34 7 11 29 33 33 35 39 12 16 29 18 36 25 19 27 6 15 9 19 37 25 3 32 18 38 1 5 3 45 27 37 30 18 42 37 33 25 5 50 12 36 14
18 18 18 18 18 18 48 5 30 32 45 25 2 22 9 9 23 46 40 29 8 27 10 47 15 31 40 15 32 12 43 3 43 6 15 7 37 20 30 43 36 44 45 19 35 45 33 33 22 30 32 45 28 1 16 19 6 34 16 18 5 19 1 24 39 18 21 24 24 14 46 14 29 35 2 5 29 20 6 41 3 2 46 30 6
6 6 6 6 6 15 28 38 24 19 27 6 20 14 33 28 2 46 41 37 23 22 2 38 7 7 47 26 1 1 43 29 27 15 18 3 10 44 28 29 39 22 3 37 36 48 33 32 45 41 35 26 11 36 24 26 20 48 11 11 42 22 11 15 33 25 24 18 36 24 24 12 7 35 31 36 38 43 31 48 24 10 7 38 48
10 10 10 10 10 22 9 31 13 39 33 34 19 18 43 48 47 33 27 42 23 5 50 16 15 43 3 37 35 25 40 18 3 47 36 2 13 38 47 49 11 19 34 23 20 16 12 37 24 27 3 24 19 3 42 12 47 24 7 43 18 18 18 42 38 5 3 42 14 41 32 11 24 34 21 3 19 27 38 48 50 36 9 8 37
20 20 20 20 20 39 2 9 16 36 16 32 50 19 14 28 21 48 50 32 11 27 16 2 38 26 36 27 22 14 39 39 1 44 21 15 24 44 6 34 5 47 30 31 40 50 5 9 6 36 23 35 12 40 30 46 19 38 20 31 5 47 32 26 14 38 6 19 28 11 37 33 4 50 37 50 27 35 15 37 20 36 29 24 12
48 48 48 48 48 44 50 23 20 31 42 30 28 7 21 26 27 34 7 14 39 10 18 33 44 14 29 30 16 40 47 15 33 14 47 2 18 28 39 21 18 30 44 44 42 14 22 40 35 3 27 30 37 1 33 39 37 19 40 39 24 31 18 2 19 14 46 36 9 6 30 7 48 16 46 26 35 11 10 23 39 48 5 39 20
28 28 28 28 28 44 42 20 31 29 30 26 25 47 20 14 9 39 6 7 24 11 24 47 26 43 32 32 24 39 44 44 33 15 6 24 33 12 41 38 3 44 16 16 48 5 27 10 31 18 2 48 34 5 1 42 16 1 43 36 34 39 5 12 33 6 25 27 9 45 12 16 9 1 29 34 5 29 43 16 14 23 20 37 5
19 19 19 19 19 45 14 23 37 47 1 29 38 44 47 40 37 37 14 36 20 9 44 46 6 16 2 5 24 34 38 44 35 18 28 29 32 25 39 11 21 38 40 44 28 45 45 14 15 18 34 29 24 26 13 26 22 48 38 2 2 3 21 3 15 23 19 50 15 39 21 50 9 50 12 24 40 36 46 35 20 12 34 18 23
1 1 1 1 1 35 1 16 5 15 22 20 43 9 7 39 48 9 44 35 2 7 5 50 40 12 40 7 36 37 37 35 29 9 43 18 48 24 15 12 20 35 28 48 19 25 43 5 2 18 9 1 40 22 19 28 10 16 30 32 34 26 47 27 6 6 42 7 21 43 46 36 29 22 46 40 32 29 14 23 9 28 31 44 35
40 40 40 40 40 22 21 30 9 34 36 28 30 1 14 42 19 38 38 50 41 2 26 50 30 18 27 30 10 7 44 39 36 35 20 1 43 15 35 3 10 3 9 10 25 25 21 50 20 36 48 43 15 38 45 44 27 33 8 38 47 27 47 31 46 35 37 1 24 6 31 6 22 50 7 34 35 45 2 20 7 22 47 40 35
31 31 31 31 31 48 29 12 27 21 2 23 22 7 22 35 26 3 43 10 50 24 19 41 31 36 49 3 31 47 14 26 14 48 23 2 18 20 21 3 32 39 34 48 37 15 32 48 18 31 45 8 23 39 16 11 5 23 5 20 23 7 19 41 3 23 7 7 10 7 41 42 28 24 2 2 32 29 2 32 7 31 7 6 18
35 35 35 35 35 1 6 35 32 1 24 30 26 42 25 23 35 16 20 18 21 34 3 41 36 44 2 37 39 7 14 35 48 25 19 20 1 23 33 9 47 9 33 14 45 14 30 41 31 48 44 11 31 10 24 15 37 41 46 34 11 16 50 33 36 43 33 22 21 35 25 2 50 3 15 43 20 40 41 18 19 11 37 6 43
39 39 39 39 39 45 12 10 5 50 45 32 34 2 45 44 32 42 30 33 31 23 11 47 39 14 19 37 23 46 50 23 22 6 33 30 19 45 50 2 15 36 46 5 10 9 16 31 38 34 2 40 29 30 43 28 12 10 47 39 30 15 44 22 6 15 44 33 29 48 21 9 2 25 42 26 46 40 43 9 44 47 44 20 45
2 2 2 2 2 36 48 42 35 45 23 42 40 1 16 29 35 12 22 22 14 9 41 50 43 28 47 32 39 33 37 19 14 1 32 19 14 44 1 5 12 36 48 27 27 25 28 50 2 21 20 47 27 14 47 19 45 21 10 36 24 6 24 7 27 44 40 32 37 22 15 9 40 28 5 21 41 26 47 11 41 33 12 7 38
25 25 25 25 25 14 27 26 42 40 45 35 44 9 23 5 39 48 43 44 36 44 21 23 9 33 26 37 26 43 27 24 29 15 28 3 20 29 7 18 44 30 3 3 38 22 45 37 44 6 43 6 39 50 50 44 48 46 38 15 11 33 5 34 22 30 46 19 28 30 33 13 5 30 42 10 48 46 41 19 32 33 35 40 40
27 27 27 27 27 41 23 27 16 32 45 9 5 34 10 12 45 44 9 39 10 15 12 47 14 26 30 28 21 41 50 27 34 12 28 38 24 14 28 28 48 18 3 48 27 6 18 31 48 31 3 41 27 35 18 34 11 44 25 28 42 45 22 45 48 10 47 25 45 11 36 19 11 20 7 31 5 14 19 1 26 47 37 11 6
30 30 30 30 30 19 6 16 39 42 20 19 7 15 50 18 38 37 42 31 27 25 27 1 38 43 23 36 50 36 14 32 16 24 30 43 40 12 14 18 5 37 9 15 44 43 2 25 18 6 39 12 14 19 27 31 23 36 31 10 24 29 19 12 12 12 30 34 22 21 36 27 13 21 42 45 20 25 28 32 25 20 9 38 25
12 12 12 12 12 10 37 7 43 48 1 15 42 23 12 5 49 48 22 27 34 2 23 46 23 18 46 47 5 38 7 19 5 40 16 12 2 19 41 16 20 20 45 12 36 3 50 25 29 34 25 23 46 45 41 45 34 41 46 21 13 3 33 15 24 2 40 50 46 22 48 40 31 11 15 30 9 46 3 32 11 35 2 43 46
46 46 46 46 46 12 32 42 37 31 36 29 48 20 40 7 20 30 36 50 11 35 48 15 25 5 25 22 18 36 6 42 2 43 20 48 15 16 17 48 2 48 18 24 2 40 44 28 41 12 30 19 7 1 2 28 22 48 40 35 48 6 40 18 16 3 9 29 3 44 2 11 15 23 1 37 9 33 16 46 44 1 41 26 6
43 43 43 43 43 35 42 49 43 20 27 10 39 11 20 8 34 4 15 19 37 18 7 27 38 21 41 18 31 1 14 3 21 18 25 14 1 10 29 40 16 27 43 15 14 41 12 16 10 46 28 42 25 22 40 47 20 45 20 33 40 23 11 48 9 11 47 16 30 21 1 10 6 35 7 44 14 29 9 45 37 6 30 48 31
9 9 9 9 9 15 10 39 15 47 7 16 16 15 19 27 4 29 10 30 36 36 9 16 25 50 45 25 37 39 39 16 35 23 15 37 7 29 11 10 40 24 21 25 28 42 32 7 44 50 18 47 2 37 11 1 45 24 46 12 33 26 50 5 20 40 47 39 32 39 41 21 31 24 50 40 50 27 19 6 15 24 35 12 30
29 29 29 29 29 11 11 43 19 3 38 38 19 45 35 31 13 39 32 35 32 48 24 44 26 11 33 10 37 34 25 24 30 35 40 50 16 30 30 9 31 45 28 50 35 2 3 28 40 5 10 42 42 32 27 34 47 7 28 29 10 47 34 31 43 21 31 27 42 21 20 16 48 34 27 46 12 6 23 23 19 1 46 3 26
26 26 26 26 26 26 50 46 45 37 39 39 31 42 42 50 44 10 35 43 6 28 23 46 12 29 5 44 19 38 25 44 11 34 25 11 34 48 32 7 34 18 40 37 40 22 48 17 35 21 29 40 17 39 47 9 11 45 50 6 7 46 11 11 42 42 18 37 1 47 19 18 6 32 36 38 44 29 1 30 36 35 41 9 46
38 38 38 38 38 43 5 40 18 22 48 5 14 26 14 2 16 45 41 10 38 3 36 44 3 9 45 27 21 34 44 26 2 29 30 9 6 6 21 42 7 45 25 23 34 19 14 18 39 36 32 42 16 19 1 32 12 33 39 50 27 49 38 6 12 20 1 45 48 22 28 16 11 5 25 30 35 1 34 29 10 14 24 10 23
32 32 32 32 32 47 11 7 10 12 22 36 40 11 25 23 7 21 12 25 41 15 50 31 11 27 26 21 24 44 38 35 34 9 14 34 27 10 41 20 27 5 50 32 15 39 4 21 21 42 38 30 25 48 42 5 45 10 9 24 1 18 46 1 9 3 34 12 15 36 45 38 3 43 42 2 1 46 43 1 23 26 36 6 18
49 49 49 49 49 49 49 49 49 49 49 49 49 49 49 49 49 49 49 49 49 49 49 49 49 49 49 49 49 49 49 49 49 49 49 49 49 49 49 49 49 49 49 49 49 49 49 49 49 49 49 49 49 49 49 49 49 49 49 49 49 49 49 49 49 49 49 49 49 49 49 49 49 49 49 49 15 10 14 34 1 40 22 41 29
21 21 21 21 21 47 44 12 21 39 21 43 9 40 41 21 44 12 50 50 3 33 34 42 2 30 40 22 40 16 50 31 6 46 28 50 47 27 33 38 5 33 37 22 6 30 47 7 29 10 16 37 14 10 23 35 16 12 25 22 21 47 29 18 36 40 10 9 26 1 16 34 30 9 32 35 12 14 36 24 23 38 45 29 12
4 4 4 4 4 4 4 4 4 4 4 4 4 4 4 4 4 4 4 4 4 4 4 4 4 4 4 4 4 4 4 4 4 4 4 4 4 4 4 4 4 4 4 4 4 4 4 4 4 4 4 4 4 4 4 4 4 4 4 4 4 4 4 4 4 4 4 4 4 4 4 4 4 4 4 4 38 43 28 24 26 50 22 34 31
44 44 44 44 44 25 1 30 32 26 34 7 35 31 21 4 2 38 33 15 5 18 37 31 7 18 12 39 34 3 34 26 39 8 14 16 41 20 25 9 28 32 45 28 24 10 26 38 49 9 50 19 10 47 35 41 39 42 43 49 26 5 12 1 19 47 24 29 33 25 42 41 24 48 33 11 24 48 33 47 41 36 40 20 7
5 5 5 5 5 20 47 14 19 25 15 45 30 40 15 46 24 42 23 2 50 41 21 3 5 19 3 16 31 39 39 48 28 32 50 34 9 26 34 18 11 50 33 42 14 45 35 30 31 33 36 16 43 30 27 34 39 32 5 11 32 31 29 33 25 8 33 46 47 23 11 11 25 5 20 46 21 3 31 48 11 26 20 48 28
16 16 16 16 16 14 7 23 31 50 1 11 25 30 40 21 23 24 5 44 39 45 28 36 22 3 29 41 26 15 14 1 37 48 9 26 9 37 9 48 22 12 26 1 28 36 12 1 40 20 1 46 37 31 37 27 33 21 42 26 41 25 21 47 45 38 35 22 6 28 11 39 29 45 22 2 33 40 43 28 47 5 2 17 36
13 13 13 13 13 13 13 13 13 13 13 13 13 13 13 13 13 13 13 13 13 13 13 13 13 13 13 13 13 13 13 13 13 13 13 13 13 13 13 13 13 13 13 13 13 13 13 13 13 13 13 13 13 13 13 13 13 13 13 13 13 13 13 13 13 13 13 13 13 13 13 13 13 13 13 13 32 25 43 44 2 45 37 28 3
15 15 15 15 15 38 31 10 19 28 16 11 10 31 41 30 44 21 35 3 12 22 3 7 10 1 22 34 9 48 28 44 18 50 24 9 32 11 3 29 41 22 7 46 10 27 41 44 1 11 35 22 14 23 39 7 6 45 26 7 42 26 7 22 18 42 7 24 24 50 21 28 6 5 6 9 47 10 5 42 39 42 31 43 27
23 23 23 23 23 38 20 50 42 10 33 36 38 12 38 3 39 11 10 2 47 1 26 43 15 36 24 31 7 43 27 30 24 1 16 32 34 41 21 14 18 29 18 6 6 15 48 46 20 20 46 46 26 29 30 3 34 3 23 28 21 34 21 10 36 21 44 40 20 31 50 44 20 24 36 6 33 31 19 24 21 3 3 38 47
