3329480845
2414638020
1193057378
2216673220
2742703313
1292216576
882438338
2816443547
2084332685
1624544084
2597390379
2314199284
1749504275
2456963075
1035160187
1082642373
2309071590
2493574805
3402474073
2043882686
1946208623
3751030442
1571784796
1230120965
1644388428
3180354474
1327722947
1913229123
2037770292
3401168796
1091183692
2111507516
2313923192
911183723
1637448143
1404990065
2836125369
2403903077
1482614470
3745790506
2356848694
3042615663
3026645158
1499760274
1688933060
1218013529
2749909405
1916674187
1810261885
978062471
2370825852
1114734531
1895524567
3085421980
1571244896
504169780
1881140925
1213120183
2662998620
2502194267
1473236369
1709466547
1120009686
1914799804
1421816296
2571374579
1854036390
2565263414
1915572775
1509290205
610322638
2139099747
2889296106
1257408869
2283569856
1793959879
2106957430
1612900858
1856244854
2855981565
1643704811
1562656291
2280210531
1814896046
2503790064
1025335603
1730167970
2065622034
2624693487
2835242972
1991388872
1061401596
1792394821
2933201149
2358106900
2887330599
2663242412
712637206
1685893330
1228639125
1074112625
1631122126
1817580074
1362226855
2632689521
1468730007
1808829192
2038663672
1727173746
1680535625
1680901494
2953045459
1214261351
1689308052
2332124157
2494332177
1395881260
2432763270
1333688484
3254982537
2449162990
2037317314
2584841962
2587275674
1934290668
1555996709
1510572874
1155809997
1846550290
2127949501
2088109606
1104163893
2758407733
2150977205
1850899602
1134535562
3100648246
2382001904
1241834142
2232263737
2035786956
789322391
1878596905
2403913271
1891418674
1899737359
1313275961
974269748
2420409147
1676569950
2371790968
2708750064
828358214
1161527867
1945996201
1345680201
2006514147
2715226115
2182938146
1249473464
2840131810
3284945829
1713827522
2629290222
3184702267
2670193217
2190301354
1883746936
3066366204
1623169113
1140643125
2022173944
3515446406
2296702664
3339897548
1615976910
1150358867
1428654336
1152354767
1642864658
1507890790
1835561630
530325997
1386800839
1546268419
1448748055
2283133807
1300473573
2443932636
2128385404
2248150863
2717603552
2441240609
3926007630
2441139933
1025425000
1139581455
2463457320
3074380798
2358883649
