200 200 3
176782478 155141627 297494671 180537349 532916478 961539569 78976947 158315435 670899511 760142378 291469994 266683441 774833510 18029808 339001059 788354476 783659847 114670822 60879075 302690373 224735989 446295810 807838939 407453575 173495758 397878799 853331083 599045920 762541602 992302673 517951921 799654463 877322990 342076332 134536791 292717032 171578481 598030789 255430639 530848513 889893069 623961465 313266942 303550423 515895531 87537557 313818956 732535807 499853364 178405295 223466052 701866402 405496674 239037142 70739475 293542750 471621489 284172275 113512336 613283429 765551634 314137816 141511249 430201219 684478397 124546293 975111143 486453004 815924314 214959083 975968033 791381885 171595375 506881431 136642207 774661082 206121910 608282669 794452175 917759291 301096862 837851905 980317418 686166470 910519956 492679342 197306953 546647190 835257227 677165321 906931340 975372511 342450167 941538613 749096835 559937286 132023692 884056301 295495377 992110696 865733878 650048262 152016270 392392466 58664177 958513390 300321525 843035604 360771105 158246604 774905607 553952989 931475550 304255741 304006796 880088488 449875173 195566661 608366052 371195204 41212894 310610731 852544011 69059788 570068230 385084305 159170746 89886175 679648042 810138019 176082952 817469632 994886164 672651163 733634293 778620610 238342693 583413586 69075669 746063329 905920673 974650599 641259146 71130663 353604519 257676699 45947565 713109712 936649210 435432615 804501515 487241618 316630285 947339708 228933243 966725974 518409852 916721194 75593087 506071360 658468351 956025962 538920993 1704536 838959490 355626993 476317758 358664437 814497592 772151772 882206158 84679667 637131143 504967039 538658830 377196306 339700118 74757256 789922719 762587858 488712725 242037293 651590945 477145095 759862853 200174315 868064617 295285428 638811328 317102043 712735860 490369391 516993225 448812177 330875293 329315741 825211398 241662994 559857974 318032465
2 1
3 2
4 2
5 2
6 3
7 2
8 2
9 6
10 8
11 5
12 2
13 8
14 3
15 14
16 8
17 8
18 10
19 2
20 7
21 15
22 18
23 9
24 12
25 18
26 10
27 18
28 18
29 7
30 9
31 17
32 11
33 26
34 29
35 5
36 26
37 33
38 37
39 27
40 5
41 9
42 40
43 21
44 25
45 6
46 28
47 11
48 32
49 42
50 34
51 14
52 17
53 43
54 23
55 5
56 19
57 53
58 17
59 6
60 44
61 54
62 54
63 13
64 28
65 4
66 47
67 42
68 62
69 22
70 13
71 42
72 4
73 68
74 8
75 31
76 14
77 28
78 15
79 15
80 79
81 40
82 54
83 3
84 78
85 1
86 25
87 22
88 68
89 7
90 39
91 54
92 1
93 62
94 81
95 67
96 86
97 17
98 24
99 72
100 35
101 10
102 56
103 82
104 2
105 89
106 95
107 57
108 77
109 8
110 82
111 12
112 47
113 28
114 45
115 94
116 38
117 103
118 73
119 25
120 90
121 65
122 83
123 115
124 6
125 118
126 82
127 94
128 40
129 104
130 68
131 66
132 97
133 25
134 79
135 39
136 15
137 89
138 101
139 78
140 44
141 2
142 3
143 21
144 54
145 101
146 136
147 123
148 109
149 55
150 84
151 27
152 7
153 77
154 116
155 140
156 136
157 110
158 126
159 69
160 131
161 81
162 155
163 110
164 54
165 98
166 145
167 40
168 6
169 164
170 57
171 50
172 169
173 71
174 113
175 71
176 92
177 147
178 23
179 1
180 105
181 113
182 134
183 142
184 176
185 114
186 122
187 16
188 148
189 36
190 71
191 101
192 24
193 189
194 45
195 161
196 16
197 70
198 24
199 120
200 28
11 69
27 85
139 26
171 38
16 107
141 131
45 91
131 80
90 23
108 59
139 169
179 116
69 67
101 147
171 121
84 117
86 153
188 134
29 139
112 186
158 66
129 1
97 59
16 128
163 169
136 191
27 7
164 156
113 121
70 12
100 162
23 28
21 28
76 186
148 64
71 178
7 15
188 91
154 104
124 94
93 108
123 195
16 85
122 197
159 68
155 162
13 112
15 149
76 113
200 47
174 133
79 77
87 132
186 90
94 144
31 136
68 24
132 184
158 5
134 37
193 82
11 186
47 78
77 69
109 30
105 110
185 140
27 188
108 147
150 46
140 198
121 49
36 9
154 178
87 155
35 16
91 21
67 9
190 6
51 139
185 55
71 64
126 190
194 129
80 185
120 11
199 100
34 16
200 150
165 134
10 174
28 148
128 62
158 139
23 86
197 171
124 39
82 151
12 119
144 166
195 168
115 112
115 3
141 13
198 71
129 155
44 77
112 45
112 179
18 89
19 113
146 153
65 162
134 136
45 91
80 192
158 62
114 119
100 45
128 33
145 6
102 167
129 163
40 129
165 104
107 131
120 157
121 174
194 141
76 104
132 23
174 52
77 115
158 8
140 168
59 29
128 12
128 39
110 161
49 114
53 112
186 178
14 114
33 147
188 2
122 173
19 89
170 39
148 140
92 101
159 101
118 35
53 35
66 82
5 18
123 46
98 57
61 97
108 155
85 127
79 1
112 180
36 177
44 158
179 12
41 97
158 198
176 32
56 167
100 148
40 185
43 61
96 22
147 24
88 35
175 8
107 3
126 168
191 192
122 69
48 95
24 142
131 171
158 143
69 109
135 133
83 189
110 43
105 27
69 152
83 178
131 195
87 66
173 103
130 71
5 106
70 179
27 115
43 97
83 96
