1377206757
1922166474
640125903
2290639615
1480851826
1373473619
2093726382
1464221120
1823876497
1226360389
1574207116
2292622155
2150734081
1671926728
1335942921
1978691768
923980449
1144281834
910526154
1343091969
2236266681
856430520
400677655
1009859201
1507139391
1667701713
1090623465
1657359829
1242500893
636784151
2521499530
1652289890
1000127152
1272330068
1413123380
1961159333
436007814
2049461522
1962343122
1250132934
2127902267
1484516166
1759753507
1312167372
1504462587
1184959205
1681135568
1425298627
1975949081
901663870
1614524025
1288416342
1287762842
1444646756
1923103320
1469743966
1645419509
1629712640
2292287797
1313291919
2494806916
789138980
1071749983
1136717046
1501042449
986521583
2149054160
1306931946
1763899276
879888098
1257538772
786094060
1139961786
2333637231
599735954
983770342
1820596648
1885545187
1870369200
310571529
1282826740
1765867876
1984547791
1276428890
2068967481
1187908286
2077211758
1209407755
1110383006
1796323902
1352646974
1470471067
1224571860
1828446988
1639390518
2123115233
594302876
2583065380
1144861942
1627606929
1140284950
1450526641
973337804
1680754183
1462658829
1240392478
624343155
1440227397
1696224777
1105069676
1262167074
862149241
2201248795
1451271773
2093726382
1581300117
1382875280
1251494030
1657654585
1196264075
1473459523
1257984570
2122098235
1271375630
1498035397
1160050296
2239468461
815992382
1441822446
1185083356
1870713602
1476645890
1081038017
1917686754
1374540215
954962821
427309091
615129263
1728853535
1112703426
1554564529
1243325753
391345337
1757429123
608742490
1557499270
896136302
1628691610
1728985490
1996248016
1055997787
1394049662
843678337
2003676586
802728927
1510990879
1753585214
1723616464
1333002162
1502406114
989264461
1686987788
1466575718
2314704383
1056606160
1246118176
2138146132
1331992396
901479058
1860362035
1742935778
1767747895
1120903918
1190123348
1670029517
1227822778
929112946
1416352789
1472917700
1396347494
2303951149
1442983249
1607141346
2400630465
1291366241
1843191279
2070161213
1162147401
1149287642
1572978381
1725974185
1099525101
883135689
2071508856
2935577238
2115391333
1160023429
1687489651
618462069
1810067153
