200 200 3
127953188 850857284 995440016 953226857 628645514 639353037 819001961 628506232 240703490 805394937 937931790 820002974 844414450 202013773 480163530 850684519 695435434 714475561 541843670 120800798 723981875 766637061 403596753 489340938 375706669 724985334 845735198 196683646 791294118 896311937 339115456 677586793 624012186 842043996 813422589 716789778 350495515 192973425 498518684 763792565 675943940 949033272 761523049 331961022 360721924 36635962 856924227 706895444 889036149 768535927 370019403 410581249 101794236 543962380 76664827 695638799 827076379 447497500 42272998 981046744 4178112 697105873 376640712 197834443 709271397 527428679 488868425 34757013 125558585 208673311 520622058 712391715 704444268 598442011 298316058 64101531 964752232 275126444 731926939 278441263 315578785 528670387 53826300 521163603 587660429 855941904 143369913 983521097 330366322 789444327 429694168 35153034 458655997 708148983 682953980 169244197 648871758 657515407 338567286 702361862 763892754 103035427 981064883 907671311 17066417 347928578 648781773 509954171 210708065 333403415 637562248 673792850 385041624 933214676 172890377 227081797 969179507 208991679 80563421 409357771 789675369 306525104 150732027 479783659 686013496 344799913 16062442 358009910 604001146 658311428 903170447 744276982 278187094 806995617 849126518 188861947 308409519 373870265 43940865 149531839 939247843 837818609 416983834 37594830 337068211 393042994 142632512 574057355 339561541 789282727 487629873 71132493 987735897 845286221 681731091 95690558 962809385 718967343 353719293 952789831 205891220 477700405 515865569 872796172 867107443 859464865 285586077 279194486 405076483 941794358 597352692 725369919 757421285 777986928 749384038 111267362 26899027 250830980 12273295 181809281 877111415 563926870 736240068 485908467 738415414 984407892 831812056 100332831 328044462 954926645 55641787 884436244 245160442 12466332 335043948 596814715 694685800 949201746 250046548 913233051
2 1
3 1
4 1
5 3
6 2
7 6
8 2
9 3
10 3
11 6
12 3
13 8
14 4
15 6
16 14
17 16
18 2
19 10
20 12
21 10
22 18
23 6
24 22
25 22
26 23
27 23
28 21
29 10
30 10
31 29
32 24
33 29
34 26
35 8
36 31
37 14
38 34
39 34
40 24
41 18
42 27
43 10
44 7
45 40
46 14
47 20
48 43
49 28
50 19
51 11
52 38
53 42
54 19
55 35
56 40
57 6
58 20
59 36
60 38
61 57
62 25
63 10
64 53
65 49
66 18
67 53
68 66
69 5
70 12
71 64
72 48
73 71
74 49
75 20
76 39
77 48
78 42
79 60
80 19
81 20
82 47
83 6
84 10
85 67
86 28
87 6
88 83
89 45
90 85
91 65
92 78
93 14
94 27
95 84
96 8
97 34
98 32
99 75
100 76
101 96
102 31
103 79
104 18
105 3
106 59
107 72
108 94
109 33
110 27
111 49
112 15
113 51
114 36
115 39
116 109
117 72
118 29
119 52
120 102
121 114
122 28
123 90
124 90
125 112
126 71
127 123
128 1
129 93
130 71
131 94
132 46
133 77
134 67
135 114
136 95
137 6
138 67
139 32
140 94
141 51
142 121
143 114
144 120
145 22
146 3
147 25
148 18
149 140
150 14
151 121
152 82
153 4
154 36
155 49
156 7
157 53
158 70
159 59
160 97
161 50
162 156
163 9
164 108
165 135
166 106
167 35
168 64
169 108
170 136
171 168
172 162
173 150
174 56
175 117
176 125
177 122
178 114
179 178
180 36
181 22
182 49
183 157
184 158
185 18
186 109
187 140
188 89
189 26
190 74
191 118
192 144
193 74
194 64
195 181
196 172
197 196
198 154
199 182
200 175
188 131
146 51
91 128
160 34
194 185
184 20
69 101
182 72
171 176
74 110
94 190
156 8
9 144
106 58
85 70
100 163
197 83
47 99
158 141
124 128
77 19
89 19
136 143
25 179
21 196
21 109
20 186
99 119
16 47
50 43
101 100
90 82
18 59
29 169
50 183
44 22
82 174
61 125
152 39
68 64
149 156
172 112
23 28
4 124
77 192
86 159
167 56
90 121
40 164
6 8
166 49
136 133
197 180
159 48
39 105
156 182
13 154
10 174
149 32
151 185
94 26
97 54
70 61
145 184
183 43
4 59
154 180
123 65
177 32
41 66
60 82
21 104
137 93
95 161
105 141
85 70
39 101
139 184
85 76
121 133
123 177
143 129
56 40
103 91
144 48
136 113
30 185
30 168
74 172
5 159
113 64
143 183
115 170
47 30
75 59
168 193
155 90
45 149
24 112
44 93
182 15
78 88
168 113
95 154
65 60
177 41
2 23
149 38
54 88
171 157
138 199
112 171
109 96
70 195
106 195
168 79
48 96
12 82
155 171
160 9
184 125
83 147
18 178
65 73
124 13
197 97
141 29
47 100
56 92
21 49
155 53
143 140
165 19
68 117
102 155
67 197
158 25
136 200
190 152
175 105
155 160
39 140
180 159
25 143
125 13
124 138
51 22
55 32
5 189
9 5
158 121
2 84
99 119
178 22
123 199
125 47
94 89
7 141
113 74
30 160
27 50
47 130
59 60
106 160
94 179
137 187
109 154
116 16
96 34
180 93
12 183
16 20
100 93
66 144
183 129
168 103
56 99
45 8
125 132
33 64
169 157
164 117
85 48
197 194
46 98
154 160
116 168
118 177
114 45
165 120
48 110
71 164
43 2
153 80
198 186
192 144
69 127
145 56
61 48
195 46
