42041464771
18889087191
66782845178
40072064443
16342766711
66514794934
50695097840
37791383513
28773129797
67890765593
60057682947
20662583641
3463439634
64374551096
46019217960
50011860957
34608996981
29948988473
51711007267
41567830874
27742433289
38593932973
55765711657
62110756848
62970279549
64840959421
16988353654
36934589063
38284936208
61406793254
61837901791
63691378333
39046073929
19121315901
49751506317
49361332259
3245421192
13242240809
32287248848
53933267281
46697005064
63982730794
35048507056
31525541525
22683775103
41354866235
27978151893
43491789248
63733427325
7733076832
8382802723
48090956666
40073191775
46829703687
58599603333
17501178213
45394720140
38503122128
55802148950
41521751280
31284743327
63366055397
14161653986
69255883397
46979860025
23106848863
49327238859
46977207522
42414386677
15204435813
64384960233
19650359854
43536802360
65379328287
32741816297
35700737665
32110460823
4222875276
37900980695
59688766269
54509700747
45807530259
30128278442
18011407405
67219350591
69505474794
33550604679
44007550802
35095447018
16525433009
55166885589
41948338495
67672362904
57854908416
35039288682
35943122509
25153471810
19019081693
44325412411
20113638068
36857305170
38368519835
2709172802
57843552720
61703999134
25338830204
37712201624
54391008204
55173276658
48036868500
62101051885
13396514497
42365782191
35073569030
46002671803
45655544363
18006708616
69907854881
15376017500
20446844149
53495986184
59751052208
50909256237
12438937915
37959367712
57517631433
39327054433
36493341866
32445659393
47374466647
27597938622
61726467514
9297064700
37531623682
50704070818
62650064880
33860476404
26719701407
59099270103
45743502150
58352714236
55102744380
53541204807
24142526492
62430999598
52396987037
34479787018
14597801852
34699384802
46468787558
66635213819
53425746325
29595239309
8434936059
19860618875
64466429086
40600242319
41652974843
61804422449
44868049594
26045170514
40155415557
33389022913
21927271868
26888705459
21432188478
36325866878
41561925874
65315401852
52012285646
18063654605
11287288059
35736328191
64463065767
61153759882
57410875205
39823870799
48597634822
46734388657
55177267963
56206308695
62865596244
9843889871
44770413818
15088271039
62641896698
44054484598
64147364177
62752214055
10563762733
40871475555
45875619756
64517954406
67029041892
65748979259
41876457308
46415715602
55435560364
25488063681
64202421891
60379106051
33609307113
69563240756
39281595008
69948136174
36039376979
60633723163
47755635682
5375524450
56928059119
51641469085
54718406444
29745401683
53842332068
46632036823
2898887581
56263295388
63502579897
57250217549
58390198474
66428511228
61442015394
50875419712
19619100697
51163104214
49816712829
62568090247
38789119419
51137446567
26492736519
39588835273
34511713628
50921663762
57353072405
67897381762
19671088148
56747153118
50272846787
62084393900
23960265661
32998165360
2084853974
53845489728
5238437327
42000918049
48559404425
24979267314
44722899449
16248939104
40637318466
59621985369
68371398861
1263384432
58015827246
35409580313
54043038430
53497501873
49203219575
27032596146
49824326658
35893487797
25869509287
61442233786
57859015885
62870879552
53793715954
46209035663
35785602628
59174755115
52465367777
62848885373
47664190356
60173606413
34799674898
46023619814
21543215549
46178320360
64512442593
38898008723
46868082912
61442764778
43895395203
31051949695
54932432668
38590893967
48022781868
28948636841
9134002811
48034869394
50148920119
63105999847
30301468338
27827675902
41001088122
38434630699
67123687571
61008561811
62538819828
64440288028
64606277900
33116237045
33803109564
13138155746
48310959414
42958884924
55130943549
30649412195
18540146132
58636745090
41338173831
25745301194
57076178540
60031861221
29095579418
55415051529
40529218633
57905571984
36604857891
31349557858
27846501133
25592237468
38504785875
42399426917
35014402109
33777471018
60285537079
42837477003
37138474431
23654801347
29505217654
43251956564
41741501225
27918047423
41172672212
49221683638
28800389825
27285546819
17011593583
2076001068
35546678245
12150958628
60894536508
35630948661
52619709975
65599300400
62519438454
65132629576
65569011881
55527581574
25253092656
39228392084
15813724150
46851800930
61015286884
18847235619
40476993473
61961673930
58109407103
10306733156
62315728411
62514982140
38413098950
16428266817
9395702496
27695731439
24776618471
14620613721
12959408979
39321964382
36700809040
29175153426
55769167432
60968148338
45216564307
44049424433
36473773923
56079616676
45173329737
24633433058
62501488107
46790173362
19649899324
40493976081
60317422575
13300272394
39688828049
37965692068
26161874024
51321774844
2804915770
41089030669
31114848010
27474341224
54865820406
51778415309
38949841760
29338574301
63872643830
60956748187
16093199656
23245424649
20561825173
56182176601
52717128386
39738732515
17192772767
48492167446
55648554949
65870485641
41365921873
47441738784
25723562239
63222380493
39165346468
57877118516
57927040251
68764259529
42267501085
44905153845
67910848988
31924050834
38247549693
44778897867
41000499642
65650980946
68142536396
18691922024
4519631267
51604795954
36872018401
29285885540
36783788134
66310722470
34207987331
47019980338
40346487351
20956031954
27649669116
54298713867
71479322859
68881082548
33033856918
8969541306
30487595007
66489116529
53512087196
22244948391
63361562162
54000582164
16271597864
65101460366
7534555569
9315673758
28522566913
48842922504
60557191385
45526901264
13282027268
55585404277
10949703896
38478577082
18034937567
17818714984
55637321072
51855529496
66717304546
42640571119
59057064776
40992594727
43649837421
42593819823
3017889585
36285283565
50047883089
25624069428
67005955670
38465895431
59150217401
49218280289
66139161332
49226061849
27406461620
38543093358
35762793692
60185758428
46663094523
12267915096
34425010955
33853910969
63978183404
16920873671
45250119124
13130777429
37488299403
38365249472
28836247970
67422990026
45456333119
35387551442
32160706148
16405940827
58120145326
24337677143
50476401650
45566533135
44769697418
32028868461
65230952198
57285146527
25297868520
37631639519
39199159393
58944259962
63368171147
27583003552
17617751604
66774238169
39820631073
41648267287
26348026774
32693283751
59877475604
27933981044
43485169823
55705658376
40820235818
36906191970
65613385257
34157670855
55085471563
42395486565
56793624226
36539257023
31073135501
19185205783
41808415175
44182746473
9327881491
28905313228
54827046303
21308523860
43452011979
44283423358
57359359403
26935148673
13595511978
65710742921
47069119009
29011807116
55991817443
39804029528
44245515302
19920028983
50766064327
24867484725
33219294269
52680373608
22348307581
59952415219
52649115986
24728694260
48366917584
41511495386
51721390358
48301001893
18703099470
61088046385
21070925757
50844312015
32414440376
36465202819
46641997449
57592463106
48621247686
68219538867
64706151377
66073523010
35758274669
39026526210
40621365901
17063934864
60954936712
38107021103
59844324235
45878708684
59587526836
48615543231
9505478840
38764668152
38098931083
66833249539
57585640537
39569560283
69325416660
4736307127
40956351279
39037975002
66251552843
60812810680
12686341572
61076787656
45142590391
61229323158
59647448812
56200477846
43217253686
7867269318
51828255602
57497271388
40402926284
42366642474
50731435268
60313850444
44761753314
37619728642
60344733972
21805703084
36546077890
57470511913
37648157307
38561311531
9351536170
41532545328
36074998055
21882937808
16361897437
63504981918
56864401221
33324718437
59814690181
26861527818
52851183346
69829607489
24254981588
55002687896
59193586897
23935074100
19285576823
62538851024
37395822532
57735188862
30432773796
55780796951
28299025467
30774430898
29837627409
38715844528
44652775420
41802244960
17640943866
55330858368
34762240933
27745633620
41361272741
37572932702
35776295162
61856186354
635944599
45013564190
64542849740
47686107138
32924970708
59960105257
7726136771
64486200453
63857979849
36800583696
59572378423
47010000935
31551571920
28413038895
40646005367
41531532270
38031076900
48951019403
56768095449
54435327958
18736448392
7554732655
64396114630
12788908083
41763771370
20441665415
47192524309
54536885415
14012212390
23749271874
30111133353
21955168657
33601873622
35766459901
15637320793
68586677014
29210657905
58880771647
20774466961
65214066917
61930493543
27899904944
55317383756
63478850462
65939203322
42532435880
43974613504
54468080132
64375298670
32272068918
63120689689
37725399416
11062201635
62448918228
63516726928
65356149565
42814379627
63706765106
38475971218
37544998860
20779833231
57130413687
51292066195
46250298341
58211226946
40926384425
47483789284
49310269990
31202040568
59629989042
7972796551
61565799651
58897453527
66590971303
46443772409
60311088702
18274431743
48130591750
29815850721
3499958262
40062886778
31695663486
38229216215
34357278922
39150431500
922506615
34412373324
50169759652
60516653702
38963515153
66954562783
46528583681
49771591416
36647614234
34428886627
46165667870
38774189417
42861241344
62485160431
60712390028
35229949101
60686550835
49886688633
49840994812
44059009134
36602397842
65328808160
44529334358
44240275034
70817991095
40736359137
34891104101
62534285583
24417924474
22983348406
64471272125
47513188509
45085482390
35938029451
24069622793
6862166570
43139435628
54478238732
44206330837
32672355211
51886650853
26230743778
42055518234
29600274084
38280350805
29783278069
21724129612
15914244098
57087619777
54394662490
54854773095
9132706602
53207154955
46038297875
31768755058
56104122189
44030940557
55256369921
53944687246
43235135455
47752288491
49545184116
59487327976
23281602660
48477183167
62656247490
56014019123
35356703746
2422311047
18970661675
61831263680
27204763807
31787032186
46773153926
50290646178
30330275453
50021388834
30712948457
65650963928
1918292604
53827695474
49755157669
45570383788
55559489536
42105247229
43772922058
53844038613
41402046768
63153227239
50850856309
2815445504
54509855674
53311609661
63366617334
28296049094
63822963248
30594850758
33743832300
37516615229
70187346087
39020135788
31194247618
62105269019
68562371222
55292481322
38662710834
33255075787
46998639213
5635910280
40929666912
68525595977
61462636891
12889121957
17367387846
14367380664
48233204820
57487892010
32766002852
61024514188
46801490109
26751879101
36893555530
52003612223
67763544444
48680423300
64435786704
24683327687
11337573419
66274658715
34015336812
36773035522
68059714104
49304124498
34158151164
13757297789
28979101433
22788372891
30168252358
44238958492
17556157744
24310303908
55334521300
1851192196
40893973318
3514756020
24596028506
27066219077
63139195017
52545080373
51699637020
33066091500
67806514531
40485225195
63276776708
39740701264
62084109957
34214452496
61624486411
33949616087
56552738855
47258114877
39424298054
63477371793
64345788337
40845530417
41751927760
1955515143
38421180216
67320105263
23735003362
62527802369
59520009127
29916310651
63832588467
44099673895
41890715221
52550635218
43152682817
60469878766
65145661689
49133841817
65613960811
44551251622
45494126472
1294735734
29454000435
32290573715
9604429218
28428315404
64894276058
8290489463
64247103413
57812889048
47758430813
40266560280
62587548817
64861685088
30177343346
55601372693
51899872719
63532381943
42958738633
16376786968
64631962014
37377903925
70279029605
62960761067
41423525886
56647037028
38481034785
2022247506
50988703389
38196645403
37792003841
51924756675
57505633856
62827595310
22370266282
17584587457
61110210281
14696056489
49448241427
3408147750
23455861371
49422520712
38966071477
13571306458
42376887730
26739181792
32371903461
45216268269
32762843674
45177826947
61647865044
54442534622
62636000562
59456797164
14567338382
57548599544
26174641077
59828264780
18183257682
36156409463
10378169201
48763580796
37144682519
48597785276
66197992751
1605307664
39644793526
36728346644
34604906101
22684697775
27395106094
18408327743
39558703241
37878193290
30026121302
61845366569
41536220916
36238151586
48080324524
42362101260
42887232204
63835781994
48178066689
34743977551
46008465697
33727676469
53419219293
53468305262
68117809975
48082385543
44405081128
10875361787
28380112738
53175328908
46567006241
36940462094
41578497058
41116065564
22594901090
26350834285
48084403224
33636329660
56441255091
26079641792
61836839808
46530105877
68427488404
57830129044
44161927343
57136778684
5834359815
35553619484
49431531626
51492046792
66426585287
49812297524
17737025411
6237004312
36655066056
24055114874
48881375441
44619838235
16323173132
62803017935
55278168230
27072149072
37422644070
39489939099
3334532176
53563753854
33332201528
48332638778
60375064240
69459214006
45636373517
18447638117
18474141320
47115713439
58732044181
48019053685
46491305160
21235610433
37134488114
44731655952
69208980834
29054611503
39814681362
38396328902
39433841702
61996301184
10256160870
23407594529
41701308845
19486202355
34712454991
47686912418
47876668793
39703995080
38573567804
57019092168
39643712859
21899359502
46450686717
48251693134
57345091121
66260245099
37615341905
36514343187
57538739654
22476487394
53173788463
25307575264
35572926193
51280385091
15814832028
34840172746
63476112776
42157343827
48059878907
52474642986
64158791814
36848597448
39257794259
23597141369
49436316309
63397573790
32782115189
58411938892
59234110384
56361008722
19062166773
3017282738
12722479739
29767180154
47844013145
61355129516
31807000169
57385286259
46799467719
44244283035
37857169015
35311814227
31524729254
35911214516
56907647318
26555884344
39866328200
1150048697
1611781929
15986135743
67789076372
68656633307
19449563506
58849549663
39050267349
26197227411
52482868930
50974728089
64621678414
62432161445
64744513352
62821342403
45852483030
64571143874
38530626044
41840982846
49044584927
28754011942
28882537102
33130905655
64113099653
58169688347
60488756723
45005391796
37784696632
62372789607
9748798590
67377234508
48597388565
26945814083
44356763868
45711674562
14592690321
21277333310
33774762862
14999342700
66821511152
39109349895
63471042986
55727110025
49235868875
39825435691
40054069007
26246819022
42061225954
34394229703
53165172392
17924560330
58968813288
61255762107
50476198284
42856461816
2141800905
50710029071
36686857744
22213666456
40435175045
40575000892
43719914374
36376694638
64960032894
62431226558
64143744975
32129849186
16834312503
39131333902
48525935869
46628385453
59478993962
49942057405
59775630657
44113326006
49917541877
57494775517
38332064207
12802478801
37652216706
27271042513
48895645292
16526798042
37610737928
45815211290
63544681507
59666237027
46552133387
50967021433
52402787209
51949635703
31987368320
26336386403
32190650694
10156959123
41858158552
41581590179
1140674237
36520312436
63405807160
19273141711
24164310598
48151615723
44174166727
65675189894
51033779339
44105190907
68100768084
42871458390
48349351699
32210917850
32557882460
38999760076
38762026063
48547908469
37883437385
39760782078
31156076112
21371960244
9422196101
24450659988
22846034992
64887968670
60977203414
61161514290
37575789963
34327499954
60725261112
53637596905
39653374490
38297576465
48831635649
43023763745
37956231330
64909708917
35591729840
44475513375
57564358133
65940014720
50665906300
51397984528
32268044073
58743443571
34480865137
61077903151
44045919608
61675285668
42855074881
22786841047
34103681931
61434637724
29517927702
47619826186
26701700803
33742679329
64044377649
2762442147
1203871061
40251545208
30414864028
64593754043
40772277563
60036052871
18090400116
49146221716
64141765337
57095560035
46643931407
64728905990
64969249748
51185209213
48562124185
43034410131
27426912619
34750407696
35208114330
36905007121
42206271618
39168476313
57252036839
27229059382
47614737748
39691831298
65232201350
13494985932
52966309410
44196991179
5389004920
65574966340
24804031157
18679218825
45753549773
45370003591
56298212301
9927253457
50580589720
17407739204
58465749685
48349432111
54622093856
29303406370
60752565173
31285177040
55596402794
28538889454
34621497630
50227395819
2854984007
45650893343
29959238934
41022901692
37409039225
58960341202
34315197087
36750173168
40233234825
65180736264
68433447896
37827315540
22511243404
42146352116
44853587799
59656586849
34703475508
49496868289
63668873586
28812988862
68419332351
62358977296
32523885894
30786750965
63613351441
23405207863
65052394484
44358722709
26786125460
63247487974
23536680999
20136252195
36438317182
38792128276
68897306258
69591840846
39822045516
34342622722
32238938683
18277591674
16245987764
55779475439
65380920954
55535550825
56025350731
63120490919
68997020024
23023270707
27884885476
37500748125
10457280726
47295749501
61490250538
61244913240
35374269366
57973896121
16111778690
47669068437
56726799880
29601570372
28127000736
53173158004
34337714143
47976474052
39066172013
67407212879
50158094250
43002121859
33936877036
6452261508
49609691021
64629572322
27808317087
30645359675
65247105898
46089629583
58894507313
48976845401
7082698696
56327434745
52843945282
52072428340
62320469352
60999212474
42775434521
33005315634
65207860769
56759102362
63821955547
41469986429
65729014061
36879707565
54094938776
40695564690
58497885217
57354541470
58549460234
34629695305
67869073446
31591788579
40823210776
64511820037
39249290682
30902948129
51883717976
51929992076
67459628377
56046412587
12503415671
24335237325
36111329841
50692331815
31748689666
26976308053
42410525482
64258886640
52164512635
43169139910
42926521079
27236877349
38757908922
51082778120
54330076831
42200883957
7508402039
37475061010
61969610587
38693901781
36066458479
39578259036
17157866549
63551268937
71395094975
40295225987
37749559289
58887210679
53826676211
34874929645
36306648866
63301635606
50118927422
28238159688
59610044446
57453358740
30702585802
35160121438
49044087219
64801602027
59901923896
40969617202
62687317683
19826904088
55448153609
57236241383
34626952495
19572045831
1844393258
32642935886
54364791975
51251399333
40664344235
27141274640
62616675410
32567128835
61162263901
39089705773
47388203344
17703615768
55076222939
64003030252
35137221405
53693779472
57662909119
33518391814
51087051875
36670493042
63420804558
47261599118
52059892405
58800966413
40386053877
37453057674
36024369469
64154342069
33810850767
54732531243
47652031206
31449394491
46693354573
70545280291
36237663545
56589309203
41832680461
68544400631
45107034955
56856064133
48788104394
67554988146
35411485591
63934990161
54138360429
64863974130
53057760081
12256279141
1276174355
46619417150
35122888837
60247976671
35087451460
36471256597
20551265379
33292491652
11516164166
50304076600
47011850149
40095212932
61121249518
32291031349
54353770330
24093855629
51128432206
40794219495
12224486568
59851786492
63767971592
39904342766
45062085346
37488429838
57684983405
41100407346
49204432849
51023309884
8351125088
53026366670
46992269015
59003380631
45739767615
39085374495
50155178812
41543866755
53350930762
41367094579
49307344332
3452939022
19242390538
63189966154
43765216764
66555442869
27727566418
30946302808
29312014276
53663780612
39719480630
14306800090
52039612707
26309225054
37425394194
61480329473
39604625851
39442418185
38931790298
35362071620
43312019866
41086936356
41601323612
32521908093
40725388499
38050290356
36376416081
32278966301
53584339319
45399496946
43858599677
52785290170
45506329142
38158715387
60177857674
50170902665
58533800101
18435190965
26367506194
13912982468
34770159291
64107384075
41524989147
53221119326
28485157233
44420070137
41640131794
43967961771
42956034742
39728166746
54181937140
44661088001
45317269436
48497395628
11721685406
15936534910
45488329720
14245753344
19448657454
43275502710
24940869602
9490068975
29373385049
65726343168
27392755176
47622213068
50790910486
30593076271
26683809808
43192264111
38497629412
28636983708
27640007258
12911965968
40504678898
59411587414
28339145313
48999346243
39083882749
61489070353
35580126556
52349450641
1091921610
43496788658
33929675945
40140308437
44232302107
16457366743
42456865107
26542030550
17331613687
58005934891
54656554736
35587241385
65687260170
15233884861
63475496439
48185619778
70262660762
63718134527
29086303573
57447186801
31778297946
45142498713
52150957934
37926830937
24069101530
29431329263
20957480955
7974942637
51973874819
3396188472
13517689779
53949148884
49159177595
27515692319
57642736082
15007828689
47186906197
62504931634
50461849103
55334584013
26749780629
44384161268
54759474440
60175939292
43218371217
47094524322
55054479656
65332114675
68798660454
3771584688
26644441570
30246847378
71418889928
30751954670
54871607258
39108432304
34602709816
63504843335
40821970941
5581067640
57096926917
35005855108
44135255083
27377627653
39127156075
6798823692
39054779674
20093060724
23159823305
48022088551
58402586293
64908788815
53976655974
62425520269
48142161750
31497281699
62113800139
39843145822
56028789339
37013704683
34631856138
8174819925
45426155423
5783782174
18694526045
70014605731
25066819410
37046029592
49171928461
41002885783
49975971639
63071481227
40559098675
64370709039
33730923180
36818789769
55348594904
57814950596
65329005677
66540365705
39283317976
66583141604
64157824570
57727181240
59156237049
1732829655
45538741198
43197107472
35486122871
60559097434
38262881972
29471901624
32212245903
54717687987
53811781519
54037154279
49675134657
54088337079
45335222359
17380386317
53540100204
61781100676
52246399570
46059476344
62151279388
34092038379
11640440149
32516679366
66500798019
49216277747
43461953244
1685553403
52137493928
41544785281
60398804546
63837465749
43287679683
51724786673
14138515718
28250039788
69126450659
44957896570
41968772603
32929098846
37233625563
64003795999
65407776663
52392044853
63229542698
21870353028
60318991584
17679078905
24071554011
25896797769
7454321514
22714804414
16703417026
24094319210
4492654478
21831260520
50317314135
41865160702
66485655075
56088694438
73207236749
53576395756
48271181079
28566012430
40843051943
28761582919
10602578760
41034289860
20400772524
53372495419
63684201401
32532115903
37253101240
19063837060
24670946553
63365433709
54028494672
63367410106
42969157685
44239349507
20816611214
54542058220
59391069140
48503955502
10854093988
36014064114
43460659426
55350336004
35566647867
30236684197
64156903821
47614686316
41614696175
35193672023
51206452279
21138003694
16573626218
66569333537
35490078944
55177243058
11765860750
41631792860
28997484256
38864366246
50009866178
35410362742
63081022045
36214743660
53432455463
16046518520
44656427837
53647499253
47428479933
25921664236
38298607442
19283281832
41669440891
19494506161
58178265216
41769954628
48376836462
41109230748
31570642778
32004492265
38283731194
48791582522
32497953645
32020673133
14588982214
39257529993
56935587851
42518373501
46854182757
48155248141
32910145677
49742346788
54980874820
54714886452
55586983767
40827945722
38431139018
51442134821
49959785564
60889957978
37605131448
49703140335
47804577839
65710098322
11998405357
31955540966
38552539621
48001670180
68325422085
53021067716
25300859121
26677724096
36986015963
60415468850
53141683887
26848273229
63123268503
58016087499
54746994103
34663608539
59717697972
51769205857
55545811410
16443464988
43720381628
20216516814
4120231828
34822085312
40100684055
20917540321
58642404764
50990075408
56377186408
66426437764
44169228344
44434899330
71867643147
44896492796
60853244473
56832295727
18149177143
46172864368
31318257902
1381070516
39847674195
44327157031
39744201179
34953255211
34255278454
7508402039
59751404103
11350886294
32930503128
49279470609
46606939452
60129511945
47636554811
45279069688
48791048592
22558704365
50736576471
60808746601
47232007138
27935953242
25895012195
24219037191
50939298791
29944131282
37525683130
64513731096
16982457265
40559685772
55034728163
59727563113
18112933988
40733780685
36289109290
62884774591
37305542044
63594237469
55492645835
21442923890
55068016463
24972814511
13053051182
26299481843
58512285800
23135789463
67135792590
