200 200 2
223968218 279546838 804128057 76136095 361002367 152766393 224622942 450584850 230701855 154660621 306829806 190625325 722152088 986210137 462998048 708950403 714449081 971865798 732215644 183140358 409740805 89676634 307902534 200108055 883429723 74444782 116503412 674858377 848164089 303003654 509791384 762545387 35319174 957922813 148504260 801684747 3860546 117121605 151251169 654430462 814158915 888113862 894629700 467717622 256726180 652242926 242991218 515995120 796249124 938656897 550047167 209820931 269510414 106091933 282134480 561475699 737315645 84665165 200015211 841510421 285535180 887605147 75796416 940892723 169235054 312270716 764234216 554845690 383643304 980401929 299959592 849215660 365360166 46473295 914819884 204406693 49830206 752304966 786367968 293998329 459666005 583198252 498507437 229471368 603243751 352524383 149968500 292193004 696881010 808857959 111365621 720717573 47361991 596526785 271370700 719628467 75122331 848159300 995261410 227322343 729360600 439249181 809958173 273314967 107055666 797927936 732330931 101608035 195650107 467335646 57615256 563378115 895087877 793403733 240154616 459458069 997343107 685402583 582578227 827639519 702824592 189598649 409659550 227066664 382027047 849023140 650764324 442322884 494577551 842757694 241678719 810033527 181067153 621901989 538894983 322997772 224583248 792660047 558909089 151340401 689299566 793555280 505297544 423087465 663725136 68537070 882023 277826613 173217013 585483331 338349387 923946788 911056824 672982823 847963479 283029277 960009692 978559647 831597478 691049337 468476309 59102782 442704479 132191381 776877047 64157249 575430955 126464708 207236260 567504408 408988912 752145961 730173644 465124293 261038773 499078174 691644975 551836632 32006262 26846917 632671953 249187264 190916704 797372333 845721785 562543028 188746417 16263219 824264298 909985364 42286587 763531552 281660314 845927897 146894795 541099933 934230638 55062541 708585129 993723755
2 1
3 2
4 3
5 2
6 2
7 1
8 5
9 1
10 4
11 4
12 8
13 10
14 2
15 6
16 6
17 7
18 7
19 4
20 16
21 7
22 18
23 15
24 15
25 4
26 24
27 23
28 1
29 26
30 3
31 1
32 8
33 16
34 2
35 18
36 16
37 19
38 17
39 11
40 25
41 17
42 20
43 2
44 23
45 27
46 1
47 38
48 18
49 23
50 7
51 41
52 45
53 50
54 17
55 48
56 40
57 55
58 44
59 3
60 50
61 58
62 19
63 25
64 39
65 61
66 24
67 32
68 21
69 9
70 57
71 15
72 6
73 6
74 57
75 3
76 18
77 23
78 50
79 40
80 53
81 67
82 41
83 32
84 70
85 75
86 17
87 25
88 37
89 9
90 47
91 77
92 19
93 59
94 70
95 70
96 72
97 16
98 89
99 73
100 30
101 63
102 40
103 9
104 52
105 75
106 40
107 15
108 106
109 45
110 5
111 53
112 89
113 19
114 89
115 33
116 105
117 70
118 45
119 110
120 49
121 96
122 104
123 108
124 104
125 76
126 106
127 66
128 12
129 6
130 93
131 57
132 80
133 122
134 51
135 94
136 71
137 57
138 77
139 106
140 101
141 113
142 125
143 13
144 90
145 88
146 121
147 146
148 92
149 56
150 64
151 67
152 49
153 5
154 108
155 107
156 105
157 38
158 127
159 137
160 36
161 76
162 88
163 10
164 20
165 103
166 144
167 22
168 96
169 17
170 155
171 122
172 165
173 70
174 91
175 170
176 81
177 120
178 169
179 177
180 165
181 8
182 91
183 171
184 183
185 132
186 26
187 129
188 77
189 30
190 41
191 185
192 86
193 175
194 14
195 12
196 97
197 53
198 32
199 22
200 39
175 57
189 144
174 61
140 185
60 170
58 110
9 88
132 120
130 156
47 131
99 102
54 173
82 97
41 156
182 115
123 154
23 190
143 57
173 75
81 23
125 105
94 170
60 87
169 199
161 110
177 144
187 14
18 45
131 142
190 160
17 6
25 96
177 73
3 105
102 33
8 28
172 92
68 190
168 39
135 197
150 131
156 190
126 183
145 108
124 120
105 11
192 185
131 46
145 52
61 71
152 14
88 15
68 192
94 52
186 169
2 7
116 77
16 7
130 192
134 60
59 181
123 33
35 110
128 89
4 60
64 32
29 76
181 56
76 118
87 127
100 37
16 90
34 84
30 28
120 99
87 120
3 98
45 29
31 191
165 190
158 6
33 90
171 43
148 23
175 46
115 35
111 36
47 49
25 171
178 175
48 113
124 24
104 36
151 137
91 172
33 117
160 178
86 47
13 62
83 2
65 37
198 194
4 151
119 162
152 114
9 124
64 5
127 125
56 123
89 182
6 132
95 197
111 11
23 83
140 95
181 200
138 124
14 142
7 107
184 60
138 18
88 171
6 173
155 32
119 104
164 19
127 39
60 22
99 195
190 2
161 153
187 186
98 160
51 11
69 62
93 69
79 132
13 132
4 123
35 126
116 66
52 15
24 157
57 90
133 31
54 139
43 162
110 39
41 133
1 170
14 171
151 199
73 15
88 31
165 17
2 60
62 130
151 138
120 43
15 21
49 81
79 51
178 8
41 155
84 138
125 126
119 55
188 189
67 175
13 58
21 39
56 8
84 106
158 76
191 176
94 55
21 48
59 83
1 44
199 74
98 76
43 146
100 30
103 24
69 50
147 39
194 133
74 18
153 138
107 62
182 51
70 17
180 189
94 175
186 157
13 140
68 47
183 166
120 172
64 153
