14206756439
15245372721
7374715422
11900986368
3974138657
10915485820
13566582202
10061420797
13399158028
9871563628
8100471975
9690288264
14910603824
4093072483
8434914852
5001033150
13541449363
9738041427
16254497397
6977329260
3033800158
3053160378
8728716366
10641938394
14515452874
9733430704
9861028869
7861101571
3928771959
1599154832
11141096450
9147824823
10847190544
5890525346
14024959144
8802769659
5338560565
13936958249
9029196468
11332062677
1029237819
13141635289
9945923624
3824434111
8481934034
11985924650
4020578546
16173284483
8126957551
8537229445
10127997410
13100721520
15355460500
16254613923
11981096407
13276695602
4600227573
8689430008
10547797865
15517820227
13991383969
13661307051
9409296438
2827368814
14096875612
13062986480
7945454216
14083860401
14559555788
8484429944
9953122965
9641914600
9738682929
10720696540
5044254019
12109132923
4475247562
14077527088
7784450331
6646545550
9192035058
10789516958
7694438000
10593172580
10220096522
7343799988
9264292704
13313420685
4959465829
13169124096
13217731768
9196650649
10890850291
6506944374
15700306074
9237431335
7431956785
13323486981
14186890654
8536982448
11850080940
9207760608
4125367308
9178993868
14266024177
5303673293
6014763794
7525604376
2199825408
9219320641
8156922432
15988422013
12525849403
15394327520
7941789525
10316671673
5334055374
5141607153
15366351596
13787479736
9338076113
8646416490
4935983519
15851139870
14037135785
3204800396
10104938863
11034245007
9975905711
3434688813
4590191615
13110286266
10670755230
10038579930
8433998881
1286314521
4236423162
4664302132
15075313570
10184018640
7424459220
8960569464
10138274152
8168984130
14094964390
10050305131
13741803481
5886510262
14691450523
9276205204
10125557757
8031099313
7950316141
2207914014
9567727570
2368608163
9660348339
16087198839
2801054797
8279167169
15793269317
9730992785
12812309899
12291408866
11759344478
10161029111
12736839719
8119473770
12534740160
7721885543
6332516831
8860149042
10743928962
5787823302
12690160421
10426012528
15214423035
7462478505
15217138070
12153251945
7817587721
15113486535
5350782555
8290621500
7990671275
15035687969
8027169392
12510809525
9788641487
15451934435
5744099800
9989992792
16009359500
7873177511
211914201
13423529796
9560501746
9212642258
10555913517
9130989882
12963930200
13276505508
14388943337
10845280812
6159830860
13795883482
12697279161
11534017864
10337856718
14896677727
10516172352
8722817013
10669120547
8494007679
5806874137
13081185545
13015709612
11358736166
8440245782
6936477951
9040638067
7583205247
11601289438
8803529329
11833002045
6594770113
11608829246
1955936665
11599262413
3494135629
11012214661
12528287951
3408029075
6707147130
14084717958
14032104002
8357046297
1793316229
10997703510
8750652247
8073246221
12518953236
8428058546
8804890051
879001737
4332442901
4617930486
3182680688
6027488498
8264685319
8029180918
13927565861
9504425379
9083815751
9714977671
955776618
11422540953
8422849458
16297776348
10041091881
7758203171
13488496112
14565452959
15656429070
16441638947
5596556004
5941325340
8754308595
9371050859
9137004740
3838094574
15021853180
12245897118
14994904413
10692225572
9220361383
9960105511
743273164
13533420659
6650416174
10470871039
13450747302
6076614876
9727383932
7877533986
8246959170
8128658699
11378159721
15496236222
15665589192
8603522746
3111940898
16175724023
10260101331
12541137334
7179244770
1469284265
12575800720
11510685125
14593620363
14903953998
4048705019
10522641429
10917182265
9351192645
13656841389
6620630071
12699867711
16694882057
11904237008
13970365146
15222611454
9326823266
10742187284
15059346757
886122344
7429872910
10853251909
14445876837
14625255635
13013812170
13889896813
7792473764
8381915133
9535112052
4538943293
10843850373
14412196281
9734557614
13166862123
3146215498
5202663328
9075547351
7863001866
3085084224
17616636379
5295294337
11210086029
14943682505
12243502085
3815564956
8603561704
9777637866
1960021680
16081143701
10221711023
14836979048
10153909374
5420691648
2248123265
14693803664
8712202161
12121513940
5995082165
12936333798
13304900430
15049224400
11912685630
8518673531
9122707788
6177611557
11254933769
11246238247
3709896078
9024854306
6219099262
12725967655
8937170275
14841645814
8977933326
8183682200
9482911032
11349362693
3138112870
8338014603
15319313257
11594065320
9060817883
5031878267
9463376316
10960244178
12534242530
13151822057
11857566561
4945987544
3581829392
7043974863
14396724112
7635290165
6181526820
6525870721
15486339567
3949492129
6980222395
13159758078
11087500424
14207269875
16088080955
13865373632
6742873108
7312326416
10725770680
12067701486
6805226196
12852686487
10951036915
6762483914
10063739408
2200995265
14078248943
6998066570
11863084194
14924815282
9256793831
15465270218
12088921227
12652208292
4073689706
9715399311
14631823734
3662021604
8876259894
9459756264
12122485473
9933100761
13629001106
6229045352
13290881991
13873266306
8369032403
13699093936
2122039117
1015564528
2574349494
7100479514
10744165023
4891294704
9572150576
9156503843
13886002973
13739092948
14187342331
10033909147
5790299372
1403190960
11723267904
15461145945
10138419954
3241478519
8690238582
9810550758
14839235436
2757111676
10043671651
8152389238
11392489636
9508879048
5257239581
11431329131
9042185427
10860137563
6337238867
10223587438
12507381069
3618167515
9323858979
15116792671
13910071009
13864019701
10944976253
11111835729
3793044470
6063569127
6118272187
4184950201
3468614177
12865304713
10857493437
10891644274
13138132270
3084276173
11257468102
14111987669
15379888296
8894823415
5727287663
15807058427
8060640909
9134081227
11997177605
12249830545
11451510185
7273037543
15978226341
13362323628
10299332982
10945373209
14489255823
10981093075
6773462556
7277053702
9563816692
6362894740
13712265679
5304818231
6104228776
5822410899
13439796310
8305078160
11039476430
12979826239
7502581971
8012306213
13119745508
6742478822
8924824645
13330969005
9974779805
11124589084
11343988908
5158751569
11844361355
10050784185
4771377902
11650650803
14943938697
950089229
5798910171
8183191476
6887973257
14746025405
10831850404
6055780300
6051051748
14863867816
1385329613
8776733066
13242042737
11326143913
11466560170
10858729810
5506455440
5761497632
12841107434
10263874250
13323177664
10076840909
13343416096
9819136422
11216317889
9268226608
11517046940
3852706186
14171590367
9921095735
15887170055
8965447792
8044263900
10366973343
8652829555
10140358401
10174949554
11629604680
15686285114
7326735933
10329543197
6752950944
14461831389
12253594952
10883085602
4378668948
14188870575
12308346289
8266169366
4162977212
12101734102
16662312192
5977029313
13050697882
11340103161
10446652884
14305800118
13648148661
8553561055
8176778369
14062544529
1950299075
8818481778
1039445956
16231953743
5197780373
893221844
8491738536
14228629054
5445361847
7202255971
8959967707
9327744075
12134361775
12567624645
3277096753
16337194619
3384766373
13162909893
15783177437
4474016930
13269411253
14660133015
8618894558
10211503850
11316382366
15792154005
15952457909
5922991806
16010600627
8322976457
11758240896
7599284739
9812681347
14522119898
9345175035
15938746010
13095494024
13178050279
9393026473
10991922308
16819295385
13854776050
4531150645
7873838080
6342108661
13771281266
5809507409
9564932416
7695405311
5896601056
7293851186
7156547276
14473077716
6712089755
14072624772
9761114910
3430500226
15834832994
3095337990
12370714395
9999837984
16125208484
3070340158
265042782
14181276863
10997350223
12152419362
8369601941
10783988167
11891852746
3495839349
5291931412
13156919220
9955137975
15420195582
5889981808
11601552194
14202739217
11440712146
10195925087
8744691893
8991974318
8021855310
15217119648
7607657816
16007318134
9854558914
8262269748
15594323764
9137293847
11682876689
10904747146
10858075754
15070645095
11210664512
8917447494
4509349336
16168415939
6806133725
3957771014
5029118082
9105720512
13961118471
12222975027
8066693578
9760870586
3028272305
11922476960
7410932934
14111426143
4718118057
7011005456
16007889321
6247266580
5765394157
11394107429
9317136391
16005051233
5215541154
9881796021
13262007080
8382403430
16803905181
12276213207
15480896056
10265239256
8119338843
10608912186
7051461251
10494897992
13924418453
8716529924
2980467896
11823239300
7279655772
12922819389
13481807473
3787853536
1501550938
10796219946
13142937011
14035700311
6062473641
8370244688
15023966226
15052854120
3375713277
14197211197
11875780185
7422204680
9163737600
12365994239
7356044449
3791335823
8708585620
11917362513
4256445257
15346120584
7507643462
8046206724
12097536232
12371462176
10577721012
7224610140
1986279783
6046971334
11919474440
13072258588
11512392145
8784797086
14106107087
9877705419
14756495059
9414131146
12164016664
17152624353
14044726008
9983172519
15157149829
14777271496
14073828574
4528438251
12821279919
456156261
9549855770
8014527636
8877991234
17155183260
10818803973
8122373129
4787703367
10844299875
10403317400
13986835585
9455944109
10105910742
11750640576
10108364341
1721190746
10716895910
14210004320
8435453976
5606360415
8594280835
9959082953
1665033967
9869125393
13629206606
9956151103
5921321612
7765142907
8246013349
12795766520
15039969241
7404731338
14579389875
8289515613
6616466942
8469674491
3792168825
9667903656
8694457372
12234310533
3437816469
10371137792
15978614511
16537085904
7156894338
11091437437
14594804081
4073585259
16146102695
9081585383
14363456505
9792573639
3361022449
17725825130
9804610288
6569447533
13509004107
7594476583
8761756428
4656620707
3373313918
11499431515
9822803367
9632841903
11136874627
7239755042
3265420027
13196350852
6710679316
10224087379
6335931494
10924458058
13579097754
10424812654
8630973325
13342539784
7989519214
10796168012
15416212761
7945278000
3491347362
10745547002
14482098825
8568591873
13079282936
8691034324
7355670403
3482595994
16772913949
12403059804
9996918353
8710826501
7272478377
13303426839
3514588713
8526990025
10455965219
8974899770
15035833700
10362386961
13803955823
3699636156
8651094071
14484318725
7037065558
7753098246
11377601325
11259081924
953675876
13132977905
6891461446
6263803740
8968208133
5498330005
10908306212
9644425490
14981104107
14025890104
14603299369
13814954269
7093303224
12554015195
8562047692
9237739920
11271622228
8909356568
9446060839
4003822039
9171787419
5559411794
13471200510
9417420835
5960996535
3142114935
5781229790
17327694002
16496131424
10915689740
4664328230
13255177495
11056427205
16353808046
14519934842
11467771323
7910964460
10930091894
12642434795
10662647395
10772540799
10011722506
10830336219
7801736818
7324102213
7725492227
12182931321
6702376175
11896406441
14731702079
7473742576
10443605977
5685491549
14235069171
10124172652
12532456172
14422208474
3839640168
3811010746
4028487012
15904071181
16754046259
3606514306
4581487966
9166879198
6265012228
6637276107
14351858671
10144402290
11076761496
1558779600
5783059240
5518234951
15515844078
13417091993
12458151190
16875557976
13782869147
11854876624
7470602837
10740110903
8088861253
6976247025
12906254798
7582352982
14087716751
13859409586
8500140486
10670827770
12347641059
10584153140
10375688826
14551985272
12824052771
12691157688
12078517555
12462216758
1401811785
18396023186
10589926885
8680258593
5956721091
16561096626
11214830591
10099405149
10495419876
2157025626
12753560303
9651214027
11038610328
6352187880
13742635468
7271646387
8325677796
4066405745
12263345965
9245394822
14016972772
9079304928
11918873420
12840803833
10184431288
11909342295
8038975220
10623895901
13535020384
4457756095
11764826889
13707401755
3478730145
12271958983
15143516046
7277111290
13969324195
4305142796
5126291915
9074849303
5253620095
9614530627
10181406024
7177274256
3231904849
8446532604
16482878872
12893909261
11431793470
7756586660
16519154430
15051699809
5612241399
11142792233
9585412957
9688344922
12905296028
6297661136
12429506399
6234546905
7373863335
7099150126
14187433779
12344051261
12097051835
11880657366
15094310990
10206799346
12882378232
15427168343
13278085358
16275994890
11486393306
9579502352
866750997
9368382868
7494834334
14424450342
11155604031
12030004086
7328591583
3173177793
14865177656
13103809867
12354892899
12491470687
10876161033
8919758525
10025502141
15379612276
6992048538
2429005047
5087449768
13390382901
9034352458
12513217155
13614410558
4397263738
1480885041
14007505737
4392304864
5435562688
14666560791
9009285387
13108731047
14037022145
10132050108
14132525529
10224936984
13296383826
11948444885
13562762467
12343271389
13870494872
11038227466
15885620088
15324614482
11350318275
14440768361
9106742299
3308155161
12723245718
8817976892
4506916362
3816134344
11045927139
10294510371
11405245419
6663866676
15897024235
13454416073
3661954478
5144083495
9057284121
9315804993
16513567651
14808488596
2806512100
12950702984
14482315725
13911322066
15354218567
17308913448
16910096029
9406092827
11786122512
774100323
9603017462
10454378933
10039640941
9213787976
13051405091
7821945618
4188517989
9640953612
2956765258
891124121
10087049490
14690882575
13918852356
6890183830
10910773376
14174960203
8621917138
5812358680
10086544365
7662951476
8598382321
10584794900
12317955085
13732177146
8551051342
5876532421
11497027778
13092377625
11332493152
10111673473
1687041536
8976251830
5819637368
8104241862
9636935621
15049224400
5951878734
6230833610
8802722286
9914497696
4364058764
4672692274
17687064141
874275247
7324204040
11789397582
11936971742
16026244526
5634675658
7437540972
2349526636
15794927072
11845727507
7627228452
14454815231
9428845759
9117034486
13684887965
9602041425
15153563253
8524543686
13856290027
13447507564
10934319716
10165360705
12378183205
14219761107
8989193682
12970406606
9868366829
12236671399
14966141889
4918523722
7967709459
7742932068
9159062603
11611294800
4931361588
9281981956
5237961636
8869910143
15083944706
8904867159
787663934
6161423423
1346451601
10900882038
13749420976
15693312567
5841637988
7665494459
12346140418
10105697628
7947865830
14985576959
4377816128
14159978489
7647399019
11825153975
8214378866
6159427056
15576838829
4735935426
2290710506
10313831069
14549218151
6049280772
10741760057
13418766108
11978183929
9390098632
9606776323
9934239588
12884893655
16219005648
4155166051
10791863969
16651359814
9021403914
15635901744
13199891956
14641212199
7585644271
10682789431
6968925439
9213372883
12123186498
14987298785
8711245199
6857355954
11654351802
8156831673
13651357932
11684829769
12136814898
10018281434
14160284442
4285722669
9065567372
6177533384
15936390087
13168202110
15478902430
13658617199
11659028514
4814868099
15297929215
7672320596
9014117447
9288466581
11821780908
16058746486
13803210767
9170061254
5445529946
16394669417
8494546104
14873930921
4727559130
14672730116
11505896986
6780528171
5681557987
2562300237
13422232352
7674264299
8805913752
9675460689
14415371683
10838336477
11589673985
9086647160
12369888549
11962430919
4750036730
16140233269
1447467206
11801826910
4353486649
11298973554
11127936507
4993205018
14764007159
8075158242
2785092062
7142126827
8924750860
11694686080
6135890347
5202648838
8620098975
6058944115
3247494620
8783265305
7293519839
12352382676
6018560995
4684306766
9091546922
8283627384
11259530959
6642534333
2320551158
7421145344
14812596092
10542967611
9867422133
7579738469
3088969530
8017697596
8451753397
7645120806
4245071070
13872069561
14701158415
9272376994
10568667214
9474885041
15982603543
2379987552
2551022729
6487357409
7651474186
11423201261
7183156451
12876435231
10085924415
14859130480
9918982000
7153056764
8588448409
887931475
8707877164
16599096702
14844044618
6664986027
16451585614
8876713175
12464748780
5081001332
4000552820
11831210589
5693116783
7769846808
16110938148
11050741901
4510375371
11173031124
8841209125
9561872159
12665585286
13892464592
6267277886
11173645684
10782597797
2586672431
4590721210
11791383863
15086190902
5279619159
9972935632
14818661770
8515148830
14328281162
8232463261
9501441546
4131195971
8275366497
9159708176
15674065197
1952096348
10966817037
9655660552
6573508439
10252808612
9536909167
8172704845
11006343660
9571101928
165432129
8759065880
10771323719
8684858558
12299932501
6241826797
8009435657
11441621715
10523334786
11780482330
12823503697
7034305435
6753182984
3755223101
14823862790
10520177008
11316854472
10608822044
9437051681
11401766016
9560472849
14581849222
13767307818
12667115491
2822507826
13887839084
14252031319
6721976232
13040981293
2783122470
13759170084
14412071374
12348869008
8059390056
11608637873
10841820134
4008711169
8639925470
13968514609
1430599605
12128950852
5714439931
6452767757
11985111953
13236588601
2521813533
13649576908
4483615517
12000288931
4565249700
7132835911
7663479238
7139851766
11985662398
3587991862
8866420776
7312108500
14440313777
11243982625
14350904677
12555192168
10062766878
10238609434
17522311921
12619630190
11425488486
14758533742
4580768843
1386186678
5115527387
3932178501
4197859858
13597198240
6115866503
14357782271
8269483383
10925191410
13478063574
12603163505
12661861585
3847531429
9413298019
2415638708
10447007466
8809609621
9917578266
10043290967
17180177926
13045131801
10807615864
12176758733
8558475839
12639151703
4556817249
1793860851
2446259630
4378556795
8840814332
4871604917
3606328249
5196997809
2050663776
13404692679
10201287556
8561512585
8390368473
10419740775
9289918174
9922487589
8077735591
7167463261
4250198510
2687460041
12380295790
9924511606
14351294551
9924519186
9122606153
16918337604
11674601923
9827999415
1241719974
7616424216
12219311414
4712345186
15274637744
6991918607
4333682217
9993233718
8184082248
7767567293
8492276944
8825862834
13904923852
14533373823
3993261291
13381601762
2918351035
3901177968
7978411201
13453410465
12616151780
13593792657
15554870073
11452957859
11831546709
14611521955
15822566367
12921454976
6013926414
13964387462
12526087245
14708937746
3814217846
8975621823
8721859979
6548323175
4939930272
8126395454
3724563487
13016498038
6284241535
7363355663
11843245458
12405884720
12409678089
17160214019
10581824658
9257465104
14173599689
15057934682
15411443516
4073658230
12872383932
11827273119
6540827292
6676042836
17418393125
5140590267
16310935005
9245024873
4165031472
15111956979
5728986642
14432212345
6638230986
9729821352
10316089995
9100977944
11775984294
11382725152
6401131042
4960179168
7721286508
6210515085
13642632808
15927788592
8096277986
9376407109
6741769568
8730380762
8296019075
8875404877
2106865295
15945188401
15681172254
6403282276
12573558953
5981579941
8769159268
8855371475
11847978356
15057192433
8495669850
7719028779
10526111697
13992976809
5058126098
8641391273
9203272969
11653355411
8969840493
8060593048
16689507356
12209165009
7230412264
8172297281
9317397553
3553740544
12075714348
16036438999
8443451032
12795990839
14485349591
4372035317
5237474470
10858426895
13784732212
15822057393
5453528620
11678336467
12608574433
9314361382
11910722037
9515817141
11669711194
10861687548
9413211667
9252262775
9770176957
15872792986
5711040705
17006288954
619175914
14108188604
4114364321
10083770396
7971257347
5270028297
10710527973
14772489657
13088268986
14442049314
13852103487
10108273712
13859349298
9150420058
9465656299
2595897518
13047531623
5219427430
8420325831
2483921877
8787415214
15640707169
10885830732
12405629039
10478713738
13540083503
14947977911
8999774522
9601255898
14865080264
9045324349
4559990171
9982332645
12434810351
9753773023
11979364968
10306883658
11824528521
4696386337
15075798647
9353874014
10607828963
7961434323
6578880368
12147891448
8411000143
8411613227
12688810206
17913611217
3307964965
10321311574
15776722082
17236140838
5505507030
6260078586
4858155441
7860848483
10176308796
13663696932
15214754609
11307100944
15578837162
15274274581
10192682267
10198183517
15656493293
12565451348
15995221733
12276129706
9891144591
6976696839
14922556223
16575309196
14999653476
8655216051
11201558941
9618180790
4062955750
14314611678
10295282344
10193226883
7647707892
16199909930
1954264159
14101575058
11564313048
9744771930
6108603518
14206094898
6361763159
5859419951
10403000402
4331504504
9915900331
10317754277
13485367315
14716599991
7132084581
13793498822
8077885715
10548417069
7936817064
8190203211
8128008920
13380792117
14334909381
1989643160
14882923881
11919119998
6757995430
5736162318
4273510392
2530571283
11756096547
9043831886
8735119396
15956910909
9398912586
14958457491
6920465588
4528859237
13207458584
10314997361
5592348381
4347807134
12699195034
4535210692
10523010251
8146235612
10608561044
11270536663
11458334252
12267950878
5194519117
11785755437
6995476376
7932566825
13483081935
9570952302
14829348392
10498260925
12376167306
10994168737
254917957
10620535822
14015198115
10374612601
10390518321
14059716431
13527801602
11688348694
14946987142
15480962462
11886793681
15542844403
14493934221
5180101711
15426592945
6928262339
11214865867
4112233806
14717858810
13201298485
9525979933
9589782359
12940568891
12475511061
5423506183
5835331865
15330446187
7499731863
12337361718
12990429145
10159952806
9194937361
6139214647
6384594644
10881284143
9003157620
16631956429
9476448638
3449833505
13296394630
11456516432
15594606310
11005425886
15476760939
14653299347
7789542985
8776350034
14234389014
13613862078
14460859796
12352476559
8393050872
13775052658
11798432648
8335643427
11094637643
4809689321
10148345326
9110296251
12367935162
11751495133
8493567912
8055587211
4528371565
8824514999
10459788477
14836115556
9426944577
13240168530
12172721664
6507901290
9067008052
8746047790
8459017098
7305005917
7831088434
14043102307
13831629910
11208738106
13742452377
11974746965
5614343040
14566180906
14589718674
11290132114
13410817264
10349949770
9734957432
8681276987
10237689211
12025069324
6162208154
15700834383
5961450597
4817735013
8453655491
3809203931
12442641862
11473156496
9151124008
13716582315
15357346599
6852213904
11576858594
8828895220
10221914456
9360092385
15443369489
10398242444
5311475120
15083020627
11742633653
13134574366
6557514628
7816167563
11029782618
8194445171
4930081432
10139839894
14559132057
9775204825
15274713379
7184394901
11348575423
12494163668
4827250180
10381458882
2240191265
8405434183
12423651870
6782207786
13139881434
6587347460
8022909803
5760310765
8386882144
14939626652
10248639705
12975697651
8042766354
9583738213
12918456783
8647110453
6711814151
9641427328
12930717861
11192465553
15591687689
12877985194
16084889285
9149129053
12845925680
9027617329
2001109857
7750846541
1228175163
2474507046
13505134001
7050054175
13351586375
9480810869
9851722189
7744304228
14430706114
12455834474
18205908876
2468642506
10460500864
8693028172
11196528984
8538715205
13879728752
6220624757
3661045616
14134559022
6939141938
4588513487
16802414661
7695645798
15055423461
9817085225
1222375092
11616131374
5741311735
8724102950
10093307736
3462873457
11878691611
8503260157
4782810890
14902261947
10266821381
3457661832
8586693755
11279452440
14963294153
14673172350
14558587399
1066820200
13519224859
15219399537
4595322306
8676730585
14299211051
