15147970147
3509241383
7418102216
9163117110
11725431926
3521804999
8161259393
9476527761
5773699959
12284881113
3474796985
7208145510
12578300593
12436611214
10315241518
9857951326
12824624252
15137043139
15012851659
12560170675
12187730571
12473915339
13136158657
10467874171
9673679802
10278121303
13672062803
7842144506
12495094340
14447841840
13218641277
10498186234
15534089278
9894210750
5571248054
8476465995
13776163858
8116763086
9097144338
10943821709
6137289316
15376709780
13029077641
6248376951
12246554449
6615058563
13776763284
8921658286
12094475178
3996425894
8855180587
11647995865
15287072523
7421789306
12174213268
14057359989
8279068296
7123628081
8693167457
13610721660
7233189039
14824626675
9303068161
14134875259
1437581998
13110528189
4333302582
12180059417
1377142199
9854263558
5027820001
10442064620
9519378259
10298320410
6957617235
8000270204
7647854534
7411880792
17092833576
15095414389
12075668890
774631228
16792988300
9344724381
11777324950
8445135396
14033296957
16810317174
14214687598
11253785547
13221848688
9597122580
10445634584
11246059900
5900128248
1558934652
15168801824
9280433329
6210417194
7185303037
14265447818
7654097139
13584178885
9119624190
14070317173
10738804602
12830731368
4969319115
7446906920
5163268830
536679093
1454602059
7517410892
4286706603
9692357624
13225585724
6207341629
2708499486
8164256757
8885967479
6363443316
6968093283
11779908196
2074306508
10579355462
8622588605
6575481579
10139911058
9674879325
14775644994
11155510990
12262650726
7311061243
14578884974
7887385036
10257386427
11834243077
16586140466
11396707572
8737916958
9308032745
7176025949
10529046463
9432623117
14617011926
10023864543
15208436266
12546324097
7538973931
9395395881
10784411356
3053264123
6697785935
5371161898
5533827890
16552915693
9447837827
7460466818
7966901241
5503547360
1545011101
11465071817
14486888179
8670815643
7847856600
7757011224
10316901686
3933018911
14879349762
12814524151
4573907389
13046391806
7497881667
8380193635
12255903851
8901250234
8128900687
3770509507
16165924371
1853632966
7433090365
12721219591
9426538683
6903005881
6415595557
15988655388
13840098190
10219831824
8291997394
11621673084
9825082064
14287765163
6418097611
10314906765
15222268789
11378846056
11640915230
9119134367
6152433482
11301153633
4626061672
15757168949
4940432950
15494778724
9368008556
12698677860
11378650051
14701312207
6358303113
14431273873
9965598433
10442423531
8711101869
2971221574
7333876128
10625842949
8067670858
873208604
12614451967
10875995653
9597464994
8764225469
9803543501
17411423955
10385435486
13743758939
2492532566
15080978333
10615370461
7101847118
11130379298
9294388401
12105685897
10473720541
15372899772
4850829852
14535699717
16422054649
12387998405
11783369707
12189224407
13755080362
8800427949
10439505128
13379988250
12070503931
8818203724
4345688027
5509650397
12474609143
12192742381
9137744482
10573759003
8523519166
17823926693
9040971517
8840827536
12475045231
15971310243
12800240777
7809260079
11797940754
7327420660
5539825547
10716220358
634063154
8495600902
16241810085
15544677185
12828619094
3326514932
11579230278
12016271725
5609123522
2111744744
11598035682
15143315099
3706267299
12660797710
6485312663
7903225372
10371247222
6118374007
12669339998
10813709237
15814824467
10285605813
8887529510
8038159231
8926016002
10533512054
2750632134
11163686978
5940414175
9837665472
10588470615
11578615187
3014710711
16664319327
7263121106
6434628613
8521469816
8078599042
15516170072
11888286918
8451441541
10940986558
5614934139
1640002756
10818437892
9742092136
11993586509
8281255406
6082444907
3922579758
15026797793
9524743401
9774036387
9424693957
11961926984
7953638678
12381849992
11301318934
7393581266
8188796089
7355088764
13979048571
11582894651
8797609009
8446761136
4355268940
4320837767
12758087509
9803919939
611137043
15875718000
7937463742
8670157803
13832963899
15288967829
10845138814
3835899035
13987045796
5828612614
4498386832
7252008915
2455876084
7981653734
3870770838
7858722909
4671926965
6140143766
8922907135
12282007832
16366118470
6646285734
9865511821
8057561824
5871233316
11422438947
17627761701
11631492447
13653180744
8063449970
7069260556
15091965809
13808936696
9423670819
2105612942
7071520325
14425553252
6784172574
8194387415
4259191967
12351116275
12374917535
5409611179
11066468707
15261723515
11352333740
10470176789
9466725053
11545742179
17171315092
1793044998
4579725531
12330851781
11502319089
3648306366
4085961285
12962552257
9185324725
10707216234
8015403411
8537443036
10586751383
7862127899
7806082823
1847013481
8761211453
12908682322
13187800368
7001893665
4502185864
7927767927
7211669088
9836693339
8314153354
16274532645
7958718367
10278121303
5691542193
6080756569
12663161301
11300099515
7137130366
10334511164
3477337446
13563276177
12411011855
7086519120
8341579424
15955249273
14576572795
10225638554
7567194990
10722615361
8459918467
9194014605
2730582195
3791830742
7134063526
6103869569
9175559485
5345811895
2109804212
10391579448
10672538979
12034441370
6537299885
8587809055
10368825099
5295051372
9277260979
6099818634
4296462199
13599444982
9964758900
14802007326
13639450551
14806077916
7524552998
15312596715
12479922972
16762456293
10938813984
9133317499
16507993751
8625351396
8717730247
13829185615
8020049778
7054077736
12125989451
9232486994
15680104679
2571890940
9707015534
13716220305
7432097739
9404504061
11048952869
7701002763
11355743511
6623736879
8254026139
17056958577
11145260985
9549951241
11196532565
10948988592
10265281754
8855523980
6399246170
1446720766
16714029823
7174081582
16644422251
15744674245
5894928983
2629968345
4828750875
7412385703
5079884814
15949102499
14887471355
6633414568
9298822153
6663190334
10558992678
15816612320
4914953621
11691716937
16145207254
12897307942
12942267846
13718460853
10900526518
8891940582
9898003691
13615577062
9207669797
14536367827
10101836704
12864397132
6452288566
6542352987
15402689335
10582298596
15273490147
8460241676
12770319545
7150557991
5964009547
10265245833
8809095645
15057167458
9336046914
13292558038
13118632631
12439907874
9728201301
8949390334
11568541000
14118786576
11426779920
9344254730
9753080378
10401474566
12921776301
16693673102
728198621
12710306993
747691217
13082176453
10457360147
9776158744
3655748177
3523537018
5578718045
15268211455
5057882806
13211777183
10465575793
12121982247
11968697099
6709947462
11110154049
2328182706
2485471034
7161021136
4261852350
14072241676
10773400793
10261763685
8633995342
7974914584
14144604541
15338151889
12202192445
7313248712
11715050506
13731540484
11538660605
10730846776
12465042138
8856937512
10759926486
11364186637
15162828200
1301866937
7421564083
11865330794
13397092522
7958020796
7969227869
9885516603
11530768872
9367718483
3176563699
2068091284
11220506753
5093703551
16050791757
8068454065
8144460472
10695936947
8882554603
6838318019
4511153213
10787924666
14293973433
13151254011
11283961552
15499450287
6840131080
8078189699
13662062906
8061255156
11638082953
10959145484
16467699983
12389351621
10640651636
8135856479
14556924398
13042263120
9271521338
11964696553
6582621878
16294886947
7148218435
9138695228
11711139541
14573003822
11690051124
14001731644
8786928516
4439629414
2963417114
5411707252
15170045475
10889955264
2189083526
11737579776
9522227352
14376709851
12333924475
7054478588
3940661173
7745226999
11727293452
16182917984
11616961856
2776067144
7368034056
15488740382
7404250140
11339569482
9239158337
14068350933
13422378304
11717546320
8164036093
10379808516
4453999631
17296193865
7590042896
8830142785
9647237540
13385943122
13534779923
14539430573
5076054335
11226769368
9968218758
5347209349
7499842831
5008554233
6272369831
6964094778
12805753353
14856512545
13178234401
12121610995
9385284723
6923652412
15775627574
11861891118
6467423793
10716853836
14563991930
15906134066
11951323490
9401006260
8663865600
11022301067
17116512572
11911912913
12273688101
8283801972
10760972576
8012355974
8015838071
13328867546
8934076334
7634731861
9323727601
6617423683
7622139448
16065023450
5873195170
16112213067
8012095297
10322581706
10461813396
16057197420
2706154910
11174398039
11024863144
14836221087
15485846280
16103562658
457440320
1395838359
13661448960
17119952907
10275193240
11087613180
744571555
13539121140
15878999047
8076300476
6763786299
1330343356
10412007527
7482668300
13552429273
12111320737
2803316784
7196004682
10246891685
10975038603
10573566433
4594753625
14644380782
11463541955
10997072882
3459412890
4282717078
5939447580
17590019340
8890487278
13079711797
9562427377
8574953678
11045641405
16804501934
13018211968
8508441131
6222869886
6674489332
11071680355
5523613617
8471210402
9304447269
12715151048
10447084862
8851000715
4134504878
3567850658
14143670530
8629526483
7355780634
11429462939
10174002251
2832169482
12416489278
2439795039
11551873763
13203304899
12828155881
14307758973
12695960919
13183832746
15413962144
7052496767
4010213812
9234570744
620768841
7286053262
11826056715
14757807514
3109893594
8897573067
11978176179
10136962295
15406660356
13741027698
3965905800
9255772001
17346378075
10626350903
17889393736
10241355137
2086711596
14622298483
1823574350
16278881660
12614128936
10803541162
9157853539
12030651757
7292597835
8411253243
4496219624
3802036212
13183745102
9770150825
11222869054
10533243218
5513404478
10743819103
9856651543
5377211008
13536258763
10951692498
10463781970
14041866480
9357078552
9910674230
15914085589
16029811622
15441259908
11031418505
13202570734
16612825540
13916105210
10003113301
12848562540
10786780813
11414442111
9485298099
12482844985
13020148801
8489467936
6933006636
7151454203
9635513651
8190742222
16510926327
6679644549
13800633234
16225681346
8741662385
13254028657
7386975739
733051769
15078776657
3753286684
13799174223
3695611980
7943929031
9674879325
7245359881
10332776945
2758985942
16161428119
15878635842
10464089909
13436939459
10129563162
9552046201
8429332527
5762488244
9488176557
5091416888
7719175550
6345827894
8178845056
16932113521
13994831887
13959767987
7134671327
12163445803
8582499228
11260277323
10564488177
11502223877
12135220834
13529588663
4493015636
5594102728
13125100412
16683972515
9990389361
5908559898
14693551595
16299215686
3597115087
17777691057
4492666444
11398068873
13312716884
12508574668
15079195523
14056722623
5230773437
2562200321
5528669354
10944310808
13885048543
13044817518
5039301909
10172494250
6061659223
8873695301
9309846970
12191798360
15371292854
15562354342
14402885961
11881734540
9054748202
15064231777
14509643055
12537791517
3543599638
13146138784
12920382705
13032828226
12418429151
5850406879
3514151049
4077029015
4872680929
10799038783
10887260154
13405326710
11859063580
10706646975
7462146834
11504408205
14444838872
7354569613
12558193694
13744529425
8189410032
13929005954
5644263367
11482644702
2794848758
11609515297
814241594
16577056497
15093789038
2647986845
2753668735
10799650763
5419350229
4984201576
9304061043
9686952699
7957017111
15152938750
10522036114
8120562233
5475943165
10210885699
2631611677
14581801779
11191087802
8204340678
11656816402
9413660706
12064843358
14815483866
5740768508
9274887135
12819332131
6962064062
1941199149
10476635730
13049289913
11414092378
15421230599
10027380422
7574826084
5994512128
7001088983
6212833179
12058731217
9256654977
11846471747
13721977144
9213118588
8791027019
16514440918
7112519682
10614844762
13516325438
11542752521
12598720783
4807054510
11509193714
10205172183
9480945041
8914596005
9314088802
2678737132
11018935592
797115831
7133344039
13601787798
15302369704
3459692680
1180863285
9356726664
16081615697
9305311231
11354609923
6971199455
9918483531
12689691479
9216274257
12609713479
7335458771
10239643310
7010805578
15535512773
2224200526
10361781265
13442960846
13527715194
9479857298
14111439525
13102420313
13283804499
11427822620
10345105658
10697952032
5828937628
16375684045
13695577753
9521688852
15050038883
15298108045
14644835372
12317053341
11245819844
13260146645
11526155838
7229831372
8945047027
15186265379
11311459808
11736368030
11811706163
2294423118
4589744426
9509082274
8670713947
8112604507
5710323049
9663083717
15459839874
13939544901
11753941031
8591404180
7744263642
10482967290
9948914013
9572052548
12123166309
7339527143
13785143083
9610260148
15000534621
12500333939
12311843301
11661243360
11323215139
15331833180
6993409214
10946971030
9885560311
15375822662
9398137333
6253086272
9026094980
10142703233
8703841287
18084561984
13855814831
18322194969
8940700761
15061864990
13560767787
13528470403
3691116761
8325922863
5156071035
10320465179
12494979629
16045292219
10197321533
16152628692
11945441815
10800441674
15413766307
768382023
7221884830
7024016551
8334312392
13405223084
6527780601
8367464807
10114428707
17414523086
6758726221
7770484830
7291614277
7954344216
5716123392
10028245367
15649776493
13363259237
9329425669
10360435710
2629968345
11174550410
7574713593
7542529816
4681474472
15484351325
1286223921
5668063268
15036376584
8199365850
16072878422
15577376177
8957073954
4991773312
5701567148
8274573085
12488007281
16388822203
15411712132
6733500563
10963441187
9238796292
1705241453
11003399635
8489636348
14062016089
15407131048
2763234496
7843786402
9880833951
16077396525
17036928400
16733425757
16772532618
12305286936
6068820982
10556446728
13399040414
10248804383
10783099797
13889571493
8804689977
1990825791
13522180921
9015881905
13202891569
8702994749
13609951506
14002859530
9432495342
5930747508
10683790382
7752558737
12876533779
12272017313
10173186047
9316387880
13611098562
11131108773
15525422385
15671322872
5802568086
11960192946
10941989896
3826723669
9190825210
4766731283
7783687853
14919705858
4129195844
5094593833
5494548944
6013182777
8740598916
5986351393
7084383678
7190940303
15817770717
10842539076
5028042773
6913277741
9546089816
5122992747
4555559531
8654789385
10158971478
9906853145
9872056343
8462989761
8013788681
11128917658
14644501217
16198940072
16069290987
5408917745
12984368808
4469807459
14251375614
12063176986
11464427346
5080816311
11647295285
13558289992
2863772272
10567978359
8016317206
15770067688
16283464256
9515727799
9216047526
7282732647
8459287246
8046670221
4726760500
11867225171
12850703629
5226785427
14464829342
7739533548
10440009746
6177574988
104333812
12040583258
5926276539
16239785265
16995742256
16088512278
4408443494
4653194426
14159953384
9851617377
9531089551
13445917991
9314487028
14460066068
12946217217
14221546027
12762217294
8639191300
3635663969
11935003971
13385387929
11569872879
11809161873
1315181468
4389287655
6945673481
17506903835
13787780710
9954843142
11475411787
15896597434
12627899180
17610677713
12673361982
14645221725
11223641593
14053093054
3960131922
10043673325
15834625401
1511715701
6097855779
10566481835
13060728359
11171386216
4319816250
9499794663
3183228258
6387233066
6725875731
12402337170
9924554479
14167930826
15703140025
8902660941
6977565038
10894094503
4204065437
7913413746
15096426745
10607707576
2709935229
8281558983
14255018004
12716093776
7712282027
8743967737
8702720258
6291401442
12691934193
10878312498
16973189127
12924936171
9613133097
2938300278
9624543928
9119128212
4394534367
9607003163
12476447916
7819384587
12491026828
9900503381
7097770333
6745361558
12841727568
7914195527
8466127180
5918398408
10195333731
4512880026
16236143345
12060363206
16829843004
7073454499
14783130780
4825822803
8811165212
2928190481
9685061435
11778888162
13575650078
13472649815
7311643013
16133341092
10491210462
11025231661
13337006178
14026015535
3181447839
17576275428
6866655914
6251901079
12905650282
15551341079
7548701325
10288671503
11340903972
14664396967
12564383835
8276151535
10039763288
10523704584
11474841672
13887541034
15024121618
9692755682
13083935399
8318607315
16695679841
4385214794
13138792599
9934509933
12236093167
10666739974
1826392502
6598885262
10744040276
5689922022
16797673231
9487460656
13505560246
14402368040
11614759629
12909071739
11472685080
8664776083
8383040644
6870147830
7061957917
9937709906
7672341419
11393276073
6046796960
2364436036
8475288947
6866317535
8801263259
6301030929
11127229883
9851228762
13186628065
6525854932
11376424725
9971673717
882329530
12340312826
1698070072
5960282055
17002317841
9679043922
12108544178
15839368001
6251788218
7464656852
14051350681
8882322779
10755334082
1232101916
11368247668
5050233266
12698924854
12985794235
12840062301
15642469178
5059305493
12993131268
7249360049
8247137297
1283574620
10508919839
16385571876
11331452877
13597259613
7650056270
9140453663
15162606577
11719587253
9614211070
12430477245
9622221342
10845992743
8506975015
16592912534
10903869949
8795804911
8876925837
14264865569
9905631479
6795547310
9333872379
5107857519
12147598156
9427958457
10510679125
9291920468
2695683511
15754504827
11388928445
11617944121
15296043562
11044968911
10302505280
16335660289
5578091518
12443923111
11180274808
14631742866
11528029159
14583336073
9291503198
11015004668
3516705067
14475971258
9194031114
2847650358
11873436818
2803976329
6614483556
7902783166
6510922089
1002598482
11571773573
10479262023
10378051817
6403210619
11141751925
8390177794
14534464357
16955400850
6299072995
6624006728
12306066396
7759161328
15457361437
15943873744
15766505490
6782116765
5931531966
10911564936
10391784610
12656126230
17313789166
13347321019
3721130374
10360408949
11726232761
10690754666
10923545522
8746058669
15270697020
10086948919
13299926055
5562574560
16703367319
11565943669
16698119584
11092088621
7370268072
13008682000
5517779183
4597129418
7926680791
14991980384
6314721024
12692357492
6924579813
11382622920
3952377780
12842586021
16836559596
6539036221
16185041712
12952845607
10338254302
12349316289
9899876235
8521145931
8405702435
4980227138
9203433238
7193800368
7377823095
17077231693
3713366010
9166122397
13934811554
11377021531
15466943053
7494694736
5377353122
14226775501
2807785030
9841568410
14662263734
12153138685
17272125816
12917922260
10699422289
2493358640
11753444481
9280390240
14813042215
13220512502
7893947853
14706778868
10546370452
10442840419
16649967352
6540042981
6116246920
11431891467
3325126987
8898472305
8581712543
11327133468
13568914057
12672668791
9492374272
10008183858
6694936020
7031661529
13751085479
15483630484
6269462209
15227671465
11283234645
9047087632
3903768399
16834689049
7406404965
10927924025
14435962643
15940653049
11271552852
14131542415
8444931522
14215057340
8809621659
2943968497
4670363321
9475898868
10424470235
11809795641
6822477904
14198817725
528638472
9511415424
4951399632
13960606992
4166382967
5065583508
12654183374
12753497736
11975238576
13994562073
13063058968
6239915600
11921557766
4743529951
11188844866
12146612660
13812514066
3691136092
12399976859
7365275707
3120778201
11765920543
2792068850
9807998788
8022768665
11372751434
15053542654
16049186870
14383182168
9444500077
10499167525
11544207707
11253662508
8514429766
3289268112
9966875035
15875928298
3995830357
15529017657
10706019165
2945133867
7473099660
9730407480
15045815806
9647720912
12467536743
6257870611
10957687574
10986689842
15644140908
12049764789
14722526649
11355348964
8216443299
3234223889
16318128653
16162052453
9540278092
5787347904
9823689424
6385318907
5971683925
3414226617
2869613692
16652829418
10893555715
9783190432
9156115078
8761891973
11675890473
1564359745
8389852295
9928227453
14783101662
16080278038
12377708197
7834868690
10242656160
7057531199
8178857451
8731554368
12424664257
7375155633
4984436071
7885168271
8760758910
12721134775
13812935255
12014841451
6317446982
15769816563
4954666993
15590456560
14851040714
13986054036
14783872808
1546810050
9397810362
6515404981
8982533112
11594926265
11194068135
14435784798
10160513997
3820711678
16497391483
5220359745
16055625918
12623378777
9368912048
13872685475
14507648982
6533425415
12174886714
11970743833
12445745659
13301220742
11839051213
10004305621
14811383855
6020989806
16919817522
14526756676
15547084349
4975160234
13523769754
6066093666
11487293835
15238855942
15789106956
17001159124
13410236653
9861579099
7942302232
3276124350
14365950171
13669959789
8092218338
10405306123
13120542809
2005038103
15738130225
2082437853
10281683491
17428140811
13335739756
12565854458
8452601493
8964928893
10959492073
6416963743
15879973714
9593571638
11671767735
13687162392
6863201063
9897529345
5050325387
7124946104
6671109331
10264504185
15587795358
6506466769
11917949513
16318992140
12306003383
13403302307
11206836148
12055160327
14862226166
10167745052
12020383417
3921394116
12447777965
9194619365
13687181331
17387284026
5222305603
7146821421
7174425695
10169416886
7826618349
8192719717
12609017494
8263502528
12154974203
8911244433
9692946540
9519835314
16501703243
13970045061
15999355237
5418677410
3869967162
12976286782
8050127376
13311014485
16024071371
9582741118
9301932167
13671502733
17983860577
4901081223
4623341404
6995241399
13522539145
12567050852
5839075920
7068270775
9933639095
7740254508
8269258704
6687485356
10294577678
7119871678
12529255948
12774829580
8354863118
14023259644
16318494643
12764755210
13641705661
6813276035
1625306472
17103140326
11489171214
10810068844
14330686213
8824305232
9548287952
6376677452
16119220398
12483409868
3672236187
10909646539
7374803476
10743871106
13293709984
13880725264
5635698004
16442534105
6336777776
10320648346
16103370018
11845313408
9494714767
5871180811
11849037143
15732550068
8984698620
9542108574
14438847318
9457189386
9146251986
11312962618
7655005332
12084977965
6305337913
10726270141
14806695744
13165772898
3539249868
10016270108
10557797742
16049641192
9310852681
8927964756
11733663180
2518458651
11986696470
18892520204
13095474861
3277088294
6997702716
6335031567
8896561748
11669353213
6668466096
8185745105
13384691066
11473176884
5575752761
10845636151
14192499935
5592201658
14278023954
15628206144
7504636524
630046114
8946353763
9429751975
12084034813
9835956725
8829702748
4950723160
3596890924
11044463391
16047897421
16241730867
7287011133
9672222828
12145384712
4392045051
7792977761
15099113319
14890567539
12961563352
9050630385
12603202321
895580625
10266654551
9527767603
9955733169
14119152893
6797154858
5553896329
13532345283
12720223990
1364061720
6856614400
11577675230
5852434805
13977581932
7012052719
14938128921
13017981749
6595143239
1795729077
15170818947
7463362599
16836559596
6645636109
4754839857
16427472253
10414062899
8884048886
8475258501
1724846797
13754790203
18074331240
12672161064
10597249374
6663914859
11641936755
9483856234
11650263393
3124190644
5958370926
7921408547
6288286949
9324617919
5571879520
8802097673
6406537490
12644061395
4980920199
15759934303
11743931630
1036178827
13902851418
10038810161
8748058186
16777185478
10536431467
16487949403
7281102390
4014822115
13440770991
14643135373
6403951406
493175189
11730878266
11933497062
7609133470
10138058872
9023156425
11409616505
9134370521
15585934191
6957728484
3267440332
9150775164
9418658825
11635337640
13136485587
8976683507
3941125506
12672570262
4115296294
5394136329
9588888564
11336081699
17240014049
9910434972
