29983557999
29011152654
19594941855
18247650187
21759124309
9368180294
28726378032
23271352215
5196824677
21566640940
19311483235
27424697627
15301799566
17470508198
8339206684
24049039729
16784047317
15601388489
19384219177
8922482301
25572492957
21424295425
28980901973
20263222662
26976450546
8856619719
17403835159
25587076613
21920362763
18687492531
7437816913
7466305768
19735009321
13039007224
16639682874
20239542501
20600985795
16222611984
23383249531
23043025123
23672998587
23263876247
24578215680
19866685100
20882784967
3409098797
16045022049
23392581127
16930611048
15172110772
23681075929
18343483382
26456785840
26758028769
27919485315
24200404406
16996292483
15994897097
11603534525
12560713374
20563029552
11065439288
9380142480
23615793599
15905763974
16808927681
6531803675
13578582961
26669898019
26411087922
22548600802
9550850960
14059527682
19987430357
9094950599
21388336606
18215326198
22287436227
21413320452
8731330825
771549450
6534066604
782110639
23396821819
20613444645
27146909986
29502842399
26828304805
8221075605
20850006903
23748637847
19619537358
19990094355
27467147037
6924754006
20832724969
15347027345
22554241748
18334749843
30079202504
15666403950
11381844693
18586123978
16353903404
17989293769
16307286268
20019588219
27080318450
27229617988
9249601647
23126531397
25454252726
24367606718
2676680606
24696488805
20103020284
23534827647
14352397437
28575811663
16503858551
16353873170
12558727139
10200021494
18666845023
21838830217
22163196198
25281769723
13877010461
28751068750
9855385496
16125998675
6070094247
17275039194
2596657606
4275732345
18119099815
29916419330
18575787988
26799247752
24348075903
17819090764
10955458675
31875102403
27768239168
28401199824
22989160549
24413634591
15561231813
16588870570
29091645309
5846885126
16600663401
22994049304
22847237838
19090484862
15984949921
25909734678
18303737217
7897715471
21291084594
24847993139
20709409664
12087456354
20740013715
17147689452
21148062389
3746925117
19594733062
25104532857
25772391813
14419812076
27795563122
25697002547
18143889534
25535424013
13383075574
22097916473
12055185101
22490893496
16052846819
7875251721
1079496219
8046602995
28138382380
21494222933
23160590702
17278034529
28435092001
25579402836
7107891314
26846821807
15779437843
18016752551
17170571275
7841234094
9700886729
5462320317
10597650510
16269771474
15776423495
25067911199
5454730890
2025100556
22929208336
22938270988
2602517209
10278661863
11875077804
13316146079
15252925107
7048319951
7958978681
16563493617
22427128477
11916865525
10991106182
13218806789
22342250650
16824884498
13601537580
21051760759
9357768483
21421738900
14834740381
19732138008
21625871299
21857140315
6617963033
12331972931
17090446275
19039549442
19386720867
23513632354
16292007437
11099386457
16779038779
16314065536
21782374852
16143404516
7033353704
24374323733
10547407541
18779568119
16375020461
21579384400
14273383727
28296335992
15295112409
28505303245
28715321906
18901583935
13417764844
21338070597
11947004953
22271291447
13315922274
22450737888
23746421111
22374196505
15381929302
5562535331
27871158113
24266767236
15934647701
13340534753
6013036810
8986760864
21305251820
19189573336
991087067
24965458174
15416316095
31744149856
16900558039
25867785595
18047620868
9626084610
10735627422
10377898355
10739356187
7472235706
13736235978
13189054357
20337745241
15935880542
30673208690
27977715108
29354426654
30252700379
22087069531
25827718902
20124773111
12499038251
27708571579
23480839273
25370785980
30574742481
12110491500
10038849444
21930789220
11911908100
6763426659
24335969549
27972906360
21789546448
14129263414
22832921265
26630051383
4326767362
17062207323
15301074563
17026770747
9554185521
9751123115
8861728756
26302845993
9961329355
14031979953
14312184407
18664102702
27722735604
19756463178
16401621312
24836170380
20304039955
6249084370
21630663534
10717031729
15927434315
14308554156
15356371394
7505765032
28639139007
18403338394
21350510108
27580396660
10711107811
2686825235
12114007085
27362562202
13180631468
17898966850
23374705032
19669791854
14899034192
24887475767
23621171877
2541703247
10559995890
28398705670
21457960666
11483541463
16017490737
19975625225
7528186168
24566217062
27742817143
13571194300
19947456716
28720138686
18742366311
19025331671
11815047496
21358628698
10447990581
14141152004
12934864186
21906849510
17937261697
19569295749
13721068837
16789786530
12996701559
27625988630
19529143101
24437239616
18143783630
13552650596
21356064258
25976318421
19004937897
17773466483
20781071891
16367259511
6709945918
25021657744
10852907159
19608604121
12575600506
24269401217
14895653490
8799241026
26036231768
14692288472
25956691213
17012732859
24776832056
15555193977
19812844874
25369688176
28805745327
29710529284
28488486969
26015797497
26175594013
16500538992
22948526678
14614081977
8159544200
6624373755
24754072063
17597096837
27294142732
16812723205
20062152541
10896953985
23460903678
20999465424
24139254854
20673358045
21885474952
21636579677
20875673127
28389610421
2698751991
3419524914
23787226591
24973402134
2789138744
9855363314
24148102024
9530572976
20898861491
20911687900
24578086360
18612700296
17920791932
5167272188
23817131881
25303281573
18071971407
11017140901
27850445911
16389133620
18179056139
19721467837
25522920610
423317332
25003382700
1240266815
8890187605
18328681123
12911524772
7438512735
6709894899
30084707716
27106521368
10376335846
9168105018
14226088107
19085168503
23459723852
26488502453
8440265494
19995312591
27322145411
12144928777
21277894186
26672816623
8460484363
22294489700
10942717289
25073801813
15864139785
18828193025
26740890003
17686935744
8574565291
9211510255
19055913794
16421303351
643494741
27962304020
15904724836
11710266191
15633252258
15894730010
26342765061
9843911651
14324155984
12794337034
11390080613
15465813188
18976710293
26390178302
16757511642
11367546607
1019365408
11804700017
24345254581
26801771312
7647837878
1032433958
21558567057
13873630595
18467236378
7568651407
27964404181
18607419689
24804112441
29093868008
3853843886
22543693501
12704145093
10722777601
17376648430
24073982422
9623975757
24412605875
16226478291
25017685669
20668922989
15050418335
15549870812
23753408723
7274511851
26531164151
16425920497
18321856261
14939765907
17783181683
14753208658
11127549801
17067970381
17469799613
9989953474
19874976544
15924377845
2794504216
18221537804
2759482727
13612303532
8821555023
3425560141
26235851305
15791972632
28259785672
8881477824
9943734803
24953538632
23748699031
25278095900
24135200432
23367057655
14448284070
23794413842
24924802798
23703348184
26091118960
18030701573
26749618701
17491208956
8000856056
3453498968
27861088364
17511718427
20598454680
1599302379
12409429865
7865833633
23290957272
14694616647
19455497596
14167741229
26770441406
17849966875
11900212322
30493880629
16201812320
25327279985
28765792801
18511566848
16567697535
5659800038
26917362099
6881532381
6294384524
20532896167
30739140372
29985448513
25070405272
27440080378
16254863173
16256550051
1320118221
21959489325
17450569925
9288396690
12042185243
16446656182
21784285920
17175589240
24352375523
17144157921
3329600427
14896555997
17106595930
11821108828
20036314487
11329145093
12978979359
25526759336
25990193611
27656659412
10455722608
25799406982
12193187436
20582169925
23608829673
27864370492
19393987843
17430114721
1876300310
14632987263
23576282373
20833493821
6368648808
16648781520
23301873289
20417413756
7222983641
17694392715
5876282764
28756477694
30036052880
20355657870
19976534638
24593546235
6071475343
396141312
27176299524
20971058511
22249949188
12054142465
25370207985
16359771865
24189260771
25691826692
7388979011
24609409830
7607274559
26352359253
16525201358
17519759512
28976354104
27923220527
26123969961
9939923150
6363607406
21422418811
23718674942
12077464712
26416220758
27503460916
9874385096
13682396632
13490180257
21053263291
9452680292
4922199500
16783979482
26997122614
4099347988
26536357069
13351313799
5079218602
10514773139
6951196229
27416746370
9979124740
25583195634
22986102851
15278999198
21222008381
15579790243
9775813384
22784987774
28430178740
17847409489
19862186191
8741545697
21178191866
19299631440
12618745455
20532995821
20917773729
26926027163
20418813052
24399064856
17417275508
16342633870
26561597384
18754484540
26699944116
30339784547
12079852444
20665142684
16002131674
26010525005
7453729739
30703785179
25496570667
15281026920
20834002449
27847757327
24521020183
20691155919
1028876719
24337333221
25942792632
22656602665
17071416643
4738603808
14760021766
14167257146
13668750244
10367593298
25275650464
13505945097
25896050311
23277378372
24595801446
15120510315
27546204028
14731418798
7555847035
16976385262
16676915522
17054229600
23568518613
12298057421
16021601154
6370212497
18325573258
28288872845
16036598397
16346059778
16541446729
9907116910
20197084247
7960094687
30327888328
20049150684
21067013041
14094511281
26049396896
25055280791
9750646603
29577292428
23121022801
8514129588
10813548017
10127314216
10079810390
14136336197
22118342666
17163867248
31302051113
13383327612
28008711373
27352813900
3057244840
21604684522
20153614039
27778438124
20016791813
21631142141
3118411914
27530253759
14721744253
30573275692
9023221804
12600289746
6283308689
20410221916
17952866693
28375615604
16276403029
28673232629
27491386357
8558004357
32933379800
29279318145
32851217966
23478632833
25714089957
24299056483
26779492733
6051141329
19054292461
13743764857
18892216713
17178433395
17531740968
11082243434
15687737533
12388412532
22163407703
8415943247
20715147338
22829740169
28284753036
25276624669
22218468397
28152726840
12946561660
23105652520
21577431600
20121889614
17948822064
11306972028
25460583000
22971832198
12706621998
24674159067
19318941127
24370942487
23161144027
23015416436
24054427321
14440162514
12260828554
30205217976
23992649566
23716541351
15376516601
15284007532
20999906425
22043994075
27730650711
18257693672
12272294764
24668700937
16528791484
21597023763
20848669310
8977225546
27743590192
13723537862
3457875723
18514724357
21092087639
20407884564
22904604405
19190334618
22559254009
13154690144
10912145760
26709610656
15188450609
21166868136
24985025569
13987316567
27409238879
7158080031
18019649324
9669711330
25403847468
15095998591
21226502374
24780226861
17053906731
24639031437
26035583496
31355380431
12158459606
15483498180
7203269882
2706457552
2827241604
19693911569
10478102817
7506971968
1566592790
13015489464
16350042656
29216759623
11394202458
25756038372
28140484066
16525102978
16530678812
15083222418
23442966540
28322736401
19757332838
24154076604
24354452095
7718799490
16028594339
4786137220
21869532115
28245334069
13143035830
13731749514
8190812276
25950848699
5317213498
31190829766
17737503261
29242917139
19007898316
13695908675
25407826430
22263274103
18992383134
22441691235
10977522875
19430029658
16193328451
26009225150
15547025969
23131877433
2671616488
27476681447
19134847726
25866964011
19906401619
26549925705
7402030326
20990235017
28578230206
25890457763
29936500902
21029389929
20725661442
19642517623
6179852856
11461656470
17421462099
16871987928
2826111510
7408746740
17157803479
23892732610
31861305119
18879235751
14203878274
18590283378
27663056938
18585340138
7164827136
27053781290
15886705961
12091669000
13496869863
21235565368
24380213662
24090065491
28685170893
17924908108
22443655667
15437067557
17266606736
21890724426
11151213088
21610610838
21543536269
17770487568
26124619583
26086263186
9511969952
16343801404
11942966031
14608584513
14056228662
10271610557
20296858898
25787433666
29680483294
19037062411
13419988717
18622735962
3781042284
19773432927
19911087062
19750396415
8413108534
19732061529
19991539128
15529884954
20138696588
29120127679
25118905631
24096447305
18386189021
25099601828
24301759090
10458201069
21380779732
18536538759
17856797855
7191383096
3252697384
27781236796
1496052995
15959814974
15246385439
24251557033
10576226261
19767035948
27739050011
29282029975
13559968116
22272743489
17710154473
16067118989
14064555335
26586229974
15839826015
21372891170
23753408723
12221463422
29317921590
8180390795
23174003685
22264529735
21040274810
17772577849
4377848727
11477228006
16861358500
13359003054
11354275702
15038162803
16940408318
18863456208
6238503783
19389828432
27433594098
13813180498
21068521611
16265825507
20206350243
8515961025
29749374046
11933625894
27210019763
21777156966
21102412501
19525489770
9575397090
14381739101
22016579076
14394795294
4352899120
28362844112
14428111246
17151239131
28766917233
22736818495
11484772625
18533903659
21705045445
15888998182
17305921809
10410978996
693185901
5399575887
9633273392
16923791434
18514539910
25168004571
16792333599
30353280929
15124742664
28951059189
27239525741
15474839070
16957852679
11938612344
19116542774
9761397579
20501147488
25216864138
28316572001
22883255350
23139461602
19303643382
26260110958
10638149780
929107191
16034680686
27090186742
16927702851
18124867795
20476215871
2277064944
14598179321
23391086811
12042725345
29819469727
9504031347
11711113135
15041082774
20707694441
22590220834
15257659820
29410414913
9024230530
11011414887
20249884307
7964241510
11397471632
20862459682
20314512467
15791440607
23203088823
16961902749
23886615032
17631676942
22224075548
10609548766
12585042637
20217114689
17416429760
28984302739
20310443625
18388183151
15176409400
24927620169
17159276262
4030241171
21013438958
27234330672
24000562375
16867321676
26317283001
14168686852
22208878958
19548312865
22110246422
29581953405
12613891350
10633127737
18364029408
21590723232
16961497560
7863693184
13071659446
16737428436
15274332060
13828677953
13787567560
22626159158
11950211944
17603094904
30357701855
24742659926
22721126696
22738364615
19631082018
21561047044
17458836746
15670011278
20475089135
23839685639
27343882775
19940869495
13573112150
30348355686
5645189749
18841370186
23063503765
18176701327
25742377638
20640272153
14895662699
17370004998
21198027341
19943288401
25354122915
17636540537
28078475418
22164800993
7112614479
24550911306
5437469389
16539767857
11086075819
7116401979
23585961858
16090477190
15182643421
30425502315
28488936040
5150093999
17404565695
17464928029
4956016044
14084065325
30317145842
7890584657
15333055111
7814102955
21297997190
19271824957
16594925744
1458748934
23261030465
24268836044
28989244903
18925140316
22586687920
12709483212
14872907850
14836849387
21132263783
30484691965
24545563772
18008195616
10161710319
12211830805
28093392714
16778833657
28476712097
6261802366
20010910273
23507790070
18453768826
9501062974
18528864543
19321779863
23271583263
29055601930
24810713054
21032028792
12606707456
13052820449
28117199640
6708215743
24487147616
28213925902
12411081236
8001574402
14113064993
30322703901
19227632695
14539294191
11394257891
22970218854
13502421256
6730500495
19099011478
13948137011
8263614915
8393398906
6576490046
23707210843
22305871394
11860902807
24134144367
4643339475
20999808373
16877342776
9575808176
12639064720
13427514121
19820681420
16121659190
19957714063
22213134566
12347973473
30465730245
2663504954
24793586539
17772693172
20594648237
14771850441
21449545351
10008645867
23730456977
9740782354
7253650281
19005831299
16813070185
5841287670
25719788039
30601860645
9624846916
19762712741
11707918344
12197674782
8341257104
25421995697
12993261180
12482053651
16952275074
3310699121
25499972707
13547596705
26082821703
19431285179
15271192873
20322555968
23713161217
7354161191
17944230443
9299485567
29566650787
16448483588
20563123850
845450755
20131628286
19925313760
18593119046
15467707012
16045320504
7755594447
15825414056
6736746203
12261124727
13539891163
16861234341
10797680614
24216182714
10595270144
24893341175
26978456926
22022209696
16433036896
19237412582
21061963708
25510867021
13922521111
11429726865
29880773276
21470682554
14980665417
32818546730
20785690859
22604496887
12747755001
22709824587
18094654206
15187422065
26516887515
8671838181
28305944538
23228459789
16332066318
18247670786
16028592313
22509807527
4678093528
20486284264
15986795937
17630606967
25727590947
20547118184
9944557275
18286169894
18858634817
17928286656
26472758348
12577410652
16065904191
23003166607
22685985922
25999676704
27287357864
21240962011
10768219333
14938797441
18149176932
16840159228
23988130063
17518260784
14386785864
10946005206
19386728412
18497297661
11661036098
16143781555
24131899219
18177841430
6028276202
27948008101
20495371210
23402797589
17852526447
27689230528
13001470519
26448742258
26197189197
17306629246
19060174307
20191075483
12242534031
24613886109
9675940867
27503094071
28778414648
20610088508
21022837843
13030574711
9349702562
23116054764
30577160716
5090203947
30003339483
31881151828
6101649580
18483029817
28091010997
18481388720
14834837745
11649631290
6156316233
16841695875
29570709267
14342936609
21777556595
17536766539
22788275750
14595525408
9026766508
18539658315
29804440526
28335036435
26517481443
22672228383
30973717221
24987927706
15779106938
12317927838
15195638523
21683834808
27896399336
16281383060
21425732796
16247790762
18809477440
22949821958
22712167415
13518734455
20513602607
21757711341
26553516684
25307133183
14360183777
28935379585
21900525499
13652512870
20788497679
27141150366
29012534677
17279754766
27873893281
15428723540
18155789325
27683764143
22270646171
8678126468
17246011159
17668060142
12198463032
13322194945
16744060856
14264218206
13113936727
1673127789
29410786974
4342110047
30404084842
4136249963
4677467200
26181198034
22787991981
19109194610
28874213746
13758692850
27248391234
16618672536
28139870691
17350814184
15285271550
2080447385
11763043886
29611224138
9857825127
18258530304
29498995246
27070785494
25944987533
3699412627
12274931905
32080696965
21819141412
15471454952
16359186211
28066119231
27146523036
16205698167
12167256576
7626286953
865249520
15804137185
25820396937
18889014559
17024156327
22324137325
20386702928
12614621688
9739859716
24026452663
17954056632
12948336041
23300698685
16011329531
20576591971
21238256555
28941727500
25865693177
23695579728
9870523753
7128295912
8812869871
23437870418
20156272478
32032555120
24199240453
16400182148
8008285937
29213949306
16847308531
26565013051
9957173162
15883610407
17754781251
17183158489
26101156014
20358410702
22054271918
25044940722
24807823959
23213559231
23801643383
17774578016
13321554926
21023094686
16991680717
29374921214
19548744009
19650860868
22483954704
3205860669
11214137816
17646643205
20643457274
21557225024
24210884980
20307911677
17744107704
19504530535
14967856235
22740576115
6316809473
24808342177
18319513025
2186613511
16399093810
19906715828
20173396564
24234928907
15845300693
7439863289
3468675691
19468079271
27953337860
14015885282
22281134109
17629048874
20733661163
23527547760
22899636239
17391587234
18460035772
12276596678
26495554588
14942312163
17847613650
15466769095
15843216583
29762566852
25110474884
9804605501
13646390811
28714946240
17790263580
14870481889
27235147171
29251983352
25933643137
12602363478
29148368091
26166005491
6553115345
25233568800
5905276736
26545329839
14766833131
9180302308
11720417178
6490982153
13181598085
23333224402
28630985705
16607197127
30128727247
16937338550
15527044647
19422866785
25424735197
14270788545
1887793445
14584438297
18954852818
9081004006
29004702290
26347428165
18984561137
12142507210
9005090473
15661242800
7958691883
25557416791
14266574304
31376764685
27666835538
10760871338
14864515315
25512147969
24856269363
21444443466
27250051722
28992790130
22055528581
25831040234
15326688834
15334940271
20666382399
22496031361
22360047956
5631390153
20150120826
12441576862
21968875270
29218048677
22920805756
1782450946
14632808382
17389699420
19961773373
26654351011
16939343578
11661070082
23501425356
20693893716
30064029762
13280284542
14134919346
23116766972
19975610425
13691117883
20768763403
15177589715
12082541333
29157545549
4670779704
22980291196
12084685178
25504461634
27426904182
16036514359
20151642720
10528903050
29857850248
15940881041
30886102013
23746871162
21455015873
27958281308
1502866490
5121284471
28650446912
14057004218
89039326
14119240351
15079666376
16911620437
16654197748
15184307228
24179631723
19958144423
5051848376
25109653194
27752851212
16316035704
4595897694
14937644340
22994135872
18618692727
29953984572
25687316923
17915813898
13285824081
14294130208
24628011056
22070503065
25039212161
14307472839
18196183427
18589280845
12440637175
16160204552
5753403133
16193977163
18141749198
16594164207
23029638907
15072857806
29006001092
1604041388
13855665011
27894678941
10830823328
21159073942
12315662392
13658377131
26318085181
10068616706
16580447645
4323640270
21495202476
21939557396
15592320009
16411917753
19315985058
7038433989
17377611352
24327280612
24374147335
24140194157
8924922953
24775158071
27887985592
19644165226
16532441632
29393637636
3962323902
4516168880
5701916730
14630753088
17085275618
18438073577
18550757161
25733749754
29367210079
18544685978
5867542220
8520128069
12493754309
14703392402
22388184294
21389650394
11685851370
1544079020
21164989165
10893558834
26620955612
8453269171
4974771408
18130228718
12619913646
22975565225
13914520721
20084622245
23261550809
23875613678
2732730180
9808786688
16014467109
24865077081
22309643552
24772304723
14127584051
9908835243
29460807646
29618626268
28890301425
13932148403
13208497410
13102862125
15746891397
10182076021
28662922232
24600377341
10213669856
12366560225
2165409508
28209174207
9360120214
797888572
12625777076
16861440145
16982313428
23356308886
12544372032
17814201066
12034724470
21084136873
21183897673
11426534235
20838053339
18638734980
12661545738
28446898300
18230616123
28127297664
7041930285
21844306132
25835289243
15752796295
16482945249
18322234909
18074979850
5185940302
27877006120
17842886459
7527434332
20917718779
21724075798
26434531195
26101071774
21275569075
14750936016
12979869142
28496577220
29256542422
10308234036
15945226631
14286867450
6786125359
5314589773
14619939043
11202716458
24897230769
13824203584
7405434304
18230913485
21817901443
18613445186
26375414578
28202384581
23101935704
17792902801
23838667033
27161164658
6204296437
7080693683
23143239078
14569240549
23153547669
10889831007
16100141364
12929376356
21471459399
7849102556
18719134770
17997861384
14573161524
18451820132
12120814358
20547853450
6799022739
19329008700
13835939235
6001890365
16373637693
4653756147
17676812025
14467959837
13002381101
24336915665
13801490375
14781629123
28377663630
11333066137
15020086190
17925516867
20631532424
13805027298
24044619352
12753106342
23895870896
19581128418
25469200048
7653011832
9640779147
16704268839
25907601649
16454461989
3947962999
25414738712
24867570443
24264247772
18925632698
21268703960
17707026867
7543378479
16734914249
20864804388
19308697477
26021752715
21437189413
31201932725
17653582259
15575499394
18423543010
25754219841
10196961524
5838741583
22874070699
22318250769
21488219017
13871630436
7325329487
15836948887
29928819711
5178531076
19908052125
23825557883
17671040687
20071015217
8001393886
17185513616
10328690655
19953886994
17424602937
13503534995
9269872070
9550829236
26812597733
18788303856
10046692551
13262626756
26313669138
17868456949
22758759948
15019761553
23019548534
24717247329
21071869981
13138181800
23601200760
18656308998
22123958150
1666330638
16199035709
27426136521
11740509585
17715593692
25996857136
18525807188
21616857952
18941685296
22826940931
8786970806
23716195667
23528017253
16243255089
3779659956
17352225442
20499073614
12756250636
26986313447
9787153681
5255073420
1707809591
24844299877
18763552754
16897051264
9246321025
12772117226
12494443944
16473588494
13388330625
5967933295
12944951038
