16303931454
23602415227
18685101430
17995592360
20730227965
33085738616
26248582296
8681272695
13878760245
16882386489
16780403099
21343890617
18189596883
15001665432
32009321287
23428440698
26924780252
23231389167
18572957235
29650539297
19190166017
13061590668
12151168181
24259384838
24410449643
27112721340
24560772116
20800105693
18412980489
3477406098
30109829461
14052004888
18343261560
19544519247
25020174994
10338799314
9319168175
17346710582
10545721381
12136828278
6748408444
23535679100
20089935944
17260073269
14857981867
30188428519
19289404318
17071171112
17251136533
4257894632
28143895673
27913751960
21111069637
30007976280
14921967662
17852632633
29714870363
19085463037
6713441897
21206085598
18138971746
24448865280
16178625301
17324944333
28884705186
23284742252
12175551374
23342771145
18177662264
18968356801
24433536473
31257375853
16565340996
2209552580
19680009854
29295039231
13379459964
15563122907
17101034725
21034779734
19241653070
20534976392
15365157486
17203307018
23770316165
18197849870
2328479989
18124078977
28725419375
20026518413
18447873828
5581409420
5505981569
27135249034
20809745291
12704244500
17659049730
24451776098
16158888343
27429885241
12167353547
29208120490
27043235243
17256476451
20040978721
15675717416
19818198530
29510739221
9053523714
33142169706
22169113011
25225788483
31711250471
10173229769
24899306618
17533251417
21584566360
12472150749
21368539231
26422522390
30035444548
26510351279
8684024175
28029026934
10736420941
18378338996
12327551125
25769594698
21407546794
21308774619
17387299022
24002665382
22746830757
27939055429
27581990299
17624864586
14864295162
15493214550
17405591232
12110707486
28931151595
26314520471
17849933169
24234445316
20441845010
12045367525
16218594809
14299163068
31508328215
16643155653
5918013816
26015270923
26717037963
28858263420
23302729615
11260932384
16220590723
30266929449
20569293646
7959353101
27822402617
9399350568
13159557027
15111856145
9990076732
20886350368
27718166654
24786987658
22771260668
24172343804
24915370321
18562190995
19476715347
1621211026
5604676875
22353417449
21132291692
15691574989
19917780184
27105729239
28832840838
20119354175
18380480017
25802727885
19335150958
28480079213
6247925717
18687030180
14815208329
22640346510
22604920238
3337905004
2653545553
14101031800
22205634551
29080090500
17292237436
27607376335
22704450664
11888749050
22977516312
24424752821
17566844782
7650940563
17371462609
22337010714
27531892035
17502893692
17272722871
29735138889
20304856302
10614562253
7464163082
12898068472
22488566742
30535662874
26310274278
27999114424
23450697628
10076469124
17013784399
10064566949
25652174014
25719487943
24765980777
17359996019
17277173169
10701593113
29940447255
6202429040
4167387779
19715460612
30610383180
26256725784
23386169205
7559209135
18036676348
2526529354
19998862195
33120343351
12650427665
16899405952
14243510670
19839514915
17376765585
13811910071
19802928864
13247836030
18740937955
13113662578
7980137398
25841663455
24207571800
27712963359
12413050282
15677354901
18122109407
26650941742
15982558364
5702780840
17013055552
16432682612
3924822471
24641586810
22940323996
25838945645
12800742281
19917798042
16625546190
12412777412
16537638901
20305011238
18588444923
17990117130
10233733575
21414789019
30510774156
27991440413
9107820439
23503252599
14862003532
30052509416
21878193283
15268184484
14482254519
19151836556
14073148163
31984879047
16919858470
22360329282
22958846421
695480118
4262804548
28280819913
12650846546
31119295810
6760248968
16830588009
30539393551
23642423074
28981430079
17297068041
17988790146
24018623071
20154056283
29900285180
21609916511
21629233291
11803114479
14049257693
28469153165
20611767046
14570446857
23529837139
15238390551
20812516841
17369123947
25568181694
25717345362
32023156803
24619338831
25945409687
18621768173
18331916587
10143296878
25832173835
29477667913
29138003155
13189071199
13028273025
28423039045
15077377656
14709264928
22780097629
28318939182
6068652771
15409098224
11888172608
21970626837
30069366192
19052397822
23555654515
21812886651
19026773405
23152083685
12940133166
16757680797
19661949396
13815329580
24705604798
12532408051
22964287830
23923942910
25029630388
12349527214
19311977445
14415557960
13659437858
23832706872
16289716374
17410163285
3539548130
20944035260
17430959683
8062624806
22113947461
1225168220
7252792925
15361865905
22715764981
8338757995
19157102494
11666504669
25406615409
30534230335
26508775261
14416151333
12511592927
18432538813
10083105721
15610315406
9843822525
19482466345
15860002656
16195732060
23426176451
4058371065
26737499860
31167106105
21080093891
2800176538
15854680776
10620306664
28951009214
21321267303
22374861555
5223587257
19208142326
20193781751
17459501868
28958315517
9970748679
23540107340
25930707003
11900931390
25197036140
8442951680
3523153268
12589594190
3927415808
28292790474
8591167283
29387936589
26005545779
14010767385
17100327225
13856343065
17413444336
16794758260
16038121757
7268375894
31518354155
14154949814
16335164751
29495975681
11753583221
9712668490
26604381713
15428775312
31049643219
30233902044
31194846084
20640080936
10464293049
26501000382
9207918746
18638995545
11495849273
15748302734
19677094850
22513225936
13732334426
19909038971
22506116591
29888220780
25092978444
26367690174
15540578157
16831447855
20480706123
17008938256
16860213045
15022064332
4921282582
27579343590
27213680924
2888905062
10043322892
25111605775
29382328389
11251878360
14687268858
8776667942
31134895297
15398781133
16581009027
16055309888
24777776156
4627366572
16147076561
8050168933
23031046007
20139117643
17333820340
29553387412
10637001559
1673307274
17114334482
9171987228
30645426399
17878313082
31315002870
15492156213
14778544157
18962132271
29635507606
26630005088
23531009213
11532115098
16263056137
19764203882
12594359994
13959892270
5823206837
16250141541
12463384095
21835885363
28433781870
30664005301
4765899885
25323608507
9784373210
25706565645
24540912626
20021600847
17649511935
20972175567
11798279171
20705482961
15904986923
10686013117
15123610656
13479677279
19846108488
5318619403
21032272408
16967988391
17436817558
15415640085
20264104542
14803499360
26800482669
15754605373
1291851408
20540239332
23007255350
23372884127
13513980396
25671016940
30272219827
23933128533
10487212711
27582163564
18106795888
11325695496
17450354120
17319847119
25106610398
17605826411
12961179985
15819906148
18160055886
19066882637
22874157548
28141217227
17691493874
3752613326
19010205033
22707180899
3907883487
23889965443
21702996632
11905043720
15439473589
18633082626
6986646271
12085189521
24628166925
20462367834
16571061003
18270187958
20382321689
12621384384
15678452444
23330216865
18893394938
23330073143
28153903141
14824506614
10401513294
22223188543
29459649871
16030801761
14513896507
27243276544
22091747964
14049737027
23076108996
26771154775
21769179480
23220443659
10889464738
9322363439
20513959149
18260308091
19009461894
14464009221
15070243368
26860329223
17901668322
9615704934
23289054430
31357146144
21617753019
12745260354
16572918695
19846008622
19804773351
782555225
17238014238
19043845724
11140423637
24151290567
27859869286
15930225573
5788580490
18608066933
23580646756
22497202049
21544451086
12370415970
23952274965
16394484652
15454748968
7735891947
16197417890
22697820682
12567446237
6650527262
15182086999
14421991874
29229812632
7814682177
21427109947
16109637433
17905654509
28160997867
14232913660
15099868029
28006272291
26386414790
23058061943
28482741702
6868279109
24499786029
12013677002
15530567209
28848411697
26371405479
24877809477
10910177028
26119032339
33387042375
15012254920
28124052890
17791234289
26534913781
26604824556
10070969840
20495008358
22134051014
24715181851
1875786547
17133704521
19791391272
10835809094
25128579596
4576304855
18400572324
18641672737
29177686720
11074616229
32601357221
14304105774
11755861111
2557828544
8402032295
18766468205
21729851332
30581740744
11704187828
25532476295
25011041628
27325847404
22358770968
17163162460
14486398248
29075551100
27031071018
18242976519
10454690379
31182536028
12801966168
21756903699
22720505168
17153253371
9332937971
14969687673
16191859843
10628043585
18554311892
28691227708
20463256946
20582259074
15453585742
17856233772
1254463895
29611758692
19260032713
21087811238
7000063218
13758350454
22511101709
16440261462
21833688215
25522098293
12930213980
29133869138
28268615382
21852065417
14154266860
18348078810
8433929526
11254303744
2875467761
22541996960
19512447667
13168859329
18883839564
14914280994
17964406605
16482371346
10756817331
26899159817
15111369346
25972676303
10584297998
13788974603
27599784560
8218156072
31591121940
17693781656
788938497
18598226682
27065437578
4674811921
13628856718
26022954426
14447517849
24192972576
19717106208
19001595935
17793949812
20648104151
30316195683
13353745197
28133291599
29046563030
25126714629
27203417029
24901520953
16549937900
24954503674
9404294588
16410563819
25687467910
17462794060
23858589762
13738192274
9662663418
20576668865
25945275625
18178866335
27302238330
12665252126
19402968543
2277129641
16683032893
19734862445
18626507433
18315935352
18446731575
18401711299
4061929142
19540823738
13053640004
14835317140
29081794766
5761470996
26015777403
15835377102
27417829544
11237071701
16568314596
11210000093
20040863779
14801217355
21239539730
20010888421
15819939628
17187180586
6917557752
21118067092
22566689306
10107433300
13393144574
19951668943
29134151028
10188635977
26310140846
26920051395
17882388119
15095159926
30394985701
15687782026
26542146267
26575209742
30380673788
26608211708
21134563816
16620265362
27792640607
28849897403
11190596916
17380611843
19296452453
24770323785
26225960945
28252659077
27343333680
20772911353
29616188150
25776732032
12145614747
10582379309
16628705889
24059529080
17160537540
22148782366
22956707457
15096778628
16467311741
25261244894
18099706465
14205880182
15609970249
26953539076
16499250658
20185372059
29802951841
18445646953
14476306341
26482059887
5909934849
20434756672
20312936952
25762677469
7121745729
14079807330
14642048017
25011087036
29308747209
13970291464
23514160290
7601274541
21515931661
9224860682
32957153077
30524884684
21722821644
13672251128
19957240315
15842298982
31024757291
23248732492
22014877624
17508176897
17920898454
25148013122
23264777128
27050031685
19677868396
24728662592
22389087265
2329862528
27792612296
19237762012
2251302457
15385477938
19851714589
23145584853
21347160182
29940948905
25244636534
7644370296
17869222693
20270632446
16197889748
24378362361
26641592608
23956939222
13439232174
25660514839
15089976170
16128976413
27671654618
29077706030
13716947197
19359315618
18405688149
17037000667
23955066183
17248972405
24082507503
20475930390
27353958342
16415997236
31193816122
18856337169
18012359517
22043507741
27675675790
29244547840
18223446554
22524396268
24729793705
28160728411
19919271469
15180903645
23613237846
30146736325
15743985475
18625062130
17922341108
27615100898
17556528638
16665874076
7506701166
21568786301
9570045693
25500953738
28036028691
25814900967
24020663758
19927534649
19846770084
26276340720
30260940927
15011279837
25849633076
28637695455
33198723716
25835847836
12573165239
16766832468
17036266763
22554332013
15413725685
19167384400
25484095750
18781734327
21960992631
16817545778
15269162795
30002780888
11755380615
26574455715
18715789168
18498725312
19493757402
24814225745
14990051231
30393825542
19831679255
26791444819
23735108698
20396937623
16384735238
16667578512
13637283502
22423271048
16253610254
9509623329
12682766975
19493188481
16660531558
14590296967
21128122972
30336040504
16779785145
15834362052
27007999065
15326836397
4355351356
22448124460
21340914757
20870791393
28565695202
19731244198
8116600262
17707068322
22318411043
29585169443
20781959373
10449445707
16647846470
24903110630
17525209006
21928665773
13746339110
13244011371
7105116222
26078770271
29410821686
8605318772
18666702980
9693984388
25864867704
8855858382
24690912915
12881783177
20078011304
27336429278
24971320837
9412177186
17678639900
9717540117
8981335034
27741001269
17534823513
30131105201
14202633338
22344107687
20571338458
20844649579
22255438210
16555879606
12175368729
5208272604
14860274016
25547098580
24279278636
33113219351
10438283444
407157242
11260297240
20628643891
22037060240
9943718609
28932551822
17150707663
13684092371
755591332
17053159442
19262742883
14828224003
17513195696
24580009203
25812469453
22795718474
24435202104
9838063676
33711171535
23528820660
21645255871
10669456950
12566969127
10366030548
12338558964
23316922519
7235395128
29025517535
23358877652
15103462986
5488028688
14949597872
13234688830
21420765439
12202143879
17229873374
27978315129
5039476898
29189402387
17741691249
23361890975
20504910387
13894487569
21705447424
26611146976
18060129292
28809803772
18654023015
16353505424
20129545691
28682685653
16384753006
16816280997
33644615458
28446983242
20680100024
21089035739
3283215357
28462279401
6828370272
25869374217
23174757423
27441610019
28446862693
20585736790
3564618454
7620120806
28397089765
19035513621
8200768385
16887264146
29323537421
12284854927
16928742595
10852217735
16674059738
25586872155
16682658107
21136876383
19136812855
23171199739
20049562058
30252452218
22456257231
23042450195
18523124436
22421462993
27652741102
10956691200
3927790371
28119492295
29786619022
29431971043
5607799799
17834694363
20356253241
29209679970
23017142377
16452029701
17991283789
9405234563
21929083945
26211758702
29160026857
19133322669
28423707133
23446698816
17110169822
29918997958
11202805010
17331016485
27668810612
7441716823
25465270755
22094292880
19425423685
16598758798
15627662984
23300211039
29011963502
13614574083
22834058582
3029398498
25409477311
11998075912
5835475086
30770163449
23280766288
22816780898
3347999217
25225078219
8158357893
4952528564
13268930174
26253410898
15948205868
20584114071
19971129105
17751265533
30808244888
28277087213
18290378322
25959500898
30863139208
24901076407
2847961123
15385077915
15286295378
27901922938
23697823758
27543595477
2229258707
18945323531
11011869666
11653672765
15857726941
17183048685
13898845185
29198527565
18829392888
29618821122
13873323387
28320770338
18980649375
12038134550
21875433368
17459362289
15804478300
18542634515
27433826174
28843753627
27200957487
6952647917
20642680719
17652178278
24841670314
14387331489
12207032950
29594331377
15581502416
28797590212
16654106856
4601291944
17438311188
21288837929
17620571447
21487678726
18343972720
15395543813
9131353711
2094214125
12343662632
12951661608
21633916927
27623242368
22665305724
28498781131
27739527625
14204801378
23211624988
31552106416
27658985037
1570859140
16684579911
9366978224
11529413887
30601298205
5264243475
19941176204
28939841564
17216185745
18312118108
19383998661
23915490870
26819875479
7404318526
20429341030
13814628711
21684978115
17881403490
29571514047
18182094982
7284868527
11475289590
18110236886
23395366621
17279891390
19328157695
18416073139
11891757932
29142764897
11033382797
8938379919
18144554277
8259295485
17985377441
14373296938
27438945676
24560061484
25054297833
20593457428
17871132786
29557964993
12354934829
20644107758
29767273613
30108767535
18215185487
26407761770
16284441805
11575195577
30396086121
11419958568
30894295006
29806153339
22877857556
13832077131
11890047724
25085619833
27140856287
14817463298
27706232019
24990707881
31700697418
21974656028
31051072122
15369323761
22161638195
15144729179
20490685198
29941434696
17911980377
25111998439
11144640927
29989621761
30622307893
24099326874
30997335844
27974067136
7992410984
16406273519
16947545822
24825880593
20330608859
8926470081
25593930627
13937598226
23969118544
30001307218
20725475871
29408926064
17127796954
18353271939
19667308054
18611942523
15146155251
17996220720
27297999455
27992707363
8646989153
12945169938
16429306820
17959299714
18420586681
13224410816
715753153
18492791281
29804576271
14237298150
14127080456
5432379512
8307435801
4451334794
29787208461
28407387547
24208148079
4031639754
17057882177
27535231713
12670322445
21146447722
19249388670
31856845207
26681091107
10123199589
20029378785
18764677394
13814536269
7008757410
22321170586
31240859302
19783641553
5615412760
22029672120
11369689940
1673278322
7253468627
25211814367
14902908648
18172657696
13059142256
12976669051
24855341569
9012010574
13038943241
21141435326
21480395691
29940626247
18360639643
26666634617
13413790567
8556234923
15803034820
7551937310
9472652575
9482299390
27092511946
23800135998
27945923255
27391157017
21102112383
16595563729
23600052293
11300713056
19113294346
25582990174
15170054300
25836410048
10234644949
9977019418
16735762217
9627172667
13430976110
18935187972
18831284681
11381943017
18317861443
33511773256
31571190059
27109517463
16061521387
17520141652
30235760587
8132745892
28482841506
27516821851
18987177070
27926729945
27014008800
25391691050
20920983524
14417452800
12601312096
10379338671
21822117190
12593796590
15834943753
15851842991
28645926277
3889437788
25213308383
22420093991
31814334212
32205708006
12444346920
18888632345
26300456881
1733692449
22238375349
9072351818
27487580107
20966237239
23400072023
19764541465
10812369677
17171453935
25345135375
3726909739
30820462231
13387670891
23728237412
14621155297
10678816919
15210210172
19542563911
30571949476
12385612414
17654280713
24449238432
19527537040
20705873412
5846974058
15451929990
18787308263
4759717608
22774296130
20532590057
27317594582
28752314676
28912142652
26995677123
23491965042
18127504902
18346929362
15524876477
23804758160
22321634938
15624583903
27674491409
17520650521
30276488117
9682113692
21024895630
4884348869
21710354827
9226726693
21417894675
12263190835
12653032949
11831387426
19117106264
14702590374
26150634976
24427604151
30176507944
15727218487
26376140351
11002518052
16551466354
26015723324
9580994134
10280114217
19369755827
6909774691
25374133496
1997373038
18739585735
18567981365
17541505938
14672225420
9000609367
17529709724
28519835283
18452541866
26884320099
14523028446
3014757271
20455247839
15317629136
19811154486
22382837412
14302199747
30390380244
12293521979
15314133157
15505390862
21850112929
16586925204
27690787699
24908062438
26858470573
31028130354
17531277913
25982833245
4350751142
21525953701
14243305705
10852015620
22817345342
17651582406
16417142816
23034745901
26815062010
18023827614
5684703850
14384493039
13982168911
23346392030
30631045450
23327844162
26070136275
23301570340
27031028487
23425013471
24875110106
5741725973
9273876771
11145644034
12897795919
7199131890
19223507884
22002265790
9846616755
29553474663
23424182815
6222402417
20989870354
23607988023
29254482825
27573732099
6979187772
25064284485
23221548037
18805455101
24116488122
18703618675
27066334408
19361427710
26609685015
11087857624
25071101325
11017641976
21427847703
5116280172
23908806231
15805977952
7094926436
12438861261
29654955270
14817274674
21799389488
8639993766
18291498748
7961236426
17912464775
26630653340
18521118633
26026234745
28954597788
8853740346
22541100402
27827697575
3452814601
15079977621
27224620860
18775859338
2815512303
27190174848
21518851301
15091317436
8047638604
14882013841
22697218627
24923432519
8365359258
12002393580
16647067100
15934078883
12549608484
21244592151
13838547633
27296037449
15891006577
28830973178
16971933136
15306583372
11054004836
22153438989
20639360025
7692281990
18800938630
15375932218
14840550518
16920392999
29352752470
8518957687
27399478468
14899424040
22217543469
25058039492
28672891461
16818281572
24679571382
24717815433
22561476672
17809958143
31730340353
26913546270
22402309412
16825684763
9736812333
22594524803
16550294609
14381363920
13530162709
11506187372
11400673063
4963590184
17247267191
16371684763
29567900966
21966777489
17596522010
12440732404
28361675479
12073202277
7837564627
8656286773
18930308596
22804355486
12922574348
26303882212
9555258988
14313743578
11816395441
14462336716
10381774507
20631530355
20740908081
27285721285
17953023366
15844689234
18658828359
18157307699
30940234826
17492832693
18602624376
27815327038
19795961563
16115094411
30266538535
16614987491
7890901426
23877048683
17248841626
4467665816
28596838061
1374891779
27021505043
22679795283
8677293696
15059019235
18638453529
17076010443
23003735412
21939675112
24163035068
10811412457
27216136769
20188150827
14071797523
22126322535
21462767613
28052443760
18807436274
16393233150
18393495221
15882771737
28012624335
14288721855
20869138260
23338580898
24062479406
10312276824
29694709071
24387283001
26493448602
29420663258
9008979072
16895012475
18513414656
4242147375
14149208062
22684957547
13024260344
31737569578
15859405125
11140173195
22676327566
24440260538
29276670113
18975248872
11680892197
23373951626
14292694590
16760335839
15438218617
24382685966
13557435955
20455353598
6765753423
30833231916
10466492240
13868391209
13822110364
14187410232
17395705582
26381672122
30788679407
28444956287
29747003974
20452077958
21065772446
19878438869
15813668300
21433519475
12271474767
23706822312
17926830652
16741536136
24512624945
27046586885
2630594774
28068709863
26801189619
19074483265
19866973635
8702666249
22602919307
19860723640
14655081247
28488249166
28830645514
22516612852
11536728493
22305897743
31497754832
29534424742
26836852637
4054520241
5798794501
22557799207
10075580097
11690968733
10271535950
6764194318
31728677083
25467695131
27923732218
23601092826
21673957103
30520967876
9839648872
22170345344
15221176713
24177734586
17288119775
15045695481
20457286236
15018627392
6626994794
30271508096
16232888731
12662547313
15316054346
23222969944
9429613591
18975497727
25887036820
30409046264
18439775203
18941722402
19296608102
28093184935
25653523508
27165610766
28094129706
9276227768
4230990775
27696400308
25810178987
26643596972
4183763289
4765166852
4147818654
13117487806
20581975289
28833435298
22238055992
22919121093
17890447027
12903070682
12665722180
29016842759
3840938476
11235753411
17586154555
12763898498
11708312280
22053438277
10635092681
23083794870
29620160433
21030867439
21480830829
18854189381
25636851262
25198093623
15292116695
29103806614
28474995116
24718376597
7615186601
15659200306
13889902636
9231526655
23131009541
19547178031
15043276921
29440550471
12365373633
19156985781
23895784356
18555604864
31269149971
25271766023
28806854184
23329020941
28471426331
23935758218
25964708920
26431515020
27600656408
9231335403
24730155105
20806608974
17045685404
26937015062
13862622468
20343066357
27303406010
17329480143
17362279280
8109522101
11283532821
10033576679
7604299686
20860890309
10289789707
21913909726
19678206426
26528087549
22421515426
29587932850
9008570576
12110289755
28695489075
27765659835
15129595258
23238746995
14419264586
30214313646
24032722039
22000291785
7238219570
26272390115
14681656072
12559060353
23498751408
1450231160
15595459467
22356249008
19126828507
21698458284
29895180065
18655936012
30012204033
23415623953
16842985582
27593206347
12436186796
22488954709
22355854027
29021619666
13736710423
26793235447
25300249063
25928371195
14038259036
25593719290
8092543604
9740293042
31756154460
24751848584
4439862481
15348776334
23935714713
16280655467
31344828857
27626947184
21441729481
18391049530
12330515481
19659771759
28525838586
24979851271
1161852097
21093836515
26489556224
24572958131
16012656978
7241908194
14048400707
13987043172
2289153434
17018364691
1768166107
16533365573
29477732667
10387958782
8888074372
17014831627
16212096903
31336188764
21546446717
971844166
11426755700
6258544834
28667611772
23451678454
10887133788
13506298446
24619840987
30800580118
11563290002
8289499721
19435451589
18455265495
21014884200
17646005609
25693690534
16067009942
5531784062
21203244682
23064392594
30555895035
