28 576 60803690 26
52234368 20038252 52448955 19843231 54447807 50334221 19008761 4063933 18025152 52563482 53773401 3558013 19447919 35933860 19369088 36782793 16959655 34325084 36900454 34505963 19907787 50482753 50546299 51399326 36536384 52020939 37374188 1198150 
3 45330325
23 30146741
18 36579664
19 26928762
10 19783796
10 13931066
7 728787
4 38998793
0 1036143
8 49852363
1 27422816
11 57497811
10 7005679
1 18546910
10 44638035
13 37643685
11 27875222
10 11701994
23 43217854
23 25270720
15 37142309
5 27373175
10 52404395
19 28234479
4 31052502
2 49639491
15 42160933
8 3281630
15 7603913
0 21450511
0 25919387
13 55511021
15 8610495
7 31744398
13 31049107
22 20221069
15 45865997
9 13239191
13 14818117
6 40841884
1 45334850
17 59070672
12 46614152
23 14636865
25 8114107
24 5091584
15 7698607
5 7736228
2 51026316
23 7737742
13 10984066
11 18378038
24 31923692
0 38146403
14 58331553
1 29005060
25 11024417
20 27465268
3 60293306
13 16951608
14 35815841
24 23772731
23 38515640
6 45188464
3 56776111
18 4101200
15 16408070
8 27274431
0 36237501
18 46632009
17 39625805
11 39602627
24 60656537
23 51057322
19 6494791
22 36410900
20 2451216
20 446989
6 56261194
13 57236235
6 48221042
24 11110498
4 12168889
20 42977659
15 29966626
2 60081992
17 861316
22 38995998
7 9356117
3 55097137
14 16183150
6 43863471
21 27966796
24 49188617
23 16249698
22 48291238
12 51161044
25 32954008
1 49334613
16 6880855
4 30545693
15 52306207
4 47621850
8 3284527
0 25570231
2 37263959
1 60508269
11 3310489
7 57520264
21 25794810
21 4381156
17 49274885
18 13593993
5 32317205
22 57551799
0 15916984
2 36998419
14 2973909
20 23820651
25 16236812
11 32221101
8 31131269
25 32693887
23 10678624
22 34117798
7 15828235
8 10329133
21 12375299
0 1736208
25 38343312
17 41560197
7 36071087
21 43152444
10 9929803
15 35663630
25 55563932
5 7638745
22 35459708
11 53044509
21 50132470
8 46868251
15 57691799
5 38032680
12 41245929
2 26181551
11 25346
9 23694538
12 12846947
17 60673723
24 57042557
14 55583952
7 11145874
23 26100710
25 16490469
2 15920042
5 34136131
7 9074468
11 18559849
19 25368379
8 9999686
15 13015309
10 44589031
13 1904420
15 55636346
4 59871331
23 5799640
23 35012341
12 4529113
6 42013862
17 39195538
17 58306429
21 24748058
24 55487869
2 35232278
18 34154245
2 9708108
16 5078857
14 35774032
3 25802755
21 59096023
10 38679253
10 46400558
7 812831
10 238042
15 8619528
0 32142858
14 52973060
18 59682094
0 33290548
12 6066092
1 26657715
14 42982714
15 25656399
16 20897998
1 20454000
17 30258426
9 40675410
11 2948491
17 750370
20 59276023
15 30332455
24 38712040
12 17479759
17 28345436
24 8219003
16 6234516
25 16975517
20 36340294
16 1670337
3 39317273
0 2332441
14 20623886
25 9421744
9 4195845
1 37401856
14 62550
20 36487126
3 32438134
24 33252847
24 38838810
0 44559566
15 22953105
13 45332364
3 55877789
9 41650920
2 17598809
0 43647815
14 12751364
22 47232343
16 28552735
9 35015408
25 799064
0 7213594
22 40009617
21 18891078
1 5827093
0 34050396
20 15348663
2 44472241
10 46272831
21 38072272
16 10051593
13 29103582
1 59922561
3 41544313
15 10148036
12 12058572
11 37136605
9 40594549
19 56301569
14 2885323
5 15909796
25 665482
19 51423313
17 23083268
18 17646768
14 54280587
17 32955694
11 59895961
2 14271548
24 2690177
16 24074312
15 43869999
2 31146077
7 11238041
20 59466948
23 58809768
15 14636138
20 20175011
4 7858035
5 49395138
5 39595510
24 28699271
20 60607832
0 50400641
14 42149017
20 6757536
17 31804627
18 44423458
20 22257190
9 23719976
8 28688153
25 23406691
22 53348174
24 30635817
24 15071169
4 25375438
1 10037445
10 3385615
20 39399699
5 31559608
5 60127683
10 57927009
11 44532138
16 58649610
6 58760123
7 4196102
21 5034311
5 34143179
10 6647811
6 58633449
2 55995609
8 56054345
20 11683817
23 39923303
2 41048931
0 41272273
4 1909057
20 6913805
8 35986741
1 53713118
9 24858441
4 50518820
17 57434
16 36213334
14 58382955
1 9207444
8 52866119
7 51487197
24 2936390
10 41546061
14 526487
24 11697895
12 6083936
20 49058863
7 12145590
8 5369274
25 47924276
17 24856822
19 8144129
9 14543518
17 9197245
16 60315880
19 5373017
13 35177974
4 29541542
24 12688018
4 1154570
8 23136453
19 43847153
9 1181858
17 21521647
3 15466792
23 36562297
2 34513929
5 56139363
11 31786594
7 8232959
21 58690372
5 48553404
11 42884256
17 9947163
17 9820499
13 48789633
5 43394542
13 50529866
13 50000848
14 7777030
3 31652617
1 28865600
15 306139
18 57523038
2 40409492
23 22922473
21 41709647
20 47588735
11 14554765
7 22014188
16 27784424
6 60210596
7 1179819
20 58854753
12 27184326
12 9054520
19 21217907
11 11260958
10 25190800
21 3103860
14 53273776
22 34552153
22 18859477
7 58582432
23 29573369
0 44288631
7 55881443
12 38894788
13 37289332
10 55164195
0 1774652
11 30826074
16 8409885
0 23263186
16 56833145
11 24238167
25 22873459
21 48245988
1 31512123
16 29679915
6 53232209
15 51979812
16 17677304
15 36799174
3 12715394
15 29556818
3 21890701
6 48497644
22 54211191
15 57544403
10 52675894
15 13964220
19 9490501
15 28075798
14 73482
22 31982192
9 16277332
18 3784991
18 28796808
16 10942336
21 45849359
18 19984426
16 26053063
9 26372971
0 47698858
4 47674436
21 29762830
18 34342079
13 58603152
11 29351691
7 50350880
1 55204460
25 57251373
19 53198498
22 8336719
14 44455995
11 43561474
4 44852906
0 16905896
6 26921090
21 28295853
21 35539317
8 32934362
13 34849550
1 5868535
1 17234151
12 3004012
21 57597306
18 8173080
8 21239153
20 29429549
0 21589240
21 50689431
9 33941422
10 16227617
19 39555265
5 57677237
16 34478989
7 11436539
24 42719439
8 30553928
12 28563865
7 37094096
13 27251676
7 34477242
24 29286234
18 27154498
23 12251904
1 47084368
5 859709
3 30599049
15 37512133
13 3749092
21 44977784
15 2310967
1 45603059
7 2470544
2 42569378
5 58347143
5 13485354
15 16749955
24 20891896
7 5888890
19 10424064
22 26624456
1 55598814
4 45534259
22 58193172
8 47929323
21 35122029
14 50586910
1 7388013
17 50967658
23 54522431
22 26110805
0 1368064
22 56756501
12 59472275
3 36816292
17 1243351
14 50734099
15 21061134
13 29733581
5 9144115
13 16643827
12 49502769
12 29822048
12 43923016
0 37038814
0 59492799
1 8725751
11 35492355
24 21642752
12 42623432
3 55121156
20 9227777
0 6941306
2 50645513
20 37036808
3 7795014
15 46417005
7 22360176
4 60381361
18 19484260
0 44172652
23 51145146
19 425689
25 55829864
25 8423668
16 19696765
18 54373645
13 27359712
7 28224188
25 43320694
24 36042738
25 52220363
8 31030050
8 42289708
0 25775647
2 2975484
24 7065185
18 18963221
3 25810928
13 46329469
13 18394948
22 54544155
7 5774643
23 50363539
23 49666
25 30711890
0 53585621
15 54728642
24 4265845
15 14546887
22 47035841
0 24098758
20 59550442
7 52840660
0 19971638
7 54029321
13 45732686
10 46785629
13 48237055
5 57921915
4 19115078
12 57383608
22 35167724
6 28643027
12 10189869
1 14410016
14 31663840
11 52634066
2 17181317
11 37224570
7 40491373
19 9461549
23 12936138
0 10591925
