30 831 51977530 28
201105464 134692880 94068751 240462742 200085826 117221733 76394696 131724039 205230579 216006884 12130393 95726049 12290416 85465962 138523456 194494691 181526913 122255410 81523609 140648975 263864676 253040804 201204453 142533135 256407575 209896122 159533363 183980388 151506964 59949520 
8 9136058
9 45636195
3 42283807
23 15265081
8 49551864
19 40709974
16 43486623
17 25044543
1 32719520
12 36961126
1 45181081
3 28680900
6 34300481
27 49114053
12 12716558
16 39447737
12 42884567
3 37298879
25 4253793
12 8299628
3 19757356
11 39137677
17 17994248
7 2582934
11 19450070
24 46132695
19 17360653
9 9769685
12 42282226
8 34463425
6 3308519
24 25656984
12 1725088
19 10080589
4 32656609
22 7585152
19 25170017
6 36100645
7 41943560
8 10732388
25 3545960
8 50062897
17 47545618
6 6584320
23 12645332
4 45063551
16 48565357
6 38462278
10 20410437
10 28630528
15 43646177
24 38770130
23 35724115
27 48791545
19 30820711
1 19883443
24 27840551
6 40965601
15 2474096
11 7866977
10 6004970
9 46983199
20 8468315
17 38979044
9 33102210
15 21358749
20 34449959
27 21883821
8 11299957
8 39079147
13 42123538
20 42660678
11 7080336
19 4115063
24 39447950
17 51469908
8 13180272
24 41446508
8 32658095
23 12709674
7 24596161
6 36599272
9 29173315
7 29012947
8 34693620
27 10021757
20 42265501
12 36298416
8 20571311
15 5959272
24 13455293
13 16453991
27 14718192
16 42823438
7 50605549
6 46328670
16 4436990
16 49868156
6 36149907
6 14788545
15 26914619
9 45341815
11 20882083
22 43400243
25 38347807
3 28030012
27 48595030
17 49744081
22 38432560
17 14268921
8 3003716
22 17928885
23 39089855
15 12026712
12 27336709
7 651333
16 25067733
11 50957247
1 23617790
20 32293726
11 36578206
23 36485489
17 45556279
19 49864665
16 29984193
10 28318624
8 43564057
8 50359013
24 15986204
27 8225045
7 36128040
15 26146987
4 50963442
20 16128763
12 50984419
4 12851389
12 37331318
17 36864902
22 550508
9 32190200
12 32254309
22 20233809
9 45829591
15 47215363
6 26072433
19 44263226
1 13450342
22 36717177
4 23370399
15 49108999
23 5528115
12 8462152
3 34673591
19 4982041
12 14291315
20 40300798
22 37433854
16 40873452
9 10426216
16 25742315
4 46826642
12 44251266
3 25431972
22 10136577
23 39706815
25 8188972
19 16602814
27 15160474
17 2150180
7 30863734
6 39559639
24 45884737
3 9575202
16 10997572
17 22525720
9 5547883
3 32346541
6 9021596
19 45192642
6 20757470
13 42578256
8 49817492
7 24090703
3 36019020
7 1022088
3 27634120
16 27691088
7 11251951
1 44828846
7 529505
10 20272287
23 19098709
27 24576238
12 10864818
10 21425919
17 49767212
10 43589918
23 8971825
15 33927608
10 32634233
27 44162222
8 15275249
24 48223662
8 36282662
16 7257694
27 1347692
3 39343717
27 32275856
16 36927489
7 39006460
24 50019783
19 21151225
10 14609590
11 30876610
4 44032656
24 1431911
10 4691001
10 16273834
7 37569650
8 3211966
11 11814595
16 32126990
24 15929332
10 3734710
27 35018913
16 51226861
12 28940251
9 11464017
11 50560121
10 22002876
16 35851473
16 25780078
3 15894377
25 2259532
7 14528284
16 33578578
20 28012322
15 49854736
3 37642508
27 21072822
13 24798565
10 22929524
13 37875430
11 12902112
22 49264222
24 42870279
6 2640370
15 34596186
27 35279281
6 45223275
4 51549244
13 21236693
11 32982422
3 22461448
9 15277570
10 35036976
24 32990765
8 5391892
15 42976377
11 36293524
1 49539108
13 18689710
6 27459635
12 19783485
27 7771292
8 479981
25 41492579
7 39255069
6 41812661
19 39375951
12 2443712
27 38793969
9 1972681
1 49218717
25 12487013
15 15587311
20 12338724
10 43016629
17 9683180
24 46501993
22 45201509
3 27446536
16 45282434
4 32650883
17 31039816
12 36329026
4 19762130
1 14299532
11 31341180
12 3332330
25 29979973
16 50939624
12 13773636
15 17866128
12 33662291
4 19277969
20 25235775
6 6373679
20 3266634
4 34860845
16 15370050
15 15077780
6 23932960
1 11265632
10 18063014
16 25423391
25 47173082
12 7376080
9 11927838
25 12940199
16 15338875
1 47046699
23 30106515
16 39301021
20 43096125
12 18460006
16 41478126
27 47484430
24 1753851
20 40893405
11 38233063
25 20077632
13 39281513
10 27487702
12 30306130
23 27343082
13 8817239
27 14068186
27 46205802
22 41873642
22 18407078
3 21965427
19 8229330
16 14757358
15 24423800
13 22418108
19 50024126
3 38286258
6 11679327
19 46146863
13 7844012
22 1077578
27 24306066
27 29074630
25 50997482
22 2902997
24 322178
24 11693599
25 36519448
10 19160494
7 51667021
6 6176490
24 22439348
1 20585280
15 51056669
4 20246141
10 45557092
3 18071814
10 51411326
27 43325130
13 50036666
3 36265521
3 17547864
12 23717731
10 8053308
7 50072706
13 17574402
23 8118045
17 1597954
9 40045894
22 11749924
4 37773921
22 10018516
12 20154160
16 33549661
19 10824269
11 37728321
3 20151767
15 23620524
24 29241702
11 34987521
15 34659804
4 47779509
10 37943791
15 40983343
13 31517717
9 7252608
15 38605883
22 21650837
27 50100987
15 8496190
16 16208047
25 25699791
12 16504167
3 6390920
15 51208281
7 4588460
25 39284626
27 42234443
11 17385623
3 18154947
8 31214289
25 13201121
17 18312061
8 40330517
6 24618499
16 47574106
6 13073298
20 13669561
22 40836848
20 569775
1 20721565
16 51711617
9 35167065
23 5474434
22 20205828
23 18800797
6 41820902
4 22396442
16 44075592
11 46691972
1 31619189
15 30355856
23 43036165
11 31630995
10 13242695
8 14599246
6 48397315
16 14842093
1 1098333
16 45381632
6 47032241
23 42863858
24 26438212
11 42174777
15 44852885
17 3340351
15 7467157
1 10583086
22 24373555
23 29473216
12 10160194
7 25827178
16 9170998
10 45433891
12 5045183
1 18855445
13 31725547
12 31662837
25 39436285
10 23625882
27 22296766
22 21308339
27 10958221
23 14167959
4 20839305
4 37652215
20 9134137
4 34989185
27 922592
16 42251561
8 15857424
15 25322012
17 22053795
22 1590224
12 11239280
12 39991332
11 41291521
9 29128231
27 10000054
8 21074245
11 30797780
22 44004195
24 14614519
20 19269037
8 12444311
22 20862938
17 2448629
17 26119736
22 6634360
4 43665044
6 27226617
12 4352692
12 10032108
12 5936002
23 11569821
4 2677957
13 45762495
24 50564942
16 39173159
19 7680017
3 24465177
23 26346329
20 40556260
4 24412829
9 4076560
8 26575241
16 10356307
24 41925046
20 9739262
23 4606982
7 13565307
12 36455322
3 23619728
1 2734601
10 19259600
11 45576780
11 47332733
25 21575414
20 49311533
8 43514653
19 17328837
1 35785865
10 41232420
12 29350343
17 38357578
25 40144922
17 13759018
20 45737875
13 24669911
19 26052955
3 42674858
6 33060101
13 51210942
20 33227064
19 13912176
19 28865307
20 10455968
15 29153011
25 24444330
12 31787196
1 47008164
20 19059450
9 20491338
27 40763558
20 49267157
7 21874489
15 4022146
7 41276291
8 15525423
25 34321924
10 8859679
9 24988672
1 14238835
9 45640372
15 21801515
7 2717377
4 39666165
15 27510754
11 50529369
13 10788786
15 48087778
7 26645943
22 42931691
8 6236616
9 41250889
1 11615696
16 36066332
24 27202965
9 4321048
25 11569843
19 1665600
24 31055406
1 45276365
6 2088804
22 43414274
3 20225862
12 1399291
6 14772593
15 11411215
13 48360431
16 1805637
9 3735555
12 50250217
7 33590277
27 38581845
8 44088025
24 28100521
15 39080445
11 9391442
1 37578116
16 39566568
8 5779693
4 4768344
19 48727893
7 17547314
15 11453824
8 14943441
22 41952843
23 35805863
10 35258699
15 9541419
7 48151636
9 9432223
6 23358604
25 49491861
13 25627575
12 5514089
25 392791
22 42556249
12 12768027
4 36161463
12 12268102
23 34949053
25 35786849
10 32998668
7 10084646
19 23593390
23 19915957
7 43673225
1 41636302
11 27477855
3 18944204
9 46384029
22 37635344
11 38895918
20 36137133
8 1999711
16 27424203
15 32275071
23 38500665
4 6715873
23 22830147
6 414699
24 2527159
17 44467555
27 23534700
7 13311201
22 44223340
8 27065410
20 22121280
1 3857399
4 11997244
17 39987789
23 17733335
3 46232380
27 21598630
20 17378465
19 27236763
11 29249663
10 41866978
6 10593491
10 16735268
23 6811472
27 50950070
25 7433273
23 36979813
6 8806158
12 2646410
11 14478628
12 46753486
17 24646535
13 37401410
13 19257414
10 22855014
4 30971732
3 6219895
24 34169602
23 41850091
20 3214924
6 18825553
22 27465167
6 2741797
15 23765120
7 45451001
22 16695691
17 51340682
20 46080534
27 50693532
3 14132867
20 4171172
13 51404376
23 42236547
9 21436186
25 13020914
4 40080654
23 45699715
6 30374419
23 8611397
7 24642820
3 36461572
4 3337542
25 24250841
25 50885124
1 16061552
13 33916347
10 8454790
17 13116866
13 26207303
13 16553342
1 28947334
19 26855600
24 39987969
20 42404208
13 9787587
7 31259499
7 30758110
9 7483904
19 7909561
25 27417865
15 10012895
4 40022981
3 37956281
12 20431910
10 20127658
13 41490828
7 72883
24 22692917
25 26793576
10 33013595
16 33048072
4 23261868
27 14018017
13 12363798
8 1576957
6 38944699
6 35989622
9 7973847
13 46077145
4 37895745
6 29827337
11 41231852
7 15763547
15 32346145
12 45240016
24 9040501
4 10468601
16 13810924
6 21932678
8 51890719
12 27432290
27 1825721
19 3363255
15 15680117
16 51214647
22 47030509
13 47505568
10 1992266
4 38721444
8 38651475
17 4313059
25 7092125
17 35697973
25 25198788
20 9357648
3 8417401
1 50236000
8 38006419
17 10093481
20 8997747
13 18451393
16 19204967
15 10268605
7 46520822
22 40503640
20 41962362
3 14167226
6 44041322
23 36719998
22 33848353
24 27374481
20 41164954
11 1747262
7 4243922
12 15522494
3 6180135
16 28167053
15 15119464
27 29968825
23 22086279
16 46212565
8 20740531
22 31898056
27 14841018
6 29455140
10 43136338
13 42236603
9 14750245
8 37492942
10 18609443
11 49825032
3 49464759
12 6689768
16 4693085
25 17674094
20 12915335
12 22767788
7 45637859
10 10279712
11 40381205
19 28512879
15 13382873
8 12540017
9 9835348
25 3821125
7 20580783
25 48931476
7 6657199
11 7377732
7 49544224
9 45132475
8 13805329
22 45489129
13 14055312
27 6975945
23 31936627
11 20471358
23 13508074
3 38882076
6 26190072
6 18671997
8 29201918
13 11202908
9 27390356
9 2832508
13 28015436
9 32905580
3 2560625
3 38668156
6 17123814
9 11320228
24 34992402
10 19279770
6 14742991
23 19535997
6 29432913
12 1454914
17 25941940
13 21632526
16 48028393
20 42016380
