20 435 36165499 25
11560228 9494832 3173569 9481345 8389937 2100644 1049632 2109348 10496389 60245 8415268 3163201 1697 8429825 8425076 2149920 3156465 11576980 10527973 3180448 
4 27557941
12 27270868
10 35876327
14 15155630
22 14359257
9 22050266
2 34966691
7 28532460
18 31119112
6 11593346
15 26867650
17 28136647
6 33012681
14 17023767
9 18205004
13 33243946
23 11449693
0 35518521
8 31487666
16 25653795
10 27093372
4 25875757
11 4916932
11 29381840
4 4167477
12 10733387
23 20966828
17 23720049
5 20564342
20 746365
19 32694367
22 20128084
14 26100830
20 12612927
18 17801784
16 6544608
15 18282947
15 32496061
16 22945183
17 18313317
7 9768591
10 23053138
11 32499181
11 8628114
18 12582188
17 16131504
19 25916634
19 17805292
9 11906902
14 35806204
8 22717695
6 26798668
13 639489
8 36072165
17 18411487
3 29850364
3 17047858
19 1910445
7 9798310
15 33844388
15 16306459
23 4903745
23 16723940
12 12767571
13 1213435
20 24583941
11 22685815
13 10844750
8 23358085
11 9262712
6 33080261
10 25562762
19 9742919
17 8070588
11 30518466
2 3293702
2 21739649
6 33114445
14 32390289
2 13714345
22 863137
20 27655448
21 19265269
2 13188263
14 6079682
22 25121866
6 33418051
22 7149304
3 15131517
4 35510144
11 3929030
0 21096276
22 20536607
7 9648220
3 4495065
8 21758195
9 30458061
8 24793547
16 28332723
17 23007172
15 34259432
23 22661108
15 9904548
23 999099
8 31806064
23 9587960
2 8532838
10 2122928
12 8112417
19 23735360
22 1026784
12 16383468
7 25347348
21 35818757
19 9443460
3 26303695
19 27851937
18 11716556
12 20311538
21 12699814
18 36054401
14 13106072
8 4795999
17 13404103
15 13812680
20 21779761
17 21964232
5 12756261
17 983708
7 26327976
23 20846509
16 28457478
15 20455194
0 21328080
8 14444435
14 19161622
21 16623756
21 16966809
5 21835978
10 30499149
22 28742217
4 6018305
13 11451161
8 32696812
6 8113324
9 23999136
3 13146004
8 8310706
11 5976976
16 34616970
13 32701954
15 24229672
19 26882242
22 22264753
5 5399814
6 10272562
14 7276840
8 14715542
23 8244991
22 3484798
10 404908
17 35886870
8 18162641
9 771331
20 16331189
17 23484292
15 11219654
22 15425363
22 18226247
20 4148624
20 22728403
23 28208566
21 7828163
13 20267447
15 25360987
7 19944960
21 35805549
3 32760119
20 2887173
20 18658288
13 4273000
11 22118077
15 9394560
22 30216924
2 17470960
17 35147514
6 23101372
12 23118033
9 21247522
15 6035190
10 27034018
3 24409298
14 14406444
6 18292320
17 23664474
9 19104604
17 32113424
7 16449370
2 14176518
23 8026805
11 11517530
20 25254035
16 763178
11 3440074
3 35639154
13 2490988
11 22565578
11 11545754
10 17089406
2 8425
10 19891801
6 36113418
0 7302131
10 28229162
13 26972998
21 32648640
21 1591683
15 12063672
19 26795828
3 28829966
10 30583919
20 14239440
7 23249472
12 29666766
11 3259488
19 28569083
16 30865975
5 30240159
15 16472710
20 33244939
18 10160169
4 14058694
18 16487044
0 34079126
16 27376811
16 21543010
20 27944796
12 28399952
14 18396390
11 14159768
7 32957473
2 4631855
0 236646
11 15160453
15 6490640
18 14558375
8 22630805
2 10534464
13 34591160
19 20693388
6 26678899
14 22996993
5 15496229
14 8101128
23 11464964
15 27360835
20 23608030
2 29943738
11 25177353
0 18053524
4 11127305
23 15109073
0 29306821
0 25720324
14 32756411
9 12446543
4 29467824
5 24568948
7 7567900
15 3168630
22 19362927
9 22877900
9 186086
19 29229282
13 12744771
15 14983020
15 2750359
8 8743060
12 1030266
8 30983597
6 17286101
18 9844444
3 29834291
17 23994997
3 12280862
19 17453121
10 14198164
13 36066498
9 31990811
9 10301361
16 17929789
14 24593269
11 28017084
7 20245869
19 8593432
4 21482444
23 2905688
18 8802467
6 24364954
4 29134685
14 15343865
14 24537442
22 2948666
17 31416466
21 24934992
21 35141722
2 2082795
8 27409819
5 26720305
13 19093281
4 16214295
11 33191398
9 26829876
21 27224547
12 32337445
21 31062545
14 28961385
17 11636089
10 5460794
18 27976108
11 28019134
0 21026299
9 4466784
22 36108653
21 20724281
7 27111139
7 17264955
13 1259335
10 1395380
17 16107347
14 7927371
18 3484456
6 9926638
12 27593720
22 27994514
20 15291957
10 24431389
22 11779397
0 21838497
10 2845071
0 1840507
8 17464873
9 22276033
7 7057626
10 3985081
13 6754806
23 9301182
2 21094732
10 5489909
22 18731665
10 674684
19 11600491
17 28639601
20 9688871
6 16114547
2 24318762
3 16810947
21 10140201
14 4168245
19 28501792
3 33041073
17 29478900
12 10590828
4 1401340
5 35999096
2 3139736
2 35348822
6 12182157
4 9131528
18 294885
13 14064256
15 5023696
20 11005197
8 728183
17 14779838
6 6213113
7 32791734
0 22126027
16 32418908
0 27059613
8 31630817
11 25537756
4 19147440
11 27305071
20 15626839
12 16592982
0 27527031
17 1759093
8 20635557
4 9135467
12 2534712
10 11721662
4 16561415
13 33682081
13 19664550
12 25306143
6 27766503
13 8376474
0 29122496
14 10355173
9 23913022
17 17006134
21 10204226
16 16328289
19 6469049
6 3512547
2 2001100
5 4287216
22 29923960
5 20546385
7 20724075
4 30387500
19 2933583
11 19071158
21 24905647
12 6680558
19 16984991
5 9337585
8 32507965
7 978197
22 33927150
14 27638087
6 20685987
2 32513111
0 21702208
2 24152029
12 35535109
10 32449820
19 8832541
9 10747397
7 13696338
16 13206305
4 26753571
12 20158115
23 30032530
