26 324 12349371 27
61418656 110110905 39652520 20516480 32579724 53546656 54003252 134021304 17108497 12134541 83174533 58722853 83886721 25701428 79956516 8923809 120924189 53283333 67707561 57945116 10749588 45091877 130556077 94382637 120922793 30682277 
6 2390806
8 5689478
25 1232617
25 4116481
9 4491921
1 621591
6 5016160
3 3589347
4 3384725
12 10342302
4 12081151
8 9395248
21 5800028
11 10352876
11 4765385
10 11694817
16 6465623
9 3493009
19 6181649
2 10117999
11 4352226
10 11273106
13 5081925
0 9730159
23 6623464
4 228983
11 4454110
21 1891525
17 4442251
13 2579514
20 5010077
14 5138925
22 3814455
6 11064670
12 2706321
10 7759972
15 12308645
1 328553
11 7930433
10 11178559
11 5908231
14 8284791
7 6694813
7 837298
17 6667282
8 11576412
23 11129281
3 8660295
25 1424694
23 3896899
13 942349
0 742147
14 12161221
15 10476267
20 1360659
4 5431668
9 8419078
14 7383334
19 7689749
17 124096
13 9859714
25 6769371
11 4697318
20 1382574
5 6602612
0 4003299
22 12056354
3 3007233
0 2356229
17 3826702
14 10897301
9 1957161
17 4603565
9 12014291
0 7761058
17 1665062
8 10726800
0 4857862
6 4787543
25 7871744
20 7422893
7 6200913
16 2083401
1 6289417
0 3151826
25 6163283
16 3583696
14 12305983
0 4740061
19 9340020
1 9084628
4 6057927
20 10011531
4 4534680
25 3160351
20 8480348
14 1781294
13 6062143
8 11965481
2 5043423
11 2207436
9 9299414
6 5181995
0 10656361
10 11808855
2 5252717
15 3171649
13 8976195
8 7695156
2 4509379
10 2608634
8 10561048
21 12143222
1 3549791
16 194563
15 1111437
19 2359126
13 5445888
14 1234863
23 126568
14 1961079
7 8578491
23 7989095
1 3581380
25 4117600
9 10159700
17 2315539
21 3373211
14 4482260
8 12030450
17 6952242
19 3742001
10 4454769
13 9869618
2 4613464
21 11792853
17 11846637
21 5350018
5 11898707
17 165290
11 2104726
14 9937918
19 4205892
13 2115021
17 1566235
16 5982020
12 7795786
15 1281354
22 10265286
16 6391577
8 4060146
16 9588957
1 2587155
21 10691843
6 6820878
3 2767027
8 3114631
3 2386467
2 4461937
1 4491015
5 1605756
7 4037039
8 6925083
14 9059407
4 2384661
7 9393883
4 4259663
19 11911422
25 10563186
1 3502505
11 2859565
0 8223664
11 12119056
13 8640426
13 9213390
11 11825198
8 1147638
15 1324970
17 11648213
20 6157084
8 6695502
7 4372101
13 10955706
19 3365492
11 2763644
10 8947084
2 10079307
21 10213921
16 6535092
19 11734629
23 348439
20 4023500
3 4975178
7 888610
4 4632674
11 8271032
10 11942790
0 171061
5 4882290
3 4387193
5 1915052
20 4603659
5 872275
5 746538
5 5722386
20 11731155
14 4907082
7 2196090
8 1574110
1 4389591
3 4134784
17 4381614
6 11897554
8 2744632
10 8744666
23 10501162
2 7312274
10 5560121
13 9511191
13 1619803
6 11844594
17 9243755
10 1354502
2 809545
17 7485604
11 10447132
25 8351495
7 6606349
3 11607850
8 7197560
0 3147762
17 5217173
9 11355445
20 4395482
16 10048392
23 2731267
0 1141361
1 11167592
20 1854025
15 9678673
14 2128411
12 819372
7 8591273
25 2844004
14 10399355
4 11627707
11 6148544
23 11140163
16 2968684
10 9547829
0 6911375
23 10228804
17 12243010
11 370230
4 11776532
21 5285757
16 11679163
14 7583158
19 1174164
11 6493135
2 11340927
25 10794976
16 3718354
16 2689566
21 11716171
6 5459767
2 7116832
4 12142215
4 8603687
22 1520401
1 5734991
14 7000029
14 10776505
21 11576517
15 9538565
22 5797467
10 12208284
21 2780505
15 9597639
4 10133790
5 11720886
7 882073
25 12065381
7 10195462
10 8495161
2 6056777
2 9158658
15 10224045
23 10281222
17 11179174
0 8498906
17 4154710
16 1368005
13 7999535
16 5721125
22 6709619
20 3632007
16 657309
7 10091238
13 10720967
25 11479555
7 9355925
6 8671345
17 11223488
21 2593595
23 6421604
11 4365097
3 12259970
4 7531605
23 7732402
10 4034931
23 11202361
22 8525199
14 11117347
12 7727777
6 4302019
15 12126422
12 3869545
17 9068647
8 6533221
0 10018563
9 2684919
25 3462193
7 2657697
